,Unnamed: 0,id,date,price,bedrooms,bathrooms,sqft_living,sqft_lot,floors,waterfront,view,condition,grade,sqft_above,sqft_basement,yr_built,yr_renovated,zipcode,lat,long,sqft_living15,sqft_lot15
0,0,7129300520,20141013T000000,221900.0,3.0,1.0,1180,5650,1.0,0,0,3,7,1180,0,1955,0,98178,47.5112,-122.257,1340,5650
1,1,6414100192,20141209T000000,538000.0,3.0,2.25,2570,7242,2.0,0,0,3,7,2170,400,1951,1991,98125,47.721,-122.319,1690,7639
2,2,5631500400,20150225T000000,180000.0,2.0,1.0,770,10000,1.0,0,0,3,6,770,0,1933,0,98028,47.7379,-122.233,2720,8062
3,3,2487200875,20141209T000000,604000.0,4.0,3.0,1960,5000,1.0,0,0,5,7,1050,910,1965,0,98136,47.5208,-122.393,1360,5000
4,4,1954400510,20150218T000000,510000.0,3.0,2.0,1680,8080,1.0,0,0,3,8,1680,0,1987,0,98074,47.6168,-122.045,1800,7503
5,5,7237550310,20140512T000000,1225000.0,4.0,4.5,5420,101930,1.0,0,0,3,11,3890,1530,2001,0,98053,47.6561,-122.005,4760,101930
6,6,1321400060,20140627T000000,257500.0,3.0,2.25,1715,6819,2.0,0,0,3,7,1715,0,1995,0,98003,47.3097,-122.327,2238,6819
7,7,2008000270,20150115T000000,291850.0,3.0,1.5,1060,9711,1.0,0,0,3,7,1060,0,1963,0,98198,47.4095,-122.315,1650,9711
8,8,2414600126,20150415T000000,229500.0,3.0,1.0,1780,7470,1.0,0,0,3,7,1050,730,1960,0,98146,47.5123,-122.337,1780,8113
9,9,3793500160,20150312T000000,323000.0,3.0,2.5,1890,6560,2.0,0,0,3,7,1890,0,2003,0,98038,47.3684,-122.031,2390,7570
10,10,1736800520,20150403T000000,662500.0,3.0,2.5,3560,9796,1.0,0,0,3,8,1860,1700,1965,0,98007,47.6007,-122.145,2210,8925
11,11,9212900260,20140527T000000,468000.0,2.0,1.0,1160,6000,1.0,0,0,4,7,860,300,1942,0,98115,47.69,-122.292,1330,6000
12,12,114101516,20140528T000000,310000.0,3.0,1.0,1430,19901,1.5,0,0,4,7,1430,0,1927,0,98028,47.7558,-122.229,1780,12697
13,13,6054650070,20141007T000000,400000.0,3.0,1.75,1370,9680,1.0,0,0,4,7,1370,0,1977,0,98074,47.6127,-122.045,1370,10208
14,14,1175000570,20150312T000000,530000.0,5.0,2.0,1810,4850,1.5,0,0,3,7,1810,0,1900,0,98107,47.67,-122.394,1360,4850
15,15,9297300055,20150124T000000,650000.0,4.0,3.0,2950,5000,2.0,0,3,3,9,1980,970,1979,0,98126,47.5714,-122.375,2140,4000
16,16,1875500060,20140731T000000,395000.0,3.0,2.0,1890,14040,2.0,0,0,3,7,1890,0,1994,0,98019,47.7277,-121.962,1890,14018
17,17,6865200140,20140529T000000,485000.0,4.0,1.0,1600,4300,1.5,0,0,4,7,1600,0,1916,0,98103,47.6648,-122.343,1610,4300
18,18,16000397,20141205T000000,189000.0,2.0,1.0,1200,9850,1.0,0,0,4,7,1200,0,1921,0,98002,47.3089,-122.21,1060,5095
19,19,7983200060,20150424T000000,230000.0,3.0,1.0,1250,9774,1.0,0,0,4,7,1250,0,1969,0,98003,47.3343,-122.306,1280,8850
20,20,6300500875,20140514T000000,385000.0,4.0,1.75,1620,4980,1.0,0,0,4,7,860,760,1947,0,98133,47.7025,-122.341,1400,4980
21,21,2524049179,20140826T000000,2000000.0,3.0,2.75,3050,44867,1.0,0,4,3,9,2330,720,1968,0,98040,47.5316,-122.233,4110,20336
22,22,7137970340,20140703T000000,285000.0,5.0,2.5,2270,6300,2.0,0,0,3,8,2270,0,1995,0,98092,47.3266,-122.169,2240,7005
23,23,8091400200,20140516T000000,252700.0,2.0,1.5,1070,9643,1.0,0,0,3,7,1070,0,1985,0,98030,47.3533,-122.166,1220,8386
24,24,3814700200,20141120T000000,329000.0,3.0,2.25,2450,6500,2.0,0,0,4,8,2450,0,1985,0,98030,47.3739,-122.172,2200,6865
25,25,1202000200,20141103T000000,233000.0,3.0,2.0,1710,4697,1.5,0,0,5,6,1710,0,1941,0,98002,47.3048,-122.218,1030,4705
26,26,1794500383,20140626T000000,937000.0,3.0,1.75,2450,2691,2.0,0,0,3,8,1750,700,1915,0,98119,47.6386,-122.36,1760,3573
27,27,3303700376,20141201T000000,667000.0,3.0,1.0,1400,1581,1.5,0,0,5,8,1400,0,1909,0,98112,47.6221,-122.314,1860,3861
28,28,5101402488,20140624T000000,438000.0,3.0,1.75,1520,6380,1.0,0,0,3,7,790,730,1948,0,98115,47.695,-122.304,1520,6235
29,29,1873100390,20150302T000000,719000.0,4.0,2.5,2570,7173,2.0,0,0,3,8,2570,0,2005,0,98052,47.7073,-122.11,2630,6026
30,30,8562750320,20141110T000000,580500.0,3.0,2.5,2320,3980,2.0,0,0,3,8,2320,0,2003,0,98027,47.5391,-122.07,2580,3980
31,31,2426039314,20141201T000000,280000.0,2.0,1.5,1190,1265,3.0,0,0,3,7,1190,0,2005,0,98133,47.7274,-122.357,1390,1756
32,32,461000390,20140624T000000,687500.0,4.0,1.75,2330,5000,1.5,0,0,4,7,1510,820,1929,0,98117,47.6823,-122.368,1460,5000
33,33,7589200193,20141110T000000,535000.0,3.0,1.0,1090,3000,1.5,0,0,4,8,1090,0,1929,0,98117,47.6889,-122.375,1570,5080
34,34,7955080270,20141203T000000,322500.0,4.0,2.75,2060,6659,1.0,0,0,3,7,1280,780,1981,0,98058,47.4276,-122.157,2020,8720
35,35,9547205180,20140613T000000,696000.0,3.0,2.5,2300,3060,1.5,0,0,3,8,1510,790,1930,2002,98115,47.6827,-122.31,1590,3264
36,36,9435300030,20140528T000000,550000.0,4.0,1.0,1660,34848,1.0,0,0,1,5,930,730,1933,0,98052,47.6621,-122.132,2160,11467
37,37,2768000400,20141230T000000,640000.0,4.0,2.0,2360,6000,2.0,0,0,4,8,2360,0,1904,0,98107,47.6702,-122.362,1730,4700
38,38,7895500070,20150213T000000,240000.0,4.0,1.0,1220,8075,1.0,0,0,2,7,890,330,1969,0,98001,47.3341,-122.282,1290,7800
39,39,2078500320,20140620T000000,605000.0,4.0,2.5,2620,7553,2.0,0,0,3,8,2620,0,1996,0,98056,47.5301,-122.18,2620,11884
40,40,5547700270,20140715T000000,625000.0,4.0,2.5,2570,5520,2.0,0,0,3,9,2570,0,2000,0,98074,47.6145,-122.027,2470,5669
41,41,7766200013,20140811T000000,775000.0,4.0,2.25,4220,24186,1.0,0,0,3,8,2600,1620,1984,0,98166,47.445,-122.347,2410,30617
42,42,7203220400,20140707T000000,861990.0,5.0,2.75,3595,5639,2.0,0,0,3,9,3595,0,2014,0,98053,47.6848,-122.016,3625,5639
43,43,9270200160,20141028T000000,685000.0,3.0,1.0,1570,2280,2.0,0,0,3,7,1570,0,1922,0,98119,47.6413,-122.364,1580,2640
44,44,1432701230,20140729T000000,309000.0,3.0,1.0,1280,9656,1.0,0,0,4,6,920,360,1959,0,98058,47.4485,-122.175,1340,8808
45,45,8035350320,20140718T000000,488000.0,3.0,2.5,3160,13603,2.0,0,0,3,8,3160,0,2003,0,98019,47.7443,-121.977,3050,9232
46,46,8945200830,20150325T000000,210490.0,3.0,1.0,990,8528,1.0,0,0,3,6,990,0,1966,0,98023,47.3066,-122.371,1228,8840
47,47,4178300310,20140716T000000,785000.0,4.0,2.5,2290,13416,2.0,0,0,4,9,2290,0,1981,0,98007,47.6194,-122.151,2680,13685
48,48,9215400105,20150428T000000,450000.0,3.0,1.75,1250,5963,1.0,0,0,4,7,1250,0,1953,0,98115,47.6796,-122.301,970,5100
49,49,822039084,20150311T000000,1350000.0,3.0,2.5,2753,65005,1.0,1,2,5,9,2165,588,1953,0,98070,47.4041,-122.451,2680,72513
50,50,5245600105,20140916T000000,228000.0,3.0,1.0,1190,9199,1.0,0,0,3,7,1190,0,1955,0,98148,47.4258,-122.322,1190,9364
51,51,7231300125,20150217T000000,345000.0,5.0,2.5,3150,9134,1.0,0,0,4,8,1640,1510,1966,0,98056,47.4934,-122.189,1990,9133
52,52,7518505990,20141231T000000,600000.0,3.0,1.75,1410,4080,1.0,0,0,4,7,1000,410,1950,0,98117,47.6808,-122.384,1410,4080
53,53,3626039271,20150205T000000,585000.0,2.0,1.75,1980,8550,1.0,0,0,3,7,990,990,1981,0,98117,47.6989,-122.369,1480,6738
54,54,4217401195,20150303T000000,920000.0,5.0,2.25,2730,6000,1.5,0,0,3,8,2130,600,1927,0,98105,47.6571,-122.281,2730,6000
55,55,9822700295,20140512T000000,885000.0,4.0,2.5,2830,5000,2.0,0,0,3,9,2830,0,1995,0,98105,47.6597,-122.29,1950,5000
56,56,9478500640,20140819T000000,292500.0,4.0,2.5,2250,4495,2.0,0,0,3,7,2250,0,2008,0,98042,47.3663,-122.114,2250,4500
57,57,2799800710,20150407T000000,301000.0,3.0,2.5,2420,4750,2.0,0,0,3,8,2420,0,2003,0,98042,47.3663,-122.122,2690,4750
58,58,7922800400,20140827T000000,951000.0,5.0,3.25,3250,14342,2.0,0,4,4,8,3250,0,1968,0,98008,47.588,-122.116,2960,11044
59,59,8079040320,20150223T000000,430000.0,4.0,3.0,1850,9976,2.0,0,0,3,8,1850,0,1991,0,98059,47.5059,-122.149,2270,8542
60,60,1516000055,20141210T000000,650000.0,3.0,2.25,2150,21235,1.0,0,3,4,8,1590,560,1959,0,98166,47.4336,-122.339,2570,18900
61,61,9558200045,20140828T000000,289000.0,3.0,1.75,1260,8400,1.0,0,0,3,7,1260,0,1954,0,98148,47.4366,-122.335,1290,8750
62,62,5072410070,20141021T000000,505000.0,3.0,1.75,2519,8690,2.0,0,0,5,8,2519,0,1973,0,98166,47.4428,-122.344,2500,9500
63,63,9528102996,20141207T000000,549000.0,3.0,1.75,1540,1044,3.0,0,0,3,8,1540,0,2014,0,98115,47.6765,-122.32,1580,3090
64,64,1189001180,20140603T000000,425000.0,3.0,2.25,1660,6000,1.0,0,0,3,7,1110,550,1979,0,98122,47.6113,-122.297,1440,4080
65,65,3253500160,20141120T000000,317625.0,3.0,2.75,2770,3809,1.5,0,0,5,7,1770,1000,1925,0,98144,47.5747,-122.304,1440,4000
66,66,3394100030,20140909T000000,975000.0,4.0,2.5,2720,11049,2.0,0,0,3,10,2720,0,1989,0,98004,47.5815,-122.192,2750,11049
67,67,3717000160,20141009T000000,287000.0,4.0,2.5,2240,4648,2.0,0,0,3,7,2240,0,2005,0,98001,47.3378,-122.257,2221,4557
68,68,1274500060,20140825T000000,204000.0,3.0,1.0,1000,12070,1.0,0,0,4,7,1000,0,1968,0,98042,47.3621,-122.11,1010,12635
69,69,1802000060,20140612T000000,1325000.0,5.0,2.25,3200,20158,1.0,0,0,3,8,1600,1600,1965,0,98004,47.6303,-122.215,3390,20158
70,70,1525059190,20140912T000000,1040000.0,5.0,3.25,4770,50094,1.0,0,0,4,11,3070,1700,1973,0,98005,47.6525,-122.16,3530,38917
71,71,1049000060,20150105T000000,325000.0,3.0,2.0,1260,5612,1.0,0,0,4,7,1260,0,1972,0,98034,47.7362,-122.179,1640,4745
72,72,8820901275,20140610T000000,571000.0,4.0,2.0,2750,7807,1.5,0,0,5,7,2250,500,1916,0,98125,47.7168,-122.287,1510,7807
73,73,5416510140,20140710T000000,360000.0,4.0,2.5,2380,5000,2.0,0,0,3,8,2380,0,2005,0,98038,47.3608,-122.036,2420,5000
74,74,3444100400,20150316T000000,349000.0,3.0,1.75,1790,50529,1.0,0,0,5,7,1090,700,1965,0,98042,47.3511,-122.073,1940,50529
75,75,3276920270,20141105T000000,832500.0,4.0,4.0,3430,35102,2.0,0,0,4,10,2390,1040,1986,0,98075,47.5822,-121.987,3240,35020
76,76,4036801170,20141013T000000,380000.0,4.0,1.75,1760,7300,1.0,0,0,3,7,880,880,1956,0,98008,47.6034,-122.125,1680,7500
77,77,2391600320,20150420T000000,480000.0,3.0,1.0,1040,5060,1.0,0,0,3,7,1040,0,1941,0,98116,47.5636,-122.394,890,5060
78,78,6300000287,20140609T000000,410000.0,3.0,1.0,1410,5060,1.0,0,0,4,7,910,500,1956,0,98133,47.7073,-122.34,1130,5693
79,79,1531000030,20150323T000000,720000.0,4.0,2.5,3450,39683,2.0,0,0,3,10,3450,0,2002,0,98010,47.342,-122.025,3350,39750
80,80,5104520400,20141202T000000,390000.0,3.0,2.5,2350,5100,2.0,0,0,3,8,2350,0,2003,0,98038,47.3512,-122.008,2350,5363
81,81,7437100340,20141222T000000,360000.0,4.0,2.5,1900,5889,2.0,0,0,3,7,1900,0,1992,0,98038,47.349,-122.031,1870,6405
82,82,9418400240,20141028T000000,355000.0,2.0,1.0,2020,6720,1.0,0,0,3,7,1010,1010,1948,0,98118,47.5474,-122.291,1720,6720
83,83,1523059105,20150128T000000,356000.0,3.0,1.5,1680,8712,1.0,0,0,3,8,1680,0,1964,0,98059,47.4811,-122.149,1850,8797
84,84,1133000671,20140602T000000,315000.0,3.0,1.0,960,6634,1.0,0,0,3,6,960,0,1952,0,98125,47.7264,-122.31,1570,7203
85,85,4232902595,20141114T000000,940000.0,3.0,1.5,2140,3600,2.0,0,0,3,9,1900,240,1925,0,98119,47.6337,-122.365,2020,4800
86,86,2599001200,20141103T000000,305000.0,5.0,2.25,2660,8400,1.5,0,0,5,7,2660,0,1961,0,98092,47.2909,-122.189,1590,8165
87,87,3342103156,20140618T000000,461000.0,3.0,3.25,2770,6278,2.0,0,0,3,9,1980,790,2006,0,98056,47.5228,-122.199,1900,7349
88,88,1332700270,20140519T000000,215000.0,2.0,2.25,1610,2040,2.0,0,0,4,7,1610,0,1979,0,98056,47.518,-122.194,1950,2025
89,89,3869900162,20140904T000000,335000.0,2.0,1.75,1030,1066,2.0,0,0,3,7,765,265,2006,0,98136,47.5394,-122.387,1030,1106
90,90,2791500270,20140522T000000,243500.0,4.0,2.5,1980,7403,2.0,0,0,3,7,1980,0,1988,0,98023,47.2897,-122.372,1980,7510
91,91,5036300431,20150311T000000,1099880.0,5.0,2.75,3520,6353,2.0,0,0,4,10,3520,0,2001,0,98199,47.6506,-122.391,2520,6250
92,92,4168000060,20150226T000000,153000.0,3.0,1.0,1200,10500,1.0,0,0,3,7,1200,0,1962,0,98023,47.322,-122.351,1350,10500
93,93,6021501535,20140725T000000,430000.0,3.0,1.5,1580,5000,1.0,0,0,3,8,1290,290,1939,0,98117,47.687,-122.386,1570,4500
94,94,6021501535,20141223T000000,700000.0,3.0,1.5,1580,5000,1.0,0,0,3,8,1290,290,1939,0,98117,47.687,-122.386,1570,4500
95,95,1483300570,20140908T000000,905000.0,4.0,2.5,3300,10250,1.0,0,0,3,7,2390,910,1946,1991,98040,47.5873,-122.249,1950,6045
96,96,3422049190,20150330T000000,247500.0,3.0,1.75,1960,15681,1.0,0,0,3,7,1960,0,1967,0,98032,47.3576,-122.277,1750,15616
97,97,1099611230,20140912T000000,199000.0,4.0,1.5,1160,6400,1.0,0,0,4,7,1160,0,1975,0,98023,47.3036,-122.378,1160,6400
98,98,722079104,20140711T000000,314000.0,3.0,1.75,1810,41800,1.0,0,0,5,7,1210,600,1980,0,98038,47.4109,-121.958,1650,135036
99,99,7338200240,20140516T000000,437500.0,3.0,2.5,2320,36847,2.0,0,2,3,9,2320,0,1992,0,98045,47.4838,-121.714,2550,35065
100,100,1952200240,20140611T000000,850830.0,3.0,2.5,2070,13241,1.5,0,0,5,9,1270,800,1910,0,98102,47.6415,-122.315,2200,4500
101,101,5200100125,20141027T000000,555000.0,3.0,2.0,1980,3478,1.5,0,0,4,7,1440,540,1929,0,98117,47.6775,-122.372,1610,3478
102,102,7214720075,20141212T000000,699950.0,3.0,2.25,2190,107593,2.0,0,0,4,8,2190,0,1983,0,98077,47.7731,-122.08,2570,47777
103,103,2450000295,20141007T000000,1088000.0,3.0,2.5,2920,8113,2.0,0,0,3,8,2920,0,1950,2010,98004,47.5814,-122.196,2370,8113
104,104,6197800045,20140924T000000,290000.0,3.0,1.0,1210,33919,1.0,0,0,3,7,1210,0,1954,0,98058,47.4375,-122.184,1640,14910
105,105,1328310370,20150402T000000,375000.0,3.0,2.5,2340,10005,1.0,0,0,4,8,1460,880,1978,0,98058,47.4431,-122.133,2250,8162
106,106,546000875,20140523T000000,460000.0,3.0,1.0,1670,4005,1.5,0,0,4,7,1170,500,1939,0,98117,47.6878,-122.38,1240,4005
107,107,3530510041,20140723T000000,188500.0,2.0,1.75,1240,2493,1.0,0,0,4,8,1240,0,1985,0,98198,47.3813,-122.322,1270,4966
108,108,1853000400,20150305T000000,680000.0,4.0,2.5,3140,28037,2.0,0,0,4,10,3140,0,1991,0,98077,47.7304,-122.082,2990,35001
109,109,3134100116,20140827T000000,470000.0,5.0,1.75,2030,12342,2.0,0,0,4,7,2030,0,1942,0,98052,47.6417,-122.109,2500,9433
110,110,9545230140,20140725T000000,597750.0,4.0,2.5,2310,9624,2.0,0,0,3,8,2310,0,1984,0,98027,47.5386,-122.053,1940,9636
111,111,3362400511,20150304T000000,570000.0,3.0,1.75,1260,3328,1.0,0,0,5,6,700,560,1905,0,98103,47.6823,-122.349,1380,3536
112,112,2525310310,20140916T000000,272500.0,3.0,1.75,1540,12600,1.0,0,0,4,7,1160,380,1980,0,98038,47.3624,-122.031,1540,11656
113,113,6126500060,20141124T000000,329950.0,3.0,1.75,2080,5969,1.0,0,2,3,7,1080,1000,1971,0,98108,47.5474,-122.295,2090,5500
114,114,8961960160,20141028T000000,480000.0,4.0,2.5,3230,16171,2.0,0,3,3,9,2520,710,2001,0,98001,47.3183,-122.253,2640,8517
115,115,3626039325,20141121T000000,740500.0,3.0,3.5,4380,6350,2.0,0,0,3,8,2780,1600,1900,1999,98117,47.6981,-122.368,1830,6350
116,116,3362400431,20140626T000000,518500.0,3.0,3.5,1590,1102,3.0,0,0,3,8,1590,0,2010,0,98103,47.6824,-122.347,1620,3166
117,117,4060000240,20140623T000000,205425.0,2.0,1.0,880,6780,1.0,0,0,4,6,880,0,1945,0,98178,47.5009,-122.248,1190,6780
118,118,3454800060,20150108T000000,171800.0,4.0,2.0,1570,9600,1.0,0,0,3,6,1570,0,1950,0,98168,47.4965,-122.303,1880,9000
119,119,1695900060,20150511T000000,535000.0,4.0,1.0,1610,2982,1.5,0,0,4,7,1610,0,1925,0,98144,47.587,-122.294,1610,4040
120,120,7278700070,20150102T000000,660000.0,3.0,2.5,2400,6474,1.0,0,2,3,8,1560,840,1964,0,98177,47.7728,-122.386,2340,10856
121,121,6675500070,20141119T000000,391500.0,3.0,2.0,1450,9132,1.0,0,0,3,7,1450,0,1987,0,98034,47.7288,-122.226,1580,9104
122,122,3626039187,20150406T000000,395000.0,2.0,1.0,770,6000,1.0,0,0,3,6,770,0,1953,0,98117,47.6999,-122.364,1710,6000
123,123,3524049083,20141104T000000,445000.0,4.0,1.75,2100,4400,1.5,0,0,5,7,1720,380,1924,0,98118,47.5299,-122.266,1850,4400
124,124,3275860240,20140618T000000,770000.0,3.0,2.25,2910,10204,2.0,0,0,3,9,2910,0,1990,0,98052,47.6897,-122.098,2700,13992
125,125,4389200955,20150302T000000,1450000.0,4.0,2.75,2750,17789,1.5,0,0,3,8,1980,770,1914,1992,98004,47.6141,-122.212,3060,11275
126,126,4058801670,20140717T000000,445000.0,3.0,2.25,2100,8201,1.0,0,2,3,8,1620,480,1967,0,98178,47.5091,-122.244,2660,8712
127,127,8732020310,20140717T000000,260000.0,4.0,2.25,2160,8811,1.0,0,0,3,8,1360,800,1978,0,98023,47.3129,-122.39,2090,8400
128,128,2331300505,20140613T000000,822500.0,5.0,3.5,2320,4960,2.0,0,0,5,7,1720,600,1926,0,98103,47.6763,-122.352,1700,4960
129,129,7853210060,20150406T000000,430000.0,4.0,2.5,2070,4310,2.0,0,0,3,7,2070,0,2004,0,98065,47.5319,-121.85,1970,3748
130,130,3668000070,20150105T000000,212000.0,3.0,1.75,1060,7875,1.0,0,0,4,7,1060,0,1986,0,98092,47.2761,-122.152,1420,7680
131,131,9545240070,20150428T000000,660500.0,4.0,2.25,2010,9603,1.0,0,0,3,8,1440,570,1986,0,98027,47.5343,-122.054,2060,9793
132,132,1243100136,20140612T000000,784000.0,3.0,3.5,3950,111078,1.5,0,0,3,9,2460,1490,1989,0,98052,47.697,-122.072,2480,88500
133,133,8929000270,20140512T000000,453246.0,3.0,2.5,2010,2287,2.0,0,0,3,8,1390,620,2014,0,98029,47.5517,-121.998,1690,1662
134,134,2767602356,20150126T000000,675000.0,4.0,3.5,2140,2278,3.0,0,0,3,9,2140,0,2005,0,98107,47.6734,-122.38,1540,2285
135,135,921049315,20140813T000000,199000.0,3.0,1.75,1320,17390,1.0,0,0,4,7,1320,0,1956,0,98003,47.3257,-122.296,1550,19265
136,136,3655000070,20140805T000000,220000.0,4.0,1.75,2020,7840,1.0,0,0,3,7,1010,1010,1968,0,98003,47.3309,-122.299,1750,8140
137,137,4027700812,20140529T000000,452000.0,4.0,2.25,2590,10002,1.0,0,0,4,8,1340,1250,1968,0,98028,47.7689,-122.266,1550,10436
138,138,3992700335,20140707T000000,382500.0,2.0,1.0,1190,4440,1.0,0,0,3,6,1190,0,1981,0,98125,47.7135,-122.287,1060,5715
139,139,2767603505,20140507T000000,519950.0,3.0,2.25,1170,1249,3.0,0,0,3,8,1170,0,2014,0,98107,47.6722,-122.381,1350,1310
140,140,4232901525,20140627T000000,665000.0,2.0,1.0,1110,3200,1.0,0,0,3,7,1110,0,1925,0,98119,47.6338,-122.358,1170,3600
141,141,1777500060,20140708T000000,527700.0,5.0,2.5,2820,9375,1.0,0,0,4,8,1550,1270,1968,0,98006,47.5707,-122.128,2820,9375
142,142,1432900240,20150508T000000,205000.0,3.0,1.0,1610,8579,1.0,0,0,4,7,1010,600,1962,0,98058,47.4563,-122.171,1610,8579
143,143,6140100875,20150415T000000,420000.0,3.0,1.0,1060,8097,1.0,0,0,4,7,940,120,1923,0,98133,47.7144,-122.351,1560,7940
144,144,6071600370,20150227T000000,500000.0,4.0,2.25,2030,8517,1.0,0,0,4,8,1380,650,1961,0,98006,47.5495,-122.174,2230,8824
145,145,1526069017,20141203T000000,921500.0,4.0,2.5,3670,315374,2.0,0,0,4,9,3670,0,1994,0,98077,47.7421,-122.026,2840,87991
146,146,809001525,20140625T000000,890000.0,4.0,1.0,2550,4000,2.0,0,0,3,8,2370,180,1905,0,98109,47.6354,-122.353,2200,4000
147,147,3224079105,20140806T000000,430000.0,2.0,2.5,2420,60984,2.0,0,0,3,7,2420,0,2007,0,98027,47.5262,-121.943,1940,193842
148,148,8075400570,20141030T000000,258000.0,5.0,2.0,2260,12500,1.0,0,0,4,8,1130,1130,1960,0,98032,47.3887,-122.286,1360,18000
149,149,1994200024,20141104T000000,511000.0,3.0,1.0,1430,3455,1.0,0,0,3,7,980,450,1947,0,98103,47.6873,-122.336,1450,4599
150,150,3362900810,20140820T000000,532170.0,3.0,2.0,1360,3090,2.0,0,0,3,8,1360,0,1990,0,98103,47.6838,-122.353,1500,3090
151,151,1324300398,20150409T000000,560000.0,3.0,1.0,1110,5000,1.5,0,0,3,7,1110,0,1947,0,98107,47.655,-122.359,1420,5000
152,152,537000445,20150331T000000,282950.0,3.0,1.0,1250,8200,1.0,0,0,4,7,1250,0,1954,0,98003,47.3255,-122.304,1680,8633
153,153,7855801670,20150401T000000,2250000.0,4.0,3.25,5180,19850,2.0,0,3,3,12,3540,1640,2006,0,98006,47.562,-122.162,3160,9750
154,154,7920100045,20140516T000000,350000.0,1.0,1.0,700,5100,1.0,0,0,3,7,700,0,1942,0,98115,47.679,-122.3,1010,5100
155,155,8960000030,20140728T000000,215000.0,3.0,1.0,1180,7669,1.0,0,0,4,7,1180,0,1967,0,98058,47.4479,-122.176,1190,7669
156,156,6388930390,20141120T000000,650000.0,5.0,3.5,3960,25245,2.0,0,0,3,9,2500,1460,1996,0,98056,47.525,-122.172,2640,13675
157,157,8731900200,20140807T000000,320000.0,4.0,2.75,2640,7500,1.0,0,0,3,8,1620,1020,1967,0,98023,47.3135,-122.369,1980,7875
158,158,8029200135,20141113T000000,247000.0,3.0,2.0,1270,7198,1.5,0,0,3,7,1270,0,1916,2013,98022,47.2086,-121.996,1160,7198
159,159,1081200350,20141003T000000,320000.0,4.0,1.75,1760,11180,1.0,0,0,4,8,1760,0,1968,0,98059,47.4715,-122.118,1730,11180
160,160,84000105,20140507T000000,255000.0,5.0,2.25,2060,8632,1.0,0,0,3,7,1030,1030,1962,0,98146,47.4877,-122.335,1010,11680
161,161,3756500060,20150309T000000,438000.0,3.0,1.75,1780,9660,1.0,0,0,3,7,1780,0,1962,0,98034,47.7171,-122.193,1200,9660
162,162,7215720160,20150304T000000,900000.0,3.0,2.5,3400,16603,2.0,0,0,3,10,3400,0,2000,0,98075,47.6012,-122.023,3400,12601
163,163,3574800520,20140620T000000,441000.0,3.0,2.75,1910,7280,1.0,0,0,3,7,1160,750,1979,0,98034,47.7319,-122.224,1710,8152
164,164,2617300160,20140812T000000,420000.0,3.0,2.0,2020,38332,1.0,0,0,4,7,1010,1010,1975,0,98027,47.4582,-122.023,2110,36590
165,165,2558660270,20141208T000000,370000.0,3.0,1.75,1580,7000,1.0,0,0,3,7,1180,400,1976,0,98034,47.7209,-122.168,1640,7500
166,166,2009000370,20150219T000000,269950.0,2.0,1.75,1340,7250,1.0,0,0,5,5,700,640,1949,0,98198,47.408,-122.327,1830,9750
167,167,1836980160,20150324T000000,807100.0,4.0,2.5,2680,4499,2.0,0,0,3,9,2680,0,1999,0,98006,47.565,-122.125,2920,4500
168,168,3261020370,20140605T000000,653000.0,3.0,2.5,2680,9750,1.0,0,0,4,8,1610,1070,1979,0,98034,47.7028,-122.231,2480,8750
169,169,1755700060,20140611T000000,371500.0,3.0,2.0,1370,8336,1.0,0,0,5,7,1370,0,1964,0,98133,47.7458,-122.331,1770,7288
170,170,4330600435,20150316T000000,284000.0,3.0,1.75,1560,21000,1.0,0,0,3,7,1560,0,1954,0,98166,47.4776,-122.337,1070,7920
171,171,9542800700,20150102T000000,272000.0,3.0,1.75,2160,7140,1.0,0,0,4,7,1670,490,1978,0,98023,47.3026,-122.374,1930,7350
172,172,1999700045,20140502T000000,313000.0,3.0,1.5,1340,7912,1.5,0,0,3,7,1340,0,1955,0,98133,47.7658,-122.339,1480,7940
173,173,1762600070,20150116T000000,917500.0,4.0,2.5,3880,35003,2.0,0,0,3,10,2570,1310,1984,0,98033,47.6477,-122.182,3740,35230
174,174,1687900520,20140929T000000,673000.0,4.0,2.25,2590,8190,2.0,0,0,4,8,2590,0,1980,0,98006,47.5619,-122.125,2260,8335
175,175,7234600798,20150210T000000,425000.0,3.0,2.5,1120,1100,2.0,0,0,3,8,820,300,2008,0,98122,47.6106,-122.31,1590,1795
176,176,3881900445,20140709T000000,399950.0,5.0,2.75,1970,5400,1.0,0,0,3,7,1320,650,1986,0,98144,47.5868,-122.308,1280,2150
177,177,2254502445,20140530T000000,385000.0,3.0,1.0,1220,4800,1.0,0,0,3,6,1220,0,1901,0,98122,47.6101,-122.307,1200,4800
178,178,5437810320,20141117T000000,269950.0,3.0,1.5,1950,7560,1.0,0,2,4,7,1320,630,1975,0,98022,47.1976,-121.999,1950,8941
179,179,9158100075,20150107T000000,330000.0,2.0,1.0,1350,8220,1.0,0,0,3,7,1060,290,1949,0,98177,47.7224,-122.358,1540,8280
180,180,3830630310,20140725T000000,260000.0,3.0,2.5,1670,5797,2.0,0,0,3,7,1670,0,1988,0,98030,47.3505,-122.179,1670,6183
181,181,8123100045,20150414T000000,470000.0,4.0,3.0,2380,5125,1.5,0,0,4,7,1680,700,1925,0,98126,47.5384,-122.376,1410,5375
182,182,3127200041,20140613T000000,589000.0,4.0,3.0,2440,9600,2.0,0,0,5,7,2440,0,1961,0,98034,47.7044,-122.2,2290,9600
183,183,6661200320,20140723T000000,163500.0,2.0,1.5,1050,3419,2.0,0,0,3,7,1050,0,1996,0,98038,47.3848,-122.039,1050,3417
184,184,11510310,20140905T000000,835000.0,4.0,2.75,3130,13412,2.0,0,0,3,9,2140,990,1993,0,98052,47.6993,-122.102,2260,9984
185,185,825059270,20141121T000000,1095000.0,5.0,3.0,4090,12850,1.0,0,2,4,10,2090,2000,1986,0,98033,47.6627,-122.188,2540,10270
186,186,8731951370,20150415T000000,269000.0,4.0,1.75,1490,10000,1.0,0,0,4,8,1100,390,1969,0,98023,47.3099,-122.379,2190,8910
187,187,1954440060,20140505T000000,560000.0,3.0,2.5,1900,8744,2.0,0,0,3,8,1900,0,1987,0,98074,47.62,-122.043,2030,8744
188,188,2264500350,20150418T000000,615000.0,4.0,1.0,1330,2400,1.5,0,0,4,6,1330,0,1901,0,98103,47.65,-122.34,1330,4400
189,189,1115810060,20141205T000000,585188.0,3.0,2.25,2230,10026,1.0,0,0,3,8,1430,800,1975,0,98052,47.6647,-122.153,2230,9340
190,190,9477200200,20140818T000000,305000.0,3.0,1.75,1650,9480,1.0,0,0,3,7,1220,430,1977,0,98034,47.726000000000006,-122.191,1540,8400
191,191,1432600560,20141105T000000,166950.0,3.0,1.0,1190,8820,1.0,0,0,3,6,1190,0,1959,0,98058,47.4616,-122.184,1230,7980
192,192,2287000060,20140912T000000,799000.0,3.0,2.5,2140,9897,1.0,0,0,4,8,2140,0,1959,0,98040,47.5505,-122.219,2680,10083
193,193,3663500060,20140625T000000,400000.0,3.0,2.5,2180,7508,1.0,0,0,4,7,1420,760,1962,0,98133,47.7606,-122.336,1900,7818
194,194,3996900125,20141201T000000,230000.0,3.0,1.0,1060,10228,1.0,0,0,3,7,1060,0,1948,0,98155,47.7481,-122.3,1570,10228
195,195,7796450200,20140515T000000,256883.0,3.0,2.5,1690,5025,2.0,0,0,3,8,1690,0,2003,0,98023,47.2779,-122.347,2550,5001
196,196,7549802535,20141111T000000,423000.0,4.0,2.0,1970,6480,1.5,0,0,5,7,1130,840,1920,0,98108,47.5511,-122.312,1500,6480
197,197,3278600320,20140723T000000,465000.0,3.0,2.5,2150,4084,2.0,0,0,3,8,2150,0,2007,0,98126,47.5488,-122.372,1750,2385
198,198,2824079053,20150113T000000,440000.0,3.0,2.5,1910,66211,2.0,0,0,3,7,1910,0,1997,0,98024,47.5385,-121.911,2330,67268
199,199,1222069094,20141014T000000,385000.0,3.0,1.75,1350,155073,1.0,0,0,4,7,1350,0,1969,0,98038,47.4058,-121.994,1560,50965
200,200,3542300060,20150311T000000,210000.0,3.0,1.0,860,11725,1.0,0,0,4,6,860,0,1943,0,98056,47.5093,-122.184,1300,9514
201,201,2222059065,20141112T000000,297000.0,3.0,2.5,1940,14952,2.0,0,0,3,8,1940,0,1994,0,98042,47.3777,-122.165,2030,10450
202,202,7551300060,20140716T000000,470000.0,3.0,1.0,1010,5000,1.0,0,0,3,7,1010,0,1952,0,98107,47.675,-122.394,1680,5000
203,203,100600550,20140804T000000,226500.0,3.0,1.5,1300,7370,1.0,0,0,4,7,900,400,1976,0,98023,47.3025,-122.37,1430,7500
204,204,3211100860,20150303T000000,274250.0,3.0,1.0,910,8450,1.0,0,0,4,6,910,0,1962,0,98059,47.4787,-122.158,1400,8040
205,205,3456000310,20140804T000000,840000.0,4.0,1.75,2480,11010,1.0,0,0,4,9,1630,850,1966,0,98040,47.5378,-122.219,2770,10744
206,206,9526600140,20140919T000000,677900.0,3.0,2.5,2440,4587,2.0,0,0,3,8,2440,0,2010,0,98052,47.7073,-122.114,2750,4587
207,207,7465900060,20150205T000000,425000.0,3.0,1.0,1010,5864,1.0,0,0,3,7,1010,0,1915,0,98116,47.5733,-122.381,1290,5000
208,208,1222000055,20141123T000000,180250.0,2.0,0.75,900,9600,1.0,0,0,3,6,900,0,1941,0,98166,47.4604,-122.339,1250,14280
209,209,6300000550,20140717T000000,464000.0,6.0,3.0,2300,3404,2.0,0,0,3,7,1600,700,1920,1994,98133,47.7067,-122.343,1560,1312
210,210,2310030510,20150422T000000,320000.0,4.0,2.25,1550,7579,2.0,0,0,3,8,1550,0,1993,0,98038,47.354,-122.047,1630,6397
211,211,1025049114,20140717T000000,625504.0,3.0,2.25,1270,1566,2.0,0,0,3,8,1060,210,2014,0,98105,47.6647,-122.284,1160,1327
212,212,8677300550,20140515T000000,592500.0,4.0,2.5,2240,12032,1.0,0,0,3,9,2240,0,1983,0,98074,47.6143,-122.017,2520,12368
213,213,4014400292,20150114T000000,465000.0,3.0,2.5,2714,17936,2.0,0,0,3,9,2714,0,2005,0,98001,47.3185,-122.275,2590,18386
214,214,1102000196,20140527T000000,477000.0,4.0,2.75,1720,6270,2.0,0,0,3,8,1720,0,1978,0,98118,47.5458,-122.268,2130,8700
215,215,257000138,20150115T000000,280000.0,2.0,1.0,850,16400,1.0,0,0,3,6,850,0,1923,0,98168,47.4889,-122.299,1100,14459
216,216,46100204,20150221T000000,1505000.0,5.0,3.0,3300,33474,1.0,0,3,3,9,1870,1430,1957,1991,98040,47.5673,-122.21,3836,20953
217,217,1909600046,20140703T000000,445838.0,3.0,2.5,2250,5692,2.0,0,0,3,8,2250,0,2000,0,98146,47.5133,-122.379,1320,5390
218,218,1250202145,20140828T000000,1072000.0,2.0,2.25,3900,14864,1.0,0,3,3,8,1950,1950,1947,0,98144,47.5884,-122.291,2580,5184
219,219,7611200125,20141023T000000,467000.0,2.0,1.5,1320,10800,1.0,0,0,4,8,1320,0,1947,0,98177,47.7145,-122.367,2120,12040
220,220,5611500140,20140822T000000,686000.0,4.0,2.5,2760,6440,2.0,0,0,3,10,2760,0,1999,0,98075,47.5836,-122.026,3070,8127
221,221,7138000260,20140605T000000,279950.0,3.0,2.0,1750,9750,1.0,0,0,3,7,1350,400,1961,0,98198,47.398,-122.299,1900,10125
222,222,626059335,20140904T000000,527000.0,4.0,2.25,2330,19436,2.0,0,0,3,8,2330,0,1987,0,98011,47.7663,-122.215,1910,10055
223,223,1922059282,20140918T000000,325000.0,3.0,2.25,2220,16020,1.0,0,0,4,8,1780,440,1966,0,98030,47.3758,-122.217,2080,9583
224,224,705700390,20140903T000000,328000.0,3.0,2.25,2020,8379,2.0,0,0,3,7,2020,0,1994,0,98038,47.3828,-122.023,2020,8031
225,225,7454001200,20140604T000000,390000.0,3.0,2.25,1250,7500,1.0,0,0,5,7,1250,0,1942,0,98146,47.5123,-122.373,1280,7392
226,226,8682281200,20150309T000000,479950.0,2.0,2.0,1510,6516,1.0,0,0,3,8,1510,0,2005,0,98053,47.7076,-122.013,1640,6009
227,227,7972000200,20140529T000000,264950.0,4.0,2.25,1720,9753,1.0,0,0,4,7,1120,600,1978,0,98023,47.2922,-122.371,1510,9753
228,228,722059070,20150115T000000,235000.0,3.0,1.0,1430,15246,1.0,0,0,4,7,980,450,1961,0,98031,47.4075,-122.214,1960,13068
229,229,7202340400,20150303T000000,516500.0,3.0,2.5,1480,4729,2.0,0,0,3,7,1480,0,2004,0,98053,47.6794,-122.034,2250,4729
230,230,8096000060,20150413T000000,655000.0,2.0,1.75,1450,15798,2.0,1,4,3,7,1230,220,1915,1978,98166,47.4497,-122.375,2030,13193
231,231,2424000060,20140616T000000,500000.0,4.0,2.75,2280,15347,1.0,0,0,5,7,2280,0,1960,0,98059,47.5218,-122.164,2280,15347
232,232,9264902050,20141121T000000,315000.0,6.0,2.75,2940,7350,1.0,0,0,3,8,1780,1160,1978,0,98023,47.3103,-122.339,2120,8236
233,233,943100260,20141120T000000,213000.0,2.0,1.0,1000,10200,1.0,0,0,3,6,1000,0,1961,0,98024,47.5687,-121.899,1150,13702
234,234,3677400445,20140902T000000,475000.0,3.0,1.5,2480,5280,1.5,0,0,5,7,1620,860,1947,0,98108,47.5575,-122.303,2090,4800
235,235,1762600320,20140610T000000,1025000.0,5.0,4.0,3760,28040,2.0,0,0,3,10,3760,0,1983,0,98033,47.6489,-122.183,3430,35096
236,236,4058000060,20150409T000000,416000.0,3.0,2.0,2220,94300,1.0,0,0,5,7,1640,580,1976,0,98010,47.3459,-121.95,2070,80100
237,237,7228500560,20150320T000000,410000.0,4.0,1.0,1970,4740,1.5,0,0,3,7,1670,300,1904,2005,98122,47.6136,-122.303,1510,4740
238,238,326069104,20140701T000000,800000.0,3.0,3.5,3830,221284,2.0,0,0,3,10,3530,300,1993,0,98077,47.7641,-122.023,2920,148539
239,239,5152100060,20140529T000000,472000.0,6.0,2.5,4410,14034,1.0,0,2,4,9,2350,2060,1965,0,98003,47.3376,-122.324,2600,13988
240,240,3584000310,20141208T000000,225000.0,3.0,1.75,1430,8505,1.0,0,0,4,7,1430,0,1968,0,98003,47.3173,-122.319,1190,8640
241,241,8150100045,20141001T000000,210000.0,2.0,1.0,830,6000,1.0,0,0,3,6,830,0,1940,0,98126,47.5308,-122.376,830,4960
242,242,1868901275,20150127T000000,455000.0,2.0,1.0,1430,5000,1.5,0,0,2,7,1430,0,1925,0,98115,47.6727,-122.299,1450,3750
243,243,6131600075,20150427T000000,225000.0,3.0,1.0,1300,8316,1.0,0,0,4,6,1300,0,1954,0,98002,47.3221,-122.216,1260,8316
244,244,9468200125,20140826T000000,480000.0,2.0,1.0,1030,3060,1.0,0,2,4,7,790,240,1918,0,98103,47.6779,-122.353,1390,3060
245,245,8029510030,20150212T000000,363000.0,3.0,2.5,2740,11872,2.0,0,0,3,9,2740,0,1990,0,98023,47.3076,-122.395,2570,10377
246,246,2025069065,20140929T000000,2400000.0,4.0,2.5,3650,8354,1.0,1,4,3,9,1830,1820,2000,0,98074,47.6338,-122.072,3120,18841
247,247,7899800890,20150226T000000,181000.0,2.0,1.5,720,5120,1.0,0,0,3,6,720,0,1954,0,98106,47.5218,-122.357,1150,2566
248,248,3021059276,20150314T000000,250000.0,4.0,2.0,2010,7312,1.0,0,0,4,7,2010,0,1976,0,98002,47.2785,-122.213,2010,7650
249,249,3797001895,20150422T000000,481000.0,3.0,1.75,1560,3000,1.0,0,0,4,6,770,790,1918,0,98103,47.6846,-122.345,1390,3000
250,250,3832710960,20140923T000000,260000.0,3.0,2.0,1810,7209,1.0,0,0,4,7,1240,570,1978,0,98032,47.3656,-122.278,1750,7209
251,251,1310430400,20140513T000000,455000.0,4.0,2.5,3360,7685,2.0,0,0,3,9,3360,0,2001,0,98058,47.4369,-122.111,3060,6567
252,252,1422300030,20150401T000000,415000.0,3.0,2.25,1510,36224,2.0,0,0,3,8,1510,0,1991,0,98045,47.4616,-121.711,1730,36224
253,253,1105000588,20150421T000000,349500.0,3.0,1.0,1400,3538,1.0,0,0,3,7,800,600,1953,0,98118,47.5405,-122.27,1620,6331
254,254,3830630060,20140929T000000,245000.0,3.0,2.5,1730,7442,2.0,0,0,3,7,1730,0,1987,0,98030,47.3507,-122.178,1630,6458
255,255,5101404898,20140519T000000,592500.0,2.0,2.0,1420,9191,1.5,0,2,5,7,1420,0,1928,0,98115,47.6979,-122.32,1420,6816
256,256,7972601890,20141020T000000,385000.0,4.0,1.75,2360,7620,1.0,0,0,4,7,1180,1180,1955,0,98106,47.5278,-122.345,1910,7620
257,257,5127001620,20150211T000000,315000.0,3.0,1.75,1580,11455,1.0,0,0,4,7,1200,380,1974,0,98059,47.4756,-122.147,1550,10650
258,258,9407100800,20141124T000000,255000.0,3.0,1.0,1230,10170,1.0,0,0,3,7,1230,0,1979,0,98045,47.4437,-121.772,1380,10098
259,259,1873100060,20140829T000000,693000.0,4.0,2.5,2460,4425,2.0,0,0,3,8,2460,0,2006,0,98052,47.7048,-122.109,2990,5659
260,260,8722101360,20141202T000000,780000.0,3.0,1.0,1660,4400,1.5,0,0,3,8,1460,200,1911,0,98112,47.6362,-122.302,1660,4400
261,261,8644000060,20141024T000000,237000.0,3.0,1.75,1270,8470,1.0,0,0,4,7,1270,0,1960,0,98198,47.4207,-122.29,1600,8470
262,262,3325069129,20141216T000000,525000.0,3.0,2.25,2100,40510,2.0,0,0,3,10,1320,780,1979,0,98074,47.6154,-122.047,2380,33450
263,263,1400300055,20150428T000000,425000.0,2.0,1.0,770,5040,1.0,0,0,3,5,770,0,1930,0,98144,47.5964,-122.299,1330,2580
264,264,2123039032,20141027T000000,369900.0,1.0,0.75,760,10079,1.0,1,4,5,5,760,0,1936,0,98070,47.4683,-122.438,1230,14267
265,265,8078560140,20140519T000000,290000.0,4.0,2.5,1700,7280,2.0,0,0,4,7,1700,0,1988,0,98031,47.4045,-122.171,1950,7475
266,266,3438500192,20140929T000000,285000.0,3.0,1.0,1120,10701,1.0,0,0,3,7,1120,0,1954,0,98106,47.5544,-122.358,1130,6350
267,267,7974200510,20140814T000000,415000.0,2.0,1.0,1070,4500,1.0,0,0,3,7,1070,0,1937,0,98115,47.6802,-122.29,1320,4465
268,268,2557000400,20150409T000000,272500.0,3.0,2.5,2070,9900,1.0,0,0,3,8,1420,650,1979,0,98023,47.2988,-122.371,2070,8250
269,269,7960900060,20150504T000000,2900000.0,4.0,3.25,5050,20100,1.5,0,2,3,11,4750,300,1982,2008,98004,47.6312,-122.223,3890,20060
270,270,4054500390,20141007T000000,1365000.0,4.0,4.75,5310,57346,2.0,0,0,4,11,5310,0,1989,0,98077,47.7285,-122.042,4180,47443
271,271,6378500125,20150501T000000,436000.0,2.0,1.0,1040,7538,1.0,0,0,4,7,1040,0,1939,0,98133,47.7107,-122.352,1440,7530
272,272,1745100140,20141017T000000,210000.0,3.0,1.0,1700,11390,1.0,0,0,4,7,1700,0,1967,0,98003,47.3271,-122.323,1350,8164
273,273,2976800796,20140925T000000,236000.0,3.0,1.0,1300,5898,1.0,0,0,3,7,1300,0,1961,0,98178,47.5053,-122.255,1320,7619
274,274,4235400186,20141124T000000,331000.0,3.0,1.75,1080,1306,1.0,0,0,3,7,580,500,1954,2003,98199,47.6601,-122.4,1440,2225
275,275,4215100060,20150320T000000,365000.0,3.0,2.5,2653,4510,2.0,0,0,3,8,2653,0,2006,0,98031,47.4145,-122.166,2653,4927
276,276,9189700045,20150127T000000,450000.0,3.0,2.0,2290,16258,1.0,0,0,5,8,2290,0,1960,0,98058,47.4672,-122.165,1660,10530
277,277,1126049053,20141113T000000,770000.0,4.0,2.75,3820,26300,2.0,0,0,3,9,2850,970,2014,0,98028,47.7618,-122.261,1860,12136
278,278,2022069200,20150505T000000,455000.0,4.0,2.5,2210,49375,1.0,0,0,3,8,2210,0,1997,0,98038,47.3828,-122.071,2670,49385
279,279,9412900055,20150505T000000,405000.0,3.0,1.75,2390,6000,1.0,0,0,3,6,1240,1150,1908,0,98118,47.5362,-122.268,2020,6000
280,280,1722059235,20140703T000000,304900.0,4.0,1.75,2600,11325,1.0,0,0,4,7,1610,990,1969,0,98031,47.3954,-122.206,1720,11088
281,281,6874200960,20150227T000000,170000.0,2.0,1.0,860,5265,1.0,0,0,3,6,860,0,1931,0,98178,47.5048,-122.272,1650,8775
282,282,7424700045,20150513T000000,2050000.0,5.0,3.0,3830,8480,2.0,0,1,5,9,2630,1200,1905,1994,98122,47.6166,-122.287,3050,7556
283,283,7202360350,20140630T000000,780000.0,4.0,2.5,3500,7048,2.0,0,0,3,9,3500,0,2005,0,98053,47.6811,-122.025,3920,7864
284,284,5634500392,20150410T000000,330000.0,3.0,3.0,2420,13959,1.0,0,0,4,8,1740,680,1988,0,98028,47.7486,-122.23,2570,13300
285,285,1509500060,20140905T000000,370000.0,4.0,2.5,2720,8666,2.0,0,0,3,9,2720,0,1992,0,98030,47.3846,-122.169,2410,8100
286,286,7214810350,20141017T000000,467000.0,5.0,2.25,2500,13500,1.0,0,0,3,7,1850,650,1979,0,98072,47.7564,-122.144,2300,9750
287,287,6647200060,20150209T000000,405000.0,3.0,1.75,1670,6720,1.0,0,0,3,7,1140,530,1980,0,98034,47.7198,-122.193,1670,7320
288,288,9552700140,20140702T000000,675000.0,5.0,2.25,2900,10300,1.0,0,0,3,8,1450,1450,1985,0,98006,47.5461,-122.151,2310,10300
289,289,2200500350,20140812T000000,500000.0,2.0,1.0,1640,14100,1.0,0,0,4,7,1140,500,1954,0,98006,47.5712,-122.143,1520,13527
290,290,6113400046,20140723T000000,389999.0,4.0,2.5,1890,15770,2.0,0,0,4,7,1890,0,1968,0,98166,47.4281,-122.343,2410,15256
291,291,6619910140,20150224T000000,630000.0,4.0,1.75,2950,9025,1.0,0,2,4,8,1780,1170,1975,0,98034,47.7128,-122.223,2120,9600
292,292,1115450240,20141022T000000,360000.0,4.0,2.5,2160,9528,2.0,0,0,3,9,2160,0,1992,0,98001,47.3341,-122.255,2280,9937
293,293,6073240060,20141002T000000,580000.0,4.0,3.0,3280,11060,2.0,0,0,3,8,2270,1010,1986,0,98056,47.5399,-122.181,2320,11004
294,294,9297300045,20140709T000000,550000.0,3.0,2.0,1970,4166,2.0,0,3,5,8,1270,700,1929,0,98126,47.5717,-122.375,2390,4166
295,295,9510920070,20140710T000000,879000.0,4.0,2.5,3360,22111,2.0,0,0,3,10,3360,0,1994,0,98075,47.5951,-122.017,3150,11374
296,296,5468730030,20140822T000000,265000.0,3.0,2.0,1320,8959,1.0,0,0,3,7,1320,0,1993,0,98042,47.3536,-122.144,1740,7316
297,297,8079030390,20150304T000000,446500.0,3.0,2.5,2650,7286,2.0,0,0,3,8,2650,0,1990,0,98059,47.5084,-122.154,2400,7220
298,298,600000152,20140602T000000,404000.0,3.0,1.5,2030,8880,1.0,0,0,3,7,1330,700,1963,0,98108,47.5586,-122.311,2140,5592
299,299,1840000030,20140529T000000,267500.0,3.0,1.75,1590,11914,1.0,0,2,3,7,1090,500,1957,0,98188,47.4427,-122.274,1630,9052
300,300,3225069065,20140624T000000,3075000.0,4.0,5.0,4550,18641,1.0,1,4,3,10,2600,1950,2002,0,98074,47.6053,-122.077,4550,19508
301,301,3260800030,20140811T000000,335000.0,3.0,2.5,2440,7632,2.0,0,0,3,8,2440,0,1998,0,98003,47.3494,-122.301,2510,7903
302,302,2747100024,20140619T000000,576000.0,3.0,2.5,1940,9000,1.0,0,0,4,7,970,970,1948,0,98117,47.6933,-122.393,2190,7310
303,303,5104530560,20150401T000000,208633.0,3.0,2.5,2040,3810,2.0,0,0,3,8,2040,0,2006,0,98038,47.3537,-122.0,2370,4590
304,304,4330600350,20150115T000000,315000.0,3.0,2.25,2200,8750,1.0,0,0,4,7,1120,1080,1964,0,98166,47.476000000000006,-122.337,1460,10139
305,305,5016001535,20150217T000000,725000.0,3.0,1.75,1920,3300,1.0,0,0,4,8,960,960,1913,0,98112,47.6239,-122.298,1740,4000
306,306,7280300196,20150403T000000,550000.0,4.0,2.75,1800,7750,1.0,0,0,4,8,1400,400,1965,0,98177,47.7776,-122.384,1800,8275
307,307,8651520400,20140612T000000,610750.0,4.0,2.25,2180,7297,2.0,0,0,3,8,2180,0,1984,0,98074,47.6459,-122.058,2250,9781
308,308,7171200445,20150228T000000,550700.0,2.0,1.0,1010,5000,1.5,0,0,4,6,1010,0,1908,0,98105,47.6692,-122.297,1460,5000
309,309,3204800200,20150108T000000,665000.0,4.0,2.75,3320,10574,2.0,0,0,5,8,2220,1100,1960,0,98056,47.5376,-122.18,2720,8330
310,310,3416600800,20150209T000000,834000.0,4.0,2.5,2370,4000,1.5,0,2,5,8,1980,390,1928,0,98144,47.601000000000006,-122.294,2440,5750
311,311,7994700030,20141023T000000,201000.0,5.0,1.75,1660,78408,1.5,0,0,3,6,1660,0,1915,0,98065,47.529,-121.837,1660,78408
312,312,1860600135,20140502T000000,2384000.0,5.0,2.5,3650,9050,2.0,0,4,5,10,3370,280,1921,0,98119,47.6345,-122.367,2880,5400
313,313,4139480200,20140618T000000,1384000.0,4.0,3.25,4290,12103,1.0,0,3,3,11,2690,1600,1997,0,98006,47.5503,-122.102,3860,11244
314,314,4139480200,20141209T000000,1400000.0,4.0,3.25,4290,12103,1.0,0,3,3,11,2690,1600,1997,0,98006,47.5503,-122.102,3860,11244
315,315,1328320800,20141105T000000,305000.0,4.0,2.25,1950,7700,1.0,0,0,3,8,1350,600,1979,0,98058,47.4441,-122.125,2150,7350
316,316,7771300125,20150408T000000,487000.0,3.0,2.0,2590,14052,1.0,0,0,5,8,1720,870,1948,0,98133,47.7357,-122.333,1570,8162
317,317,3422059208,20150511T000000,390000.0,3.0,2.5,1930,64904,1.0,0,0,4,8,1930,0,1988,0,98042,47.346,-122.157,2350,57500
318,318,9521101455,20140723T000000,548000.0,2.0,1.0,1470,3864,1.0,0,0,4,7,1170,300,1916,0,98103,47.6638,-122.345,1570,3864
319,319,4337000335,20141122T000000,268750.0,4.0,1.0,800,8775,1.0,0,0,3,6,800,0,1943,0,98166,47.48,-122.336,1310,8775
320,320,325059286,20140513T000000,819900.0,5.0,2.75,3150,7119,2.0,0,0,3,9,3150,0,2013,0,98052,47.6759,-122.151,1560,8384
321,321,2597650240,20141023T000000,520000.0,3.0,2.25,2030,16200,2.0,0,0,3,8,2030,0,1984,0,98027,47.5162,-122.057,2660,17958
322,322,3353400435,20140721T000000,230000.0,3.0,2.0,1450,11204,1.0,0,0,3,7,1450,0,2003,0,98001,47.2639,-122.252,1520,9518
323,323,7972000240,20150202T000000,240000.0,3.0,1.75,1510,10248,1.0,0,0,3,7,1510,0,1969,0,98023,47.2929,-122.371,1510,9753
324,324,7520000520,20140905T000000,232000.0,2.0,1.0,1240,12092,1.0,0,0,3,6,960,280,1922,1984,98146,47.4957,-122.352,1820,7460
325,325,7520000520,20150311T000000,240500.0,2.0,1.0,1240,12092,1.0,0,0,3,6,960,280,1922,1984,98146,47.4957,-122.352,1820,7460
326,326,3530210260,20141027T000000,274975.0,3.0,2.5,3030,45004,2.0,0,0,3,9,3030,0,1987,0,98077,47.7721,-122.093,3080,35781
327,327,1959700550,20140905T000000,740000.0,4.0,2.0,2050,4400,1.5,0,0,4,9,2050,0,1922,0,98102,47.644,-122.319,2320,5500
328,328,1665400045,20150428T000000,186375.0,3.0,1.0,1000,7636,1.0,0,0,2,7,1000,0,1952,0,98166,47.472,-122.344,1150,7600
329,329,9542850320,20140725T000000,790000.0,3.0,2.25,2370,10289,1.0,0,0,4,9,1590,780,1977,0,98005,47.592,-122.166,2500,10004
330,330,3179100060,20140916T000000,880000.0,4.0,3.5,2800,6750,2.0,0,0,3,9,1890,910,1951,2002,98105,47.669,-122.275,2370,6120
331,331,2946001550,20150416T000000,279000.0,6.0,1.75,2240,11180,2.0,0,0,4,7,2240,0,1955,0,98198,47.42,-122.323,1590,7955
332,332,8078490390,20140729T000000,295000.0,3.0,2.0,1810,10530,1.0,0,2,3,8,1810,0,1991,0,98022,47.1913,-122.012,1910,10450
333,333,9550201550,20150408T000000,640000.0,2.0,1.0,1070,5000,1.0,0,0,3,7,1070,0,1924,0,98103,47.6666,-122.331,1710,5000
334,334,191100045,20140703T000000,940000.0,4.0,2.0,2490,9525,2.0,0,0,5,9,2490,0,1968,0,98040,47.5639,-122.217,2770,9525
335,335,5009600070,20141007T000000,260000.0,4.0,2.5,1960,5238,2.0,0,0,3,7,1960,0,2003,0,98038,47.3483,-122.052,1800,5894
336,336,200350070,20140602T000000,559900.0,3.0,2.75,2930,5569,1.0,0,0,3,9,1860,1070,2004,0,98072,47.7648,-122.164,2580,11045
337,337,2877103726,20140722T000000,791500.0,4.0,2.0,1510,3500,1.5,0,0,5,7,1510,0,1911,0,98103,47.6794,-122.357,1820,3750
338,338,405100295,20140826T000000,265000.0,3.0,1.75,1420,8250,1.0,0,0,3,7,1420,0,1954,0,98133,47.7535,-122.354,1740,8000
339,339,4268200055,20150501T000000,245000.0,3.0,1.75,1740,11547,1.0,0,0,3,7,1740,0,1954,0,98178,47.4945,-122.22,880,78408
340,340,3126069068,20150424T000000,485000.0,4.0,1.75,2560,43995,2.0,0,0,4,7,2560,0,1962,0,98052,47.6945,-122.093,2560,14764
341,341,1115300070,20141106T000000,684000.0,4.0,3.5,3040,8414,2.0,0,0,3,9,2420,620,2010,0,98059,47.5222,-122.157,3470,8066
342,342,6414100671,20140909T000000,425000.0,3.0,1.75,2500,6840,1.0,0,0,3,8,1300,1200,1957,0,98125,47.7222,-122.32,1580,8691
343,343,7004200060,20141017T000000,309600.0,4.0,1.75,1275,20000,1.0,0,0,4,6,1275,0,1991,0,98070,47.3796,-122.49,1660,20000
344,344,7852110140,20140718T000000,552250.0,4.0,2.5,2580,5823,2.0,0,0,3,8,2580,0,2002,0,98065,47.5374,-121.875,2380,5823
345,345,3969300030,20140723T000000,165000.0,4.0,1.0,1000,7134,1.0,0,0,3,6,1000,0,1943,0,98178,47.4897,-122.24,1020,7138
346,346,3969300030,20141229T000000,239900.0,4.0,1.0,1000,7134,1.0,0,0,3,6,1000,0,1943,0,98178,47.4897,-122.24,1020,7138
347,347,4048400070,20141205T000000,320000.0,2.0,1.0,1070,32633,1.0,0,0,4,6,1070,0,1930,0,98059,47.4716,-122.078,1360,32156
348,348,808000070,20141021T000000,206600.0,3.0,2.0,1390,13464,1.0,0,0,4,7,1390,0,1987,0,98030,47.3581,-122.173,1720,12080
349,349,7374200030,20150416T000000,387000.0,4.0,1.75,2500,7690,1.0,0,0,3,7,1250,1250,1973,0,98155,47.7713,-122.307,2040,8646
350,350,7325600160,20140604T000000,299000.0,1.0,0.75,560,12120,1.0,0,0,3,4,560,0,1967,0,98014,47.675,-121.854,1300,19207
351,351,2757000030,20140922T000000,855000.0,4.0,2.75,2270,10460,2.0,0,0,3,9,2270,0,1965,0,98040,47.5603,-122.222,2610,10180
352,352,616000140,20150126T000000,315000.0,3.0,1.0,1900,14400,1.0,0,0,4,7,1300,600,1954,0,98166,47.4147,-122.337,1940,14400
353,353,3363900111,20141203T000000,437500.0,2.0,1.0,990,3120,1.0,0,2,5,7,790,200,1907,0,98103,47.68,-122.353,1930,3120
354,354,9262800171,20150324T000000,252000.0,4.0,1.5,1550,19800,1.0,0,0,4,7,1050,500,1969,0,98001,47.3117,-122.27,1640,22654
355,355,6607000126,20140604T000000,375000.0,4.0,1.75,2200,7475,1.0,0,0,5,7,1100,1100,1955,0,98118,47.543,-122.28,1600,5766
356,356,5416510830,20140806T000000,300000.0,4.0,2.5,1910,4862,2.0,0,0,3,7,1910,0,2005,0,98038,47.3607,-122.034,2010,5091
357,357,2201500030,20141006T000000,420000.0,4.0,1.0,1750,9600,1.5,0,0,4,7,1750,0,1954,0,98006,47.5759,-122.137,1750,10530
358,358,325059171,20140505T000000,900000.0,3.0,1.0,1330,77972,1.0,0,0,3,7,1330,0,1928,1954,98033,47.6891,-122.159,1340,17689
359,359,952003285,20140805T000000,679900.0,3.0,2.5,2440,5750,2.0,0,2,3,9,1980,460,2000,0,98116,47.565,-122.381,1520,5750
360,360,3211290370,20140605T000000,463000.0,3.0,2.5,1640,29970,2.0,0,0,3,7,1640,0,1992,0,98053,47.6359,-121.974,1580,28399
361,361,1072010350,20140828T000000,380000.0,5.0,2.5,2760,11340,2.0,0,0,4,9,2760,0,1978,0,98059,47.4769,-122.141,2470,11340
362,362,8856950070,20141210T000000,329500.0,4.0,2.5,1820,7912,2.0,0,0,3,7,1820,0,1994,0,98038,47.3845,-122.029,1820,8168
363,363,925059078,20140819T000000,604950.0,3.0,2.5,2110,5608,1.0,0,0,3,8,1340,770,2013,0,98033,47.6743,-122.184,2040,9363
364,364,7855801090,20140917T000000,795000.0,5.0,2.5,3040,9570,1.0,0,2,4,8,1640,1400,1966,0,98006,47.5651,-122.164,2920,8800
365,365,723099065,20150130T000000,465000.0,3.0,2.0,1840,40438,2.0,0,0,3,7,1840,0,1994,0,98045,47.4853,-121.709,1380,44049
366,366,6116500075,20150326T000000,673000.0,4.0,2.5,2990,10400,2.0,0,0,3,9,2990,0,2002,0,98166,47.4508,-122.359,2140,17449
367,367,1118500030,20141001T000000,810000.0,4.0,2.5,3520,15420,2.0,0,0,3,10,3520,0,1991,0,98074,47.6375,-122.016,3400,21455
368,368,424069250,20150423T000000,785000.0,4.0,2.75,2440,69415,1.0,0,0,4,8,1910,530,1989,0,98075,47.5944,-122.042,2770,24361
369,369,3291800710,20141120T000000,338000.0,4.0,3.0,2090,7500,1.0,0,0,3,7,1370,720,1986,0,98056,47.4888,-122.182,1810,7650
370,370,6838700060,20141204T000000,280000.0,3.0,2.25,1430,7222,2.0,0,0,3,7,1430,0,1993,0,98056,47.5112,-122.19,1430,7220
371,371,2231500030,20141001T000000,315000.0,4.0,2.25,2180,10754,1.0,0,0,5,7,1100,1080,1954,0,98133,47.7711,-122.341,1810,6929
372,372,2231500030,20150324T000000,530000.0,4.0,2.25,2180,10754,1.0,0,0,5,7,1100,1080,1954,0,98133,47.7711,-122.341,1810,6929
373,373,7683900200,20141223T000000,380000.0,5.0,3.0,3450,9914,2.0,0,0,3,9,3450,0,2004,0,98023,47.2813,-122.345,2860,9721
374,374,8155830060,20140811T000000,297000.0,3.0,2.25,1450,7562,2.0,0,0,3,7,1450,0,1994,0,98056,47.5038,-122.189,1650,7625
375,375,98020310,20140520T000000,730000.0,4.0,2.5,3230,7331,2.0,0,0,3,10,3230,0,2004,0,98075,47.5823,-121.97,3480,7447
376,376,9423400140,20140609T000000,450000.0,3.0,1.75,1640,13500,1.0,0,0,3,7,1110,530,1940,0,98125,47.7164,-122.304,1770,12600
377,377,1545804860,20141027T000000,275000.0,3.0,3.0,1590,7750,1.0,0,0,3,7,1060,530,1997,0,98038,47.3624,-122.045,1680,7500
378,378,2883200160,20150429T000000,595000.0,4.0,2.0,2020,2849,2.0,0,0,3,7,2020,0,1960,0,98115,47.6831,-122.329,1910,3120
379,379,7132300695,20150421T000000,435000.0,3.0,1.5,1300,3348,1.5,0,0,3,7,1300,0,1904,2014,98144,47.592,-122.307,1590,2577
380,380,1726059053,20140916T000000,270000.0,2.0,1.5,1380,209959,1.0,0,0,1,6,1380,0,1954,0,98011,47.7461,-122.195,3130,19868
381,381,624111000,20140805T000000,950000.0,3.0,3.0,4040,14338,2.0,0,0,3,10,3030,1010,1986,0,98077,47.7268,-122.06,3360,14142
382,382,808300310,20150313T000000,389000.0,4.0,2.25,2130,5337,2.0,0,0,3,7,2130,0,2001,0,98019,47.7237,-121.959,2300,6930
383,383,8563040160,20150121T000000,560000.0,4.0,2.25,2550,7800,1.0,0,0,3,8,1580,970,1968,0,98052,47.6283,-122.095,2420,8050
384,384,713500030,20140728T000000,1350000.0,5.0,3.5,4800,14984,2.0,0,2,3,11,3480,1320,1998,0,98006,47.5543,-122.148,4050,19009
385,385,8651600160,20141111T000000,799000.0,4.0,2.25,2510,11585,2.0,0,0,4,8,2510,0,1969,0,98040,47.5483,-122.226,2450,9691
386,386,9517200030,20140625T000000,365500.0,3.0,2.0,1410,9600,1.0,0,0,4,7,1410,0,1983,0,98072,47.7591,-122.146,1410,9600
387,387,2460700700,20140515T000000,252350.0,3.0,2.0,1650,7352,1.0,0,0,3,7,1160,490,1979,0,98058,47.4612,-122.169,1710,7350
388,388,1223039290,20140905T000000,403950.0,4.0,2.5,2120,13780,2.0,0,0,3,8,2120,0,1993,0,98146,47.4987,-122.365,1880,12000
389,389,2890100060,20140801T000000,385000.0,4.0,1.5,2040,10726,1.0,0,0,3,7,1380,660,1954,0,98177,47.772,-122.358,1610,10020
390,390,7972600860,20141210T000000,345000.0,4.0,1.0,1550,7620,1.5,0,0,3,7,1550,0,1957,0,98106,47.5287,-122.35,1450,7620
391,391,8857320070,20140917T000000,490000.0,3.0,2.75,1980,3128,2.0,0,0,4,9,1980,0,1979,0,98008,47.6109,-122.114,1950,2856
392,392,4047200695,20140618T000000,330000.0,3.0,2.5,1600,26977,2.0,0,0,3,8,1600,0,2005,0,98019,47.7736,-121.901,1790,27743
393,393,1653500070,20140512T000000,927000.0,4.0,2.75,3300,12090,2.0,0,0,3,8,3300,0,1953,0,98004,47.6294,-122.218,3180,12239
394,394,1923000030,20140728T000000,1118000.0,4.0,2.5,3840,16619,2.0,0,1,4,10,3840,0,1983,0,98040,47.5634,-122.213,3600,16553
395,395,3649100320,20150430T000000,330000.0,2.0,1.0,1220,10000,1.0,0,0,5,7,1220,0,1950,0,98028,47.7405,-122.241,2000,9600
396,396,7375300160,20150309T000000,530000.0,5.0,2.25,2720,8800,1.0,0,0,4,7,1500,1220,1958,0,98008,47.5976,-122.118,2110,8800
397,397,5175800060,20140623T000000,365000.0,4.0,2.0,1940,25600,1.0,0,0,1,8,1940,0,1962,0,98006,47.5722,-122.129,2000,10071
398,398,1604601375,20140619T000000,378750.0,3.0,2.5,2160,3000,1.5,0,0,3,7,1260,900,1909,2011,98118,47.5644,-122.289,1060,3500
399,399,2473251090,20140619T000000,269900.0,4.0,1.75,1530,8750,1.5,0,0,4,7,1530,0,1968,0,98058,47.4556,-122.157,1390,8750
400,400,9126100861,20150306T000000,557000.0,3.0,3.5,1710,2096,2.0,0,0,3,8,1290,420,2008,0,98122,47.6055,-122.305,1630,1543
401,401,3420069065,20140825T000000,360000.0,4.0,1.75,3730,16980,1.0,0,0,4,7,2150,1580,1974,0,98022,47.1775,-122.022,1880,16963
402,402,6021501685,20150422T000000,352000.0,2.0,1.0,940,5000,1.0,0,0,4,7,940,0,1937,0,98117,47.6879,-122.385,1560,4500
403,403,1151100070,20150224T000000,437000.0,3.0,2.5,1750,22357,2.0,0,0,3,8,1750,0,1994,0,98045,47.4807,-121.779,2430,22357
404,404,8856950240,20140618T000000,322500.0,4.0,2.5,1820,6753,2.0,0,0,3,7,1820,0,1994,0,98038,47.3845,-122.032,1820,7107
405,405,9385200055,20140912T000000,650000.0,3.0,3.25,1510,2000,2.0,0,0,3,9,1330,180,2001,0,98116,47.5815,-122.402,1510,1352
406,406,7821200390,20140806T000000,450000.0,3.0,2.0,1290,1213,3.0,0,0,3,8,1290,0,2001,0,98103,47.6609,-122.344,1290,3235
407,407,8078520310,20150417T000000,278500.0,3.0,2.0,1570,5250,1.0,0,0,3,7,1570,0,1998,0,98092,47.3163,-122.188,1570,5250
408,408,1565950030,20150427T000000,364950.0,4.0,2.5,1930,6957,2.0,0,0,3,8,1930,0,1995,0,98055,47.4309,-122.191,2090,6996
409,409,1560930070,20140911T000000,840000.0,4.0,3.5,2840,40139,1.0,0,4,4,10,2840,0,1986,0,98038,47.401,-122.026,3180,36852
410,410,6700400140,20150318T000000,268000.0,3.0,2.5,1550,8134,2.0,0,0,3,7,1550,0,1991,0,98031,47.404,-122.191,1550,8134
411,411,2422029094,20140716T000000,517534.0,2.0,1.0,833,143947,1.0,0,0,3,5,833,0,2006,0,98070,47.3889,-122.482,1380,143947
412,412,1774220160,20141104T000000,632925.0,3.0,2.5,2990,32239,2.0,0,0,4,8,2990,0,1978,0,98077,47.7718,-122.095,2990,36497
413,413,1525200060,20140723T000000,577500.0,3.0,2.5,2000,7251,2.0,0,0,3,9,2000,0,1995,0,98034,47.7067,-122.2,2450,8118
414,414,1678400105,20150212T000000,339000.0,4.0,1.5,2390,7480,1.5,0,2,3,7,2390,0,1920,0,98178,47.504,-122.227,2850,6867
415,415,3426059070,20140909T000000,570000.0,3.0,1.75,2910,37461,1.0,0,0,4,7,1530,1380,1967,0,98052,47.7015,-122.164,2520,18295
416,416,824079032,20140626T000000,563500.0,4.0,1.75,2085,174240,1.0,0,0,3,7,1610,475,1964,0,98024,47.5753,-121.95,2690,174240
417,417,2697100140,20150105T000000,423000.0,4.0,2.25,2200,9351,1.0,0,0,5,7,1290,910,1962,0,98133,47.7448,-122.333,1910,8660
418,418,8724300030,20141223T000000,355000.0,3.0,2.25,1860,5028,2.0,0,0,3,8,1860,0,2012,0,98019,47.7318,-121.982,2320,5465
419,419,8678500060,20140710T000000,1550000.0,5.0,4.25,6070,171626,2.0,0,0,3,12,6070,0,1999,0,98024,47.5954,-121.95,4680,211267
420,420,625049299,20141203T000000,482000.0,2.0,1.0,950,3960,1.0,0,0,3,7,950,0,1941,0,98103,47.6885,-122.337,1320,4050
421,421,6073200075,20140730T000000,625000.0,3.0,1.75,1600,9135,1.0,0,0,5,7,1600,0,1955,0,98006,47.5724,-122.179,1580,9800
422,422,6388900710,20141219T000000,538000.0,3.0,2.5,2250,11632,2.0,0,0,3,8,2250,0,1988,0,98056,47.5272,-122.169,2360,11632
423,423,1442860160,20150107T000000,380000.0,3.0,2.5,2280,10255,2.0,0,0,4,8,2280,0,1985,0,98058,47.4334,-122.161,2310,10094
424,424,7942600310,20140717T000000,375000.0,2.0,1.0,940,5120,1.0,0,0,3,7,940,0,1909,0,98122,47.6073,-122.308,1300,5120
425,425,1545808560,20150403T000000,245000.0,3.0,2.5,1530,8500,1.0,0,0,5,7,1030,500,1996,0,98038,47.3592,-122.046,1850,8140
426,426,936000060,20141114T000000,310000.0,5.0,1.75,2190,27260,1.0,0,0,4,7,2190,0,1947,1974,98166,47.4546,-122.337,1620,39480
427,427,9808650060,20150225T000000,1300000.0,3.0,2.0,2350,15021,1.0,0,0,4,8,1770,580,1976,0,98004,47.6408,-122.219,3530,15715
428,428,3754700160,20140506T000000,397000.0,4.0,2.0,1440,7680,1.0,0,0,3,7,1200,240,1971,0,98034,47.7245,-122.2,1460,9660
429,429,305500140,20150512T000000,365000.0,3.0,2.5,2200,4052,2.0,0,0,3,8,2200,0,2005,0,98058,47.4362,-122.178,2310,5082
430,430,5468750060,20141028T000000,328500.0,4.0,3.0,2290,8250,2.0,0,0,3,9,2290,0,1990,0,98042,47.3739,-122.156,2290,8250
431,431,2944010240,20140908T000000,988000.0,4.0,3.0,4040,19700,2.0,0,0,3,11,4040,0,1987,0,98052,47.7205,-122.127,3930,21887
432,432,3454000060,20140722T000000,1000000.0,4.0,2.5,2610,3277,1.5,0,0,5,8,1920,690,1922,0,98103,47.6636,-122.33,1810,3277
433,433,646910160,20140903T000000,237000.0,3.0,2.5,1490,2138,2.0,0,0,3,7,1490,0,2005,0,98055,47.4324,-122.197,1490,2094
434,434,8564950390,20140919T000000,525000.0,4.0,2.5,2450,5280,2.0,0,0,3,8,2450,0,2003,0,98011,47.7734,-122.224,2300,4674
435,435,2268400350,20140916T000000,749000.0,4.0,2.5,1710,9627,1.0,0,0,3,9,1440,270,1976,2014,98006,47.559,-122.164,2140,9131
436,436,7504101040,20140821T000000,722500.0,5.0,2.5,4870,11800,2.0,0,0,3,10,3470,1400,1983,0,98074,47.633,-122.041,3180,11398
437,437,11500890,20150312T000000,843000.0,3.0,2.5,3130,8750,2.0,0,0,3,10,3130,0,1991,0,98052,47.6954,-122.103,2860,9003
438,438,9528102772,20140708T000000,438000.0,2.0,2.0,1270,1372,3.0,0,0,3,8,1270,0,2000,0,98115,47.6776,-122.318,1610,3090
439,439,284000223,20140916T000000,578000.0,3.0,1.75,2120,10875,1.0,0,2,3,8,1540,580,1977,0,98146,47.504,-122.382,2460,11760
440,440,3353401710,20140923T000000,227950.0,3.0,1.5,1670,8230,1.0,0,0,5,7,1670,0,1954,0,98001,47.2613,-122.255,2077,4910
441,441,8159610030,20140722T000000,196000.0,3.0,2.25,2070,11576,2.0,0,0,3,7,2070,0,1974,0,98001,47.3417,-122.271,1890,7519
442,442,3179100435,20140715T000000,641000.0,2.0,1.0,1420,5332,1.0,0,0,3,8,1070,350,1953,0,98105,47.6694,-122.275,2400,5406
443,443,822079033,20150422T000000,350000.0,3.0,1.5,1250,219978,1.0,0,0,4,6,1250,0,1980,0,98038,47.4056,-121.955,1930,210394
444,444,8857600960,20140819T000000,205000.0,3.0,1.0,940,7980,1.0,0,0,4,7,940,0,1960,0,98032,47.3838,-122.289,1150,8050
445,445,1774000200,20141202T000000,400000.0,3.0,1.75,1920,9102,1.0,0,0,3,7,1920,0,1968,0,98072,47.7487,-122.082,1920,9760
446,446,2024069128,20141110T000000,1030000.0,3.0,2.5,3545,9816,1.0,0,0,3,10,2610,935,2005,0,98027,47.5534,-122.078,3630,7704
447,447,1049010390,20150319T000000,505000.0,3.0,2.0,1260,5460,1.0,0,0,3,7,1260,0,1972,0,98034,47.7355,-122.18,1510,5460
448,448,7905370390,20141009T000000,475000.0,5.0,2.5,2340,7200,1.0,0,0,3,7,1300,1040,1975,0,98034,47.7206,-122.211,1930,7221
449,449,4140090240,20141105T000000,520000.0,3.0,2.25,2590,9263,1.0,0,0,5,8,1440,1150,1977,0,98028,47.7691,-122.262,2580,9450
450,450,4055700030,20150502T000000,1450000.0,3.0,4.5,3970,24920,2.0,0,2,3,10,3260,710,1977,1999,98034,47.7183,-122.258,2610,13838
451,451,3775300030,20141231T000000,333500.0,3.0,1.75,1220,9732,1.0,0,0,3,7,1220,0,1965,0,98011,47.7736,-122.214,1630,10007
452,452,2525300030,20150222T000000,232000.0,3.0,1.0,1400,10403,1.0,0,0,4,6,1400,0,1976,0,98038,47.362,-122.029,1230,10209
453,453,1324059104,20150421T000000,691100.0,3.0,2.75,2360,16117,1.0,0,0,4,8,1710,650,1983,0,98006,47.5698,-122.121,2120,16117
454,454,2287000030,20141014T000000,811000.0,3.0,1.75,1870,9897,1.0,0,0,4,8,1870,0,1960,0,98040,47.5505,-122.221,1900,10005
455,455,7702010030,20140520T000000,551000.0,3.0,2.5,2830,5802,2.0,0,0,3,9,2830,0,2001,0,98028,47.7605,-122.234,2500,5788
456,456,1529200340,20150108T000000,496500.0,3.0,2.5,2260,3640,2.0,0,0,3,8,2260,0,1994,0,98072,47.7356,-122.157,2350,3710
457,457,2122039094,20141126T000000,705000.0,3.0,3.0,1970,20978,2.0,1,3,4,9,1770,200,1980,0,98070,47.3844,-122.438,2280,75396
458,458,1742800030,20140612T000000,578000.0,4.0,2.5,3140,9225,1.0,0,2,5,9,1770,1370,1966,0,98055,47.4904,-122.226,2460,9600
459,459,1796360350,20150128T000000,255000.0,3.0,1.75,1240,8659,1.0,0,0,5,7,1240,0,1986,0,98042,47.3663,-122.089,1490,8223
460,460,6154500070,20140626T000000,1050000.0,4.0,3.5,3450,7832,2.0,0,0,3,10,3450,0,2007,0,98006,47.5637,-122.123,3220,8567
461,461,1843100340,20150305T000000,348000.0,3.0,2.25,2570,8491,2.0,0,0,4,8,2570,0,1989,0,98042,47.3759,-122.125,2400,8049
462,462,8944290160,20141104T000000,230000.0,3.0,2.0,1510,3413,2.0,0,0,3,7,1510,0,1985,0,98031,47.3912,-122.167,1570,3777
463,463,4166600473,20141209T000000,359500.0,4.0,2.25,2390,11250,2.0,0,0,3,9,2390,0,1988,0,98023,47.3305,-122.371,2480,11250
464,464,7282300125,20141112T000000,330000.0,3.0,1.0,980,7000,1.0,0,0,3,6,980,0,1953,0,98133,47.7617,-122.357,1220,7000
465,465,8658300340,20140523T000000,80000.0,1.0,0.75,430,5050,1.0,0,0,2,4,430,0,1912,0,98014,47.6499,-121.909,1200,7500
466,466,2419600075,20141201T000000,465000.0,3.0,1.75,1480,6360,1.0,0,0,3,7,1480,0,1954,0,98133,47.7311,-122.353,1480,6360
467,467,2621760350,20141015T000000,325000.0,4.0,2.5,1850,7324,2.0,0,0,3,8,1850,0,1997,0,98042,47.3701,-122.107,2100,7329
468,468,1723049270,20150107T000000,340500.0,3.0,2.0,2270,28025,1.0,0,0,4,7,1920,350,1947,0,98168,47.4857,-122.318,1770,14833
469,469,4123840310,20150106T000000,342500.0,3.0,2.5,1810,5192,2.0,0,0,3,8,1810,0,1993,0,98038,47.3724,-122.042,1810,6200
470,470,2172000075,20140623T000000,290900.0,2.0,2.0,1610,17600,2.0,0,0,3,6,1610,0,1930,1983,98178,47.4855,-122.266,1310,12950
471,471,8651611170,20150213T000000,868700.0,3.0,4.25,3840,6161,2.0,0,0,3,10,3840,0,2000,0,98074,47.6336,-122.064,3230,7709
472,472,8820902200,20141113T000000,1199000.0,4.0,2.75,4110,8400,2.0,0,1,3,9,3130,980,1928,2013,98125,47.717,-122.281,2820,8400
473,473,8651610890,20141014T000000,1150000.0,4.0,3.25,4190,10259,2.0,0,0,3,11,3150,1040,2000,0,98074,47.6332,-122.066,4300,11919
474,474,1853080570,20140811T000000,859900.0,4.0,2.75,3390,6298,2.0,0,0,3,9,3390,0,2011,0,98074,47.5906,-122.062,3390,7111
475,475,3629920030,20140808T000000,520000.0,4.0,2.25,1890,3006,2.0,0,0,3,7,1890,0,2003,0,98029,47.5461,-121.998,1580,3000
476,476,1604602050,20140711T000000,460000.0,3.0,2.5,1610,2527,2.0,0,2,3,9,1080,530,2005,0,98118,47.5674,-122.29,1610,4173
477,477,6844700810,20140901T000000,438924.0,3.0,1.5,1050,4590,1.0,0,0,3,7,850,200,1949,0,98115,47.6943,-122.29,1770,5400
478,478,66000070,20150406T000000,315000.0,2.0,1.0,630,6550,1.0,0,0,3,5,630,0,1918,0,98126,47.5486,-122.38,1420,6550
479,479,6665800030,20140718T000000,590000.0,4.0,2.75,2910,10650,1.0,0,2,3,8,1780,1130,1975,0,98033,47.6658,-122.188,2920,10988
480,480,2205700350,20141104T000000,378500.0,4.0,1.75,1700,8640,1.0,0,0,3,7,850,850,1955,0,98006,47.5772,-122.153,1620,9000
481,481,5466000030,20140603T000000,328500.0,3.0,2.5,1950,8130,2.0,0,0,4,9,1950,0,1990,0,98042,47.3875,-122.161,2350,7691
482,482,6189200125,20150325T000000,849950.0,3.0,3.0,2990,9773,2.0,0,0,4,8,2990,0,1973,0,98005,47.6344,-122.174,2230,11553
483,483,9169600135,20141027T000000,525000.0,3.0,1.5,1350,6000,1.0,0,2,3,7,900,450,1950,0,98136,47.5275,-122.391,1730,6012
484,484,2625069070,20150410T000000,1385000.0,4.0,3.25,4860,181319,2.5,0,0,3,9,4860,0,1993,0,98074,47.6179,-122.005,3850,181319
485,485,8732131090,20150428T000000,295000.0,4.0,2.5,2160,7725,1.0,0,0,4,8,1460,700,1978,0,98023,47.3078,-122.378,2060,8250
486,486,9286000240,20140711T000000,1067000.0,6.0,3.5,4860,11793,2.0,0,0,3,11,3860,1000,1998,0,98006,47.5521,-122.137,3600,11793
487,487,1895000260,20140721T000000,207950.0,2.0,2.0,890,5000,1.0,0,0,3,6,890,0,1917,0,98118,47.5158,-122.264,1860,5000
488,488,8691370400,20141216T000000,699900.0,4.0,2.75,2810,7302,2.0,0,0,3,9,2810,0,2002,0,98075,47.5985,-121.977,2820,7302
489,489,5423010350,20150210T000000,1280000.0,5.0,2.5,3400,9500,2.0,0,1,4,8,3400,0,1977,0,98027,47.5645,-122.082,3080,11081
490,490,8562501040,20141120T000000,452000.0,4.0,1.5,1580,7350,1.0,0,0,4,7,960,620,1963,0,98052,47.6734,-122.154,1560,7350
491,491,2475200140,20150205T000000,370000.0,3.0,2.0,1680,5036,1.0,0,1,4,7,1680,0,1987,0,98055,47.4734,-122.186,1680,4921
492,492,7942100310,20150127T000000,232000.0,3.0,1.75,1300,11230,1.0,0,0,5,7,1300,0,1968,0,98042,47.3811,-122.087,1300,10794
493,493,3760000030,20141030T000000,669950.0,5.0,2.5,2820,14062,2.0,0,0,4,7,2380,440,1960,0,98034,47.7081,-122.215,1910,10392
494,494,1727500340,20140614T000000,397500.0,3.0,2.0,1510,6710,1.0,0,0,3,7,1070,440,1972,0,98034,47.7193,-122.216,1660,6600
495,495,9828702519,20140512T000000,490000.0,2.0,2.5,1230,1391,2.0,0,0,3,8,870,360,2004,0,98112,47.6192,-122.301,1240,1350
496,496,4432600075,20150128T000000,725000.0,4.0,2.0,2110,4140,2.0,0,0,3,9,1710,400,1925,2003,98116,47.5836,-122.387,1440,4420
497,497,7806300030,20140917T000000,299000.0,3.0,2.75,3080,19635,1.0,0,2,4,7,1610,1470,1958,0,98032,47.3841,-122.284,2424,12410
498,498,9274202270,20140818T000000,625000.0,2.0,1.5,1490,5750,1.5,0,0,4,7,1190,300,1900,0,98116,47.5872,-122.39,1590,4025
499,499,7852030960,20141106T000000,437500.0,3.0,2.5,2120,4500,2.0,0,0,3,7,2120,0,2000,0,98065,47.5322,-121.88,2530,4816
500,500,7852170140,20150510T000000,650000.0,4.0,2.5,3180,5438,2.0,0,0,3,9,3180,0,2003,0,98065,47.5416,-121.864,3030,5335
501,501,7518503335,20140519T000000,475000.0,2.0,1.0,1490,3825,1.0,0,0,3,7,860,630,1929,0,98117,47.6799,-122.381,1460,3825
502,502,5467900070,20140502T000000,342000.0,3.0,2.0,1930,11947,1.0,0,0,4,8,1930,0,1966,0,98042,47.3672,-122.151,2200,12825
503,503,1245002952,20141015T000000,1197350.0,4.0,2.5,2770,7800,2.0,0,0,3,10,2770,0,1999,0,98033,47.684,-122.205,2720,10000
504,504,8906200070,20150210T000000,280000.0,3.0,1.5,1670,11610,1.0,0,0,4,7,1670,0,1963,0,98055,47.4404,-122.191,1930,10200
505,505,5379805885,20140521T000000,240000.0,2.0,1.75,1330,7200,1.0,0,0,3,7,1330,0,1993,0,98188,47.4467,-122.281,1450,11682
506,506,2769600560,20140527T000000,529000.0,3.0,1.0,1210,3328,1.5,0,0,4,7,1210,0,1924,0,98107,47.6729,-122.363,1640,3333
507,507,9238901420,20150202T000000,442000.0,3.0,1.0,1190,5100,1.0,0,0,4,7,1030,160,1941,0,98136,47.5346,-122.385,1690,5100
508,508,5113400431,20140508T000000,615000.0,2.0,1.0,1540,6872,1.0,0,0,4,7,820,720,1946,0,98119,47.6454,-122.373,1420,5538
509,509,3885805665,20140612T000000,1485000.0,4.0,3.75,4030,10800,2.0,0,0,3,10,4030,0,2006,0,98033,47.6821,-122.196,2160,7200
510,510,8121200810,20150505T000000,585000.0,4.0,1.75,2430,7559,1.0,0,0,4,8,1580,850,1981,0,98052,47.7206,-122.11,1980,8750
511,511,5126310400,20150305T000000,480000.0,4.0,2.5,2600,7787,2.0,0,0,3,8,2600,0,2005,0,98059,47.4877,-122.139,2830,7787
512,512,7322910030,20140721T000000,1095000.0,5.0,3.5,4410,57063,2.0,0,0,4,9,4410,0,1990,0,98053,47.6554,-122.018,2900,50529
513,513,2827100070,20141105T000000,290000.0,4.0,1.0,1330,8184,1.5,0,0,3,7,1330,0,1949,0,98133,47.7343,-122.347,1220,660
514,514,9276201895,20140820T000000,615000.0,3.0,1.75,1900,5000,1.0,0,0,5,7,950,950,1951,0,98116,47.5789,-122.393,1770,5000
515,515,4402700070,20150311T000000,300000.0,2.0,1.0,1100,7680,1.0,0,0,4,7,1100,0,1950,0,98133,47.7439,-122.339,1460,7680
516,516,1922059046,20141029T000000,308000.0,3.0,1.0,1980,39150,1.5,0,0,3,6,1580,400,1932,0,98030,47.3818,-122.225,1860,11811
517,517,925059288,20150507T000000,750000.0,3.0,2.5,2400,7745,2.0,0,0,3,9,2400,0,2001,0,98033,47.6734,-122.173,2080,8615
518,518,4386700135,20141114T000000,2250000.0,4.0,2.25,4760,8036,2.5,0,0,5,9,3390,1370,1916,0,98112,47.6415,-122.285,2950,9323
519,519,1923069078,20140805T000000,890000.0,4.0,3.25,3180,194278,2.0,0,0,3,10,3180,0,2005,0,98059,47.4711,-122.084,2200,178160
520,520,1432400335,20150325T000000,288000.0,3.0,1.0,1190,7560,1.0,0,0,5,6,1190,0,1958,0,98058,47.452,-122.177,1190,7560
521,521,1180003090,20140906T000000,190000.0,2.0,1.0,630,6000,1.0,0,0,3,6,630,0,1943,2005,98178,47.4973,-122.221,1470,6840
522,522,726049331,20150326T000000,515000.0,5.0,3.0,2530,5105,1.0,0,0,3,8,1520,1010,2005,0,98133,47.7546,-122.341,2290,4011
523,523,3340401555,20141105T000000,235000.0,4.0,1.5,1690,11054,1.0,0,0,4,5,1690,0,1930,0,98055,47.4667,-122.215,1690,9040
524,524,7453000070,20140818T000000,275000.0,2.0,1.0,940,5000,1.0,0,0,3,6,940,0,1951,0,98126,47.5186,-122.374,940,5000
525,525,4348800030,20141121T000000,727500.0,2.0,2.0,1240,9119,1.0,0,0,4,7,1240,0,1952,0,98004,47.6221,-122.193,1380,9121
526,526,7202331420,20140620T000000,650000.0,4.0,2.5,3040,6587,2.0,0,0,3,7,3040,0,2003,0,98053,47.683,-122.039,2740,6587
527,527,3225079035,20140618T000000,1600000.0,6.0,5.0,6050,230652,2.0,0,3,3,11,6050,0,2001,0,98024,47.6033,-121.943,4210,233971
528,528,6381500700,20141105T000000,365000.0,4.0,1.0,1590,7085,1.5,0,0,3,6,1590,0,1944,0,98125,47.7315,-122.305,1320,7085
529,529,339500160,20141008T000000,662000.0,3.0,1.75,2500,36947,1.0,0,0,3,9,2500,0,1984,0,98052,47.6917,-122.084,2590,28837
530,530,1545807610,20150429T000000,270500.0,3.0,2.5,1780,7848,1.0,0,0,3,7,1320,460,1978,0,98038,47.3608,-122.056,1680,7848
531,531,1843200240,20150505T000000,200000.0,2.0,1.5,1360,1898,2.0,0,0,3,7,1360,0,1978,0,98092,47.2852,-122.19,1360,1898
532,532,4403600270,20150224T000000,970000.0,4.0,3.25,4740,76230,2.0,0,0,3,10,4740,0,1987,0,98075,47.5931,-122.071,3340,49206
533,533,2008200060,20140624T000000,160000.0,3.0,1.5,1010,9600,1.0,0,0,4,7,1010,0,1962,0,98198,47.4097,-122.316,1400,9660
534,534,1521069070,20150218T000000,204000.0,3.0,1.0,1040,7405,1.0,0,0,4,6,1040,0,1971,0,98010,47.3105,-122.021,1580,7405
535,535,2459500310,20150218T000000,358000.0,3.0,2.25,1610,6655,2.0,0,0,4,7,1610,0,1985,0,98058,47.4296,-122.161,1780,7529
536,536,6204420070,20150501T000000,452000.0,4.0,1.75,1570,8268,1.0,0,0,3,7,1570,0,1979,0,98011,47.7373,-122.197,1870,8190
537,537,5694500105,20141204T000000,595000.0,2.0,2.0,1510,4000,1.0,0,0,4,7,1010,500,1900,0,98103,47.6582,-122.345,1920,4000
538,538,5466410030,20150410T000000,249000.0,3.0,2.0,1360,6082,1.0,0,0,3,7,1360,0,1994,0,98042,47.3577,-122.16,1360,6987
539,539,9485740340,20150310T000000,346900.0,4.0,2.5,1970,5106,2.0,0,0,3,8,1970,0,1999,0,98055,47.449,-122.205,2230,5109
540,540,622049114,20150218T000000,2125000.0,3.0,2.5,5403,24069,2.0,1,4,4,12,5403,0,1976,0,98166,47.4169,-122.348,3980,104374
541,541,2270000070,20141030T000000,280000.0,4.0,2.5,1560,4350,2.0,0,0,3,7,1560,0,2003,0,98056,47.5025,-122.186,1560,4350
542,542,1310900260,20141013T000000,318888.0,4.0,1.75,2320,12000,1.0,0,0,4,8,2270,50,1973,0,98032,47.3644,-122.28,2120,9880
543,543,224069094,20140911T000000,530000.0,3.0,2.25,2120,40518,1.0,0,0,3,8,2120,0,1967,0,98075,47.5896,-122.009,2480,13492
544,544,7800800160,20141121T000000,375000.0,3.0,2.25,2120,18500,2.0,0,0,4,8,2120,0,1983,0,98031,47.3914,-122.169,2120,14479
545,545,2944000240,20150422T000000,910000.0,4.0,2.5,3350,29242,2.0,0,0,3,11,3350,0,1988,0,98052,47.7197,-122.131,3920,24728
546,546,4139400710,20140523T000000,782000.0,4.0,2.5,2380,9614,2.0,0,0,4,10,2380,0,1991,0,98006,47.5623,-122.116,2560,9770
547,547,7899800860,20150319T000000,259950.0,2.0,2.0,1070,649,2.0,0,0,3,9,720,350,2008,0,98106,47.5213,-122.357,1070,928
548,548,2473420140,20140923T000000,315000.0,4.0,2.75,2300,18360,1.0,0,0,4,7,1560,740,1979,0,98058,47.4518,-122.16,1870,9588
549,549,5000500055,20140528T000000,215000.0,2.0,1.0,1320,8865,1.0,0,0,4,6,1320,0,1943,0,98168,47.4949,-122.3,1190,6490
550,550,4099500935,20140723T000000,705000.0,3.0,1.75,2180,10221,1.0,0,2,4,7,1140,1040,1946,0,98040,47.5885,-122.248,2180,8535
551,551,1373800295,20141013T000000,1450000.0,3.0,3.0,4380,6320,2.0,0,3,5,10,3580,800,1952,0,98199,47.6452,-122.411,3080,7680
552,552,4025300135,20150508T000000,451000.0,3.0,1.75,1790,9813,2.0,0,0,3,7,1790,0,1949,0,98155,47.749,-122.305,1520,10125
553,553,3294700310,20140902T000000,261000.0,2.0,1.0,750,8125,1.0,0,0,4,6,750,0,1943,0,98055,47.4727,-122.198,1340,8750
554,554,8718500075,20141117T000000,396000.0,3.0,1.5,1300,8280,1.0,0,0,5,7,1300,0,1956,0,98028,47.7403,-122.256,1570,8692
555,555,4309710240,20140722T000000,725000.0,4.0,2.5,2990,29170,2.0,0,3,3,9,2990,0,1999,0,98059,47.5146,-122.117,3715,29170
556,556,5486800070,20140620T000000,1950000.0,7.0,3.5,4640,15235,2.0,0,1,3,11,2860,1780,1965,2003,98040,47.5666,-122.231,3230,20697
557,557,236400320,20140715T000000,238000.0,4.0,1.0,1400,7242,1.5,0,0,3,7,1400,0,1959,0,98188,47.4339,-122.291,1310,7314
558,558,4376700570,20150427T000000,750000.0,6.0,1.75,2750,9563,2.0,0,0,4,8,2750,0,1973,0,98052,47.6368,-122.097,2040,9563
559,559,8648100200,20141027T000000,331500.0,4.0,2.5,2050,10271,2.0,0,0,3,7,2050,0,1998,0,98042,47.3628,-122.075,2050,8103
560,560,3624079046,20141028T000000,460000.0,4.0,3.0,2230,108900,1.0,0,0,3,7,1410,820,1978,0,98065,47.52,-121.845,1960,65340
561,561,1921069084,20140707T000000,404950.0,4.0,2.25,2340,217014,1.0,0,0,4,8,2340,0,1982,0,98092,47.2953,-122.083,2340,107898
562,562,6431500140,20141217T000000,880000.0,3.0,2.5,2870,5163,2.0,0,0,3,9,2870,0,2014,0,98103,47.6935,-122.352,1630,7995
563,563,2725069050,20140613T000000,863000.0,4.0,2.5,4120,22370,2.0,0,0,3,10,4120,0,1997,0,98074,47.6239,-122.023,3180,7257
564,564,5307100060,20141216T000000,638700.0,3.0,1.75,2080,9162,1.0,0,0,3,7,1370,710,1960,0,98005,47.5846,-122.168,1870,8944
565,565,7203102050,20140728T000000,435000.0,3.0,2.5,1840,5680,2.0,0,0,3,7,1840,0,2008,0,98053,47.6969,-122.026,1600,4697
566,566,561000075,20141231T000000,260000.0,3.0,1.0,1180,5350,1.5,0,0,4,6,1180,0,1959,0,98178,47.505,-122.259,1490,5350
567,567,2436701180,20140814T000000,671500.0,5.0,2.75,2160,4000,1.5,0,0,5,7,1530,630,1927,0,98105,47.667,-122.289,2040,4000
568,568,809002765,20141022T000000,610000.0,3.0,1.0,1180,3400,1.5,0,0,3,8,1180,0,1907,0,98109,47.6376,-122.353,1440,3400
569,569,4045500710,20141218T000000,405000.0,2.0,0.75,1160,15029,1.0,0,0,4,6,870,290,1937,0,98014,47.6929,-121.87,1870,25346
570,570,5104510270,20140718T000000,338900.0,4.0,2.5,1830,5612,2.0,0,0,3,7,1830,0,2003,0,98038,47.3572,-122.015,1830,5998
571,571,98020350,20150123T000000,720000.0,4.0,4.0,3200,7708,2.0,0,0,3,10,3200,0,2004,0,98075,47.5816,-121.97,3480,7944
572,572,1714900060,20150424T000000,442000.0,5.0,3.0,2560,5445,1.5,0,0,4,7,1760,800,1927,0,98108,47.5502,-122.311,1080,5445
573,573,1189000030,20140603T000000,650000.0,5.0,2.75,2550,5040,1.5,0,0,5,8,2550,0,1902,0,98122,47.6136,-122.299,1590,3840
574,574,2473360060,20150102T000000,263500.0,3.0,1.75,1330,9917,1.0,0,0,3,7,1040,290,1981,0,98058,47.4478,-122.161,1330,9081
575,575,222069082,20141217T000000,300000.0,2.0,1.0,1220,75794,1.0,0,0,4,7,1220,0,1963,0,98038,47.4219,-122.007,2010,98010
576,576,8669160310,20141209T000000,266000.0,3.0,2.5,1805,3402,2.0,0,0,3,7,1805,0,2009,0,98002,47.3521,-122.212,2095,3402
577,577,1526069135,20141211T000000,930000.0,4.0,4.0,6050,84942,2.5,0,2,3,9,4150,1900,2009,0,98077,47.7466,-122.029,2700,199504
578,578,1088650310,20150127T000000,530000.0,4.0,2.5,2320,5493,2.0,0,0,3,8,2320,0,2004,0,98028,47.7727,-122.229,2450,5471
579,579,8945200860,20141211T000000,180000.0,3.0,1.0,1384,8960,1.0,0,0,4,6,1384,0,1965,0,98023,47.3062,-122.371,1000,8470
580,580,7853240200,20140516T000000,619000.0,3.0,2.5,2720,6439,2.0,0,0,3,9,2720,0,2005,0,98065,47.5422,-121.86,3180,7320
581,581,7511800070,20140821T000000,264000.0,3.0,1.5,1820,10608,1.0,0,0,4,7,1820,0,1962,0,98003,47.3366,-122.306,1380,8976
582,582,2998800125,20140701T000000,730000.0,2.0,2.25,2130,4920,1.5,0,4,4,7,1530,600,1941,0,98116,47.573,-122.409,2130,4920
583,583,3876300310,20141022T000000,439000.0,4.0,2.25,2060,10070,2.0,0,0,3,7,2060,0,1975,0,98034,47.7258,-122.177,2060,8155
584,584,5419800510,20141117T000000,268500.0,4.0,1.75,1420,7500,1.0,0,0,4,7,1080,340,1981,0,98031,47.4025,-122.176,1500,7260
585,585,192460060,20140715T000000,330000.0,3.0,1.75,1510,15744,1.0,0,0,3,7,1510,0,1985,0,98045,47.476000000000006,-121.755,1470,15744
586,586,7942601895,20140819T000000,640000.0,3.0,2.5,2160,4000,1.5,0,0,3,8,1960,200,1903,2013,98122,47.6045,-122.307,2160,5120
587,587,7504010570,20140708T000000,900000.0,3.0,2.5,3180,12600,2.0,0,0,4,11,3180,0,1978,0,98074,47.6366,-122.058,3030,12835
588,588,1442740140,20140930T000000,370000.0,3.0,2.25,2110,13300,2.0,0,0,4,8,2110,0,1985,0,98038,47.3725,-122.06,2470,14000
589,589,6909200575,20150314T000000,685000.0,3.0,2.0,2060,2900,1.5,0,0,5,8,1330,730,1931,0,98144,47.5897,-122.292,1910,3900
590,590,2525069041,20140904T000000,505000.0,3.0,1.5,1830,217800,1.0,0,0,3,7,1010,820,1981,0,98053,47.6277,-121.972,2450,165963
591,591,3620069036,20141021T000000,265000.0,3.0,1.75,1820,32666,1.0,0,0,4,7,1820,0,1966,0,98022,47.1803,-121.974,2050,43560
592,592,2781280390,20150324T000000,290000.0,3.0,2.5,1610,2937,2.0,0,0,3,8,1610,0,2006,0,98055,47.4489,-122.188,1610,3049
593,593,9542830350,20140902T000000,296000.0,4.0,2.5,1780,3600,2.0,0,0,3,7,1780,0,2006,0,98038,47.3665,-122.017,2020,3802
594,594,1123049053,20150213T000000,360000.0,4.0,2.5,1840,9611,2.0,0,0,3,7,1840,0,1996,0,98178,47.4964,-122.251,1830,8505
595,595,8018600765,20140604T000000,240500.0,3.0,1.75,1460,10584,1.0,0,0,3,7,990,470,1997,0,98168,47.492,-122.317,1220,12012
596,596,3278600240,20140722T000000,372500.0,2.0,2.5,1400,2958,2.0,0,0,3,8,1400,0,2007,0,98126,47.5496,-122.373,1540,2385
597,597,7846200070,20141002T000000,595000.0,3.0,2.5,3370,14402,2.0,0,2,3,9,3370,0,2004,0,98045,47.5008,-121.776,3330,9691
598,598,662310400,20141017T000000,515000.0,4.0,3.0,3590,8249,2.0,0,0,3,9,3590,0,1997,0,98023,47.2846,-122.341,2860,7995
599,599,8651100140,20140805T000000,1220000.0,4.0,2.25,3200,15367,2.0,0,0,4,9,3200,0,1962,0,98040,47.5494,-122.216,3070,15263
600,600,8682250350,20141009T000000,507000.0,2.0,1.75,1670,6460,1.0,0,0,3,8,1670,0,2004,0,98053,47.7123,-122.027,2170,6254
601,601,3211230260,20150204T000000,399950.0,4.0,2.0,2420,31465,1.0,0,0,3,9,2420,0,1984,0,98092,47.3131,-122.115,2560,32186
602,602,4233400340,20140820T000000,185000.0,3.0,1.75,1430,10816,2.0,0,0,3,7,1430,0,1994,0,98010,47.3122,-121.996,1560,10816
603,603,7199350340,20140825T000000,460000.0,3.0,1.75,1440,7070,1.0,0,0,3,7,1440,0,1980,0,98052,47.6947,-122.125,1440,7210
604,604,3904901710,20150224T000000,435500.0,3.0,2.25,1450,4789,2.0,0,0,3,7,1450,0,1985,0,98029,47.5665,-122.018,1560,4490
605,605,240000058,20150408T000000,469000.0,4.0,2.75,3550,13938,1.0,0,0,5,8,2100,1450,1966,0,98188,47.425,-122.283,2050,9000
606,606,6865200444,20140505T000000,531000.0,2.0,3.0,1270,1175,2.0,0,0,3,8,1110,160,2000,0,98103,47.6634,-122.34,1290,1800
607,607,9498200046,20150206T000000,443500.0,2.0,1.0,940,6804,1.0,0,0,3,7,940,0,1949,0,98177,47.7047,-122.373,1150,6930
608,608,1796380960,20141126T000000,223000.0,3.0,2.0,1670,6824,1.0,0,0,3,7,1300,370,1990,0,98042,47.3666,-122.084,1660,7586
609,609,5631500868,20150417T000000,590000.0,4.0,3.5,3100,15842,2.0,0,0,3,8,2400,700,1996,0,98028,47.7466,-122.242,2200,19400
610,610,3126049411,20141209T000000,340000.0,2.0,2.5,1100,1760,3.0,0,0,3,7,1100,0,1997,0,98103,47.6972,-122.35,1200,1415
611,611,2321300390,20141105T000000,650000.0,3.0,2.0,1870,3388,1.0,0,0,4,8,1230,640,1925,0,98199,47.6372,-122.395,1780,4050
612,612,3905040800,20140925T000000,533600.0,3.0,2.5,1930,5080,2.0,0,0,4,8,1930,0,1990,0,98029,47.5694,-122.001,2190,5085
613,613,4379400260,20140610T000000,695000.0,3.0,2.75,2540,4694,2.0,0,0,3,9,2540,0,2005,0,98074,47.6214,-122.024,2600,6344
614,614,5115000160,20140617T000000,242000.0,3.0,1.75,1280,7524,1.5,0,0,4,7,1280,0,1988,0,98031,47.3961,-122.188,1500,7777
615,615,2826049234,20150114T000000,425000.0,3.0,2.25,1820,8814,1.0,0,0,3,7,1280,540,1967,0,98125,47.7162,-122.309,1810,7515
616,616,6600700030,20150506T000000,525000.0,3.0,2.25,1490,9414,2.0,0,0,3,7,1490,0,1981,0,98052,47.6844,-122.113,1290,10125
617,617,3904930240,20140922T000000,485000.0,3.0,2.5,1880,5502,2.0,0,0,3,8,1880,0,1988,0,98029,47.5737,-122.018,2040,5411
618,618,9407110700,20150113T000000,175000.0,3.0,1.0,1250,9775,1.0,0,0,3,7,1250,0,1971,0,98045,47.4474,-121.771,1390,9650
619,619,1682500160,20140619T000000,210000.0,3.0,2.0,1440,7210,1.0,0,0,3,8,1440,0,1983,0,98092,47.3128,-122.184,1700,7245
620,620,8078570390,20150415T000000,260000.0,3.0,2.5,1920,7415,2.0,0,0,3,7,1920,0,1989,0,98031,47.4022,-122.171,1930,7536
621,621,3010300240,20140623T000000,577000.0,3.0,2.5,2060,5750,1.0,0,0,3,7,1330,730,1976,0,98116,47.5671,-122.391,1920,5750
622,622,9500900135,20141021T000000,200000.0,3.0,1.5,1210,10588,1.0,0,0,4,7,1210,0,1958,0,98002,47.2876,-122.212,1408,10588
623,623,461001615,20150225T000000,605000.0,2.0,1.75,1760,5000,1.0,0,0,4,7,940,820,1927,0,98117,47.682,-122.372,1530,5000
624,624,6411600069,20140521T000000,325000.0,3.0,1.0,990,6750,1.0,0,0,4,6,990,0,1947,0,98133,47.7125,-122.331,1440,6860
625,625,7812800565,20140814T000000,289500.0,3.0,1.0,960,6400,1.0,0,0,4,6,820,140,1944,0,98178,47.496,-122.239,1200,6600
626,626,7548300731,20140808T000000,559950.0,3.0,2.5,1660,1458,3.0,0,0,3,9,1660,0,2014,0,98144,47.5876,-122.309,1660,1784
627,627,8925100390,20150406T000000,1042500.0,3.0,1.75,1900,9375,1.0,0,1,4,8,1330,570,1941,0,98115,47.6821,-122.273,2760,9375
628,628,7010700292,20141009T000000,543500.0,3.0,2.25,1270,2790,1.0,0,0,3,7,990,280,1970,0,98199,47.6581,-122.396,1920,4000
629,629,9485951170,20140522T000000,480000.0,4.0,2.25,3250,34293,2.0,0,0,4,9,3250,0,1983,0,98042,47.3496,-122.094,3110,35982
630,630,5437820310,20140523T000000,218000.0,3.0,1.0,960,9633,1.0,0,0,5,6,960,0,1982,0,98022,47.1951,-122.001,1080,8610
631,631,582000135,20140622T000000,565000.0,2.0,1.75,1330,6000,1.0,0,0,4,7,960,370,1914,1945,98199,47.6539,-122.396,1620,6000
632,632,3204800370,20141212T000000,426700.0,3.0,1.75,2080,7700,1.0,0,0,5,7,1600,480,1968,0,98056,47.5375,-122.178,1680,7700
633,633,8832900550,20140912T000000,650000.0,3.0,2.5,2690,11575,1.0,0,3,3,8,2130,560,1957,0,98028,47.7605,-122.267,2390,11782
634,634,9550204515,20140924T000000,542000.0,2.0,1.0,890,3060,1.0,0,0,3,7,770,120,1910,0,98105,47.6663,-122.326,1760,4080
635,635,7199330390,20140624T000000,415000.0,3.0,1.75,1070,8000,1.0,0,0,3,7,1070,0,1977,0,98052,47.6978,-122.13,1200,7990
636,636,6131600060,20140815T000000,214000.0,3.0,1.0,1200,8316,1.0,0,0,4,6,1200,0,1953,0,98002,47.3221,-122.215,1200,8316
637,637,5379805460,20150121T000000,245000.0,3.0,1.5,1360,8910,2.0,0,0,5,7,1360,0,1949,0,98188,47.4488,-122.275,1220,8912
638,638,7212652180,20140701T000000,314500.0,3.0,2.0,2050,13303,1.0,0,0,3,8,2050,0,1993,0,98003,47.2681,-122.31,2180,11590
639,639,6379500640,20150409T000000,1120000.0,3.0,1.5,3000,5750,2.0,0,0,5,9,2000,1000,1924,0,98116,47.5821,-122.39,1820,5750
640,640,4315700060,20150303T000000,378000.0,2.0,2.0,1300,3850,1.0,0,0,3,7,800,500,1963,0,98136,47.5395,-122.39,950,5500
641,641,3329500060,20140728T000000,305000.0,4.0,2.5,2250,9091,1.0,0,0,3,7,1340,910,1982,0,98001,47.336000000000006,-122.269,1540,7802
642,642,4140090320,20150320T000000,595000.0,5.0,2.75,3740,6750,1.0,0,0,4,8,1980,1760,1978,0,98028,47.7679,-122.261,2620,7920
643,643,9385200045,20150512T000000,729500.0,3.0,2.5,1660,1091,3.0,0,1,3,9,1530,130,2015,0,98116,47.5818,-122.402,1510,1352
644,644,7852180340,20140930T000000,430000.0,3.0,2.5,2360,6699,2.0,0,0,3,7,2360,0,2003,0,98065,47.5317,-121.853,2360,4744
645,645,1545804340,20150409T000000,240000.0,3.0,1.75,1760,6500,1.0,0,0,3,7,1150,610,1987,0,98038,47.3647,-122.05,1760,8125
646,646,2490200320,20150320T000000,545000.0,3.0,1.75,1680,6200,1.5,0,0,3,7,1680,0,1916,0,98136,47.5338,-122.384,1680,5100
647,647,2218000335,20140707T000000,530000.0,3.0,1.75,1320,2500,1.0,0,0,3,7,870,450,1918,0,98105,47.6681,-122.305,1580,2750
648,648,922049078,20141118T000000,157000.0,1.0,1.0,870,26326,1.0,0,0,3,6,870,0,1939,0,98198,47.4152,-122.3,1250,10608
649,649,2586800270,20150407T000000,425000.0,4.0,1.0,1260,7645,1.5,0,0,3,6,1260,0,1925,0,98146,47.5044,-122.35,1170,7649
650,650,4338800370,20141117T000000,220000.0,3.0,1.0,1000,6020,1.0,0,0,3,6,1000,0,1944,0,98166,47.4793,-122.346,1300,8640
651,651,7214700350,20141124T000000,521000.0,4.0,1.75,2020,36400,1.0,0,0,4,8,1550,470,1976,0,98077,47.7627,-122.076,2520,38255
652,652,3226200105,20140523T000000,325000.0,3.0,1.0,1920,6862,1.0,0,2,3,7,1120,800,1952,0,98118,47.5193,-122.274,2000,6900
653,653,2324039036,20150403T000000,597500.0,3.0,2.0,2150,5400,1.5,0,0,4,7,1380,770,1911,0,98126,47.555,-122.379,1940,6500
654,654,7849202231,20140723T000000,337000.0,3.0,2.5,1470,3976,2.0,0,0,3,7,1470,0,1999,0,98065,47.526,-121.826,1490,4400
655,655,5196410260,20150422T000000,1000000.0,3.0,2.5,3180,10492,2.0,0,2,3,10,3180,0,1991,0,98052,47.655,-122.124,3000,9812
656,656,3760500116,20141120T000000,3070000.0,3.0,2.5,3930,55867,1.0,1,4,4,8,2330,1600,1957,0,98034,47.7022,-122.224,2730,26324
657,657,2985800030,20140507T000000,495000.0,3.0,1.0,990,6000,1.0,0,0,3,6,990,0,1943,0,98105,47.6718,-122.267,1250,6000
658,658,259900160,20150102T000000,748000.0,4.0,3.5,2770,3330,2.0,0,0,3,8,1970,800,2001,0,98052,47.6327,-122.109,2180,3380
659,659,708000030,20140902T000000,888000.0,3.0,1.5,1250,8710,1.0,0,0,4,7,1250,0,1953,0,98004,47.6245,-122.198,1750,9185
660,660,192460310,20150324T000000,269900.0,3.0,1.75,1140,22267,1.0,0,0,3,7,1140,0,1986,0,98045,47.4761,-121.758,1150,15625
661,661,9412200260,20141113T000000,496500.0,4.0,2.5,2250,14440,1.0,0,0,3,7,1550,700,1967,0,98027,47.5221,-122.045,2090,11400
662,662,1062100116,20150121T000000,475000.0,3.0,2.5,1640,5097,2.0,0,0,3,7,1640,0,1969,0,98155,47.7522,-122.278,1880,6000
663,663,6798100662,20140527T000000,312000.0,3.0,1.5,1255,1374,3.0,0,0,3,7,1255,0,2004,0,98125,47.7145,-122.311,1307,1232
664,664,1775920350,20141124T000000,323000.0,3.0,1.0,1290,12231,1.0,0,0,3,7,1290,0,1976,0,98072,47.7404,-122.11,1390,11632
665,665,2525500260,20141124T000000,331000.0,3.0,1.75,1300,9079,1.0,0,0,3,7,1300,0,1986,0,98059,47.4834,-122.159,1890,7369
666,666,6145600041,20140514T000000,306000.0,3.0,1.5,1220,1086,3.0,0,0,3,8,1220,0,2007,0,98133,47.7049,-122.353,1220,1422
667,667,3300701615,20140930T000000,655000.0,4.0,2.5,2630,4000,3.0,0,0,3,8,2630,0,2002,0,98117,47.6915,-122.381,1640,4000
668,668,5151600340,20140709T000000,290000.0,3.0,1.5,1950,15954,1.0,0,0,4,8,1950,0,1959,0,98003,47.336000000000006,-122.319,1940,12667
669,669,7613700521,20140802T000000,1250000.0,4.0,3.25,3160,5000,2.0,0,0,5,9,2360,800,1965,0,98105,47.6597,-122.274,2220,4000
670,670,2710600045,20140616T000000,460000.0,3.0,1.75,1550,4708,1.0,0,0,4,7,860,690,1949,0,98115,47.6759,-122.286,1880,5600
671,671,5101405124,20140912T000000,435000.0,4.0,2.5,1700,6380,1.0,0,0,4,7,850,850,1940,0,98115,47.6988,-122.319,1380,6380
672,672,6067910030,20150316T000000,664000.0,4.0,2.75,2510,11880,1.0,0,0,5,8,1630,880,1978,0,98006,47.5427,-122.181,2390,11211
673,673,1959701890,20140729T000000,865000.0,4.0,1.75,1800,4180,2.0,0,3,4,8,1800,0,1921,0,98102,47.6462,-122.318,2180,4620
674,674,1402200340,20140813T000000,385000.0,3.0,1.75,1800,18000,1.0,0,0,3,8,1200,600,1968,0,98058,47.4406,-122.146,1800,18000
675,675,3558900070,20140718T000000,497000.0,3.0,2.25,1870,9315,1.0,0,0,3,7,1350,520,1975,0,98034,47.705,-122.202,2230,9579
676,676,7846700310,20140623T000000,280000.0,2.0,1.0,1010,3000,1.0,0,0,4,7,1010,0,1925,0,98045,47.4965,-121.785,1150,7000
677,677,3348401740,20150127T000000,188000.0,2.0,1.5,1120,17487,1.0,0,0,3,6,1120,0,1924,0,98178,47.5024,-122.271,1690,8056
678,678,3013300288,20140930T000000,478500.0,3.0,1.0,2090,4755,1.0,0,2,3,8,1200,890,1969,0,98136,47.5304,-122.387,1850,5300
679,679,7852070060,20140731T000000,1145000.0,4.0,3.5,4370,18361,2.0,0,0,3,11,4370,0,2001,0,98065,47.544,-121.872,4190,13641
680,680,5029450160,20140815T000000,222000.0,3.0,2.0,1440,7187,1.0,0,0,4,7,970,470,1981,0,98023,47.291,-122.368,1440,7187
681,681,3526069070,20140528T000000,799000.0,4.0,3.0,2580,209523,2.0,0,0,3,8,2580,0,1984,0,98053,47.6932,-122.006,3440,213444
682,682,5104540240,20140609T000000,609900.0,4.0,2.5,3190,7399,2.0,0,0,3,10,3190,0,2006,0,98038,47.3558,-122.004,3250,7323
683,683,3438500486,20141016T000000,413000.0,4.0,3.5,2380,5809,2.0,0,0,4,7,1750,630,1995,0,98106,47.5536,-122.359,1620,5775
684,684,5102400105,20141013T000000,400000.0,4.0,1.0,1420,4875,1.5,0,0,3,7,1420,0,1930,0,98115,47.6942,-122.321,1110,5413
685,685,2346200030,20150105T000000,802541.0,5.0,2.75,2990,6768,2.0,0,0,3,9,2990,0,2014,0,98006,47.5462,-122.182,2870,6768
686,686,1321710030,20140519T000000,320000.0,3.0,2.5,2680,7757,2.0,0,0,3,8,2680,0,1990,0,98023,47.2918,-122.346,2430,8231
687,687,7853290030,20150311T000000,507000.0,4.0,2.5,2730,7649,2.0,0,0,3,7,2730,0,2006,0,98065,47.5441,-121.882,2730,6216
688,688,1566100400,20140924T000000,387500.0,3.0,1.0,1220,8329,1.0,0,0,3,6,1220,0,1946,0,98115,47.6982,-122.298,1490,8322
689,689,1775800800,20150224T000000,396000.0,3.0,1.0,1500,12616,1.0,0,0,3,7,1500,0,1967,0,98072,47.7415,-122.101,1820,13950
690,690,9133600075,20140821T000000,373000.0,3.0,1.75,1830,11788,1.0,0,1,3,8,1430,400,1958,0,98055,47.4862,-122.224,2140,11964
691,691,5450900060,20140923T000000,1484900.0,5.0,2.5,4570,19252,2.0,0,0,5,10,4570,0,1965,0,98040,47.5553,-122.22,3180,13314
692,692,1402600700,20140721T000000,359900.0,4.0,2.25,2470,7698,2.0,0,0,3,8,2470,0,1983,0,98058,47.4406,-122.141,2330,7986
693,693,8024200350,20150304T000000,410000.0,2.0,1.0,800,4342,1.0,0,0,3,6,670,130,1927,0,98115,47.6997,-122.316,1210,4343
694,694,3121500340,20140712T000000,690000.0,4.0,2.5,2900,23488,2.0,0,0,3,9,2900,0,1992,0,98053,47.6726,-122.03,2900,34589
695,695,7697870860,20140625T000000,245000.0,3.0,2.0,1410,5760,1.0,0,0,3,7,1410,0,1985,0,98030,47.3702,-122.185,1670,6222
696,696,7527200030,20141229T000000,700000.0,5.0,2.5,2830,25958,1.0,0,1,5,8,1610,1220,1979,0,98075,47.5896,-122.083,2670,21567
697,697,2013200390,20140922T000000,268000.0,4.0,1.75,1680,9966,1.0,0,0,3,7,1100,580,1977,0,98198,47.3923,-122.311,2400,10369
698,698,766500030,20140610T000000,225000.0,3.0,1.75,1760,26055,1.0,0,0,3,7,920,840,1979,0,98042,47.3664,-122.1,1350,13475
699,699,6664000030,20141009T000000,980000.0,4.0,2.25,2240,11034,2.0,0,0,3,8,2240,0,1976,0,98004,47.5894,-122.195,2300,11550
700,700,9349900105,20150407T000000,795000.0,2.0,1.0,1380,5000,1.5,0,2,3,5,1380,0,1905,0,98106,47.5708,-122.359,1500,5000
701,701,1895000045,20150504T000000,195000.0,2.0,1.0,820,5100,1.0,0,0,3,6,820,0,1953,0,98118,47.5156,-122.262,1170,5304
702,702,6205500030,20141103T000000,480000.0,4.0,2.0,2180,10575,1.0,0,0,2,6,1730,450,1950,0,98005,47.589,-122.177,2180,12010
703,703,7011200260,20141219T000000,485000.0,4.0,2.0,1400,3600,1.0,0,0,3,7,1100,300,1900,0,98119,47.6385,-122.37,1630,2048
704,704,41000454,20140815T000000,130000.0,2.0,1.0,880,9000,1.0,0,0,3,5,880,0,1928,0,98188,47.4672,-122.291,1410,10000
705,705,7203600550,20140804T000000,325000.0,2.0,1.0,1060,5703,1.0,0,2,4,6,1060,0,1946,0,98198,47.3444,-122.327,2240,4416
706,706,9477200560,20150413T000000,440000.0,3.0,1.75,1530,7245,1.0,0,0,4,7,1530,0,1984,0,98034,47.731,-122.191,1530,7490
707,707,4022907770,20141014T000000,550000.0,4.0,1.75,2480,14782,1.0,0,3,3,8,1460,1020,1958,0,98155,47.7646,-122.271,2910,10800
708,708,5231000060,20140805T000000,310000.0,3.0,1.75,1490,7150,1.0,0,0,5,6,1490,0,1967,0,98059,47.5015,-122.124,1350,9100
709,709,6055000310,20140701T000000,530000.0,3.0,2.5,3660,39478,2.0,0,2,4,9,3260,400,1989,0,98022,47.2413,-121.972,2700,38312
710,710,3216900060,20140625T000000,390000.0,4.0,2.5,2340,8548,2.0,0,0,3,8,2340,0,1993,0,98031,47.4206,-122.183,1970,6818
711,711,7967200060,20140908T000000,243000.0,3.0,1.75,1450,12125,1.0,0,0,4,7,1450,0,1981,0,98001,47.3575,-122.28,1210,12125
712,712,8077210350,20140722T000000,639000.0,4.0,2.5,2210,9875,2.0,0,0,3,9,2210,0,1990,0,98074,47.6285,-122.025,2440,8799
713,713,7203000640,20140918T000000,215000.0,4.0,1.0,1130,7400,1.0,0,0,4,7,1130,0,1969,0,98003,47.3437,-122.316,1540,7379
714,714,2988000070,20150304T000000,405000.0,5.0,1.75,1550,10500,1.0,0,0,3,7,1100,450,1961,0,98011,47.7573,-122.22,1420,9823
715,715,3832200070,20141222T000000,250000.0,4.0,1.75,1710,7140,1.0,0,0,5,7,1010,700,1968,0,98032,47.3745,-122.275,1770,8960
716,716,3670500710,20140715T000000,405500.0,3.0,1.5,1010,8108,1.0,0,0,5,7,1010,0,1954,0,98155,47.7359,-122.309,1300,8108
717,717,8820903380,20140728T000000,452000.0,6.0,2.25,2660,13579,2.0,0,0,3,7,2660,0,1937,1990,98125,47.7142,-122.286,1120,8242
718,718,8820903380,20150102T000000,730000.0,6.0,2.25,2660,13579,2.0,0,0,3,7,2660,0,1937,1990,98125,47.7142,-122.286,1120,8242
719,719,4233400400,20150414T000000,267000.0,3.0,2.0,1300,9644,1.0,0,0,3,7,1300,0,1994,0,98010,47.3131,-121.998,1430,9656
720,720,3793500550,20140808T000000,289950.0,3.0,2.5,1670,6186,2.0,0,0,3,7,1670,0,2002,0,98038,47.3668,-122.031,2390,6924
721,721,6431000270,20140728T000000,565000.0,2.0,1.0,960,4080,1.0,0,0,5,7,960,0,1911,0,98103,47.6893,-122.349,1300,4080
722,722,2225059214,20140808T000000,1578000.0,4.0,3.25,4670,51836,2.0,0,0,4,12,4670,0,1988,0,98005,47.635,-122.164,4230,41075
723,723,7694800270,20150420T000000,636000.0,3.0,2.5,2140,2770,2.0,0,0,3,8,1770,370,2007,0,98052,47.6664,-122.131,2510,2708
724,724,2171400197,20140918T000000,350000.0,5.0,3.0,2520,5500,1.0,0,0,3,8,1550,970,2004,0,98178,47.4938,-122.255,1700,8000
725,725,2473400340,20140604T000000,320000.0,3.0,1.5,1650,9380,1.0,0,0,5,7,1130,520,1978,0,98058,47.4525,-122.162,1720,8856
726,726,3530490070,20140613T000000,210000.0,2.0,1.75,1440,5680,1.0,0,0,4,8,1440,0,1978,0,98198,47.3825,-122.319,1320,3547
727,727,1932300075,20140910T000000,245000.0,2.0,1.0,1050,5900,1.0,0,0,3,7,1050,0,1950,0,98126,47.5326,-122.376,1280,5900
728,728,2525000510,20141106T000000,328000.0,3.0,1.75,1470,7650,1.0,0,0,3,7,1130,340,1983,0,98059,47.4818,-122.161,1590,7500
729,729,1853000510,20140509T000000,985000.0,4.0,2.25,4230,37769,2.0,0,0,3,11,4230,0,1989,0,98077,47.7287,-122.077,3890,37034
730,730,1742800060,20140612T000000,501000.0,3.0,1.75,1970,7972,1.0,0,3,5,8,1370,600,1976,0,98055,47.4908,-122.225,2460,9796
731,731,2723089104,20140917T000000,315000.0,3.0,2.25,1540,17424,2.0,0,0,3,7,1540,0,1992,0,98045,47.4429,-121.759,1560,11439
732,732,2619950350,20140508T000000,403000.0,3.0,2.75,2090,8354,2.0,0,0,3,8,2090,0,2012,0,98019,47.7336,-121.965,2280,6348
733,733,4021100045,20140715T000000,550000.0,3.0,2.0,2380,17950,2.0,0,0,4,8,2110,270,1934,0,98155,47.7591,-122.28,2030,23900
734,734,731500200,20150113T000000,347500.0,4.0,2.5,2156,3562,2.0,0,0,3,9,2156,0,2012,0,98030,47.3591,-122.201,1708,3539
735,735,2591820310,20141006T000000,365000.0,4.0,2.25,2070,8893,2.0,0,0,4,8,2070,0,1986,0,98058,47.4388,-122.162,2390,7700
736,736,3626039299,20150224T000000,588000.0,3.0,1.0,1910,8167,1.0,0,0,4,8,1270,640,1951,0,98117,47.7004,-122.368,1500,6816
737,737,9346980140,20140820T000000,605000.0,3.0,1.75,1920,7400,1.0,0,0,4,8,1260,660,1977,0,98006,47.5633,-122.131,2360,8048
738,738,6613000140,20141113T000000,1300000.0,3.0,3.25,3400,5979,2.0,0,0,4,9,2290,1110,1937,0,98105,47.6585,-122.273,3090,6435
739,739,8159610060,20141119T000000,233000.0,3.0,2.0,1400,9177,1.0,0,0,3,7,1400,0,1974,0,98001,47.3415,-122.272,2020,8547
740,740,7830800339,20140728T000000,360000.0,4.0,2.5,2210,17715,2.0,0,0,3,8,2210,0,1997,0,98030,47.3818,-122.2,2210,16907
741,741,1588600045,20141215T000000,459000.0,2.0,1.75,1170,4887,1.0,0,0,3,6,1020,150,1929,0,98117,47.695,-122.366,1170,5441
742,742,826069046,20141107T000000,740000.0,3.0,2.0,2100,72745,1.0,0,0,4,9,2100,0,1995,0,98077,47.7479,-122.062,2290,54885
743,743,1771000890,20140917T000000,305000.0,3.0,1.0,1160,9750,1.0,0,0,3,7,1160,0,1967,0,98077,47.7422,-122.073,1160,9650
744,744,3300701170,20140620T000000,395000.0,3.0,1.0,1500,4000,1.0,0,0,3,6,900,600,1925,0,98117,47.6921,-122.38,950,4000
745,745,7340500270,20150123T000000,560000.0,4.0,2.5,2940,6000,2.0,0,0,3,8,2940,0,2000,0,98011,47.7533,-122.198,2510,6600
746,746,9277200111,20140714T000000,650000.0,4.0,1.75,2010,5070,1.0,0,1,4,7,1300,710,1963,0,98116,47.5793,-122.402,2180,5400
747,747,293720140,20140605T000000,449950.0,3.0,2.5,2170,4912,2.0,0,0,3,7,2170,0,2003,0,98028,47.7767,-122.239,2010,4395
748,748,579003610,20150224T000000,517500.0,3.0,1.5,1430,5200,1.0,0,3,4,7,1250,180,1940,0,98117,47.6988,-122.387,2210,6240
749,749,1138020200,20140903T000000,435000.0,4.0,1.5,1510,6460,1.0,0,0,3,7,1070,440,1970,0,98034,47.7121,-122.214,1450,6630
750,750,3432500200,20150409T000000,329999.0,3.0,1.0,1150,6908,1.0,0,0,3,6,800,350,1952,0,98155,47.7447,-122.313,1150,6908
751,751,1563102435,20141210T000000,950000.0,3.0,1.75,2150,4200,1.0,0,4,5,8,1140,1010,1960,0,98116,47.5671,-122.405,2510,7500
752,752,3959400710,20140730T000000,447000.0,3.0,1.0,1370,6001,1.0,0,0,5,7,1230,140,1944,0,98108,47.5646,-122.317,1370,5520
753,753,8682300890,20140828T000000,699800.0,2.0,2.5,2380,6600,1.0,0,0,3,8,2380,0,2010,0,98053,47.717,-122.02,1870,6600
754,754,4385700765,20140603T000000,850000.0,3.0,1.75,1370,3850,1.0,0,0,5,7,770,600,1911,1988,98112,47.6374,-122.279,1390,3600
755,755,5149300200,20140902T000000,316500.0,3.0,1.75,1600,14250,1.0,0,0,3,7,1070,530,1979,0,98023,47.3272,-122.355,2140,14960
756,756,9323600060,20140715T000000,942500.0,5.0,3.5,3750,9612,1.0,0,2,4,9,2030,1720,1981,0,98006,47.5511,-122.157,3270,9688
757,757,9273200140,20150121T000000,1310000.0,2.0,2.25,3950,3938,2.0,0,4,3,10,2910,1040,1991,0,98116,47.5912,-122.384,3220,4500
758,758,9542300320,20150202T000000,856600.0,4.0,2.25,2400,13430,1.0,0,0,4,9,2400,0,1964,0,98005,47.5987,-122.178,2580,10077
759,759,770000045,20141024T000000,405600.0,5.0,1.5,2830,4000,2.5,0,0,4,8,2830,0,1918,0,98118,47.5132,-122.262,1480,4000
760,760,6979900390,20140529T000000,565000.0,4.0,2.5,2440,22594,2.0,0,0,3,8,2440,0,1996,0,98053,47.6333,-121.97,2560,33341
761,761,6379500159,20140911T000000,400000.0,3.0,2.25,1190,1149,2.0,0,0,3,8,1050,140,2008,0,98116,47.5818,-122.387,1210,1316
762,762,826079094,20150324T000000,330000.0,3.0,2.0,1400,218252,1.0,0,0,3,7,1400,0,1997,0,98019,47.7576,-121.934,2230,218222
763,763,8856940060,20150227T000000,374950.0,4.0,2.75,2730,4683,2.0,0,0,3,7,2730,0,2005,0,98038,47.3608,-122.043,2230,4924
764,764,2972300060,20141217T000000,405300.0,3.0,2.75,2390,7939,1.0,0,0,5,7,1610,780,1983,0,98056,47.4987,-122.166,1920,7939
765,765,3575200070,20141104T000000,560000.0,3.0,2.25,2060,31400,2.0,0,0,3,8,2060,0,1984,0,98074,47.6216,-122.056,2160,34500
766,766,8146100270,20150324T000000,824000.0,4.0,2.25,2490,9864,1.0,0,0,4,8,1290,1200,1961,0,98004,47.6051,-122.195,2360,9864
767,767,8648200030,20140716T000000,260000.0,3.0,1.75,1100,10968,1.0,0,0,5,7,1100,0,1984,0,98042,47.363,-122.08,1400,7799
768,768,208500160,20150107T000000,760000.0,4.0,2.5,2430,6099,1.0,0,0,5,8,1470,960,1965,0,98115,47.6777,-122.287,2180,6099
769,769,1196003428,20140624T000000,405000.0,3.0,2.5,3170,12750,2.0,0,0,3,10,2360,810,1995,0,98023,47.3384,-122.336,2970,13125
770,770,5104450990,20140619T000000,429900.0,4.0,2.5,2640,8625,2.0,0,0,3,8,2640,0,1987,0,98058,47.4598,-122.15,2240,8700
771,771,3343901234,20141113T000000,341500.0,3.0,1.5,1130,7223,1.0,0,0,4,7,1130,0,1961,0,98056,47.5089,-122.189,1320,7356
772,772,226039214,20140612T000000,465250.0,5.0,2.0,1940,7642,1.5,0,0,3,7,1940,0,1957,0,98177,47.7751,-122.38,1940,8724
773,773,1623300160,20140506T000000,450000.0,2.0,2.0,1100,3000,1.5,0,0,3,7,1100,0,1912,2005,98117,47.6797,-122.362,1390,4000
774,774,2205500575,20150209T000000,390000.0,3.0,1.0,1200,10800,1.0,0,0,4,7,1200,0,1955,0,98006,47.5771,-122.144,1370,9950
775,775,4040800810,20140502T000000,420000.0,3.0,2.25,2000,8030,1.0,0,0,4,8,1000,1000,1963,0,98008,47.6188,-122.114,2070,8250
776,776,2612000390,20140615T000000,269950.0,3.0,2.5,1890,4838,2.0,0,0,3,8,1730,160,2002,0,98168,47.4802,-122.279,1910,7409
777,777,3814400125,20141016T000000,493000.0,4.0,2.0,1910,2874,1.0,0,0,3,7,1060,850,1910,0,98122,47.6101,-122.295,1520,2874
778,778,7300400060,20140515T000000,370000.0,4.0,2.5,2710,5880,2.0,0,0,3,9,2710,0,1998,0,98092,47.3314,-122.172,2520,6000
779,779,1954700695,20140612T000000,2250000.0,5.0,4.25,4860,9453,1.5,0,1,5,10,3100,1760,1905,0,98112,47.6196,-122.286,3150,8557
780,780,7230200340,20150225T000000,305000.0,3.0,1.0,1250,23680,1.0,0,0,5,7,1250,0,1967,0,98059,47.475,-122.11,1450,23680
781,781,3191000240,20140612T000000,400000.0,3.0,1.75,1590,8219,1.5,0,0,5,6,970,620,1938,0,98034,47.7146,-122.217,2030,7504
782,782,1139000069,20141118T000000,320000.0,3.0,1.5,1240,1221,2.0,0,0,3,8,1050,190,2009,0,98133,47.7073,-122.356,1180,887
783,783,5693500270,20150121T000000,715000.0,4.0,1.0,2000,4800,2.0,0,0,4,7,2000,0,1911,0,98103,47.6583,-122.351,1260,1452
784,784,686500030,20141202T000000,650000.0,6.0,2.75,3610,10003,1.5,0,0,4,8,3610,0,1966,0,98008,47.6261,-122.125,2560,10004
785,785,8731901940,20150304T000000,218000.0,5.0,1.75,1930,8040,1.0,0,0,4,8,1930,0,1966,0,98023,47.3109,-122.376,2370,8000
786,786,2688100071,20150415T000000,500000.0,2.0,1.0,1280,5400,1.0,0,0,3,7,1280,0,1964,0,98117,47.6949,-122.371,1540,5670
787,787,2423069155,20141120T000000,460000.0,4.0,2.0,2090,40419,1.0,0,0,4,7,2090,0,1984,0,98027,47.4691,-121.993,2380,63162
788,788,2329500260,20140709T000000,232500.0,3.0,1.5,1940,9887,1.0,0,0,4,7,1140,800,1969,0,98003,47.3289,-122.327,1410,9936
789,789,2608300030,20140516T000000,408200.0,3.0,2.5,1800,5761,2.0,0,0,4,7,1800,0,1990,0,98106,47.5293,-122.363,1800,5952
790,790,1494300060,20140611T000000,522000.0,3.0,1.75,1730,8400,1.0,0,0,4,7,1400,330,1980,0,98052,47.6792,-122.115,1830,8636
791,791,7504101230,20140623T000000,675000.0,4.0,2.5,2810,11120,2.0,0,0,3,9,2810,0,1982,0,98074,47.6337,-122.044,3100,12672
792,792,8081020370,20140709T000000,1355000.0,4.0,3.5,3550,11000,1.0,0,2,3,11,2260,1290,1999,0,98006,47.5506,-122.134,4100,10012
793,793,1446800511,20141009T000000,249950.0,4.0,1.0,1330,7980,1.5,0,0,3,6,1330,0,1952,0,98168,47.492,-122.333,1570,8588
794,794,1623049062,20150304T000000,210000.0,2.0,1.0,750,34133,1.0,0,0,3,6,750,0,1950,0,98168,47.4781,-122.294,1460,25792
795,795,6145601000,20140711T000000,429950.0,4.0,1.0,1760,7216,1.0,0,0,3,7,1090,670,1947,0,98133,47.7041,-122.355,1180,3844
796,796,205000520,20141006T000000,737500.0,4.0,2.5,3200,36276,2.0,0,0,3,9,3200,0,1993,0,98053,47.6304,-121.994,2930,33171
797,797,3885805935,20140926T000000,710000.0,4.0,2.0,1740,9000,1.0,0,0,5,8,1740,0,1958,0,98033,47.6815,-122.198,1850,7700
798,798,7852020640,20141020T000000,470000.0,3.0,2.5,2100,4700,2.0,0,0,3,8,2100,0,1999,0,98065,47.5341,-121.867,2100,4700
799,799,6838800140,20150224T000000,1100000.0,4.0,3.5,4270,40097,1.0,0,0,4,12,4270,0,1993,0,98077,47.7354,-122.078,3510,36149
800,800,4083305445,20140815T000000,650000.0,3.0,2.0,1340,2720,1.5,0,0,3,7,1340,0,1913,0,98103,47.6518,-122.335,2030,4590
801,801,7855801610,20140519T000000,1216000.0,4.0,2.5,3190,8684,1.0,0,3,5,9,1680,1510,1967,0,98006,47.5619,-122.162,3160,8684
802,802,7940700260,20150115T000000,422120.0,3.0,2.5,1630,4534,2.0,0,0,3,8,1630,0,1987,0,98034,47.7148,-122.205,1380,4779
803,803,8854100350,20150107T000000,625000.0,5.0,2.5,2990,15085,2.0,0,0,3,9,2990,0,2007,0,98011,47.746,-122.218,3150,13076
804,804,4365200860,20140606T000000,385200.0,4.0,1.0,1550,7740,1.5,0,0,3,6,1550,0,1954,0,98126,47.5222,-122.375,1220,7740
805,805,3904980030,20150414T000000,500000.0,3.0,2.25,1690,4964,2.0,0,0,3,8,1690,0,1989,0,98029,47.5756,-122.01,1800,5036
806,806,7843500070,20141118T000000,308000.0,4.0,2.25,1960,12243,2.0,0,0,3,8,1960,0,1989,0,98042,47.3405,-122.058,1910,12230
807,807,6067900060,20140605T000000,565000.0,3.0,2.75,2390,9966,1.0,0,0,5,8,1360,1030,1977,0,98006,47.5433,-122.185,2140,10713
808,808,7202340960,20140908T000000,581000.0,3.0,2.5,2600,4438,2.0,0,0,3,7,2600,0,2004,0,98053,47.6799,-122.034,2600,4904
809,809,1786640070,20140806T000000,361000.0,3.0,2.0,1950,8698,1.0,0,0,3,8,1950,0,1999,0,98042,47.39,-122.153,2330,7212
810,810,259600260,20150122T000000,345000.0,3.0,1.0,1250,7210,1.0,0,0,4,7,1250,0,1964,0,98008,47.6329,-122.121,1530,8800
811,811,7234600903,20141016T000000,419000.0,2.0,2.25,1180,1253,2.0,0,0,3,8,840,340,2008,0,98122,47.6124,-122.309,1310,1963
812,812,4307350200,20150512T000000,347000.0,3.0,2.5,1680,4308,2.0,0,0,3,7,1680,0,2004,0,98056,47.4802,-122.179,2160,4182
813,813,3276930400,20141022T000000,625000.0,4.0,2.25,2220,36085,2.0,0,0,3,9,2220,0,1989,0,98075,47.5839,-121.991,3000,36906
814,814,4045100075,20150325T000000,2400000.0,4.0,4.25,4890,15188,2.0,0,2,3,11,3090,1800,1999,0,98040,47.5602,-122.227,3470,16201
815,815,1421069208,20141223T000000,379000.0,3.0,3.25,2660,17852,2.5,0,0,3,8,2660,0,2014,0,98010,47.3077,-122.011,1320,11876
816,816,4057300200,20141222T000000,310000.0,3.0,1.5,1150,3323,2.0,0,0,3,7,1150,0,1988,0,98029,47.5707,-122.017,1150,2980
817,817,1922059135,20150513T000000,250000.0,2.0,2.0,1130,5500,1.0,0,0,4,6,1130,0,1941,0,98030,47.3839,-122.225,1320,6600
818,818,5014600240,20140814T000000,682000.0,5.0,2.75,2760,5000,2.0,0,0,3,9,2760,0,2005,0,98059,47.539,-122.188,2870,5030
819,819,1565900070,20140721T000000,246500.0,3.0,2.0,1430,8919,1.0,0,0,3,7,1430,0,1992,0,98022,47.2118,-121.983,1580,8919
820,820,3121059033,20141029T000000,325000.0,3.0,1.0,1490,57381,1.5,0,0,4,5,1490,0,1932,0,98092,47.2597,-122.228,1580,101529
821,821,6799300270,20140806T000000,310950.0,4.0,2.5,2030,4997,2.0,0,0,3,8,2030,0,2004,0,98031,47.393,-122.184,2095,5500
822,822,2021200370,20140901T000000,1100000.0,3.0,2.0,3010,5000,2.0,0,2,5,9,1890,1120,1931,0,98199,47.6347,-122.396,2688,5000
823,823,726049190,20141002T000000,287500.0,3.0,1.0,1810,7200,1.0,0,0,4,7,1130,680,1954,0,98133,47.7493,-122.351,1810,8100
824,824,726049190,20150218T000000,431000.0,3.0,1.0,1810,7200,1.0,0,0,4,7,1130,680,1954,0,98133,47.7493,-122.351,1810,8100
825,825,4006000251,20140822T000000,226000.0,3.0,1.0,970,5000,1.0,0,0,3,6,970,0,1968,0,98118,47.5282,-122.279,1290,5875
826,826,3362400640,20150512T000000,825000.0,3.0,1.75,2010,3090,1.5,0,0,5,7,1510,500,1926,0,98103,47.682,-122.348,1600,3150
827,827,1610000016,20140911T000000,175000.0,4.0,1.0,1300,6030,1.5,0,0,3,6,1300,0,1947,0,98168,47.4778,-122.286,1240,6900
828,828,7376300060,20140515T000000,465750.0,3.0,1.5,1260,10350,1.0,0,0,3,7,1260,0,1959,0,98008,47.6357,-122.123,1800,10350
829,829,7300200550,20150319T000000,659000.0,4.0,2.25,2610,24931,2.0,0,0,3,8,2610,0,1983,0,98075,47.5771,-122.05,2550,18306
830,830,2061100570,20150210T000000,595000.0,3.0,1.75,1910,5753,1.0,0,3,3,8,1110,800,1941,0,98115,47.6898,-122.327,1630,5580
831,831,8856890200,20140626T000000,350000.0,3.0,2.25,1780,16290,2.0,0,0,4,8,1780,0,1987,0,98058,47.4622,-122.127,1780,8810
832,832,8731951670,20140606T000000,270000.0,4.0,2.25,1900,8600,1.0,0,0,4,8,1900,0,1975,0,98023,47.3102,-122.381,2120,8000
833,833,4037200075,20140911T000000,662500.0,6.0,2.25,2450,25600,1.0,0,2,3,7,1340,1110,1957,0,98008,47.6061,-122.117,1850,10230
834,834,5066400483,20141120T000000,249900.0,3.0,1.75,1380,14000,1.0,0,0,4,5,1380,0,1939,1957,98001,47.294,-122.281,1490,18503
835,835,4167300310,20150317T000000,324500.0,3.0,1.75,1920,11340,1.0,0,0,4,7,1230,690,1977,0,98023,47.3272,-122.362,1980,9638
836,836,8682262400,20140718T000000,430000.0,2.0,1.75,1350,4003,1.0,0,0,3,8,1350,0,2004,0,98053,47.7176,-122.033,1350,4479
837,837,8682262400,20150513T000000,419950.0,2.0,1.75,1350,4003,1.0,0,0,3,8,1350,0,2004,0,98053,47.7176,-122.033,1350,4479
838,838,6777800160,20140728T000000,285000.0,4.0,1.75,2510,7440,1.0,0,2,4,8,1290,1220,1962,0,98032,47.3748,-122.276,1790,8000
839,839,1402950550,20150107T000000,332000.0,4.0,2.5,2470,7780,2.0,0,0,3,8,2470,0,2002,0,98092,47.3337,-122.191,2100,5972
840,840,2843200070,20141215T000000,282000.0,4.0,1.75,1660,10725,1.0,0,0,3,7,960,700,1956,0,98168,47.5033,-122.3,1340,9023
841,841,6450303785,20141118T000000,320000.0,3.0,1.0,1340,5175,1.0,0,0,3,7,940,400,1987,0,98133,47.7321,-122.34,1020,5500
842,842,9429500045,20140509T000000,428750.0,3.0,1.0,1620,30736,1.5,0,0,4,7,1620,0,1911,1977,98006,47.5719,-122.119,2440,28826
843,843,1443300140,20150114T000000,330000.0,3.0,2.25,2300,35287,2.0,0,0,3,8,2300,0,1977,0,98022,47.2477,-121.937,1760,47916
844,844,108000127,20141209T000000,456500.0,4.0,3.5,2000,2309,3.0,0,0,3,8,2000,0,2008,0,98177,47.7027,-122.361,1440,1548
845,845,1081300200,20140509T000000,352000.0,3.0,2.25,1640,11050,1.0,0,0,4,8,1640,0,1972,0,98059,47.4723,-122.121,1870,11050
846,846,8818900060,20141125T000000,664000.0,4.0,2.0,1530,4080,1.5,0,0,4,7,1530,0,1912,0,98105,47.6645,-122.325,1860,4080
847,847,3395050060,20140722T000000,628000.0,3.0,1.75,4000,11894,1.0,0,0,3,9,2190,1810,1987,0,98011,47.7738,-122.203,2530,8650
848,848,7197350070,20150304T000000,512000.0,3.0,1.75,1610,12555,1.0,0,0,3,7,1080,530,1977,0,98052,47.6618,-122.136,1780,10374
849,849,9510900270,20141211T000000,254000.0,3.0,2.0,2070,9000,1.0,0,0,4,7,1450,620,1969,0,98023,47.3085,-122.376,1630,7885
850,850,3905081070,20140521T000000,535800.0,4.0,2.5,1900,5790,2.0,0,0,3,8,1900,0,1994,0,98029,47.5691,-121.996,2030,5790
851,851,2322069114,20141010T000000,287653.0,3.0,1.0,1050,16050,1.0,0,0,4,7,1050,0,1960,1981,98038,47.3841,-122.006,1610,27600
852,852,5637500070,20140731T000000,438000.0,3.0,2.5,1520,1304,2.0,0,0,3,8,1180,340,2006,0,98136,47.5446,-122.385,1270,1718
853,853,4164100160,20140716T000000,450000.0,4.0,1.75,2390,23899,1.0,0,0,3,7,1750,640,1949,0,98028,47.7557,-122.237,1840,33900
854,854,4136890260,20140627T000000,327000.0,5.0,2.75,2400,8050,2.0,0,0,3,8,2400,0,1998,0,98092,47.2635,-122.209,2400,8050
855,855,3056800160,20140812T000000,370500.0,4.0,2.5,1790,6120,2.0,0,0,3,7,1790,0,2005,0,98059,47.4829,-122.128,1950,5660
856,856,3654800200,20141022T000000,265000.0,3.0,2.5,1720,6271,2.0,0,0,3,7,1720,0,1993,0,98038,47.3898,-122.049,1570,6587
857,857,2296500036,20150310T000000,450000.0,4.0,2.75,2980,13260,1.0,0,0,4,8,1800,1180,1979,0,98056,47.5152,-122.197,1920,10731
858,858,623069068,20140627T000000,425000.0,3.0,1.0,1520,213444,1.5,0,3,5,8,1520,0,1988,0,98027,47.5081,-122.093,2640,213444
859,859,1865820370,20141113T000000,166600.0,3.0,1.75,1150,8690,1.0,0,0,4,7,1150,0,1977,0,98042,47.3729,-122.115,1330,7040
860,860,1723049033,20140620T000000,245000.0,1.0,0.75,380,15000,1.0,0,0,3,5,380,0,1963,0,98168,47.481,-122.323,1170,15000
861,861,2359300030,20150508T000000,565000.0,3.0,1.0,910,5212,1.0,0,0,3,7,910,0,1951,0,98115,47.6742,-122.284,1520,6300
862,862,6403310060,20140811T000000,539900.0,3.0,1.75,1650,10150,1.0,0,0,3,8,1230,420,1976,0,98033,47.6963,-122.169,1930,8958
863,863,1937300270,20150303T000000,910000.0,3.0,3.5,2480,3200,2.0,0,0,3,10,2480,0,2010,0,98144,47.5951,-122.307,1980,3200
864,864,4137050060,20141104T000000,280000.0,4.0,2.5,2050,7416,2.0,0,0,3,8,2050,0,1990,0,98092,47.2658,-122.219,2050,7920
865,865,2310000240,20150313T000000,275000.0,3.0,2.25,1420,8549,2.0,0,0,4,7,1420,0,1989,0,98038,47.3576,-122.039,1560,7471
866,866,3955900830,20150427T000000,467000.0,3.0,2.5,3460,6590,2.0,0,0,3,7,3460,0,2001,0,98056,47.4802,-122.188,2490,6312
867,867,8665050060,20140731T000000,457500.0,3.0,2.5,1500,4445,2.0,0,0,3,8,1500,0,1996,0,98029,47.5682,-122.005,1730,4408
868,868,3330500875,20141226T000000,381156.0,2.0,1.0,1320,3090,1.0,0,0,4,7,1320,0,1908,0,98118,47.5517,-122.276,1270,4120
869,869,3327020400,20150423T000000,289999.0,5.0,2.5,2180,8240,1.0,0,0,4,8,1220,960,1977,0,98092,47.3122,-122.191,2050,7590
870,870,1250700060,20150422T000000,642450.0,3.0,1.75,1830,4160,1.0,0,0,3,7,1230,600,1919,0,98144,47.5962,-122.288,1950,4160
871,871,4039300400,20140919T000000,469950.0,3.0,2.25,1620,8701,1.0,0,0,3,7,1220,400,1962,0,98007,47.6071,-122.137,1600,7910
872,872,6665800060,20150305T000000,795000.0,3.0,2.0,2920,13650,1.0,0,2,5,8,1460,1460,1975,0,98033,47.6652,-122.188,2920,10988
873,873,7504110030,20150211T000000,785000.0,4.0,2.5,3300,10514,2.0,0,0,3,10,3300,0,1984,0,98074,47.6323,-122.036,2820,11462
874,874,7805450810,20140530T000000,860000.0,3.0,2.25,3060,12095,2.0,0,0,3,10,3060,0,1983,0,98006,47.5611,-122.106,3060,11455
875,875,6306400140,20140612T000000,1095000.0,3.37287037037037,2.1157362403369904,3064,4764,3.5,0,2,3,7,3064,0,1990,0,98102,47.6362,-122.322,2360,4000
876,876,8802400416,20150213T000000,147500.0,3.0,1.0,1530,8498,1.0,0,0,3,7,1530,0,1959,0,98031,47.404,-122.203,1380,8498
877,877,6204400270,20141125T000000,390000.0,3.0,2.0,1910,11576,1.0,0,0,3,7,1410,500,1978,0,98011,47.7356,-122.198,2040,8750
878,878,9536602080,20141219T000000,229000.0,3.0,1.0,1020,8100,1.0,0,0,3,7,1020,0,1954,0,98198,47.3586,-122.314,1020,8100
879,879,3826000070,20140515T000000,185000.0,3.0,1.0,1150,8100,1.0,0,0,3,6,1150,0,1932,0,98168,47.494,-122.307,1120,8100
880,880,5101405335,20140826T000000,414900.0,3.0,1.5,1260,9570,1.0,0,0,3,7,870,390,1941,0,98115,47.7004,-122.305,1620,7000
881,881,2349300060,20150212T000000,200000.0,4.0,2.0,1920,4822,1.0,0,0,2,6,920,1000,1914,0,98136,47.5507,-122.381,1120,4822
882,882,7749500370,20141021T000000,225000.0,4.0,2.25,1800,9350,1.0,0,0,3,8,1800,0,1969,0,98092,47.2959,-122.191,2060,8800
883,883,2436701200,20140912T000000,720000.0,3.0,1.75,2040,4000,2.0,0,0,5,7,1360,680,1924,0,98105,47.6675,-122.289,1610,4000
884,884,7871500070,20140603T000000,930000.0,4.0,2.5,2200,4000,2.0,0,0,5,8,1430,770,1908,0,98119,47.6402,-122.37,2100,4000
885,885,3323500030,20140604T000000,1270000.0,5.0,2.5,3200,17204,1.0,0,0,3,7,2160,1040,1952,0,98004,47.6209,-122.222,4090,15732
886,886,2110200036,20141111T000000,700000.0,5.0,3.25,2400,3118,2.0,0,0,4,7,1780,620,1928,0,98122,47.6094,-122.291,2100,3941
887,887,510002519,20140715T000000,466000.0,2.0,1.5,1140,1058,3.0,0,0,3,7,1140,0,2005,0,98103,47.6608,-122.333,1170,1116
888,888,1387300070,20140825T000000,374000.0,3.0,1.5,1330,10640,1.0,0,0,3,7,1330,0,1976,0,98011,47.7364,-122.193,1460,8520
889,889,9465910070,20140716T000000,480000.0,3.0,2.5,1940,10035,2.0,0,0,4,8,1940,0,1994,0,98072,47.7438,-122.172,2810,8333
890,890,2324800070,20140610T000000,740000.0,3.0,2.5,3000,25341,2.0,0,0,3,9,3000,0,1995,0,98053,47.6724,-122.013,3000,32417
891,891,1962200435,20141110T000000,1010000.0,4.0,1.0,1820,5400,1.5,0,0,3,8,1820,0,1923,2014,98102,47.6476,-122.318,1820,5400
892,892,8562890700,20140530T000000,395000.0,4.0,2.5,2910,5000,2.0,0,0,3,8,2910,0,2002,0,98042,47.3782,-122.127,2740,5045
893,893,3298700946,20140725T000000,340000.0,2.0,1.0,1090,6771,1.0,0,0,3,6,1090,0,1954,0,98106,47.5185,-122.352,1200,4992
894,894,880000189,20140811T000000,209000.0,3.0,2.0,1230,1340,2.0,0,0,3,7,1020,210,2003,0,98106,47.526,-122.361,1260,1312
895,895,643500030,20141114T000000,431650.0,5.0,2.5,1710,7700,1.5,0,0,3,7,1710,0,1962,0,98007,47.5922,-122.146,1530,7700
896,896,8566100200,20140508T000000,980000.0,5.0,2.5,3160,11470,1.0,0,0,4,9,1780,1380,1971,0,98040,47.5368,-122.216,3260,11470
897,897,4298100240,20140805T000000,660000.0,3.0,2.5,2680,28243,2.0,0,0,3,9,2680,0,1993,0,98077,47.7637,-122.05,2670,32130
898,898,3275780030,20150311T000000,730000.0,4.0,2.25,2190,9009,2.0,0,0,4,8,1840,350,1977,0,98033,47.6916,-122.188,2190,10251
899,899,8648220270,20150414T000000,291500.0,3.0,1.75,1260,9600,1.0,0,0,4,7,1260,0,1988,0,98042,47.3592,-122.076,1640,9946
900,900,1923000160,20140620T000000,905000.0,4.0,3.5,2970,14486,2.0,0,0,3,9,2340,630,1997,0,98040,47.5627,-122.215,3680,14486
901,901,7574910860,20140811T000000,800000.0,4.0,2.5,2570,50308,1.5,0,0,3,10,2570,0,1993,0,98077,47.7418,-122.039,3420,37891
902,902,2296500136,20140509T000000,839900.0,4.0,3.5,3810,13592,1.0,0,1,3,9,2560,1250,2013,0,98056,47.5134,-122.2,3230,9311
903,903,3278600710,20140714T000000,200000.0,1.0,1.5,1010,1157,2.0,0,0,3,8,950,60,2007,0,98126,47.5492,-122.372,1360,1688
904,904,2460700260,20150218T000000,300000.0,3.0,2.0,1480,6698,1.0,0,0,4,7,1080,400,1979,0,98058,47.4614,-122.168,1850,7348
905,905,3188100400,20140603T000000,530000.0,3.0,1.75,1250,6041,1.5,0,0,5,7,1250,0,1942,0,98115,47.69,-122.304,1180,6042
906,906,9406520830,20150326T000000,314950.0,3.0,2.25,1654,8479,2.0,0,0,3,7,1654,0,1995,0,98038,47.3627,-122.037,1654,8479
907,907,3387900390,20141007T000000,255000.0,3.0,1.75,1410,9315,1.0,0,0,5,7,1410,0,1960,0,98031,47.3969,-122.198,1630,8250
908,908,1596600024,20141016T000000,550000.0,5.0,2.75,2160,5720,1.0,0,0,5,7,1500,660,1950,0,98144,47.5728,-122.304,2160,4996
909,909,7625701891,20140806T000000,435000.0,3.0,1.0,1400,4800,1.0,0,0,4,6,700,700,1917,0,98136,47.5499,-122.391,1470,6000
910,910,3224800075,20141124T000000,234000.0,3.0,1.75,1420,8738,1.0,0,0,4,7,1420,0,1966,0,98002,47.3113,-122.207,1660,8738
911,911,7526800200,20141010T000000,615000.0,4.0,2.25,2500,10062,1.0,0,0,3,8,1600,900,1975,0,98052,47.639,-122.1,2500,9750
912,912,3329530200,20140910T000000,205000.0,3.0,2.0,1410,8384,1.0,0,0,3,7,1410,0,1985,0,98001,47.3315,-122.263,1410,9205
913,913,2115200125,20140919T000000,384000.0,4.0,1.75,2100,7135,1.0,0,0,4,7,1050,1050,1955,0,98106,47.5353,-122.349,1730,4000
914,914,6623400135,20140522T000000,324000.0,3.0,2.5,1750,7208,2.0,0,0,3,8,1750,0,1994,0,98055,47.4315,-122.192,2050,7524
915,915,103000116,20140722T000000,645000.0,3.0,1.75,2070,5500,1.0,0,0,4,7,1130,940,1946,0,98115,47.6733,-122.301,1800,4400
916,916,2768301525,20141023T000000,570000.0,3.0,3.25,1570,1777,2.0,0,0,3,8,1260,310,2007,0,98107,47.6655,-122.369,1000,1777
917,917,739980260,20141210T000000,324000.0,3.0,2.5,1920,5322,2.0,0,0,3,8,1920,0,1999,0,98031,47.4095,-122.195,1920,5000
918,918,4302200695,20140828T000000,270000.0,2.0,1.0,1000,10320,1.0,0,0,3,6,1000,0,1943,0,98106,47.527,-122.356,1100,5160
919,919,1431700370,20140519T000000,290000.0,5.0,1.5,2120,7700,1.5,0,0,5,7,2120,0,1962,0,98058,47.4599,-122.172,1730,7700
920,920,7524000030,20140630T000000,250000.0,3.0,2.0,1440,9220,1.0,0,0,3,7,1440,0,1965,0,98198,47.3702,-122.317,1390,7830
921,921,4046500320,20150120T000000,342000.0,3.0,1.75,1660,16275,2.0,0,0,3,7,1660,0,1990,0,98014,47.6903,-121.915,1520,16275
922,922,4325000125,20150318T000000,255000.0,3.0,1.5,1340,8450,1.0,0,0,4,7,1340,0,1958,0,98188,47.4405,-122.28,1340,8920
923,923,3456000160,20140623T000000,800000.0,3.0,2.25,2380,11824,1.0,0,0,4,9,1450,930,1972,0,98040,47.5371,-122.218,2750,11491
924,924,9297301580,20140516T000000,451000.0,3.0,1.75,1560,4049,1.5,0,2,3,7,1000,560,1926,0,98126,47.5666,-122.375,1430,3738
925,925,2465400036,20141203T000000,990000.0,4.0,2.5,2780,10480,1.0,0,3,3,7,1390,1390,1967,0,98033,47.6597,-122.204,2860,10506
926,926,5412200270,20140520T000000,288400.0,4.0,2.5,1860,6687,1.0,0,0,4,7,1220,640,1983,0,98031,47.4046,-122.186,1860,6117
927,927,1109000390,20150310T000000,420000.0,3.0,1.5,2390,4600,2.0,0,0,3,8,1750,640,1920,1995,98118,47.5383,-122.268,1690,5220
928,928,8730000270,20150514T000000,359000.0,2.0,2.75,1370,1140,2.0,0,0,3,8,1080,290,2009,0,98133,47.7052,-122.343,1370,1090
929,929,7937600830,20140808T000000,390000.0,4.0,3.0,2570,262018,1.0,0,0,3,7,1420,1150,1988,0,98058,47.4417,-122.09,2260,19811
930,930,3395070640,20140902T000000,300000.0,3.0,2.5,1320,2614,2.0,0,0,3,7,1320,0,2005,0,98118,47.5355,-122.283,1320,2533
931,931,8663280160,20150305T000000,545000.0,5.0,2.5,2520,7863,1.0,0,0,3,7,1500,1020,1981,0,98034,47.7096,-122.199,2030,8580
932,932,6151800624,20150408T000000,288349.0,3.0,1.0,1250,18616,1.0,0,0,4,6,1250,0,1972,0,98010,47.3414,-122.047,1920,15654
933,933,8594400370,20150205T000000,299900.0,3.0,2.25,1560,35026,1.0,0,0,3,7,1290,270,1985,0,98092,47.3023,-122.069,1660,35160
934,934,2301400640,20140717T000000,891000.0,4.0,2.0,2330,5000,1.5,0,0,5,7,1720,610,1925,0,98117,47.6804,-122.358,2090,5000
935,935,4441300240,20150331T000000,1200000.0,3.0,2.0,3660,22410,1.0,0,3,4,9,1830,1830,1947,0,98117,47.6972,-122.4,2680,8250
936,936,7714000070,20150205T000000,378000.0,4.0,2.5,2790,4650,2.0,0,0,3,8,2790,0,2004,0,98038,47.3556,-122.026,2820,4650
937,937,3432500486,20140623T000000,299995.0,2.0,1.0,1060,7200,1.0,0,0,4,6,1060,0,1951,0,98155,47.7463,-122.315,1850,8291
938,938,5466420030,20141007T000000,253000.0,3.0,2.5,2020,6564,1.0,0,0,3,7,1310,710,1994,0,98042,47.3545,-122.158,1710,5151
939,939,1324079046,20150120T000000,350000.0,3.0,2.25,1580,47916,1.0,0,0,3,7,1580,0,1979,0,98024,47.5583,-121.852,1980,75358
940,940,2768301715,20150311T000000,565000.0,4.0,3.0,2020,4300,1.5,0,0,3,6,2020,0,1900,0,98107,47.6653,-122.372,1290,3440
941,941,3332000135,20140612T000000,315000.0,2.0,1.0,970,5665,1.0,0,0,4,6,970,0,1908,0,98118,47.5513,-122.273,1490,4429
942,942,65000400,20141022T000000,570000.0,4.0,3.0,1490,6766,1.5,0,1,5,7,1490,0,1915,0,98136,47.5446,-122.382,1990,6526
943,943,8820901670,20140811T000000,971000.0,5.0,3.5,4390,10140,2.0,0,0,3,9,3350,1040,2005,0,98125,47.7174,-122.282,2010,8400
944,944,8712100575,20140828T000000,915000.0,5.0,2.5,2750,5589,1.5,0,0,5,9,1840,910,1910,0,98112,47.6364,-122.3,1460,4250
945,945,6116500341,20150112T000000,419000.0,4.0,1.5,2150,23568,1.0,0,0,4,7,2150,0,1950,0,98166,47.4522,-122.355,2150,10125
946,946,4167300030,20150209T000000,260000.0,4.0,1.75,1810,7480,1.0,0,0,3,7,1230,580,1977,0,98023,47.3275,-122.361,1870,9594
947,947,2925059135,20150408T000000,1321500.0,3.0,3.0,2230,12968,2.0,0,0,3,9,2230,0,1990,0,98004,47.6271,-122.197,2260,10160
948,948,7708300140,20150306T000000,369950.0,3.0,1.0,2430,10720,1.0,0,0,3,7,2430,0,1977,0,98045,47.4895,-121.787,1660,11560
949,949,4139430340,20141015T000000,1029900.0,3.0,2.5,3680,13384,2.0,0,0,3,10,3680,0,1994,0,98006,47.5484,-122.119,3600,11306
950,950,3812400070,20150506T000000,435000.0,5.0,1.0,1410,6750,1.5,0,0,3,6,1410,0,1929,0,98118,47.5453,-122.278,1360,6750
951,951,9455200445,20150325T000000,601000.0,3.0,1.75,1330,6743,1.0,0,0,3,8,1330,0,1958,2002,98125,47.7012,-122.286,2600,7350
952,952,6203000160,20140716T000000,460500.0,3.0,1.0,1490,10650,1.0,0,0,3,7,1150,340,1963,0,98033,47.663,-122.178,1730,9800
953,953,7517500611,20140521T000000,720000.0,3.0,2.5,2020,1159,3.0,0,3,3,8,2020,0,2000,0,98103,47.6617,-122.356,1920,3600
954,954,8691300860,20150421T000000,851000.0,4.0,2.5,3130,13202,2.0,0,0,3,10,3130,0,1996,0,98075,47.5878,-121.976,2840,10470
955,955,5489200435,20140904T000000,550000.0,4.0,3.0,2670,5000,2.0,0,2,3,7,2670,0,1916,1978,98126,47.5784,-122.377,2300,5000
956,956,510002065,20150323T000000,700000.0,4.0,1.0,1980,4560,1.5,0,0,3,7,1980,0,1920,0,98103,47.6606,-122.331,1810,3245
957,957,252000400,20140908T000000,323000.0,3.0,1.75,2100,14850,1.0,0,0,4,7,2100,0,1963,0,98042,47.3622,-122.059,1930,17238
958,958,7279300070,20140922T000000,345500.0,3.0,1.0,1350,8581,1.0,0,0,5,6,1350,0,1944,0,98177,47.7612,-122.362,2080,8451
959,959,8113101670,20141203T000000,378000.0,4.0,1.5,2140,7920,1.0,0,0,3,7,1190,950,1959,0,98118,47.5491,-122.272,2140,7238
960,960,7578200310,20141112T000000,650000.0,4.0,2.0,2208,5000,3.0,0,0,5,8,2208,0,1917,0,98116,47.5711,-122.383,1760,5000
961,961,7715800570,20150413T000000,385000.0,3.0,2.0,1010,7380,1.0,0,0,3,7,1010,0,1982,0,98074,47.6273,-122.062,1650,9030
962,962,6852700478,20140916T000000,425000.0,2.0,1.0,970,2970,1.0,0,0,3,7,970,0,1910,0,98102,47.6233,-122.319,1670,3000
963,963,1917300260,20141202T000000,210000.0,4.0,2.0,1520,6174,1.5,0,0,5,6,1520,0,1920,0,98022,47.2105,-121.989,1390,5407
964,964,4298100070,20140528T000000,630000.0,4.0,2.5,2740,43101,2.0,0,0,3,9,2740,0,1993,0,98077,47.7649,-122.049,2740,33447
965,965,1842000140,20140730T000000,335000.0,3.0,1.75,1570,7500,1.0,0,1,3,7,1300,270,1953,0,98146,47.4999,-122.368,1590,7660
966,966,5462100240,20140625T000000,196500.0,3.0,1.0,1320,9000,1.0,0,0,3,7,1320,0,1966,0,98001,47.3461,-122.272,1320,9800
967,967,8651520510,20140515T000000,582800.0,4.0,2.75,2550,7636,1.0,0,0,3,8,1440,1110,1986,0,98074,47.6471,-122.06,2290,8223
968,968,3578110200,20140623T000000,440000.0,3.0,1.75,1560,7207,1.0,0,0,3,7,1250,310,1983,0,98034,47.7283,-122.222,1540,7485
969,969,7555210340,20140825T000000,752500.0,4.0,2.25,2360,8616,2.0,0,0,4,8,2360,0,1974,0,98033,47.6495,-122.198,2360,9337
970,970,2313900510,20141028T000000,532500.0,3.0,1.75,1330,5000,2.0,0,0,4,7,1210,120,1909,0,98116,47.5724,-122.384,1500,4000
971,971,2009001600,20150506T000000,265000.0,3.0,1.0,1070,9000,1.0,0,0,4,7,1070,0,1950,0,98198,47.4061,-122.33,1840,12000
972,972,1455100116,20150202T000000,397500.0,3.0,1.25,1510,13737,1.0,0,3,4,6,810,700,1961,0,98125,47.7289,-122.283,2560,10202
973,973,3629790160,20140724T000000,524250.0,3.0,2.5,1710,3469,2.0,0,0,3,8,1710,0,1999,0,98029,47.54600000000001,-122.011,2120,3560
974,974,1778350070,20140509T000000,765000.0,4.0,2.75,2790,10819,2.0,0,0,3,10,2790,0,1996,0,98027,47.5515,-122.08,3080,12603
975,975,1703050200,20140806T000000,648000.0,4.0,2.5,2620,5450,2.0,0,0,3,9,2620,0,2001,0,98074,47.6301,-122.019,2590,5371
976,976,5469700570,20140812T000000,469500.0,5.0,2.5,2970,24759,1.0,0,0,4,8,1670,1300,1969,0,98031,47.3908,-122.173,2100,21803
977,977,100600860,20150324T000000,237500.0,3.0,1.75,1050,7854,1.0,0,0,4,7,1050,0,1975,0,98023,47.3011,-122.369,1360,7668
978,978,421049116,20150121T000000,216000.0,3.0,1.0,1280,8712,1.0,0,0,4,7,1280,0,1956,0,98003,47.3298,-122.297,1420,8800
979,979,3205200640,20150330T000000,427200.0,3.0,1.0,1030,8400,1.0,0,0,4,7,1030,0,1963,0,98056,47.5364,-122.173,1270,8400
980,980,8899200570,20150311T000000,280000.0,3.0,2.25,1900,7800,1.0,0,0,4,8,1390,510,1977,0,98055,47.4545,-122.208,1730,7800
981,981,1777500160,20150425T000000,718000.0,5.0,3.0,3070,9804,1.0,0,0,4,9,1740,1330,1968,0,98006,47.5702,-122.128,2550,9689
982,982,7853340860,20150310T000000,420000.0,2.0,2.75,1760,4139,2.0,0,0,3,8,1760,0,2010,0,98065,47.5175,-121.878,1870,3076
983,983,1862400132,20140916T000000,379000.0,2.0,1.0,930,5400,1.0,0,0,3,7,930,0,1952,0,98117,47.6971,-122.372,1050,5400
984,984,6380500135,20140527T000000,326100.0,2.0,1.0,880,7683,1.0,0,0,3,6,880,0,1942,0,98177,47.7145,-122.361,1370,7695
985,985,9528104108,20140529T000000,535000.0,3.0,2.5,1360,1016,3.0,0,0,3,7,1310,50,2003,0,98115,47.6774,-122.324,1365,1156
986,986,2571910160,20141001T000000,283000.0,4.0,2.75,2130,8560,1.0,0,0,3,7,1560,570,1992,0,98022,47.1949,-122.01,2130,8560
987,987,316000160,20140821T000000,260000.0,3.0,1.0,1480,7469,1.5,0,0,3,6,1120,360,1940,0,98168,47.5048,-122.301,1460,7379
988,988,2695600505,20150413T000000,399000.0,4.0,1.0,1500,6388,1.5,0,0,4,7,1500,0,1951,0,98126,47.5303,-122.378,980,5366
989,989,3904910320,20150225T000000,484950.0,3.0,2.25,1670,5004,2.0,0,0,3,8,1670,0,1987,0,98029,47.5688,-122.017,1850,5276
990,990,4100000140,20141013T000000,640000.0,4.0,1.75,2060,9828,1.0,0,0,4,8,2060,0,1960,0,98005,47.5867,-122.174,2260,9996
991,991,3226049270,20150304T000000,585000.0,4.0,2.5,2160,8158,1.0,0,0,4,8,1660,500,1952,0,98115,47.6948,-122.328,1520,7208
992,992,1455600030,20150108T000000,645000.0,4.0,2.0,2780,11583,1.0,0,3,3,8,1190,1590,1955,0,98125,47.7293,-122.284,2580,10241
993,993,5559600140,20150505T000000,253000.0,3.0,2.0,1490,7651,1.0,0,0,3,7,1490,0,1988,0,98003,47.3211,-122.325,1590,7795
994,994,5147600105,20140721T000000,178500.0,2.0,1.0,740,6460,1.0,0,0,3,6,740,0,1953,0,98146,47.5077,-122.344,1170,6975
995,995,7437100570,20140821T000000,291000.0,4.0,2.5,1860,6325,2.0,0,0,4,7,1860,0,1991,0,98038,47.3492,-122.03,1860,6449
996,996,8856004730,20140917T000000,199950.0,2.0,2.75,1590,20917,1.5,0,0,3,5,1590,0,1920,0,98001,47.2786,-122.25,1310,6000
997,997,3856902996,20140804T000000,553500.0,2.0,1.0,850,2340,1.0,0,0,3,7,850,0,1922,0,98105,47.6707,-122.328,1300,3000
998,998,1442800370,20150415T000000,189950.0,2.0,1.0,1030,4188,1.0,0,0,3,8,1030,0,1981,0,98038,47.3738,-122.057,1450,3376
999,999,8001400340,20140924T000000,289000.0,3.0,2.0,1850,9550,1.0,0,0,3,8,1850,0,1988,0,98001,47.3225,-122.273,2250,9550
1000,1000,3131200640,20150427T000000,700000.0,4.0,2.0,1830,4590,2.0,0,0,3,8,1830,0,1908,0,98105,47.6593,-122.327,1650,4590
1001,1001,984000710,20141022T000000,270000.0,3.0,2.0,1560,8853,1.0,0,0,3,7,1560,0,1967,0,98058,47.4312,-122.171,1610,8750
1002,1002,4167300350,20140508T000000,258000.0,4.0,1.75,1730,8320,1.0,0,0,3,7,1230,500,1977,0,98023,47.327,-122.361,1840,9800
1003,1003,2826049282,20140614T000000,530000.0,3.0,2.5,1930,7214,2.0,0,0,3,8,1930,0,2005,0,98125,47.7191,-122.309,1930,7266
1004,1004,8946750030,20141218T000000,245000.0,3.0,2.25,1422,3677,2.0,0,0,3,7,1422,0,2012,0,98092,47.3204,-122.178,1677,3677
1005,1005,461004720,20150422T000000,563000.0,3.0,2.0,1380,5000,1.5,0,0,4,7,1380,0,1917,0,98117,47.6807,-122.369,1350,5000
1006,1006,7852090810,20141119T000000,515000.0,3.0,2.5,2430,4203,2.0,0,0,3,8,2430,0,2001,0,98065,47.5346,-121.875,2500,4798
1007,1007,9264960340,20140617T000000,325000.0,4.0,2.5,2610,7091,2.0,0,0,3,9,2610,0,1987,0,98023,47.3017,-122.349,2610,7773
1008,1008,1624079104,20150402T000000,540000.0,3.0,2.25,2000,217800,2.0,0,0,3,8,2000,0,1996,0,98024,47.5599,-121.911,2220,217800
1009,1009,4310700570,20141210T000000,280300.0,2.0,1.0,920,5000,1.0,0,0,4,6,490,430,1949,0,98103,47.7008,-122.338,1500,5000
1010,1010,1254200075,20140509T000000,460000.0,4.0,1.75,1750,5500,1.5,0,0,5,7,1050,700,1926,0,98117,47.6802,-122.388,1640,5500
1011,1011,7214820030,20141212T000000,475000.0,3.0,1.75,2020,8970,1.0,0,0,4,7,1180,840,1981,0,98072,47.7571,-122.145,2140,8008
1012,1012,865100055,20140612T000000,900000.0,4.0,2.25,2460,44431,1.0,0,0,4,9,2460,0,1957,0,98007,47.6042,-122.147,2830,44431
1013,1013,686201000,20141230T000000,538200.0,4.0,3.0,1780,7260,1.0,0,0,4,8,1780,0,1964,0,98008,47.627,-122.114,1810,7920
1014,1014,342000570,20140909T000000,429000.0,2.0,1.0,1080,3600,1.0,0,0,3,7,1080,0,1922,0,98122,47.6078,-122.291,2230,4500
1015,1015,5476200160,20140725T000000,164808.0,3.0,1.0,1250,5411,1.0,0,0,3,7,1250,0,1980,0,98178,47.5064,-122.265,1490,6320
1016,1016,7199320570,20150126T000000,520000.0,4.0,2.25,1870,7700,2.0,0,0,3,7,1870,0,1977,0,98052,47.6937,-122.127,1970,7700
1017,1017,6414100560,20140618T000000,475000.0,3.0,1.75,1700,8432,1.0,0,0,3,8,1230,470,1977,0,98125,47.7221,-122.317,1800,7842
1018,1018,1623049214,20140926T000000,283000.0,4.0,1.5,1480,47045,1.0,0,0,5,6,1480,0,1942,0,98168,47.4809,-122.3,1530,11000
1019,1019,2379300340,20150331T000000,321500.0,4.0,2.5,1930,6228,2.0,0,0,3,8,1930,0,2000,0,98030,47.3572,-122.191,1930,6168
1020,1020,7701990560,20140729T000000,840000.0,4.0,2.75,3130,21810,2.0,0,0,4,10,3130,0,1993,0,98077,47.7083,-122.073,3330,21810
1021,1021,2025700860,20150414T000000,287000.0,3.0,2.25,1370,6000,2.0,0,0,4,7,1370,0,1992,0,98038,47.3484,-122.033,1370,6200
1022,1022,8562500200,20140605T000000,375000.0,3.0,1.75,960,8106,1.0,0,0,3,7,960,0,1962,0,98052,47.6737,-122.156,1650,8035
1023,1023,8143100350,20140825T000000,349500.0,3.0,1.75,1260,7128,1.0,0,0,4,7,1260,0,1969,0,98034,47.7263,-122.205,1330,7326
1024,1024,37000335,20140814T000000,446450.0,3.0,1.5,1480,7749,1.0,0,0,5,7,1480,0,1960,0,98126,47.5144,-122.379,1140,5320
1025,1025,1862900350,20140610T000000,315000.0,4.0,2.5,1930,9643,2.0,0,0,4,7,1930,0,1992,0,98031,47.4065,-122.18,1930,7525
1026,1026,1498302774,20140520T000000,271310.0,2.0,1.0,870,5340,1.5,0,0,2,6,870,0,1906,0,98144,47.5849,-122.302,1190,4440
1027,1027,2224700136,20150122T000000,315000.0,4.0,1.0,1300,8400,1.5,0,0,4,7,1300,0,1953,0,98133,47.7612,-122.332,1330,8400
1028,1028,7697920160,20140515T000000,245000.0,3.0,1.75,1490,6930,1.0,0,0,4,7,1490,0,1990,0,98030,47.3682,-122.179,1880,6861
1029,1029,1370804430,20150305T000000,543115.0,2.0,1.0,1380,5484,1.0,0,0,3,8,1030,350,1947,0,98199,47.6382,-122.399,1380,5347
1030,1030,2267000160,20141020T000000,900000.0,4.0,2.0,1190,8190,1.5,0,0,3,7,1190,0,1945,0,98117,47.6908,-122.397,1190,1567
1031,1031,5700004028,20150417T000000,2450000.0,4.0,4.25,4250,6552,2.0,0,3,4,10,2870,1380,2008,0,98144,47.5747,-122.283,3640,8841
1032,1032,8682231170,20150429T000000,554000.0,2.0,2.0,1920,6045,1.0,0,0,3,8,1920,0,2003,0,98053,47.7107,-122.031,1670,5200
1033,1033,3353400860,20140717T000000,249900.0,3.0,1.75,2080,12522,1.0,0,0,5,6,2080,0,1950,0,98001,47.267,-122.25,1690,11200
1034,1034,2424059035,20140820T000000,768000.0,3.0,2.5,3220,54160,2.0,0,2,4,9,2690,530,1981,0,98006,47.5468,-122.109,3460,44374
1035,1035,2021201000,20140523T000000,980000.0,4.0,3.0,3680,5854,1.0,0,3,3,10,2060,1620,1967,0,98199,47.6327,-122.395,3140,5000
1036,1036,3919000030,20150420T000000,395000.0,5.0,2.5,2070,9600,1.0,0,0,3,7,1270,800,1962,0,98146,47.4997,-122.364,1950,7800
1037,1037,789000550,20150413T000000,415000.0,3.0,1.75,1480,2200,2.0,0,0,3,7,1480,0,1995,0,98103,47.6969,-122.35,1360,2190
1038,1038,5104511040,20150220T000000,380000.0,4.0,2.5,2000,6921,2.0,0,0,3,8,2000,0,2003,0,98038,47.3559,-122.014,2430,6339
1039,1039,7215722010,20150226T000000,566000.0,3.0,2.5,1560,5259,2.0,0,0,3,8,1560,0,1999,0,98075,47.5985,-122.016,2170,5461
1040,1040,16000435,20150316T000000,218500.0,2.0,1.0,1600,8961,1.0,0,0,4,7,1390,210,1949,0,98002,47.3098,-122.21,1502,6798
1041,1041,7197300105,20140502T000000,550000.0,4.0,2.5,1940,10500,1.0,0,0,4,7,1140,800,1976,0,98052,47.683,-122.114,2200,10500
1042,1042,2877101031,20140702T000000,512031.0,3.0,1.75,1540,3000,1.0,0,2,3,7,770,770,1920,0,98117,47.6769,-122.36,1420,4200
1043,1043,2892600016,20150317T000000,197500.0,2.0,1.0,820,8860,1.0,0,0,3,6,820,0,1950,0,98055,47.452,-122.19,1660,15375
1044,1044,2423020270,20140715T000000,470000.0,3.0,2.25,1780,8784,1.0,0,0,3,7,1230,550,1977,0,98033,47.701,-122.172,1780,7704
1045,1045,1825079070,20150313T000000,590000.0,3.0,1.75,1560,242629,1.0,0,0,3,7,1560,0,1981,0,98053,47.6493,-121.956,2320,220654
1046,1046,5255710160,20150318T000000,465000.0,4.0,2.25,2210,8862,1.0,0,0,4,8,1270,940,1977,0,98011,47.7725,-122.198,2030,8862
1047,1047,723069135,20140915T000000,499000.0,2.0,1.75,2040,114562,1.0,0,0,4,7,2040,0,1968,0,98027,47.4985,-122.092,1850,94960
1048,1048,2024059094,20140825T000000,515000.0,3.0,2.25,1920,11500,1.0,0,0,3,8,1920,0,1972,2000,98006,47.5498,-122.188,2260,8866
1049,1049,7613700860,20141106T000000,716500.0,3.0,1.75,1930,5000,1.0,0,0,3,9,1230,700,1936,0,98105,47.6582,-122.278,2300,6000
1050,1050,2771101200,20140517T000000,410000.0,3.0,2.0,1700,4250,1.0,0,0,3,6,890,810,1944,0,98199,47.6542,-122.385,1440,4250
1051,1051,7625704510,20141022T000000,850000.0,4.0,3.25,3450,6500,2.0,0,0,3,8,2450,1000,1994,0,98136,47.5437,-122.388,1750,6500
1052,1052,1762600260,20140522T000000,1050000.0,4.0,3.25,3440,35021,2.0,0,0,3,10,3440,0,1983,0,98033,47.6476,-122.184,3440,35021
1053,1053,2553300030,20140609T000000,648000.0,4.0,2.5,2380,13435,2.0,0,0,3,10,2380,0,1992,0,98075,47.5833,-122.028,2730,9677
1054,1054,5309101200,20140605T000000,620000.0,4.0,2.25,2400,5350,1.5,0,0,4,7,1460,940,1929,0,98117,47.6763,-122.37,1250,4880
1055,1055,5416300240,20150202T000000,935000.0,4.0,4.5,5670,84267,2.0,0,2,3,11,5670,0,2008,0,98010,47.323,-122.044,4100,83729
1056,1056,3756600240,20150319T000000,379000.0,3.0,1.0,1140,10320,1.0,0,0,4,7,1140,0,1963,0,98034,47.7168,-122.196,1140,10412
1057,1057,8127700445,20140716T000000,699000.0,3.0,1.75,1670,5375,1.0,0,0,3,7,1270,400,1952,0,98199,47.6416,-122.397,1460,6125
1058,1058,9421500070,20141230T000000,528000.0,4.0,2.25,1910,8005,1.0,0,0,3,8,1280,630,1960,0,98125,47.7259,-122.298,1860,8010
1059,1059,9477710160,20150426T000000,425000.0,3.0,1.75,1560,9452,1.0,0,0,4,8,1560,0,1974,0,98056,47.5197,-122.18,2200,9985
1060,1060,1795500240,20140623T000000,249500.0,2.0,1.75,1500,8645,1.0,0,0,4,7,1500,0,1963,0,98042,47.3643,-122.115,1220,8645
1061,1061,7203220260,20140716T000000,1035480.0,5.0,3.25,4475,6642,2.0,0,0,3,9,4475,0,2014,0,98053,47.6849,-122.018,3720,6633
1062,1062,3524039204,20140813T000000,790000.0,4.0,2.75,2840,11900,1.0,0,3,4,9,1640,1200,1961,0,98136,47.5271,-122.386,2790,10070
1063,1063,5706200060,20140818T000000,399950.0,3.0,1.0,1020,18050,1.0,0,0,3,7,1020,0,1969,0,98027,47.5254,-122.043,1750,11640
1064,1064,7283900012,20141021T000000,275000.0,3.0,1.5,1410,9000,1.0,0,0,3,7,1410,0,1953,0,98133,47.7635,-122.35,1910,7214
1065,1065,809001070,20150123T000000,550000.0,3.0,1.0,1520,2500,1.5,0,0,3,8,1520,0,1912,0,98109,47.6347,-122.352,1880,3600
1066,1066,3340401535,20141105T000000,140000.0,1.0,1.0,730,6890,1.0,0,0,4,4,730,0,1926,0,98055,47.467,-122.215,1790,7969
1067,1067,1607100139,20140725T000000,250000.0,3.0,1.0,1190,6250,1.0,0,0,3,7,990,200,1954,0,98108,47.5658,-122.292,1760,6434
1068,1068,8699800060,20140903T000000,318000.0,3.0,2.25,1410,8909,2.0,0,2,3,7,1410,0,1988,0,98198,47.3983,-122.31,2050,8909
1069,1069,524069037,20140710T000000,505000.0,2.0,1.0,1240,57000,1.0,0,0,3,7,1240,0,1962,0,98075,47.597,-122.059,3050,25545
1070,1070,6072600200,20150417T000000,470500.0,5.0,2.5,2500,9248,1.0,0,0,3,8,1300,1200,1966,0,98006,47.5415,-122.18,2090,8568
1071,1071,5144000036,20140527T000000,360000.0,3.0,1.0,1050,9206,1.5,0,0,3,7,1050,0,1954,0,98125,47.7071,-122.301,1380,6384
1072,1072,7855300200,20150319T000000,1242500.0,4.0,2.75,2680,8500,1.0,0,4,4,9,1480,1200,1962,0,98006,47.5634,-122.156,2940,8650
1073,1073,2485000202,20150410T000000,986000.0,3.0,2.5,2380,16080,1.0,0,2,4,9,1340,1040,1964,0,98136,47.5262,-122.386,2560,10070
1074,1074,9209900270,20150205T000000,515000.0,2.0,1.0,1060,4228,1.0,0,0,3,7,860,200,1906,0,98112,47.6231,-122.293,1060,4187
1075,1075,6099400030,20150114T000000,320000.0,3.0,1.75,2300,41900,1.0,0,0,4,8,1310,990,1939,0,98168,47.477,-122.292,1160,8547
1076,1076,9368700223,20150202T000000,310000.0,4.0,3.0,2010,7426,1.0,0,0,5,7,1090,920,1951,0,98178,47.5042,-122.265,1470,7426
1077,1077,1782000160,20140530T000000,356700.0,2.0,1.0,1090,5000,1.0,0,0,4,7,730,360,1942,0,98126,47.5258,-122.378,990,5250
1078,1078,269001360,20150422T000000,775000.0,4.0,1.75,2320,5595,1.0,0,0,3,7,1510,810,1956,0,98199,47.6397,-122.388,1840,5596
1079,1079,390100060,20150421T000000,325000.0,3.0,1.0,1040,7541,1.0,0,0,3,6,1040,0,1951,0,98133,47.7565,-122.339,1140,6100
1080,1080,7888400560,20141002T000000,208000.0,4.0,2.75,1810,8677,1.5,0,0,3,7,1810,0,1962,0,98198,47.3668,-122.31,1740,8677
1081,1081,7567600045,20140827T000000,825000.0,2.0,1.0,1150,12775,1.0,1,4,4,6,1150,0,1908,0,98178,47.502,-122.222,2440,11852
1082,1082,7764200030,20140716T000000,515000.0,3.0,2.5,2360,11254,1.0,0,2,3,9,2360,0,1990,0,98003,47.3356,-122.333,2390,11254
1083,1083,9828202545,20150127T000000,490000.0,3.0,1.5,1970,3400,1.5,0,0,4,8,1420,550,1929,0,98122,47.6163,-122.292,1940,4000
1084,1084,6114600030,20140520T000000,675000.0,4.0,3.0,2690,28300,1.0,0,0,3,8,2690,0,1954,1999,98166,47.4458,-122.343,2820,27100
1085,1085,9834200885,20140717T000000,360000.0,4.0,2.5,2080,4080,1.0,0,0,5,7,1040,1040,1962,0,98144,47.572,-122.29,1340,4080
1086,1086,9834200885,20150420T000000,550000.0,4.0,2.5,2080,4080,1.0,0,0,5,7,1040,1040,1962,0,98144,47.572,-122.29,1340,4080
1087,1087,3509600070,20140725T000000,225000.0,3.0,1.5,1370,9000,1.0,0,0,3,7,1370,0,1962,0,98168,47.4973,-122.328,1400,9075
1088,1088,2473002080,20150317T000000,500000.0,3.0,2.75,3410,9360,1.5,0,0,4,8,3410,0,1967,0,98058,47.4497,-122.147,2260,10128
1089,1089,1081300370,20150427T000000,385000.0,4.0,2.0,1850,11700,1.0,0,0,4,8,1850,0,1969,0,98059,47.4702,-122.12,2110,11700
1090,1090,11501160,20140617T000000,837700.0,5.0,2.75,3010,12611,2.0,0,0,3,10,3010,0,1994,0,98052,47.696000000000005,-122.102,2890,9456
1091,1091,7202330370,20150210T000000,448000.0,3.0,2.25,1530,3056,2.0,0,0,3,7,1530,0,2003,0,98053,47.6817,-122.035,1560,3064
1092,1092,7000100631,20150507T000000,730000.0,5.0,1.75,2690,21357,1.0,0,0,4,7,1420,1270,1952,0,98004,47.5831,-122.191,2600,17539
1093,1093,2484200171,20140714T000000,575000.0,4.0,1.5,2810,7140,1.0,0,2,3,8,1490,1320,1954,0,98136,47.5252,-122.382,2240,6825
1094,1094,9477201040,20141118T000000,430000.0,3.0,1.75,1810,7300,1.0,0,0,4,7,1240,570,1976,0,98034,47.7299,-122.192,1460,7560
1095,1095,7202290160,20150114T000000,435000.0,3.0,2.5,1560,3987,2.0,0,0,3,7,1560,0,2002,0,98053,47.687,-122.043,1600,3152
1096,1096,4366700140,20141219T000000,241000.0,3.0,1.0,1010,9611,1.0,0,0,4,6,1010,0,1973,0,98092,47.3006,-122.066,1200,9611
1097,1097,5457300478,20150513T000000,453500.0,2.0,1.75,1000,1760,1.0,0,0,4,6,600,400,1924,0,98109,47.6261,-122.355,2120,2802
1098,1098,9158100116,20150406T000000,285000.0,2.0,1.5,990,1380,3.0,0,0,3,7,990,0,2001,0,98133,47.7218,-122.356,1050,1380
1099,1099,7227500830,20140528T000000,151000.0,2.0,1.0,720,4222,1.0,0,0,4,5,720,0,1942,0,98056,47.4965,-122.186,860,4785
1100,1100,7237500390,20141110T000000,1570000.0,5.0,4.5,6070,14731,2.0,0,0,3,11,6070,0,2004,0,98059,47.5306,-122.134,4750,13404
1101,1101,2197600451,20141105T000000,631000.0,5.0,2.0,2270,2400,2.0,0,0,3,7,2270,0,1905,0,98122,47.6051,-122.319,1320,2400
1102,1102,3278604400,20140602T000000,285000.0,2.0,2.5,1380,1073,2.0,0,0,3,7,1140,240,2011,0,98126,47.5462,-122.369,1580,2036
1103,1103,1788700160,20150220T000000,195000.0,3.0,1.0,1260,8378,1.0,0,0,4,6,840,420,1959,1977,98023,47.3274,-122.348,1140,8496
1104,1104,3276930270,20150425T000000,817500.0,4.0,2.5,2910,35679,2.0,0,0,4,9,2910,0,1987,0,98075,47.5859,-121.991,2720,36728
1105,1105,7374600060,20150109T000000,550000.0,3.0,2.0,1810,12825,1.0,0,0,4,7,1810,0,1960,0,98007,47.5953,-122.14,1490,10800
1106,1106,2505500030,20140703T000000,1127000.0,4.0,2.5,3160,8281,2.0,0,0,4,9,3160,0,1995,0,98033,47.6699,-122.195,3000,8281
1107,1107,2770604942,20141230T000000,609850.0,2.0,2.75,1910,1369,3.0,0,0,3,9,1910,0,2002,0,98119,47.6544,-122.373,1910,1879
1108,1108,7831800505,20150106T000000,200000.0,3.0,1.0,1230,4380,1.0,0,0,3,6,1230,0,1947,0,98106,47.5352,-122.361,1525,6026
1109,1109,5416510060,20150306T000000,367000.0,4.0,2.5,2960,6219,2.0,0,0,3,9,2960,0,2006,0,98038,47.3603,-122.037,2960,5361
1110,1110,4137010260,20140825T000000,285167.0,3.0,2.25,2200,8375,2.0,0,0,3,8,2200,0,1988,0,98092,47.2626,-122.218,2200,10002
1111,1111,7683800200,20150402T000000,275000.0,2.0,1.5,1270,32175,1.0,0,0,4,7,1270,0,1947,0,98003,47.3347,-122.304,1270,10200
1112,1112,1509500160,20150324T000000,350900.0,4.0,2.5,2540,12843,2.0,0,0,3,9,2540,0,1992,0,98030,47.3866,-122.169,2410,9383
1113,1113,3904940200,20140620T000000,660000.0,4.0,3.25,3030,9273,2.0,0,0,5,8,3030,0,1988,0,98029,47.5747,-122.014,2360,7632
1114,1114,4037200295,20140819T000000,525000.0,3.0,1.75,1520,8835,1.0,0,0,4,7,1520,0,1957,0,98008,47.6054,-122.118,1760,8580
1115,1115,7258200055,20150206T000000,262000.0,4.0,2.5,1560,7800,2.0,0,0,3,7,1560,0,1997,0,98168,47.514,-122.316,1160,7800
1116,1116,9178600560,20140623T000000,690000.0,2.0,1.0,970,4560,1.0,0,0,4,7,970,0,1907,0,98103,47.6561,-122.332,1500,4560
1117,1117,255520260,20150324T000000,624000.0,5.0,3.75,3570,14648,2.0,0,0,3,9,3570,0,2005,0,98019,47.7377,-121.974,3160,7882
1118,1118,751000060,20140506T000000,353000.0,3.0,1.0,1350,7740,1.0,0,0,4,6,860,490,1947,0,98125,47.7098,-122.291,1130,7740
1119,1119,3343900326,20150311T000000,552500.0,4.0,3.5,3710,10400,2.0,0,0,3,8,2290,1420,2002,0,98056,47.5041,-122.186,1720,4276
1120,1120,7137900320,20140509T000000,224500.0,4.0,1.0,1430,8355,1.5,0,0,4,7,1430,0,1983,0,98092,47.3178,-122.174,1550,7938
1121,1121,2641800060,20150427T000000,239000.0,3.0,1.0,940,8571,1.0,0,0,3,6,940,0,1950,0,98146,47.5006,-122.336,1100,8573
1122,1122,293760310,20140711T000000,975000.0,5.0,4.5,4300,12250,2.0,0,0,3,10,4300,0,2004,0,98029,47.5557,-122.027,3950,12250
1123,1123,7237501180,20140625T000000,1200000.0,4.0,1.75,3990,13470,2.0,0,0,3,11,3990,0,2006,0,98059,47.5305,-122.131,5790,13709
1124,1124,5332200550,20150325T000000,505000.0,3.0,1.0,1380,4000,1.5,0,0,3,7,1380,0,1910,0,98112,47.6261,-122.296,1690,4000
1125,1125,3450300240,20140515T000000,302000.0,4.0,1.75,2020,7865,1.0,0,0,4,7,1010,1010,1963,0,98059,47.5008,-122.162,1650,7865
1126,1126,9352900695,20140922T000000,170000.0,3.0,1.0,1480,5670,1.0,0,0,3,6,780,700,1944,0,98106,47.5175,-122.36,760,5040
1127,1127,3324069070,20140707T000000,195000.0,2.0,1.0,1190,27007,1.0,0,0,4,5,1190,0,1910,0,98027,47.524,-122.04,1730,12632
1128,1128,8062900070,20140909T000000,272000.0,5.0,1.5,2550,6300,1.0,0,0,4,7,1560,990,1959,0,98056,47.5014,-122.172,1380,6300
1129,1129,8062900070,20150213T000000,369000.0,5.0,1.5,2550,6300,1.0,0,0,4,7,1560,990,1959,0,98056,47.5014,-122.172,1380,6300
1130,1130,4427100030,20150114T000000,332500.0,3.0,1.5,1500,6332,1.0,0,0,3,7,1500,0,1953,0,98125,47.7274,-122.312,1500,6337
1131,1131,4039100400,20150506T000000,515000.0,3.0,2.5,3000,8250,1.0,0,0,4,8,1760,1240,1963,0,98008,47.6191,-122.112,2040,8250
1132,1132,2171400126,20140605T000000,269000.0,3.0,1.0,1690,4250,1.0,0,0,3,7,1020,670,1967,0,98178,47.4945,-122.258,1820,8865
1133,1133,7135520810,20140730T000000,1278000.0,4.0,4.0,4390,17832,1.0,0,0,4,11,2430,1960,1994,0,98059,47.5283,-122.143,3090,12369
1134,1134,2475201180,20150206T000000,303000.0,3.0,2.5,1560,4100,2.0,0,0,3,7,1560,0,1985,0,98055,47.4733,-122.189,1660,4400
1135,1135,4024100951,20150105T000000,420000.0,7.0,3.0,2940,8624,1.0,0,0,3,8,1690,1250,1977,0,98155,47.7555,-122.307,1850,8031
1136,1136,6021502830,20141110T000000,400000.0,3.0,1.0,1130,4100,1.0,0,0,3,7,990,140,1941,0,98117,47.6856,-122.385,1800,4100
1137,1137,7710100083,20150204T000000,225000.0,3.0,1.0,1020,8437,1.0,0,0,5,6,1020,0,1987,0,98022,47.2093,-122.0,1420,8500
1138,1138,2781270550,20140916T000000,219000.0,2.0,2.0,1310,2550,2.0,0,0,3,6,1310,0,2004,0,98038,47.3496,-122.022,1310,2550
1139,1139,200510060,20141231T000000,605000.0,3.0,2.5,2570,9487,2.0,0,3,3,9,2570,0,1989,0,98011,47.7408,-122.216,2490,9898
1140,1140,9554200105,20141014T000000,625000.0,4.0,2.0,2020,6867,1.0,0,0,5,8,1010,1010,1942,0,98115,47.7,-122.292,1250,6842
1141,1141,3320000810,20150224T000000,380000.0,5.0,2.0,1680,3240,1.0,0,0,3,5,840,840,1906,0,98144,47.5965,-122.311,1380,1260
1142,1142,643500060,20150424T000000,620000.0,4.0,2.0,1770,7700,1.5,0,0,4,7,1770,0,1962,0,98007,47.5916,-122.146,1710,7700
1143,1143,2537500140,20140627T000000,687500.0,4.0,2.75,3190,10970,2.0,0,0,3,10,3190,0,1994,0,98075,47.5862,-122.029,2850,8416
1144,1144,5112800421,20140723T000000,225500.0,4.0,2.0,1440,7950,1.0,0,0,5,6,1440,0,1962,0,98058,47.4517,-122.082,1530,20037
1145,1145,3352402236,20141215T000000,252500.0,3.0,2.0,1150,6000,1.0,0,0,5,7,1150,0,1956,0,98178,47.498000000000005,-122.263,1980,6360
1146,1146,3905100520,20141029T000000,510000.0,3.0,2.5,1860,3658,2.0,0,0,3,8,1860,0,1994,0,98029,47.5703,-122.004,1840,3739
1147,1147,6332940070,20140507T000000,510000.0,4.0,2.5,2430,5203,2.0,0,0,3,8,2430,0,2003,0,98155,47.7402,-122.317,2260,7474
1148,1148,809002435,20140808T000000,725000.0,3.0,2.5,1940,4000,1.5,0,0,5,7,1940,0,1906,0,98109,47.6372,-122.352,1440,4000
1149,1149,3421079032,20150217T000000,75000.0,1.0,2.1157362403369904,670,43377,1.0,0,0,3,3,670,0,1966,0,98022,47.2638,-121.906,1160,42882
1150,1150,3797000295,20150312T000000,492000.0,2.0,1.0,880,2970,1.0,0,0,3,7,880,0,1927,0,98103,47.6868,-122.349,1370,3060
1151,1151,1775801260,20150311T000000,425000.0,4.0,2.5,1930,14196,1.0,0,0,4,7,1330,600,1977,0,98072,47.7407,-122.097,1470,12852
1152,1152,4055701200,20150421T000000,1955000.0,4.0,2.75,3120,7898,1.0,1,4,4,8,1560,1560,1963,0,98034,47.7165,-122.259,2630,13868
1153,1153,7137960030,20150309T000000,298900.0,3.0,2.5,1830,6162,2.0,0,0,3,8,1830,0,1994,0,98092,47.3291,-122.17,1860,7017
1154,1154,7880010060,20150406T000000,699000.0,4.0,2.5,3230,40319,2.0,0,0,4,10,3230,0,1987,0,98027,47.4856,-122.069,2990,40234
1155,1155,3797001920,20140702T000000,310000.0,2.0,1.0,700,3000,1.0,0,0,4,6,700,0,1918,0,98103,47.6846,-122.346,1560,4500
1156,1156,3901100055,20141222T000000,350000.0,3.0,1.75,1010,8580,1.0,0,0,3,7,1010,0,1961,0,98033,47.6703,-122.174,1500,8580
1157,1157,8069000075,20141229T000000,790000.0,4.0,1.75,2460,10061,1.0,1,4,3,7,1410,1050,1961,0,98178,47.5105,-122.238,2300,10061
1158,1158,1541700240,20140729T000000,305000.0,4.0,2.5,2230,5000,2.0,0,0,3,8,2230,0,2003,0,98031,47.3919,-122.184,2230,6137
1159,1159,6064800710,20141002T000000,315000.0,3.0,2.5,1570,2865,2.0,0,0,3,7,1570,0,2003,0,98118,47.5412,-122.288,1610,2582
1160,1160,1865810060,20140812T000000,267500.0,5.0,3.5,2390,6600,2.0,0,0,5,7,2390,0,1977,0,98042,47.3737,-122.115,1140,6600
1161,1161,7533800295,20140819T000000,1750000.0,4.0,3.25,3460,7749,2.0,0,1,3,10,3020,440,1950,1998,98115,47.6849,-122.273,3030,8680
1162,1162,5415300060,20140813T000000,435000.0,6.0,3.5,2400,8620,2.0,0,0,3,8,1640,760,1987,0,98034,47.7152,-122.162,1940,7350
1163,1163,3876100320,20140905T000000,482500.0,6.0,4.5,2940,7500,1.5,0,0,4,8,2940,0,1966,0,98034,47.7208,-122.182,2010,7500
1164,1164,1247600105,20141020T000000,5110800.0,5.0,5.25,8010,45517,2.0,1,4,3,12,5990,2020,1999,0,98033,47.6767,-122.211,3430,26788
1165,1165,3705900238,20140828T000000,439995.0,3.0,1.75,1570,8400,1.0,0,0,4,7,1570,0,1959,0,98133,47.76,-122.34,1860,8639
1166,1166,3876200070,20150508T000000,460000.0,3.0,3.0,1520,7500,1.0,0,0,3,7,1180,340,1967,0,98034,47.7276,-122.181,2080,8000
1167,1167,4388000140,20140729T000000,194000.0,3.0,1.0,1070,6440,1.0,0,0,4,7,1070,0,1971,0,98023,47.3186,-122.373,1190,6532
1168,1168,3523029041,20141009T000000,290000.0,2.0,0.75,440,8313,1.0,1,3,4,5,440,0,1943,0,98070,47.4339,-122.512,880,26289
1169,1169,3110800260,20140715T000000,274700.0,4.0,2.0,2440,9600,1.0,0,0,5,7,1220,1220,1963,0,98031,47.4142,-122.179,1370,9600
1170,1170,3131201290,20150317T000000,900000.0,4.0,2.5,2660,3672,2.0,0,0,5,8,1800,860,1910,0,98105,47.6609,-122.324,1510,3825
1171,1171,1117200390,20140507T000000,1150000.0,4.0,4.0,4460,103382,2.0,0,0,3,11,4460,0,2001,0,98053,47.63399999999999,-121.997,3470,88519
1172,1172,8956000350,20140903T000000,605000.0,3.0,2.5,2010,3667,2.0,0,0,3,9,2010,0,2008,0,98027,47.545,-122.015,2350,3600
1173,1173,7853210140,20150309T000000,359000.0,3.0,2.5,1450,3850,2.0,0,0,3,7,1450,0,2004,0,98065,47.5318,-121.85,1970,3748
1174,1174,3250500140,20141008T000000,850000.0,3.0,1.75,1400,9900,1.0,0,0,3,7,1400,0,1951,0,98004,47.6272,-122.209,1810,10796
1175,1175,2767601375,20140821T000000,505000.0,3.0,2.0,1500,2500,2.0,0,0,3,8,1500,0,2002,0,98107,47.6748,-122.385,1550,5000
1176,1176,9465910320,20140709T000000,565000.0,3.0,2.5,2500,7394,2.0,0,0,3,9,2500,0,1990,0,98072,47.7441,-122.173,2790,7642
1177,1177,3334000055,20150429T000000,585000.0,2.0,1.75,1280,7110,1.0,0,0,4,7,1000,280,1955,0,98118,47.5569,-122.273,1550,6835
1178,1178,7893800335,20150430T000000,328000.0,4.0,3.25,3380,7500,2.0,0,3,3,7,2420,960,1990,0,98198,47.4092,-122.33,1920,7500
1179,1179,3586500700,20140709T000000,749950.0,4.0,2.75,2910,18700,1.0,0,0,3,9,2210,700,1957,1995,98177,47.7557,-122.368,2420,26140
1180,1180,3630180400,20140626T000000,826000.0,4.0,2.5,3060,7140,2.0,0,0,3,9,3060,0,2006,0,98027,47.5393,-121.998,3240,6218
1181,1181,3210950510,20140904T000000,535000.0,3.0,1.0,1330,40259,1.0,0,0,4,7,1330,0,1977,0,98024,47.552,-121.89,1710,34787
1182,1182,1224069074,20140806T000000,925000.0,4.0,2.5,3300,101930,2.0,0,0,4,10,3300,0,1991,0,98029,47.576,-121.976,2880,213879
1183,1183,7625700935,20140605T000000,875000.0,3.0,3.5,3250,6000,2.0,0,0,3,10,2500,750,2001,0,98136,47.5533,-122.391,1650,6000
1184,1184,7856610200,20140523T000000,902000.0,4.0,2.25,2530,9200,1.0,0,0,5,9,1570,960,1976,0,98006,47.5612,-122.152,3030,9400
1185,1185,7287100135,20141001T000000,423000.0,3.0,1.0,1830,13900,1.0,0,0,3,7,1830,0,1951,0,98133,47.7654,-122.352,1840,10667
1186,1186,1023059324,20140623T000000,235000.0,3.0,1.0,1170,11100,1.0,0,0,4,6,1170,0,1968,0,98059,47.4954,-122.164,2080,8481
1187,1187,6398000171,20140710T000000,545000.0,2.0,2.0,2930,14057,1.0,0,2,4,8,1680,1250,1980,0,98070,47.4025,-122.463,2234,61011
1188,1188,6149700350,20141016T000000,343000.0,2.0,1.0,1230,7560,1.0,0,0,3,7,1230,0,1961,0,98133,47.7298,-122.34,1270,7560
1189,1189,9558020890,20150324T000000,334950.0,3.0,2.5,1620,2930,2.0,0,0,3,8,1620,0,2002,0,98058,47.4491,-122.12,1900,2943
1190,1190,2624049185,20140909T000000,405000.0,3.0,1.75,1760,5355,1.0,0,0,3,7,1160,600,1956,0,98118,47.5368,-122.267,1790,6225
1191,1191,236400260,20141215T000000,220000.0,4.0,1.0,1440,8250,1.0,0,0,3,7,1440,0,1959,0,98188,47.4325,-122.291,1440,8466
1192,1192,3826000560,20141002T000000,173000.0,2.0,1.0,1740,8100,1.0,0,0,3,6,1050,690,1947,0,98168,47.4942,-122.304,960,8100
1193,1193,7011201245,20141107T000000,655000.0,3.0,1.0,1270,3600,1.5,0,0,3,7,1270,0,1906,0,98119,47.6368,-122.37,1710,3600
1194,1194,9222400510,20150107T000000,406000.0,2.0,1.0,880,3000,1.0,0,0,3,6,880,0,1924,0,98115,47.6749,-122.323,890,3000
1195,1195,9455200570,20141217T000000,632000.0,6.0,2.5,2560,8320,1.0,0,0,3,7,1370,1190,1961,0,98125,47.7021,-122.287,2360,7800
1196,1196,2112700030,20141126T000000,357000.0,5.0,2.75,1540,4000,1.0,0,0,3,7,1140,400,1990,0,98106,47.533,-122.354,1630,4000
1197,1197,8658300260,20141209T000000,361000.0,3.0,1.75,1150,17585,1.0,0,0,3,7,1150,0,1964,0,98014,47.6503,-121.908,1200,7500
1198,1198,3996900160,20140708T000000,277000.0,2.0,1.0,770,8149,1.0,0,0,3,6,770,0,1948,0,98155,47.7458,-122.298,1160,8149
1199,1199,5561400340,20140605T000000,630000.0,4.0,3.75,4610,40202,1.0,0,0,4,10,2500,2110,1980,0,98027,47.4599,-122.0,3050,41056
1200,1200,11900140,20140509T000000,254000.0,3.0,2.5,1850,4597,2.0,0,0,3,8,1850,0,2003,0,98042,47.3755,-122.136,2210,5000
1201,1201,6071600340,20141113T000000,472800.0,3.0,2.25,1840,8400,1.0,0,0,3,8,1290,550,1961,0,98006,47.5497,-122.172,2110,8400
1202,1202,1231000510,20140922T000000,263000.0,3.0,1.75,1490,3800,1.0,0,0,3,6,700,790,1913,0,98118,47.5554,-122.27,2180,4000
1203,1203,1231000510,20150504T000000,510000.0,3.0,1.75,1490,3800,1.0,0,0,3,6,700,790,1913,0,98118,47.5554,-122.27,2180,4000
1204,1204,7683800192,20141107T000000,179950.0,3.0,1.0,960,10125,1.0,0,0,4,7,960,0,1952,0,98003,47.3335,-122.305,1250,9769
1205,1205,4123400340,20141203T000000,525000.0,4.0,2.25,1580,7307,1.0,0,0,3,8,1160,420,1973,0,98027,47.569,-122.086,2020,7458
1206,1206,5458300685,20140520T000000,479000.0,3.0,2.5,1260,889,3.0,0,0,3,8,1260,0,2008,0,98109,47.6277,-122.345,1340,1324
1207,1207,194000505,20140904T000000,651000.0,3.0,2.0,1940,6440,1.0,0,2,5,7,970,970,1940,0,98116,47.5664,-122.389,1730,4640
1208,1208,3885804305,20140911T000000,949000.0,4.0,1.75,2490,7834,1.0,0,3,4,8,1240,1250,1958,0,98033,47.6851,-122.209,3210,7834
1209,1209,3971700560,20150421T000000,392400.0,5.0,2.5,2520,27951,1.5,0,0,3,7,1890,630,1942,1970,98155,47.7733,-122.318,1830,14373
1210,1210,8585400135,20141105T000000,585000.0,4.0,1.75,1760,5356,1.0,0,0,4,7,920,840,1950,0,98115,47.679,-122.288,1680,5184
1211,1211,8691500990,20141212T000000,460000.0,4.0,2.5,4190,7504,2.0,0,0,3,7,4190,0,2004,0,98058,47.4394,-122.114,2480,6727
1212,1212,2770606685,20140813T000000,470000.0,3.0,1.0,1170,4400,1.0,0,0,3,7,870,300,1951,0,98199,47.6584,-122.391,1240,4400
1213,1213,8856971000,20150406T000000,245000.0,3.0,2.5,1600,4271,2.0,0,0,3,7,1600,0,2003,0,98038,47.386,-122.036,1520,3225
1214,1214,1026049082,20141125T000000,500000.0,4.0,2.0,2760,27631,2.0,0,0,4,8,1800,960,1978,0,98155,47.7484,-122.291,2490,13158
1215,1215,2095800400,20141113T000000,455000.0,3.0,2.5,2090,8653,2.0,0,0,3,8,2090,0,1989,0,98011,47.7498,-122.184,2090,6396
1216,1216,7852030240,20150408T000000,485500.0,4.0,2.5,2320,3974,2.0,0,0,3,7,2320,0,1999,0,98065,47.532,-121.88,2620,4539
1217,1217,6321000045,20141222T000000,1875000.0,5.0,3.25,4110,7920,2.0,0,3,3,9,3150,960,1921,0,98122,47.617,-122.282,3890,7800
1218,1218,3751600030,20140717T000000,100000.0,2.0,1.0,770,17334,1.0,0,0,3,7,770,0,1978,0,98001,47.2997,-122.269,1480,17334
1219,1219,4046500510,20140905T000000,307000.0,3.0,1.75,1410,16105,1.0,0,0,3,7,1410,0,1982,0,98014,47.6927,-121.913,1550,18615
1220,1220,8029520240,20141010T000000,475000.0,4.0,3.5,3660,14401,2.0,0,0,3,10,2660,1000,1994,0,98023,47.3076,-122.396,2780,10653
1221,1221,7016310030,20150219T000000,330000.0,4.0,2.5,2180,7210,1.0,0,0,3,7,1190,990,1972,0,98011,47.7419,-122.181,2070,7210
1222,1222,1238500451,20150209T000000,130000.0,3.0,1.0,1110,7520,1.0,0,0,4,7,1110,0,1960,0,98033,47.683,-122.176,1440,8400
1223,1223,4401150070,20140623T000000,320000.0,3.0,2.5,2280,7417,2.0,0,0,3,8,2280,0,1998,0,98001,47.3557,-122.278,2370,6443
1224,1224,3331000070,20140606T000000,735000.0,4.0,2.5,2820,6180,2.0,0,0,3,9,2050,770,2013,0,98118,47.5529,-122.281,1390,4635
1225,1225,2636900126,20150312T000000,365000.0,4.0,2.5,1570,9600,1.0,0,0,3,7,800,770,1972,0,98155,47.7757,-122.303,1340,9110
1226,1226,1842900030,20150416T000000,234000.0,3.0,1.5,1200,11935,1.0,0,0,4,7,1200,0,1968,0,98042,47.3434,-122.082,1350,11935
1227,1227,1761300310,20140827T000000,211000.0,4.0,2.0,1710,8288,1.5,0,0,3,7,1710,0,1970,0,98031,47.3947,-122.174,1710,7200
1228,1228,5249800729,20150330T000000,680000.0,6.0,3.5,3000,6320,2.0,0,2,3,8,2400,600,1969,0,98118,47.562,-122.279,1720,6360
1229,1229,5104511600,20141112T000000,457000.0,4.0,3.0,2800,7845,2.0,0,0,3,8,2800,0,2002,0,98038,47.3544,-122.013,2800,6977
1230,1230,8663370060,20141009T000000,349000.0,3.0,2.25,1640,7261,2.0,0,0,3,7,1640,0,1989,0,98034,47.7192,-122.176,1640,6789
1231,1231,613400030,20141024T000000,360000.0,3.0,2.75,2030,6840,1.0,0,0,3,7,1210,820,1979,0,98108,47.5413,-122.299,1910,6365
1232,1232,6004510240,20150414T000000,350000.0,4.0,2.5,2530,10155,2.0,0,0,3,8,2530,0,1998,0,98042,47.351000000000006,-122.146,2330,7205
1233,1233,1450100070,20150430T000000,208000.0,3.0,1.0,990,7420,1.0,0,0,5,6,990,0,1960,0,98002,47.2898,-122.221,1010,7420
1234,1234,6117501820,20140618T000000,250275.0,2.0,1.0,790,11234,1.0,0,0,4,6,790,0,1942,0,98166,47.4413,-122.349,1930,11871
1235,1235,6117501820,20150428T000000,435000.0,2.0,1.0,790,11234,1.0,0,0,4,6,790,0,1942,0,98166,47.4413,-122.349,1930,11871
1236,1236,5420300240,20141205T000000,270000.0,3.0,1.75,1800,7763,1.0,0,0,3,6,1470,330,1984,0,98030,47.3766,-122.184,1440,7483
1237,1237,4140900140,20140527T000000,438000.0,3.0,1.75,1650,12940,1.0,0,0,4,7,1650,0,1961,0,98028,47.7629,-122.268,2830,12600
1238,1238,1630700135,20141119T000000,659000.0,4.0,2.0,1980,23625,2.0,0,0,3,8,1980,0,1938,1984,98072,47.7553,-122.092,2300,24640
1239,1239,5166700055,20150504T000000,645000.0,4.0,2.75,2340,6350,1.0,0,0,4,7,1310,1030,1974,0,98126,47.5559,-122.379,2020,6350
1240,1240,3224600310,20141030T000000,685100.0,4.0,2.5,2790,5423,2.0,0,0,3,9,2790,0,1999,0,98074,47.6085,-122.017,2450,6453
1241,1241,7227802030,20140623T000000,350000.0,7.0,3.0,2800,9569,1.0,0,2,3,7,1400,1400,1963,0,98056,47.5102,-122.183,2150,7333
1242,1242,226059078,20150227T000000,375000.0,2.0,1.0,1840,81892,1.0,0,0,3,6,1840,0,1955,0,98072,47.7694,-122.124,2550,40089
1243,1243,1796100140,20140715T000000,170000.0,3.0,1.5,1350,81549,1.0,0,0,2,7,1350,0,1966,0,98092,47.3099,-122.09,2220,93825
1244,1244,5309100140,20140624T000000,880000.0,4.0,2.5,3030,3841,3.0,0,0,3,9,3030,0,2005,0,98117,47.6781,-122.369,1080,4922
1245,1245,8658300510,20150419T000000,410500.0,4.0,2.5,1980,5000,2.0,0,0,3,8,1980,0,2008,0,98014,47.6492,-121.908,1400,8500
1246,1246,8691300060,20141023T000000,780000.0,4.0,2.5,3690,13609,2.0,0,2,3,10,3690,0,1996,0,98075,47.5872,-121.972,3600,13609
1247,1247,9103000393,20140910T000000,1225000.0,5.0,4.5,3732,4426,2.5,0,0,3,10,2932,800,2001,0,98112,47.6189,-122.288,2950,4000
1248,1248,8682281170,20141113T000000,449000.0,2.0,1.75,1510,6852,1.0,0,0,3,8,1510,0,2005,0,98053,47.7073,-122.012,1510,5912
1249,1249,472000055,20140514T000000,546000.0,3.0,1.75,2000,5000,1.0,0,0,4,7,1110,890,1921,0,98117,47.6859,-122.399,1750,5000
1250,1250,2473400570,20140516T000000,317000.0,3.0,2.0,1760,11410,1.0,0,0,5,7,1060,700,1977,0,98058,47.4528,-122.163,1680,9165
1251,1251,3449500135,20140625T000000,276900.0,3.0,1.0,1270,7566,1.0,0,0,4,7,1270,0,1958,0,98056,47.5074,-122.175,1780,7520
1252,1252,1926049355,20141028T000000,399000.0,5.0,2.0,2620,7030,1.0,0,0,3,8,1420,1200,1965,0,98133,47.7338,-122.352,1360,7964
1253,1253,8650000070,20140808T000000,495000.0,5.0,2.75,2630,10165,1.0,0,0,4,8,1690,940,1976,0,98027,47.5196,-122.049,2440,10165
1254,1254,8732131200,20140808T000000,258000.0,3.0,1.75,2270,9000,1.0,0,0,4,8,1330,940,1978,0,98023,47.3077,-122.381,2090,8400
1255,1255,1624079051,20140710T000000,600000.0,2.0,2.5,2410,102366,1.0,0,0,4,7,1940,470,1912,1989,98024,47.5629,-121.918,2460,310582
1256,1256,993001629,20141117T000000,265000.0,3.0,2.75,1120,881,3.0,0,0,3,8,1120,0,1999,0,98103,47.6914,-122.343,1120,1087
1257,1257,3832711040,20150424T000000,321000.0,5.0,2.75,3030,7000,1.0,0,0,4,7,1540,1490,1978,0,98032,47.3661,-122.28,1790,7330
1258,1258,5244801230,20140829T000000,682000.0,5.0,2.25,2120,4000,1.5,0,0,4,7,1720,400,1910,0,98109,47.644,-122.353,1960,4000
1259,1259,2798600240,20141114T000000,295700.0,4.0,2.5,1720,5805,2.0,0,0,3,8,1720,0,2000,0,98092,47.3286,-122.208,2360,7700
1260,1260,5701800030,20140506T000000,609000.0,4.0,2.5,2150,37981,2.0,0,0,3,9,2150,0,1985,0,98052,47.7227,-122.098,2450,37981
1261,1261,7636800041,20140625T000000,995000.0,3.0,4.5,4380,47044,2.0,1,3,3,9,3720,660,1968,1990,98166,47.4734,-122.365,2460,18512
1262,1262,3904901200,20140818T000000,530000.0,3.0,2.25,2010,11817,2.0,0,0,4,8,2010,0,1986,0,98029,47.5665,-122.023,2190,10168
1263,1263,4109600055,20141229T000000,614000.0,5.0,2.5,3150,5150,2.0,0,0,5,8,1870,1280,1907,2004,98118,47.5506,-122.269,1550,5150
1264,1264,3339400349,20141124T000000,390000.0,3.0,2.5,2500,21780,1.0,0,0,3,8,1770,730,1986,0,98092,47.3282,-122.198,2670,23400
1265,1265,7202340370,20141110T000000,467000.0,3.0,2.5,1690,6642,2.0,0,0,3,7,1690,0,2004,0,98053,47.6793,-122.033,2120,5080
1266,1266,9477500060,20140813T000000,484000.0,6.0,2.5,3300,13501,1.0,0,0,3,8,2060,1240,1980,0,98059,47.5116,-122.163,2060,8745
1267,1267,4310701600,20141113T000000,340000.0,3.0,2.5,1240,1115,3.0,0,0,3,8,1240,0,2003,0,98103,47.6985,-122.34,1410,1355
1268,1268,2215450060,20141223T000000,302495.0,3.0,2.5,2200,7201,2.0,0,0,3,8,2200,0,1994,0,98030,47.3821,-122.207,2250,7240
1269,1269,2919702075,20140925T000000,532500.0,3.0,1.75,1620,3360,1.0,0,0,5,7,980,640,1927,0,98117,47.6886,-122.361,1400,3840
1270,1270,8079030350,20140910T000000,441500.0,3.0,2.5,2420,9592,2.0,0,0,3,8,1780,640,1993,0,98059,47.5093,-122.153,2420,9145
1271,1271,7893804340,20140724T000000,470000.0,4.0,2.5,2680,8062,1.0,0,3,4,7,1530,1150,1967,0,98198,47.4132,-122.328,1920,8600
1272,1272,4389200765,20140625T000000,2300000.0,4.0,3.25,4250,8570,2.0,0,0,3,9,4250,0,2004,0,98004,47.6154,-122.21,2830,12821
1273,1273,1822069116,20141217T000000,590000.0,3.0,2.5,2400,99752,1.0,0,0,3,9,2400,0,1996,0,98058,47.3917,-122.084,2800,98010
1274,1274,7276100282,20140729T000000,320000.0,3.0,1.75,2300,12000,1.0,0,0,3,8,1770,530,1942,0,98133,47.7599,-122.343,2030,6000
1275,1275,567000392,20141103T000000,363000.0,2.0,2.0,920,1201,2.0,0,0,3,8,800,120,2009,0,98144,47.5926,-122.295,1150,1161
1276,1276,5729200030,20140707T000000,747500.0,4.0,2.25,2350,18600,2.0,0,0,4,9,2350,0,1977,0,98028,47.7473,-122.257,2880,14400
1277,1277,8682220390,20140723T000000,750000.0,2.0,2.5,2630,7957,2.0,0,0,3,8,2630,0,2003,0,98053,47.7106,-122.023,2305,7220
1278,1278,9828700200,20140505T000000,831000.0,4.0,3.0,2170,4000,2.0,0,0,4,9,1610,560,1982,2011,98112,47.6196,-122.292,1670,4000
1279,1279,7852180560,20150424T000000,403000.0,3.0,2.5,1700,4125,2.0,0,0,3,7,1700,0,2004,0,98065,47.5305,-121.854,1970,4105
1280,1280,3655400060,20140808T000000,445000.0,3.0,2.5,2470,4565,2.0,0,0,3,7,2470,0,2005,0,98056,47.514,-122.189,2470,5064
1281,1281,7955030060,20150326T000000,345000.0,3.0,1.0,1250,17380,1.0,0,0,4,7,1250,0,1970,0,98072,47.7502,-122.108,1410,18200
1282,1282,8964800445,20150209T000000,2260000.0,3.0,3.5,3110,14872,1.0,0,0,3,10,3110,0,2003,0,98004,47.6178,-122.209,3110,12433
1283,1283,6204410200,20140616T000000,371025.0,3.0,2.0,1530,8925,1.0,0,0,3,7,1530,0,1977,0,98011,47.736,-122.199,2040,8856
1284,1284,7625702400,20140730T000000,355000.0,2.0,1.0,960,6250,1.0,0,0,3,6,960,0,1916,0,98136,47.5491,-122.386,1350,6250
1285,1285,5113200310,20140909T000000,270000.0,3.0,1.0,1240,14110,1.0,0,0,4,7,1240,0,1972,0,98058,47.4579,-122.09,2060,19350
1286,1286,7893802800,20140605T000000,425000.0,4.0,2.75,2440,15349,2.0,0,1,4,7,2440,0,1957,0,98198,47.4117,-122.333,2280,9250
1287,1287,2473003210,20150313T000000,364808.0,3.0,1.75,2320,7875,1.0,0,0,3,8,1620,700,1967,0,98058,47.4524,-122.146,1990,9720
1288,1288,1402600570,20150113T000000,320000.0,3.0,2.25,1580,6561,1.0,0,0,3,8,1200,380,1981,0,98058,47.4394,-122.14,1710,7241
1289,1289,8944460030,20141014T000000,325000.0,4.0,2.5,2963,5797,2.0,0,0,3,9,2963,0,2006,0,98030,47.3831,-122.185,2665,6119
1290,1290,2473480560,20140904T000000,350000.0,3.0,2.25,2470,10290,2.0,0,0,3,8,2230,240,1984,0,98058,47.4459,-122.124,1970,10150
1291,1291,3365900465,20150219T000000,170000.0,3.0,1.5,1370,10176,1.0,0,0,3,6,1370,0,1947,0,98168,47.4738,-122.263,1650,10176
1292,1292,5341600030,20140509T000000,255000.0,2.0,1.0,960,28717,1.0,0,0,4,6,960,0,1984,0,98070,47.3356,-122.502,1860,28717
1293,1293,6073500160,20141210T000000,550000.0,3.0,1.0,1130,7500,1.0,0,0,3,7,880,250,1947,0,98117,47.6973,-122.389,2190,5250
1294,1294,2025760160,20140703T000000,835000.0,4.0,4.25,4930,25714,2.0,0,0,3,12,4930,0,2005,0,98092,47.3069,-122.148,3620,23035
1295,1295,9393700140,20150310T000000,420000.0,3.0,1.0,1150,5120,1.0,0,0,4,6,800,350,1946,0,98116,47.5588,-122.392,1220,5120
1296,1296,5458800125,20140514T000000,925000.0,4.0,2.5,2190,7350,2.5,0,0,5,8,2190,0,1958,0,98040,47.5786,-122.236,1880,7350
1297,1297,2492200435,20140606T000000,389250.0,2.0,1.5,1490,4080,1.0,0,0,3,7,930,560,1956,0,98126,47.5344,-122.381,1320,4080
1298,1298,3759500046,20150501T000000,748000.0,3.0,2.5,2600,10183,1.0,0,0,3,8,1300,1300,2004,0,98033,47.6984,-122.201,1860,10401
1299,1299,8648220260,20150324T000000,284000.0,3.0,1.75,1530,9600,1.0,0,0,3,7,1200,330,1988,0,98042,47.3594,-122.076,1680,9680
1300,1300,6392001670,20140611T000000,588000.0,4.0,2.0,1680,5000,1.0,0,0,3,7,980,700,1950,0,98115,47.6858,-122.286,1680,6000
1301,1301,2026049155,20150320T000000,372500.0,3.0,1.75,1680,8648,1.0,0,0,4,7,1680,0,1963,0,98133,47.7338,-122.332,1290,8147
1302,1302,2329800240,20150218T000000,285000.0,4.0,3.0,1900,7194,2.0,0,0,4,7,1900,0,1988,0,98042,47.3768,-122.117,1690,7194
1303,1303,3380900125,20140527T000000,360000.0,3.0,1.0,1570,9467,1.0,0,0,3,7,1570,0,1954,0,98177,47.7683,-122.359,1570,9100
1304,1304,1324079041,20141118T000000,275000.0,3.0,1.0,1370,17859,1.0,0,0,4,7,1150,220,1930,0,98024,47.5617,-121.859,1460,47044
1305,1305,8682230550,20140916T000000,428000.0,2.0,2.0,1350,4225,1.0,0,0,3,8,1350,0,2003,0,98053,47.7106,-122.03,1660,4225
1306,1306,853400240,20150325T000000,847000.0,6.0,2.5,3010,17864,2.0,0,0,3,8,3010,0,1969,0,98177,47.7209,-122.372,2560,11532
1307,1307,2130702075,20140926T000000,316000.0,3.0,1.0,1010,7838,1.0,0,0,4,6,1010,0,1977,0,98019,47.7422,-121.981,1380,8128
1308,1308,3260810260,20150505T000000,375000.0,3.0,2.5,2050,7205,2.0,0,0,3,8,2050,0,2000,0,98003,47.3487,-122.304,2050,7264
1309,1309,2878600200,20140508T000000,533000.0,3.0,1.0,1670,4080,1.0,0,0,3,7,1170,500,1967,0,98115,47.6899,-122.321,1560,4080
1310,1310,7298040310,20140523T000000,556000.0,5.0,2.5,3840,16905,2.0,0,0,3,11,3840,0,1991,0,98023,47.2996,-122.342,3270,12133
1311,1311,766000240,20140915T000000,225000.0,4.0,2.0,2220,14120,1.0,0,0,3,7,1200,1020,1966,0,98042,47.361,-122.116,1300,9709
1312,1312,3459700340,20141030T000000,537250.0,4.0,2.5,2590,9530,1.0,0,0,4,8,1640,950,1978,0,98155,47.7752,-122.285,2710,10970
1313,1313,2473251180,20141217T000000,255000.0,3.0,1.0,1180,13650,1.0,0,0,4,7,1180,0,1967,0,98058,47.4551,-122.154,1460,11730
1314,1314,2407900200,20150409T000000,530000.0,4.0,2.5,2950,4836,2.0,0,0,3,7,2950,0,2006,0,98059,47.479,-122.129,2120,4750
1315,1315,7558700030,20150413T000000,5300000.0,6.0,6.0,7390,24829,2.0,1,4,4,12,5000,2390,1991,0,98040,47.5631,-122.21,4320,24619
1316,1316,203600140,20150324T000000,595000.0,3.0,2.75,2150,31238,2.0,0,0,3,9,2150,0,1996,0,98014,47.6596,-121.96,2650,38307
1317,1317,4037800140,20140814T000000,548000.0,4.0,2.0,2100,8880,1.0,0,0,4,7,2100,0,1958,0,98008,47.6115,-122.124,1280,9102
1318,1318,1683600240,20150320T000000,234975.0,3.0,1.75,1650,8073,1.0,0,0,3,7,1100,550,1980,0,98092,47.3187,-122.182,1280,8073
1319,1319,1962200036,20140819T000000,600000.0,3.0,1.75,1620,1325,2.5,0,0,3,9,1430,190,2005,0,98102,47.6498,-122.321,1750,1572
1320,1320,1775800510,20150324T000000,432000.0,4.0,1.0,1750,12528,1.0,0,0,4,7,1750,0,1967,0,98072,47.743,-122.097,1550,14120
1321,1321,1822350070,20150202T000000,455000.0,3.0,1.5,1380,6657,2.0,0,0,3,7,1380,0,1986,0,98034,47.7085,-122.217,1420,8187
1322,1322,7772400160,20141024T000000,279950.0,3.0,1.75,1510,11234,1.0,0,0,3,7,1210,300,1965,0,98155,47.7571,-122.328,2080,9076
1323,1323,273900030,20141020T000000,267500.0,3.0,1.5,1600,9072,1.0,0,0,4,7,1600,0,1963,0,98030,47.3737,-122.216,1710,8000
1324,1324,3323069084,20140909T000000,620000.0,4.0,2.5,1840,220308,2.0,0,0,3,8,1840,0,2000,0,98038,47.4306,-122.049,1890,65340
1325,1325,4337000160,20150127T000000,110000.0,2.0,1.0,830,7590,1.0,0,0,2,6,830,0,1943,0,98166,47.4784,-122.335,980,7590
1326,1326,9126100550,20140513T000000,625000.0,3.0,3.5,1810,1846,2.0,0,0,4,8,1440,370,2009,0,98122,47.607,-122.305,1480,3600
1327,1327,5101405274,20140529T000000,389000.0,2.0,1.0,910,7000,1.0,0,0,3,7,910,0,1952,0,98115,47.6999,-122.305,1260,7528
1328,1328,4232400860,20140630T000000,1200000.0,4.0,2.0,2120,3360,2.0,0,0,3,9,2120,0,1905,0,98112,47.6227,-122.31,2090,3600
1329,1329,2723069082,20150424T000000,788500.0,4.0,2.25,2510,133729,2.0,0,0,4,8,2510,0,1977,0,98027,47.4569,-122.02,2510,69696
1330,1330,7436500270,20140725T000000,567000.0,5.0,2.25,2100,6936,1.0,0,0,3,8,1600,500,1974,0,98033,47.6737,-122.169,2100,8661
1331,1331,5153200030,20150113T000000,515000.0,2.0,2.25,2690,15000,1.0,0,2,3,8,1870,820,1987,0,98023,47.3361,-122.353,2690,15000
1332,1332,4022900125,20140902T000000,605000.0,4.0,2.5,2430,11870,1.0,0,0,5,8,1590,840,1968,0,98155,47.7761,-122.285,2430,9600
1333,1333,7841300505,20141027T000000,430000.0,4.0,3.75,2452,4800,2.0,0,0,3,7,2452,0,1936,1994,98055,47.4744,-122.213,1180,4800
1334,1334,573000685,20140717T000000,805000.0,2.0,1.75,1550,6000,1.0,0,1,3,7,1550,0,1920,0,98199,47.6712,-122.409,2360,6000
1335,1335,8961990160,20150413T000000,567500.0,3.0,2.5,2080,4556,2.0,0,0,3,8,2080,0,1999,0,98074,47.6036,-122.014,1530,5606
1336,1336,1250202255,20140605T000000,647500.0,3.0,1.75,1290,3870,1.0,0,0,5,7,1290,0,1916,0,98144,47.5873,-122.29,2020,5850
1337,1337,7234600796,20141126T000000,495000.0,2.0,1.75,1850,2530,2.5,0,0,4,7,1850,0,1903,0,98122,47.6106,-122.31,1500,1795
1338,1338,3630180340,20141104T000000,825000.0,4.0,2.5,3370,5000,2.0,0,0,3,9,3370,0,2006,0,98027,47.541,-121.998,3370,5237
1339,1339,5104450070,20150309T000000,435000.0,4.0,2.25,2730,7506,2.0,0,0,4,8,2730,0,1987,0,98058,47.4627,-122.152,2390,8015
1340,1340,9477100060,20140909T000000,445950.0,3.0,1.75,1300,7800,1.0,0,0,5,7,1300,0,1968,0,98034,47.7321,-122.195,1520,7344
1341,1341,4139440830,20140603T000000,960000.0,5.0,2.75,3040,10257,2.0,0,0,3,10,3040,0,1993,0,98006,47.5531,-122.119,2860,9327
1342,1342,6772200055,20140917T000000,780000.0,4.0,3.0,2440,3600,1.5,0,0,5,8,1480,960,1929,0,98103,47.6853,-122.331,1770,4000
1343,1343,8731982190,20140618T000000,274500.0,3.0,2.25,1720,9000,1.0,0,0,4,8,1320,400,1969,0,98023,47.3191,-122.383,1930,8000
1344,1344,6300000335,20150429T000000,729953.0,5.0,3.0,3230,5167,1.5,0,0,4,8,2000,1230,1909,0,98133,47.7053,-122.34,1509,1626
1345,1345,9301300751,20140728T000000,464950.0,3.0,1.5,1200,890,2.0,0,0,3,8,1030,170,2008,0,98109,47.6384,-122.342,1230,2120
1346,1346,9542100135,20141112T000000,620000.0,4.0,1.75,2350,18800,1.0,0,2,3,8,2350,0,1959,0,98005,47.5904,-122.177,3050,14640
1347,1347,8691410700,20150116T000000,735000.0,4.0,3.5,3100,5600,2.0,0,0,3,9,3100,0,2005,0,98075,47.5968,-121.978,3080,5600
1348,1348,217500135,20150421T000000,450000.0,4.0,2.25,2040,9565,1.0,0,0,3,8,1400,640,1959,0,98133,47.7356,-122.335,1890,8580
1349,1349,3731800055,20140605T000000,450000.0,4.0,1.0,2000,4676,1.5,0,0,3,7,1250,750,1916,1986,98118,47.5529,-122.268,1140,4676
1350,1350,7234600786,20140511T000000,842500.0,4.0,2.5,2160,5298,2.5,0,0,4,9,2160,0,1902,0,98122,47.6106,-122.31,1720,2283
1351,1351,2423059104,20141008T000000,360000.0,3.0,2.0,1970,79714,1.0,0,0,3,7,1070,900,1979,0,98058,47.4674,-122.107,1890,36626
1352,1352,1823039205,20140624T000000,585000.0,3.0,2.5,2270,100545,2.0,0,0,3,8,2270,0,1998,0,98070,47.4815,-122.47,1277,100545
1353,1353,2423020260,20140814T000000,461000.0,3.0,2.25,1850,7923,1.0,0,0,4,7,1150,700,1977,0,98033,47.7011,-122.171,1780,7420
1354,1354,2695600070,20140818T000000,345000.0,2.0,1.0,1350,4494,1.0,0,0,3,7,920,430,1949,0,98126,47.5315,-122.38,1470,5225
1355,1355,6844703240,20140702T000000,1075000.0,3.0,2.5,3280,10302,1.0,0,0,3,10,1680,1600,1970,0,98115,47.6948,-122.286,1550,6300
1356,1356,3904940070,20150227T000000,643000.0,4.0,2.5,2270,8391,2.0,0,0,3,8,2270,0,1988,0,98029,47.574,-122.013,2420,8391
1357,1357,1939130070,20140929T000000,690000.0,4.0,2.5,2820,8307,2.0,0,0,3,9,2820,0,1990,0,98074,47.6253,-122.027,2820,8307
1358,1358,5589300370,20150401T000000,282000.0,4.0,1.0,1200,11111,1.5,0,0,3,7,1200,0,1949,0,98155,47.7529,-122.306,1350,9113
1359,1359,3526039116,20141118T000000,549000.0,3.0,1.75,2000,6130,1.0,0,0,4,8,1120,880,1951,0,98117,47.6925,-122.388,2140,7150
1360,1360,6821600390,20150108T000000,815000.0,3.0,2.0,2310,6000,2.0,0,1,4,9,1560,750,1926,0,98199,47.648,-122.395,2000,6000
1361,1361,1925069082,20150511T000000,2200000.0,5.0,4.25,4640,22703,2.0,1,4,5,8,2860,1780,1952,0,98052,47.6393,-122.097,3140,14200
1362,1362,8100400160,20150413T000000,700000.0,3.0,2.25,2330,11424,2.0,0,0,4,8,2330,0,1984,0,98052,47.6386,-122.11,2050,11448
1363,1363,5556300102,20140714T000000,933399.0,3.0,2.5,3940,10360,2.0,0,0,3,9,3110,830,1992,0,98052,47.6468,-122.116,2720,11941
1364,1364,7222000393,20140703T000000,290000.0,3.0,1.0,1440,11250,1.0,0,0,3,7,1440,0,1967,0,98055,47.4627,-122.213,2200,11250
1365,1365,9407001860,20140524T000000,372000.0,4.0,1.75,1960,9300,1.0,0,0,5,7,1340,620,1979,0,98045,47.4487,-121.772,1500,9752
1366,1366,9468200140,20140819T000000,450000.0,2.0,1.75,1250,2890,1.0,0,0,4,7,790,460,1920,0,98103,47.6795,-122.353,1500,3225
1367,1367,3295950240,20140905T000000,303700.0,3.0,2.5,1981,5700,2.0,0,0,3,8,1981,0,2010,0,98030,47.3668,-122.178,1981,5894
1368,1368,3905000340,20140724T000000,672000.0,4.0,2.5,2440,10049,2.0,0,0,4,9,2440,0,1989,0,98029,47.5744,-121.993,2820,8484
1369,1369,3374300070,20140623T000000,334000.0,4.0,1.5,1150,9360,1.5,0,0,3,6,1150,0,1970,0,98034,47.7197,-122.173,1480,8155
1370,1370,7812800310,20140625T000000,260000.0,2.0,1.0,1120,5650,1.0,0,0,3,6,1120,0,1944,0,98178,47.4979,-122.241,1270,6875
1371,1371,7015200685,20140731T000000,749950.0,3.0,1.75,1800,5700,1.0,0,0,4,8,1000,800,1941,0,98119,47.6491,-122.367,1680,5350
1372,1372,3521069051,20141223T000000,330000.0,4.0,2.25,2380,122038,2.0,0,0,4,8,2380,0,1984,0,98022,47.2624,-122.015,2030,48000
1373,1373,8032700140,20141028T000000,830000.0,5.0,3.0,2920,2808,2.0,0,0,3,8,2140,780,1960,1992,98103,47.654,-122.342,1620,1544
1374,1374,6117500320,20140708T000000,1131000.0,3.0,2.25,2790,13791,1.0,0,3,3,8,2790,0,2006,0,98166,47.4389,-122.351,2720,12600
1375,1375,7305300045,20140707T000000,320000.0,3.0,1.0,1560,7552,1.0,0,0,4,6,910,650,1948,0,98155,47.7552,-122.327,1200,8152
1376,1376,922069139,20150414T000000,260000.0,2.0,1.0,1550,15250,1.5,0,0,5,7,1550,0,1920,0,98038,47.407,-122.045,1520,34929
1377,1377,84000335,20140626T000000,225000.0,3.0,2.0,1700,11475,1.0,0,0,5,6,970,730,1945,0,98146,47.4851,-122.338,1560,11475
1378,1378,9232400055,20140917T000000,279200.0,1.0,1.0,640,6350,1.0,0,0,3,5,640,0,1939,0,98117,47.6976,-122.359,1270,6350
1379,1379,1453600202,20140520T000000,520000.0,4.0,3.5,2680,10000,2.0,0,0,3,8,2040,640,1942,2014,98125,47.726000000000006,-122.296,1530,8000
1380,1380,3904910520,20140625T000000,505000.0,3.0,2.5,1860,8060,2.0,0,0,4,8,1860,0,1987,0,98029,47.5674,-122.017,1850,4661
1381,1381,5469300270,20140506T000000,234000.0,3.0,1.75,1490,8366,1.0,0,0,4,7,1010,480,1975,0,98042,47.375,-122.14,1490,7469
1382,1382,8681660060,20140929T000000,503000.0,4.0,2.5,2470,5044,2.0,0,0,3,9,2470,0,2005,0,98155,47.7728,-122.271,2790,5583
1383,1383,3902300350,20140806T000000,606000.0,4.0,2.25,2390,8858,1.0,0,0,4,8,1740,650,1979,0,98033,47.6925,-122.184,2240,8858
1384,1384,6392003490,20140723T000000,433500.0,3.0,1.0,1230,6000,1.0,0,0,4,7,780,450,1937,0,98115,47.6839,-122.281,1570,5000
1385,1385,3342700465,20150123T000000,250000.0,3.0,1.5,2840,10182,1.0,0,0,3,8,1510,1330,1951,0,98056,47.524,-122.2,2210,9669
1386,1386,2592210160,20140805T000000,719000.0,3.0,2.5,2120,9307,2.0,0,0,4,9,2120,0,1984,0,98006,47.5477,-122.141,2290,11524
1387,1387,616000160,20141210T000000,381000.0,3.0,2.0,1770,14400,1.0,0,0,4,8,1770,0,1959,0,98166,47.415,-122.337,1900,14400
1388,1388,1687000270,20140528T000000,267000.0,3.0,2.5,2495,4400,2.0,0,0,3,8,2495,0,2007,0,98001,47.288,-122.283,2434,4400
1389,1389,4102000075,20140522T000000,275000.0,1.0,0.75,1170,14149,1.0,0,0,5,7,880,290,1962,0,98022,47.2653,-121.91,1130,24513
1390,1390,8078460550,20140513T000000,651000.0,4.0,2.5,2740,7140,2.0,0,0,3,8,2740,0,1993,0,98074,47.6334,-122.021,2260,7035
1391,1391,2710600070,20150204T000000,439000.0,2.0,1.0,1050,5671,1.0,0,0,3,7,850,200,1949,0,98115,47.6767,-122.286,1850,5243
1392,1392,37000435,20150214T000000,325000.0,2.0,1.0,1130,5070,1.0,0,0,4,7,1130,0,1955,0,98146,47.5141,-122.377,860,6300
1393,1393,5100401414,20140502T000000,490000.0,2.0,1.0,880,6380,1.0,0,0,3,7,880,0,1938,1994,98115,47.6924,-122.322,1340,6380
1394,1394,5631500254,20141007T000000,519900.0,4.0,2.5,2403,6172,2.0,0,0,3,9,2403,0,1999,0,98028,47.7361,-122.234,2380,6075
1395,1395,8567300140,20140723T000000,545000.0,4.0,2.75,3410,35040,2.0,0,0,3,9,3410,0,1984,0,98038,47.4054,-122.03,2580,37263
1396,1396,98000060,20140714T000000,1062500.0,4.0,4.0,5320,20041,2.0,0,0,3,11,5320,0,2003,0,98075,47.5852,-121.966,4640,17268
1397,1397,2205500400,20140514T000000,542000.0,4.0,1.75,1900,8250,1.0,0,0,4,7,950,950,1955,0,98006,47.5765,-122.147,1480,8360
1398,1398,1726069084,20141208T000000,465000.0,4.0,1.75,1810,21650,2.0,0,0,4,7,1810,0,1961,0,98077,47.7358,-122.076,2700,29680
1399,1399,8682291840,20150331T000000,408000.0,2.0,2.0,1200,3900,1.0,0,0,3,8,1200,0,2006,0,98053,47.72,-122.024,1440,5580
1400,1400,5003600240,20141204T000000,292000.0,4.0,2.5,2060,5950,2.0,0,0,3,8,2060,0,2000,0,98030,47.3631,-122.192,2242,6406
1401,1401,5636000400,20140507T000000,253000.0,3.0,1.75,1250,10122,1.0,0,0,3,7,1250,0,1994,0,98010,47.3277,-122.001,1980,10175
1402,1402,3298700125,20140905T000000,280000.0,2.0,1.0,910,4662,1.0,0,0,5,6,910,0,1942,0,98106,47.5232,-122.354,890,6050
1403,1403,7880000060,20140604T000000,658588.0,3.0,2.25,2560,41346,2.0,0,0,3,10,2560,0,1986,0,98027,47.4871,-122.065,3040,35395
1404,1404,7811200310,20141216T000000,635000.0,4.0,2.25,1920,8910,1.0,0,0,4,8,1200,720,1969,0,98005,47.5897,-122.156,2250,8800
1405,1405,5255690160,20141009T000000,439000.0,4.0,2.25,2240,8300,2.0,0,0,3,8,2240,0,1978,0,98011,47.7746,-122.197,2340,8500
1406,1406,869700320,20140806T000000,300000.0,3.0,2.5,1260,3855,2.0,0,0,3,8,1260,0,1999,0,98059,47.4908,-122.154,1310,3344
1407,1407,6052401631,20150205T000000,345000.0,3.0,1.5,1360,13496,1.0,0,0,4,8,1360,0,1960,0,98198,47.4032,-122.314,1900,10538
1408,1408,5089700260,20140812T000000,283500.0,4.0,2.25,2100,8050,2.0,0,0,3,8,2100,0,1978,0,98055,47.4391,-122.193,2190,7700
1409,1409,9473200105,20140924T000000,425000.0,2.0,1.0,2110,4920,1.5,0,0,3,7,1460,650,1911,0,98103,47.6872,-122.339,1390,4732
1410,1410,6678900140,20150319T000000,685000.0,3.0,1.75,2210,8955,1.0,0,1,3,8,1560,650,1974,0,98033,47.6621,-122.189,2210,8976
1411,1411,9552700550,20150421T000000,750000.0,3.0,2.5,2360,12987,2.0,0,0,3,8,2360,0,1983,0,98006,47.5471,-122.149,2480,11665
1412,1412,2171400218,20150416T000000,245000.0,4.0,1.5,1280,8000,1.0,0,0,3,6,1280,0,1960,0,98178,47.4949,-122.255,1420,8211
1413,1413,9122001231,20150403T000000,585444.0,6.0,3.75,2740,6924,1.0,0,2,3,7,1640,1100,1962,0,98144,47.5816,-122.296,1940,6000
1414,1414,6639900012,20140917T000000,706000.0,4.0,2.5,2740,7571,2.0,0,0,3,9,2740,0,2009,0,98033,47.6962,-122.179,2880,7203
1415,1415,8151601090,20140801T000000,445000.0,4.0,2.0,2630,9099,1.5,0,0,3,7,1830,800,1944,2009,98146,47.5067,-122.361,1430,6825
1416,1416,6664900260,20150219T000000,241000.0,3.0,2.0,1650,6000,1.0,0,0,3,7,1650,0,1990,0,98023,47.2904,-122.353,1870,6000
1417,1417,7663700030,20150503T000000,1175000.0,2.0,2.5,1770,7155,2.0,1,4,3,8,1770,0,1957,2004,98155,47.7345,-122.285,2410,10476
1418,1418,952000055,20150206T000000,530000.0,3.0,1.0,1500,5750,1.5,0,0,4,7,1050,450,1927,0,98126,47.5677,-122.376,1500,5060
1419,1419,4292300024,20150302T000000,350000.0,3.0,1.5,1430,12199,1.0,0,0,3,7,1130,300,1948,0,98133,47.7352,-122.33,1490,8196
1420,1420,8073000550,20150415T000000,1700000.0,4.0,3.75,3190,17186,2.0,1,4,3,10,3190,0,1999,0,98178,47.5115,-122.246,2290,13496
1421,1421,9238450160,20150428T000000,389000.0,3.0,1.0,1280,9630,1.0,0,0,3,7,1280,0,1968,0,98072,47.7677,-122.163,1300,9453
1422,1422,6127600036,20141105T000000,799000.0,4.0,2.75,2390,6820,2.0,0,0,4,7,2140,250,1945,0,98115,47.6788,-122.27,1980,6820
1423,1423,1370801331,20140804T000000,1400000.0,4.0,2.5,4040,9630,1.0,0,3,4,9,2020,2020,1951,0,98199,47.6408,-122.41,3160,8025
1424,1424,3500100226,20141229T000000,340895.0,2.0,1.0,920,8612,1.0,0,0,5,7,920,0,1947,0,98155,47.734,-122.301,1500,7956
1425,1425,319500570,20140505T000000,780000.0,4.0,2.5,2730,10281,2.0,0,2,3,9,2730,0,1996,0,98074,47.6227,-122.029,2750,7220
1426,1426,3751604974,20141204T000000,350000.0,2.0,1.5,1320,73600,1.0,0,0,3,7,1320,0,1993,0,98001,47.2755,-122.271,1320,33600
1427,1427,7852030320,20150217T000000,470000.0,3.0,2.5,2620,4874,2.0,0,0,3,7,2620,0,1999,0,98065,47.5328,-121.879,2360,4231
1428,1428,2481630070,20150128T000000,914600.0,4.0,3.0,3180,80837,2.0,0,0,3,11,3180,0,1985,0,98072,47.7336,-122.134,3180,38715
1429,1429,4299000030,20140923T000000,354000.0,4.0,2.5,2900,4762,2.0,0,0,3,8,2900,0,2005,0,98042,47.3663,-122.129,2900,5173
1430,1430,3886902590,20150226T000000,470000.0,5.0,2.0,1900,6000,1.5,0,0,4,6,1900,0,1920,0,98033,47.6831,-122.186,2110,8400
1431,1431,9178601000,20140730T000000,715000.0,3.0,2.0,1760,5400,1.0,0,0,5,7,1160,600,1927,0,98103,47.6558,-122.331,1640,5400
1432,1432,2861100030,20141007T000000,265000.0,2.0,1.0,760,4000,1.0,0,0,4,6,760,0,1950,0,98108,47.5466,-122.304,1640,4500
1433,1433,9471200370,20150330T000000,2537000.0,4.0,3.0,3710,20000,2.0,0,2,5,10,2760,950,1936,0,98105,47.6696,-122.261,3970,20000
1434,1434,625049286,20140815T000000,640000.0,3.0,1.0,1530,4944,1.0,0,0,3,7,1530,0,1950,0,98103,47.6857,-122.341,1500,4944
1435,1435,133000135,20141120T000000,290000.0,4.0,1.75,1990,18900,2.0,0,0,4,7,1870,120,1929,0,98168,47.5131,-122.313,1710,12400
1436,1436,7214700830,20140513T000000,480000.0,5.0,4.75,3830,35000,1.0,0,0,3,8,2130,1700,1976,0,98077,47.7597,-122.079,2750,36150
1437,1437,4473400045,20140826T000000,535000.0,3.0,2.0,2040,5600,1.0,0,1,5,7,1120,920,1954,0,98144,47.5959,-122.293,2120,4958
1438,1438,9413600350,20140829T000000,907000.0,3.0,1.75,2170,12220,1.0,0,0,5,8,2170,0,1965,0,98033,47.6537,-122.195,1980,9000
1439,1439,1138010520,20140601T000000,459000.0,3.0,1.75,1620,7330,1.0,0,0,4,7,1090,530,1974,0,98034,47.7148,-122.213,1380,7191
1440,1440,7431500341,20150424T000000,1355000.0,3.0,2.5,3600,21399,1.0,0,3,3,9,2310,1290,1950,2007,98008,47.6191,-122.099,2830,17559
1441,1441,8830400135,20150305T000000,264950.0,3.0,1.5,1470,11599,1.0,0,0,3,7,1070,400,1967,0,98030,47.3632,-122.188,1580,9760
1442,1442,5694000710,20141107T000000,352950.0,3.0,1.0,1760,3000,1.5,0,0,1,6,1760,0,1900,0,98103,47.6598,-122.348,1320,1266
1443,1443,1951820070,20140822T000000,491500.0,3.0,2.25,2230,13100,1.0,0,0,4,8,1510,720,1974,0,98006,47.5413,-122.174,2010,10650
1444,1444,6137500320,20140625T000000,1229000.0,4.0,3.5,3770,37034,2.0,0,0,3,10,2830,940,1989,0,98007,47.6463,-122.151,3200,36342
1445,1445,6703100070,20150406T000000,369500.0,3.0,1.0,1200,9194,1.0,0,0,4,7,1200,0,1952,0,98155,47.7362,-122.319,1330,8650
1446,1446,339350070,20150318T000000,566000.0,3.0,2.5,2090,6294,2.0,0,0,3,9,2090,0,2004,0,98052,47.68600000000001,-122.095,2520,5735
1447,1447,7399300860,20140825T000000,290000.0,3.0,2.25,1500,7308,1.0,0,0,4,7,1210,290,1968,0,98055,47.4621,-122.187,1480,7400
1448,1448,8907500070,20150413T000000,5350000.0,5.0,5.0,8000,23985,2.0,0,4,3,12,6720,1280,2009,0,98004,47.6232,-122.22,4600,21750
1449,1449,8651430560,20140522T000000,180000.0,3.0,1.0,870,5330,1.0,0,0,3,6,870,0,1969,2014,98042,47.369,-122.077,840,5200
1450,1450,2228900270,20140812T000000,215000.0,2.0,1.0,1010,6000,1.0,0,0,4,6,1010,0,1944,0,98133,47.771,-122.353,1610,7313
1451,1451,2228900270,20150212T000000,302000.0,2.0,1.0,1010,6000,1.0,0,0,4,6,1010,0,1944,0,98133,47.771,-122.353,1610,7313
1452,1452,6880200030,20150410T000000,352500.0,3.0,1.75,1860,7881,1.0,0,0,3,7,1160,700,1986,0,98198,47.3855,-122.322,1490,7527
1453,1453,7227501170,20140626T000000,235867.0,4.0,2.0,1330,5926,1.0,0,0,4,5,1330,0,1942,0,98056,47.496,-122.19,1150,5485
1454,1454,7504460200,20140717T000000,500000.0,3.0,2.25,1760,11946,2.0,0,0,3,8,1760,0,1978,0,98074,47.624,-122.05,2080,12068
1455,1455,1559900200,20150326T000000,382000.0,3.0,2.25,1800,4500,2.0,0,0,3,7,1800,0,1995,0,98019,47.7462,-121.98,1760,6589
1456,1456,546000400,20150422T000000,515000.0,5.0,2.5,1690,2402,1.5,0,0,3,7,990,700,1930,0,98117,47.6903,-122.38,1200,4005
1457,1457,1596600060,20150501T000000,250000.0,1.0,1.0,660,2600,1.0,0,0,3,6,660,0,1919,0,98144,47.5723,-122.304,1560,5445
1458,1458,6021501920,20140627T000000,672500.0,3.0,2.25,2400,5300,1.5,0,0,4,7,1250,1150,1939,0,98117,47.6876,-122.384,1540,4800
1459,1459,3275860270,20141022T000000,755000.0,3.0,2.25,3020,13031,2.0,0,0,3,9,3020,0,1989,0,98052,47.6897,-122.098,2480,10204
1460,1460,5457300703,20150320T000000,707500.0,3.0,1.0,1500,2555,2.0,0,2,3,7,1500,0,1910,0,98109,47.627,-122.353,1820,2555
1461,1461,2919700885,20140826T000000,459000.0,4.0,2.0,1560,3840,1.0,0,0,4,6,960,600,1924,0,98117,47.6882,-122.365,1560,4800
1462,1462,1951500030,20150204T000000,140000.0,3.0,1.0,1090,10620,1.5,0,0,3,7,1090,0,1959,0,98032,47.3748,-122.294,1380,10620
1463,1463,9550200310,20140811T000000,495000.0,2.0,1.0,970,4284,1.0,0,0,3,7,970,0,1905,0,98103,47.6667,-122.333,2050,4284
1464,1464,3630120700,20140513T000000,757000.0,3.0,3.25,3190,5283,2.0,0,0,3,9,3190,0,2007,0,98029,47.5534,-122.002,2950,5198
1465,1465,3630120700,20150107T000000,765000.0,3.0,3.25,3190,5283,2.0,0,0,3,9,3190,0,2007,0,98029,47.5534,-122.002,2950,5198
1466,1466,6370000070,20140919T000000,359000.0,4.0,1.5,1890,6052,1.0,0,0,4,7,1890,0,1955,0,98125,47.7055,-122.3,1510,6072
1467,1467,7935000125,20140605T000000,440000.0,3.0,1.0,1050,7500,1.0,0,0,3,6,1050,0,1900,0,98136,47.5473,-122.396,1380,7500
1468,1468,3034200058,20140529T000000,400000.0,4.0,1.5,1390,7200,1.0,0,0,3,7,1140,250,1965,0,98133,47.7224,-122.332,1630,7702
1469,1469,2856102336,20150325T000000,652000.0,3.0,2.0,1700,4080,1.0,0,0,4,7,850,850,1941,0,98117,47.6785,-122.393,1480,5100
1470,1470,2523039239,20140530T000000,260000.0,3.0,1.75,1050,5850,1.0,0,0,3,7,1050,0,1980,0,98166,47.4574,-122.358,1220,8880
1471,1471,5452800310,20150420T000000,1328000.0,5.0,3.0,3340,10796,1.0,0,2,3,9,2120,1220,1964,1990,98040,47.5421,-122.229,3290,12955
1472,1472,2724069070,20150220T000000,519500.0,4.0,2.0,1540,17859,1.0,0,0,3,6,1540,0,1964,0,98027,47.5326,-122.032,1390,9688
1473,1473,6690500320,20141027T000000,650000.0,3.0,1.0,1710,5992,1.5,0,0,4,7,1560,150,1928,0,98103,47.6861,-122.354,1240,3001
1474,1474,2413301070,20150324T000000,280000.0,4.0,2.25,2100,8075,2.0,0,0,3,8,2100,0,1978,0,98003,47.3251,-122.329,2100,7464
1475,1475,1562100030,20140910T000000,515000.0,4.0,1.75,1730,7980,1.0,0,0,4,8,1730,0,1965,0,98007,47.6219,-122.138,2080,8400
1476,1476,7941140070,20150318T000000,400000.0,3.0,2.25,1500,2692,2.0,0,0,3,7,1500,0,1986,0,98034,47.7159,-122.203,1470,2418
1477,1477,1703050520,20150414T000000,652100.0,3.0,2.5,2380,5017,2.0,0,0,3,9,2380,0,2003,0,98074,47.6297,-122.021,2670,6066
1478,1478,2412600030,20140623T000000,235000.0,6.0,3.0,2180,7956,2.0,0,0,3,7,2180,0,1980,0,98003,47.3054,-122.305,2214,7684
1479,1479,5266300140,20150408T000000,701000.0,4.0,1.5,1840,10080,2.0,0,0,3,8,1840,0,1907,0,98118,47.5575,-122.279,1830,5040
1480,1480,11520030,20140624T000000,640000.0,4.0,2.5,2341,9594,2.0,0,0,3,9,2341,0,1997,0,98052,47.6993,-122.115,2850,9421
1481,1481,7202290140,20140728T000000,455800.0,3.0,2.5,1690,4584,2.0,0,0,3,7,1690,0,2002,0,98053,47.6866,-122.043,1600,3164
1482,1482,8161010060,20141218T000000,504750.0,3.0,2.5,2490,21937,2.0,0,0,3,8,2490,0,1993,0,98014,47.6442,-121.898,2450,21937
1483,1483,8562900710,20140711T000000,483000.0,3.0,3.0,2440,15540,2.0,0,0,3,9,2440,0,1992,0,98074,47.6104,-122.06,2440,15283
1484,1484,8888000055,20141230T000000,530000.0,3.0,0.75,920,20412,1.0,1,2,5,6,920,0,1950,0,98070,47.4781,-122.49,1162,54705
1485,1485,3395800295,20140711T000000,250000.0,2.0,1.0,1030,8786,1.0,0,0,3,6,1030,0,1956,0,98146,47.4814,-122.341,1480,8121
1486,1486,5557320030,20140924T000000,229950.0,5.0,2.75,2000,5885,1.0,0,0,3,7,1260,740,1994,0,98023,47.3155,-122.347,1960,6514
1487,1487,2909300640,20140723T000000,884744.0,4.0,3.5,4210,9414,2.0,0,0,3,9,4210,0,2001,0,98074,47.6067,-122.022,3950,8880
1488,1488,5202500030,20150401T000000,514000.0,3.0,1.5,1610,9964,1.0,0,0,3,7,1080,530,1977,0,98052,47.6681,-122.143,1610,9964
1489,1489,5561300640,20150506T000000,532000.0,3.0,2.25,1910,35015,1.0,0,0,4,8,1430,480,1977,0,98027,47.4672,-122.006,2340,36680
1490,1490,3449900030,20140911T000000,423000.0,4.0,2.5,2660,5539,2.0,0,0,3,8,2660,0,2004,0,98059,47.4981,-122.162,2380,5539
1491,1491,952003435,20140826T000000,420000.0,2.0,1.0,820,4025,1.0,0,2,5,6,820,0,1922,0,98126,47.5649,-122.38,1410,5750
1492,1492,6204200340,20141110T000000,521000.0,3.0,1.75,1730,18250,1.0,0,0,3,8,1730,0,1988,0,98011,47.737,-122.201,2180,10027
1493,1493,1737100830,20150205T000000,577000.0,4.0,2.25,2360,7490,2.0,0,0,3,8,2360,0,1979,0,98033,47.6988,-122.169,2360,7490
1494,1494,2207200520,20140929T000000,425000.0,3.0,1.0,970,8040,1.0,0,0,3,7,970,0,1956,0,98007,47.603,-122.132,1250,7000
1495,1495,3818400060,20141031T000000,495000.0,4.0,2.5,2460,4862,2.0,0,0,3,8,2460,0,2004,0,98028,47.7719,-122.235,2900,4895
1496,1496,9264960560,20141001T000000,340000.0,3.0,2.5,2690,8577,2.0,0,0,3,9,2690,0,1987,0,98023,47.3026,-122.351,2570,8066
1497,1497,6362900172,20140923T000000,499950.0,3.0,3.5,1820,1991,2.0,0,0,3,8,1430,390,2014,0,98144,47.596,-122.298,1550,1460
1498,1498,9272200810,20150316T000000,1218000.0,4.0,3.0,3470,4750,2.0,0,2,3,9,2370,1100,2014,0,98116,47.5917,-122.386,2420,4761
1499,1499,3629160060,20150227T000000,720000.0,4.0,2.75,3370,7634,1.0,0,2,5,8,2110,1260,1977,0,98056,47.5259,-122.204,2460,7634
1500,1500,4324200060,20150312T000000,249000.0,3.0,1.5,1700,8247,1.0,0,0,3,7,1010,690,1970,0,98031,47.4216,-122.174,1440,8400
1501,1501,3830620710,20140613T000000,206135.0,3.0,1.0,1340,11070,1.0,0,0,4,7,1340,0,1978,0,98030,47.3527,-122.178,1650,7630
1502,1502,3276900030,20141006T000000,300000.0,5.0,2.75,2000,9276,2.0,0,0,4,7,2000,0,1968,0,98055,47.444,-122.19,1240,8270
1503,1503,4058800830,20150318T000000,612000.0,6.0,3.0,3840,14040,1.5,0,3,3,8,2460,1380,1949,0,98178,47.506,-122.241,2170,6765
1504,1504,6202600070,20141106T000000,1102030.0,5.0,2.5,3890,27311,2.0,0,2,3,10,3890,0,1950,1990,98177,47.7291,-122.363,3160,22641
1505,1505,8581200030,20150224T000000,230000.0,4.0,2.0,1220,9100,1.5,0,0,4,7,1220,0,1970,0,98023,47.2964,-122.376,1160,7700
1506,1506,2771601940,20150504T000000,850000.0,3.0,1.0,2280,4600,1.0,0,2,3,8,1250,1030,1936,0,98119,47.6378,-122.372,1910,4000
1507,1507,2214800270,20140925T000000,355000.0,4.0,2.5,2770,7000,1.0,0,0,4,7,1940,830,1979,0,98001,47.3396,-122.256,2140,7684
1508,1508,7312000240,20140623T000000,442000.0,4.0,2.5,2520,7253,2.0,0,0,3,9,2520,0,1990,0,98059,47.5148,-122.159,2570,8359
1509,1509,8562890560,20140626T000000,399000.0,4.0,3.0,3060,5000,2.0,0,0,3,8,3060,0,2001,0,98042,47.3786,-122.126,3060,5668
1510,1510,4136930310,20141106T000000,360000.0,4.0,2.5,2390,7115,2.0,0,0,3,9,2390,0,1999,0,98092,47.2593,-122.222,2600,7916
1511,1511,1328330350,20150213T000000,390000.0,3.0,1.75,1320,7725,1.0,0,0,3,8,1320,0,1978,0,98058,47.4425,-122.133,2020,7210
1512,1512,5255690060,20150318T000000,413000.0,5.0,2.5,2900,8711,1.0,0,0,3,8,1650,1250,1977,0,98011,47.7752,-122.197,2340,8869
1513,1513,402000260,20150211T000000,190000.0,2.0,1.0,700,9500,1.0,0,0,3,6,700,0,1951,0,98118,47.5294,-122.276,1020,5617
1514,1514,7787110060,20141013T000000,432900.0,3.0,2.5,2210,9226,2.0,0,0,3,8,2210,0,1998,0,98045,47.4849,-121.782,2430,8902
1515,1515,8651580310,20140528T000000,621138.0,3.0,2.25,2180,7741,2.0,0,0,3,9,2180,0,1986,0,98074,47.6482,-122.072,2300,8581
1516,1516,3705000060,20140604T000000,270000.0,3.0,2.25,2080,4252,1.5,0,0,3,7,1550,530,2003,0,98042,47.4203,-122.157,2080,2275
1517,1517,7525410060,20150109T000000,610000.0,4.0,2.25,2090,35040,1.0,0,0,3,8,1490,600,1980,0,98075,47.5739,-122.032,2910,21132
1518,1518,3295700060,20140602T000000,500000.0,3.0,2.0,1720,5525,1.0,0,2,5,7,960,760,1941,0,98108,47.559,-122.298,1760,5525
1519,1519,8121500060,20140807T000000,715000.0,4.0,2.25,2460,40635,1.0,0,0,5,8,2460,0,1968,0,98053,47.6627,-122.032,2250,40635
1520,1520,3728800320,20140529T000000,264000.0,3.0,1.5,1470,14821,1.0,0,0,4,7,1470,0,1958,0,98042,47.3658,-122.148,1760,15370
1521,1521,6003501535,20140828T000000,550000.0,3.0,1.75,1650,3200,1.5,0,0,3,8,1650,0,1901,0,98102,47.6209,-122.317,1500,2400
1522,1522,2621750340,20141015T000000,337000.0,3.0,2.0,1690,9087,1.0,0,0,3,8,1690,0,1997,0,98042,47.3724,-122.108,2090,8100
1523,1523,3445000274,20150513T000000,170000.0,3.0,1.0,970,8710,1.0,0,0,4,6,970,0,1962,0,98198,47.4167,-122.302,1280,11805
1524,1524,3288200030,20140829T000000,405000.0,4.0,2.5,2030,9095,1.0,0,0,4,7,1130,900,1972,0,98034,47.7321,-122.185,1940,8000
1525,1525,4188000640,20140911T000000,775000.0,4.0,2.5,2540,28563,1.0,0,0,3,10,2540,0,1984,0,98052,47.7185,-122.114,2790,20301
1526,1526,2558730070,20140825T000000,425000.0,3.0,2.25,1570,7475,1.0,0,0,4,7,1200,370,1983,0,98034,47.7223,-122.174,1700,7230
1527,1527,7923500060,20140922T000000,713000.0,5.0,2.75,2580,9242,2.0,0,2,4,8,1720,860,1967,0,98007,47.5943,-122.133,2240,9316
1528,1528,8016300030,20141103T000000,555000.0,5.0,2.5,2090,8712,1.0,0,0,3,8,1420,670,1966,0,98008,47.5968,-122.127,2490,8712
1529,1529,3629920830,20150506T000000,810000.0,4.0,2.5,3260,5608,2.0,0,0,3,9,3260,0,2003,0,98029,47.5453,-121.995,3010,5608
1530,1530,4054510270,20140827T000000,1250000.0,4.0,3.75,3830,41263,2.0,0,0,4,11,3830,0,1990,0,98077,47.7237,-122.042,5600,56568
1531,1531,2864600105,20140624T000000,819000.0,3.0,3.5,2130,6150,2.0,0,2,5,8,1530,600,1908,0,98199,47.6491,-122.405,2040,5381
1532,1532,8165500830,20150327T000000,409900.0,3.0,2.5,1690,1200,2.0,0,0,3,8,1410,280,2013,0,98106,47.5389,-122.367,1690,1760
1533,1533,4395600060,20140630T000000,935000.0,2.0,2.5,1780,2067,2.0,0,0,5,9,1780,0,1974,0,98004,47.6132,-122.21,2320,2067
1534,1534,4444800045,20150420T000000,657500.0,4.0,1.75,1620,7560,1.0,0,3,4,7,1380,240,1947,0,98117,47.6981,-122.4,2170,8650
1535,1535,1115300270,20150428T000000,900000.0,6.0,3.75,4210,6105,2.0,0,0,3,9,3280,930,2008,0,98059,47.5211,-122.157,3820,6368
1536,1536,5363200200,20150402T000000,932800.0,5.0,3.25,2980,7095,2.5,0,0,3,9,2980,0,1998,2007,98115,47.6919,-122.294,1670,7140
1537,1537,6067900640,20150420T000000,391000.0,3.0,2.0,1490,9000,1.0,0,0,4,8,1490,0,1977,0,98006,47.5455,-122.184,2190,9000
1538,1538,4279200060,20141230T000000,420000.0,4.0,2.5,2110,9825,2.0,0,0,3,8,2110,0,2000,0,98059,47.4979,-122.153,1650,9900
1539,1539,3425059222,20141124T000000,1300000.0,6.0,3.5,6563,32670,2.0,0,0,3,10,5153,1410,2002,0,98005,47.6078,-122.157,2610,22651
1540,1540,5253300397,20150409T000000,415000.0,3.0,1.5,1510,16800,1.0,0,0,5,8,1510,0,1956,0,98133,47.751000000000005,-122.338,1560,7276
1541,1541,1769600204,20150225T000000,350000.0,3.0,1.75,1830,9425,1.0,0,0,3,8,1590,240,1946,0,98146,47.5038,-122.379,1670,8430
1542,1542,1176001195,20140621T000000,375000.0,2.0,1.0,1230,1820,2.0,0,0,4,7,830,400,1948,0,98107,47.6684,-122.401,1660,3056
1543,1543,1239400570,20141117T000000,860000.0,3.0,1.75,2180,14135,1.0,0,2,5,8,1300,880,1947,0,98033,47.673,-122.187,3540,10318
1544,1544,6071600270,20140603T000000,495000.0,4.0,2.25,2220,8872,1.0,0,0,4,8,1110,1110,1961,0,98006,47.5491,-122.17,2220,9106
1545,1545,1311100520,20150414T000000,250000.0,4.0,2.25,1730,8400,1.0,0,0,3,7,1730,0,1962,0,98001,47.3386,-122.288,1550,7920
1546,1546,1402200070,20141013T000000,365000.0,4.0,2.25,1990,21312,1.0,0,0,4,8,1990,0,1968,0,98058,47.43899999999999,-122.144,2400,19210
1547,1547,1419700270,20140507T000000,503000.0,3.0,2.75,1540,6760,1.0,0,0,5,7,1210,330,1980,0,98034,47.7163,-122.212,1540,7416
1548,1548,5126900310,20150325T000000,150000.0,2.0,1.0,1100,7200,1.0,0,0,4,6,1100,0,1944,0,98058,47.4752,-122.172,1390,7200
1549,1549,8816400885,20141008T000000,450000.0,4.0,1.75,1640,1480,1.0,0,0,4,7,820,820,1912,0,98105,47.6684,-122.314,1420,2342
1550,1550,5412100550,20141208T000000,355000.0,4.0,3.0,2590,7213,2.0,0,0,3,8,2590,0,2001,0,98001,47.2609,-122.289,2550,6800
1551,1551,7203000465,20141018T000000,245000.0,3.0,2.0,1450,9333,2.0,0,0,4,7,1450,0,1972,0,98003,47.346,-122.315,1910,7701
1552,1552,1862900160,20140703T000000,265900.0,3.0,2.0,1180,7793,1.0,0,0,4,7,1180,0,1992,0,98031,47.4053,-122.181,1720,7793
1553,1553,984220240,20141125T000000,299000.0,4.0,2.5,1820,7575,1.0,0,0,3,7,1220,600,1975,0,98058,47.4339,-122.167,1840,7650
1554,1554,4458800060,20150409T000000,957500.0,4.0,2.25,2360,11523,2.0,0,0,4,10,2360,0,1968,0,98040,47.5318,-122.224,2850,11362
1555,1555,1138000160,20140908T000000,343000.0,3.0,1.0,1120,7250,1.0,0,0,4,7,1120,0,1972,0,98034,47.7143,-122.211,1340,7302
1556,1556,9406520550,20141027T000000,307500.0,3.0,2.25,1646,7364,2.0,0,0,3,7,1646,0,1994,0,98038,47.3646,-122.037,1975,9161
1557,1557,7852160070,20150105T000000,937500.0,5.0,3.75,4210,14599,2.0,0,3,3,10,4210,0,2004,0,98065,47.5364,-121.858,3950,13591
1558,1558,7214700160,20140509T000000,610000.0,3.0,3.0,2480,45302,1.0,0,0,4,8,1620,860,1976,0,98077,47.7591,-122.073,1260,14100
1559,1559,2483700160,20140917T000000,720000.0,3.0,1.5,1590,7080,1.0,0,2,3,8,1310,280,1952,0,98136,47.5244,-122.386,2080,7200
1560,1560,1972201820,20141016T000000,610000.0,4.0,2.0,2130,2620,1.5,0,0,5,7,1650,480,1919,0,98103,47.6515,-122.346,1330,2719
1561,1561,9477000060,20150331T000000,434500.0,3.0,1.75,1650,7965,1.0,0,0,4,7,1650,0,1967,0,98034,47.7335,-122.193,1560,7350
1562,1562,7932000041,20150512T000000,602500.0,2.0,2.5,3090,47044,1.0,0,0,4,10,2250,840,1979,0,98058,47.4291,-122.177,1860,62829
1563,1563,1231000520,20141118T000000,607010.0,4.0,2.5,2180,4000,2.0,0,0,3,8,1700,480,2002,0,98118,47.5553,-122.269,2180,4000
1564,1564,7522500070,20150204T000000,610000.0,3.0,1.0,1800,5750,1.0,0,0,3,7,1040,760,1947,0,98117,47.68600000000001,-122.395,1320,5625
1565,1565,4215250310,20140919T000000,828500.0,4.0,2.5,3720,35000,2.0,0,0,3,10,3720,0,1983,0,98072,47.7582,-122.13,3720,35000
1566,1566,5560000070,20140707T000000,199990.0,3.0,1.0,1100,8560,1.0,0,0,3,6,1100,0,1961,0,98023,47.32899999999999,-122.338,1120,8470
1567,1567,1545804460,20150401T000000,294000.0,3.0,1.75,1530,9362,1.0,0,0,3,7,1530,0,1987,0,98038,47.3643,-122.049,1480,8125
1568,1568,9510970310,20140612T000000,789500.0,4.0,2.5,3010,6100,2.0,0,0,3,9,3010,0,2005,0,98052,47.6647,-122.08,2890,5176
1569,1569,98030160,20150212T000000,797000.0,3.0,3.5,3500,9473,2.0,0,0,3,10,3500,0,2008,0,98075,47.5807,-121.972,3510,7833
1570,1570,7853300070,20140818T000000,539950.0,5.0,3.0,3100,5250,2.0,0,0,3,7,3100,0,2006,0,98065,47.5369,-121.888,2460,5250
1571,1571,934300140,20150323T000000,284950.0,4.0,1.5,2000,6778,1.0,0,0,4,7,1170,830,1962,0,98198,47.3708,-122.311,1940,7531
1572,1572,1245001820,20150429T000000,776500.0,4.0,1.5,2290,10372,1.0,0,0,3,7,1510,780,1965,1987,98033,47.6888,-122.199,1900,8109
1573,1573,1974200060,20150424T000000,525000.0,4.0,2.5,2400,10070,1.0,0,0,3,7,1510,890,1967,0,98034,47.7104,-122.24,2030,9964
1574,1574,7300410060,20150425T000000,303000.0,3.0,2.5,1850,4957,2.0,0,0,3,8,1850,0,1999,0,98092,47.3311,-122.17,2400,6367
1575,1575,1939110310,20150310T000000,722080.0,3.0,3.25,3680,7650,2.0,0,0,3,9,2340,1340,1988,0,98074,47.6272,-122.033,2280,8515
1576,1576,7888000390,20140627T000000,140000.0,3.0,1.0,1060,7473,1.0,0,0,3,7,1060,0,1959,0,98198,47.3699,-122.309,1320,7912
1577,1577,7888000390,20150401T000000,235000.0,3.0,1.0,1060,7473,1.0,0,0,3,7,1060,0,1959,0,98198,47.3699,-122.309,1320,7912
1578,1578,1529300435,20141120T000000,440000.0,3.0,1.0,1610,5500,1.5,0,0,3,7,1610,0,1903,1973,98103,47.698,-122.351,1200,5701
1579,1579,2960900045,20140718T000000,605000.0,3.0,1.75,2330,6000,1.5,0,0,4,7,1630,700,1940,0,98126,47.5765,-122.378,1600,4000
1580,1580,3959400135,20140602T000000,380000.0,2.0,1.0,1210,4800,1.0,0,0,3,8,1060,150,1950,0,98108,47.5625,-122.316,1380,4800
1581,1581,7972600765,20140625T000000,352000.0,4.0,1.0,1530,8890,1.0,0,0,3,7,980,550,1925,0,98106,47.5308,-122.35,1100,5203
1582,1582,7214810550,20150413T000000,420000.0,4.0,2.25,2270,12000,1.0,0,0,4,7,1360,910,1979,0,98072,47.7559,-122.148,2500,10120
1583,1583,3271801090,20150430T000000,1175000.0,4.0,2.0,2590,7220,2.0,0,2,4,10,2590,0,1930,0,98199,47.647,-122.41,2530,6380
1584,1584,8964800370,20141022T000000,1375000.0,3.0,1.5,1850,10572,1.0,0,0,4,8,1850,0,1953,0,98004,47.6194,-122.208,3030,12752
1585,1585,8019200030,20140926T000000,300000.0,3.0,1.5,1500,14750,1.5,0,0,4,6,1500,0,1933,0,98168,47.495,-122.318,1270,15100
1586,1586,2954400400,20141112T000000,1150000.0,4.0,3.25,4740,49091,2.0,0,0,3,11,4740,0,1990,0,98053,47.6624,-122.071,4800,42387
1587,1587,3013301525,20141013T000000,453500.0,2.0,1.5,1710,4189,1.0,0,1,5,7,1160,550,1951,0,98136,47.5286,-122.383,1530,5608
1588,1588,3303100075,20141014T000000,443500.0,3.0,2.0,1920,7598,1.0,0,0,4,8,1920,0,1972,0,98177,47.7735,-122.363,2220,7598
1589,1589,2004100075,20150326T000000,332000.0,2.0,1.0,1150,8138,1.0,0,0,3,7,1150,0,1954,0,98155,47.737,-122.325,1300,8139
1590,1590,4221270340,20150327T000000,655000.0,3.0,2.5,2320,4721,2.0,0,0,3,8,2320,0,2004,0,98075,47.591,-122.017,2250,4356
1591,1591,7177300575,20140903T000000,475000.0,4.0,1.0,1420,6000,1.5,0,0,3,7,1420,0,1950,0,98115,47.6844,-122.302,1420,6180
1592,1592,1471630350,20141024T000000,372500.0,3.0,1.75,1550,12956,1.0,0,0,3,7,1210,340,1988,0,98045,47.4711,-121.752,1630,15360
1593,1593,1250203335,20140527T000000,1050000.0,4.0,2.5,2920,7200,1.0,0,3,3,8,1470,1450,1921,2006,98144,47.5947,-122.288,3210,6825
1594,1594,8815400105,20140603T000000,500000.0,3.0,1.75,1620,4200,1.0,0,0,5,7,830,790,1945,0,98115,47.6743,-122.285,1580,5000
1595,1595,5315100737,20140528T000000,900000.0,6.0,2.75,2300,24773,1.5,0,0,4,9,2300,0,1950,1985,98040,47.5833,-122.242,2720,11740
1596,1596,3333002440,20140604T000000,327500.0,3.0,1.0,1070,7140,1.0,0,0,3,7,1070,0,1989,0,98118,47.5427,-122.288,1390,2374
1597,1597,2130702205,20150406T000000,390000.0,3.0,1.75,1790,7123,1.0,0,0,3,7,1790,0,1913,1995,98019,47.7429,-121.981,1660,8128
1598,1598,2159900060,20150113T000000,451101.0,2.0,1.5,1510,1962,2.0,0,0,4,8,1510,0,1985,0,98007,47.6214,-122.153,1510,2182
1599,1599,194000575,20141014T000000,455000.0,4.0,1.0,1340,5800,1.5,0,2,3,7,1340,0,1914,0,98116,47.5658,-122.389,1900,5800
1600,1600,1531000140,20140701T000000,650000.0,4.0,2.5,3350,46748,2.0,0,0,3,10,3350,0,2004,0,98010,47.3432,-122.025,3350,39683
1601,1601,2125049139,20140806T000000,895000.0,3.0,2.5,2500,7746,2.0,0,0,4,10,1910,590,1993,0,98112,47.6393,-122.311,2480,5099
1602,1602,3623500135,20150326T000000,800000.0,4.0,2.25,2350,10664,1.0,0,1,2,7,1510,840,1952,0,98040,47.5743,-122.238,2350,10140
1603,1603,7805460310,20141113T000000,703770.0,4.0,2.25,2550,12918,2.0,0,0,3,9,2550,0,1987,0,98006,47.5623,-122.109,2550,11036
1604,1604,3021059244,20140814T000000,249950.0,3.0,1.75,1320,10454,1.0,0,0,4,7,1320,0,1968,0,98002,47.2844,-122.216,1680,10183
1605,1605,925049360,20150428T000000,512000.0,2.0,2.0,1270,3881,1.0,0,0,4,6,610,660,1926,0,98105,47.6694,-122.298,1370,5000
1606,1606,3286800260,20150506T000000,780000.0,5.0,2.5,3480,74052,1.0,0,0,4,8,1980,1500,1972,0,98027,47.4961,-122.063,2610,65775
1607,1607,4137010240,20140716T000000,336000.0,3.0,2.25,2820,11625,2.0,0,0,3,8,2820,0,1986,0,98092,47.2621,-122.218,2290,8488
1608,1608,9368700341,20140822T000000,285000.0,3.0,2.0,2110,6900,1.5,0,0,5,6,1220,890,1955,0,98178,47.504,-122.26,1350,7683
1609,1609,3832310350,20141021T000000,229900.0,3.0,1.75,1100,7224,1.0,0,0,3,7,1100,0,1981,0,98032,47.3717,-122.277,1700,8447
1610,1610,324000350,20150415T000000,667500.0,4.0,3.0,1920,4000,1.5,0,0,4,8,1540,380,1931,0,98116,47.5718,-122.385,1660,4000
1611,1611,9407101840,20140620T000000,378000.0,4.0,2.5,1890,12236,1.0,0,0,3,7,1230,660,1978,0,98045,47.4491,-121.78,1390,11360
1612,1612,1422300140,20140905T000000,454000.0,3.0,2.5,2530,43733,2.0,0,0,3,8,1530,1000,1991,0,98045,47.46,-121.708,1730,43548
1613,1613,6127011000,20140508T000000,537500.0,4.0,2.5,2550,4630,2.0,0,0,3,7,2550,0,2005,0,98075,47.5928,-122.004,2550,5151
1614,1614,2624049117,20140903T000000,425000.0,3.0,1.0,1550,4160,1.5,0,0,4,6,1550,0,1926,0,98118,47.5387,-122.265,1590,5000
1615,1615,3295750550,20141124T000000,290000.0,3.0,2.0,1760,6600,1.0,0,0,3,7,1760,0,1998,0,98030,47.3836,-122.184,2590,6600
1616,1616,7960100260,20140701T000000,349500.0,3.0,2.0,1270,3600,1.0,0,0,3,7,1270,0,1963,0,98122,47.6099,-122.297,1660,3600
1617,1617,7625700012,20141202T000000,370000.0,3.0,2.75,1250,1655,2.0,0,0,3,7,830,420,2006,0,98136,47.5554,-122.382,1520,3001
1618,1618,5418200295,20150309T000000,549500.0,3.0,1.75,1620,8438,1.0,0,0,4,8,1620,0,1961,0,98125,47.703,-122.281,2040,9450
1619,1619,7454000295,20150130T000000,245000.0,2.0,1.0,710,6322,1.0,0,0,3,6,710,0,1942,0,98126,47.5165,-122.376,740,6720
1620,1620,8100000060,20140729T000000,208000.0,3.0,1.75,1070,7200,1.0,0,0,3,7,1070,0,1994,0,98010,47.3134,-122.023,1480,7200
1621,1621,1310500550,20141220T000000,248000.0,4.0,2.25,2320,8760,1.0,0,0,4,8,1160,1160,1966,0,98032,47.3627,-122.285,1970,8690
1622,1622,9485950310,20141003T000000,610000.0,4.0,3.25,5450,37058,1.5,0,0,5,9,5450,0,1984,0,98042,47.351000000000006,-122.087,2800,35716
1623,1623,4213910030,20150401T000000,550000.0,4.0,2.5,1670,5116,2.0,0,0,3,8,1670,0,1999,0,98155,47.7667,-122.33,1910,7210
1624,1624,1223089083,20141028T000000,750000.0,3.0,2.75,3010,206910,2.0,0,2,3,10,3010,0,2001,0,98045,47.4881,-121.721,1580,120675
1625,1625,2143700861,20141030T000000,192000.0,2.0,1.75,1340,7380,1.0,0,0,3,6,1340,0,1940,0,98055,47.4785,-122.229,1980,9600
1626,1626,5016003230,20150218T000000,169317.0,2.0,1.0,790,4000,1.0,0,2,3,7,790,0,1908,0,98112,47.6248,-122.301,1700,4200
1627,1627,1338801019,20140701T000000,1198000.0,4.0,3.5,3400,3850,2.5,0,0,3,10,2790,610,2008,0,98112,47.6258,-122.302,2030,4000
1628,1628,3592500565,20141029T000000,880000.0,2.0,1.0,1530,6350,1.5,0,0,4,7,1530,0,1923,0,98112,47.6325,-122.303,2640,6350
1629,1629,6414600070,20140617T000000,210000.0,1.0,1.0,930,7129,1.0,0,0,3,6,930,0,1948,0,98133,47.7234,-122.333,1300,8075
1630,1630,8645500160,20150107T000000,180500.0,3.0,1.5,1540,9800,1.0,0,0,3,7,1010,530,1973,0,98058,47.4676,-122.184,1600,8250
1631,1631,8651520240,20140728T000000,540000.0,4.0,2.0,1990,29078,2.0,0,0,3,9,1990,0,1984,0,98074,47.6471,-122.057,2310,28353
1632,1632,9408300310,20140624T000000,520000.0,3.0,1.75,2300,35722,1.0,0,0,3,9,2300,0,1984,0,98072,47.7455,-122.112,2600,34798
1633,1633,4202400135,20140626T000000,177500.0,3.0,1.5,1220,6000,1.0,0,0,3,7,1220,0,1968,0,98055,47.4904,-122.222,1660,6000
1634,1634,7129300935,20141105T000000,415000.0,3.0,1.75,2380,5650,1.0,0,2,4,8,1190,1190,1956,0,98118,47.5119,-122.255,2350,6554
1635,1635,8143000310,20140909T000000,495000.0,4.0,2.5,2020,7200,1.0,0,0,5,7,1010,1010,1968,0,98034,47.7289,-122.201,1620,7275
1636,1636,6082400152,20150304T000000,325000.0,3.0,2.25,1890,9646,1.0,0,0,3,8,1890,0,1966,0,98168,47.4838,-122.299,1580,9488
1637,1637,6838000520,20150220T000000,440000.0,2.0,1.75,1330,4903,1.0,0,0,3,7,1330,0,1985,0,98052,47.6819,-122.161,1470,2735
1638,1638,4023500118,20140723T000000,411000.0,3.0,1.75,1490,9844,1.0,0,0,4,7,1190,300,1959,0,98155,47.7626,-122.297,1840,10150
1639,1639,8952900204,20141029T000000,810000.0,5.0,3.5,3550,9600,2.0,0,0,3,9,2550,1000,1998,0,98118,47.5484,-122.269,2030,9600
1640,1640,7922800320,20141016T000000,561750.0,5.0,1.75,2040,8996,1.0,0,2,4,7,1020,1020,1962,0,98008,47.588,-122.118,1950,8270
1641,1641,9542000030,20140722T000000,835100.0,4.0,2.5,2380,12573,1.0,0,0,4,9,2380,0,1963,0,98005,47.5984,-122.176,2900,10700
1642,1642,3787000140,20140901T000000,450000.0,3.0,2.25,1780,9969,1.0,0,0,3,8,1450,330,1985,0,98034,47.7286,-122.168,1950,7974
1643,1643,646910030,20141104T000000,238000.0,3.0,2.5,1650,2807,2.0,0,0,3,7,1650,0,2004,0,98055,47.4328,-122.196,1460,1875
1644,1644,5515600075,20141205T000000,299000.0,3.0,1.0,1510,142803,1.0,0,0,3,7,1510,0,1974,0,98001,47.3192,-122.287,1330,46609
1645,1645,1377300135,20141017T000000,570000.0,2.0,1.0,1100,6240,1.0,0,0,4,7,1100,0,1941,0,98199,47.6446,-122.403,1250,6240
1646,1646,5469501940,20140604T000000,340000.0,3.0,1.75,2190,12626,2.0,0,0,4,8,2190,0,1978,0,98042,47.3845,-122.154,3110,14592
1647,1647,9276200890,20150429T000000,450000.0,2.0,1.75,1760,2275,1.5,0,0,3,6,1040,720,1912,0,98116,47.5803,-122.393,1380,3750
1648,1648,6385910260,20140910T000000,272750.0,4.0,1.5,1800,8786,1.0,0,0,3,7,1330,470,1966,0,98146,47.4982,-122.345,1780,8664
1649,1649,5101402482,20140724T000000,520000.0,4.0,2.0,2000,6380,2.0,0,0,4,6,1860,140,1949,0,98115,47.6956,-122.303,1600,6380
1650,1650,9353300140,20140618T000000,284950.0,3.0,1.0,990,10723,1.0,0,0,5,7,990,0,1960,0,98059,47.4887,-122.133,1460,10723
1651,1651,5379801600,20150424T000000,255000.0,2.0,1.5,1480,9660,1.0,0,0,3,7,1480,0,1949,0,98188,47.4577,-122.289,1990,9660
1652,1652,6082400260,20141112T000000,231500.0,2.0,1.0,1200,9488,1.0,0,0,5,7,1200,0,1941,0,98168,47.4832,-122.299,1200,9488
1653,1653,2025079033,20141210T000000,415000.0,1.0,2.0,3000,204732,2.5,0,2,3,8,3000,0,1979,0,98014,47.6331,-121.945,2330,213008
1654,1654,6181430800,20150105T000000,330000.0,4.0,2.5,3504,6000,2.0,0,0,3,7,3504,0,2006,0,98001,47.3012,-122.285,2790,5231
1655,1655,3649100473,20140528T000000,365000.0,3.0,1.5,1300,12240,1.0,0,0,3,7,1300,0,1963,0,98028,47.737,-122.243,2040,9326
1656,1656,2011400791,20141007T000000,425000.0,4.0,2.0,1330,9188,1.5,0,0,3,7,1330,0,1928,2004,98198,47.401,-122.319,1770,10419
1657,1657,7549802030,20141104T000000,400000.0,4.0,1.75,1850,6480,1.0,0,0,4,7,1120,730,1958,0,98108,47.5525,-122.313,1610,5040
1658,1658,1898200030,20140922T000000,335000.0,4.0,2.5,2240,9701,2.0,0,0,3,9,2240,0,1989,0,98023,47.3086,-122.392,2240,9410
1659,1659,567000672,20140930T000000,342000.0,3.0,3.0,1260,1251,2.0,0,0,3,7,1040,220,2003,0,98144,47.5943,-122.296,1780,7715
1660,1660,9126101740,20141204T000000,490000.0,8.0,5.0,2800,2580,2.0,0,0,3,8,1880,920,1997,0,98122,47.6086,-122.303,1800,2580
1661,1661,5127001600,20141106T000000,331500.0,4.0,1.75,1820,14319,1.0,0,0,4,7,1820,0,1969,0,98059,47.4757,-122.148,1440,10018
1662,1662,1925069121,20150330T000000,960000.0,3.0,2.5,1730,4102,3.0,1,4,3,8,1730,0,1996,0,98074,47.645,-122.084,2340,16994
1663,1663,7511210310,20140709T000000,720500.0,4.0,2.5,3350,35298,2.0,0,0,4,9,3350,0,1985,0,98053,47.6506,-122.036,2620,35604
1664,1664,65000260,20140820T000000,830000.0,3.0,2.5,3370,6550,2.0,0,2,4,8,2840,530,1912,2001,98126,47.5442,-122.38,1500,6550
1665,1665,6372000060,20140523T000000,662990.0,3.0,1.75,1240,3600,1.5,0,0,5,7,1240,0,1926,0,98116,47.5797,-122.405,1660,3600
1666,1666,2005300140,20150330T000000,220000.0,4.0,2.0,2340,10507,1.5,0,0,4,6,2340,0,1959,0,98030,47.3578,-122.178,990,10507
1667,1667,5649600435,20150108T000000,349950.0,5.0,2.0,1880,4179,1.0,0,0,3,7,940,940,1952,2000,98118,47.5536,-122.283,1350,5150
1668,1668,2249500059,20150107T000000,550000.0,3.0,2.0,1810,2159,1.0,0,0,3,7,1010,800,1922,0,98109,47.6273,-122.345,1810,2159
1669,1669,1773100510,20140915T000000,396000.0,3.0,1.75,2340,5668,1.0,0,0,4,6,1200,1140,1941,0,98106,47.5588,-122.364,860,4800
1670,1670,9521100960,20150116T000000,635000.0,4.0,1.5,2820,4000,2.0,0,0,3,7,2820,0,1911,0,98103,47.6638,-122.348,1470,1627
1671,1671,1785500132,20141118T000000,293000.0,3.0,1.0,1020,7650,1.0,0,0,3,7,1020,0,1940,0,98133,47.7198,-122.352,1440,7650
1672,1672,8645530060,20140711T000000,339000.0,3.0,2.25,2090,10120,1.0,0,0,4,7,1290,800,1979,0,98058,47.4654,-122.174,1820,7983
1673,1673,7697920060,20140630T000000,285000.0,4.0,2.25,1830,8734,2.0,0,0,4,7,1830,0,1991,0,98030,47.3679,-122.179,1870,7212
1674,1674,9550202010,20140710T000000,775000.0,6.0,2.75,2980,5000,1.5,0,0,3,7,2480,500,1916,0,98103,47.6684,-122.331,1470,5000
1675,1675,1821059264,20140626T000000,224000.0,4.0,1.5,1600,9289,1.0,0,0,4,7,1600,0,1959,0,98002,47.3107,-122.212,1540,9918
1676,1676,5700003985,20141029T000000,2250000.0,4.0,3.5,4440,8125,2.0,0,3,5,10,3140,1300,1922,0,98144,47.5744,-122.283,3990,8505
1677,1677,2320069248,20140701T000000,165050.0,3.0,1.0,1200,8514,1.0,0,0,3,7,1200,0,1959,0,98022,47.2043,-122.008,1210,8985
1678,1678,2658000335,20141027T000000,275000.0,3.0,1.25,1230,4500,1.5,0,0,4,7,1230,0,1913,0,98118,47.5301,-122.271,1310,5000
1679,1679,1702901557,20140911T000000,445000.0,5.0,3.0,2930,5500,1.0,0,0,3,7,1750,1180,1951,0,98118,47.5572,-122.281,1400,5500
1680,1680,1774220350,20150401T000000,510000.0,3.0,2.25,2370,38639,1.0,0,0,3,8,1930,440,1978,0,98077,47.771,-122.099,2900,37452
1681,1681,7355700171,20140610T000000,1230000.0,4.0,2.5,3040,7000,2.0,0,0,3,9,3040,0,2001,0,98040,47.5934,-122.244,2320,17511
1682,1682,3971701922,20141029T000000,390000.0,3.0,1.5,1610,13500,1.0,0,0,3,7,1060,550,1970,0,98155,47.7674,-122.31,1540,11479
1683,1683,3583300135,20140513T000000,460000.0,3.0,2.25,2350,10450,1.0,0,0,3,8,1390,960,1977,0,98028,47.7433,-122.259,2250,10450
1684,1684,9542000075,20150327T000000,700000.0,3.0,1.75,2000,14733,1.0,0,0,4,8,2000,0,1958,0,98005,47.6001,-122.178,2620,14733
1685,1685,4055700955,20140622T000000,874150.0,4.0,3.5,3530,14406,2.0,0,1,3,10,2570,960,1987,0,98034,47.7073,-122.244,3170,15181
1686,1686,4022902505,20140731T000000,470000.0,3.0,2.25,2220,9800,2.0,0,0,3,8,2220,0,1987,0,98155,47.7635,-122.286,2420,10232
1687,1687,8680100030,20140521T000000,374000.0,3.0,1.75,2000,9416,1.0,0,0,4,6,2000,0,1961,0,98033,47.697,-122.175,1440,9555
1688,1688,2923039017,20140717T000000,510000.0,2.0,1.75,1210,131115,1.5,0,0,5,7,1210,0,1950,0,98070,47.4599,-122.45,2020,185565
1689,1689,2767604247,20140711T000000,467000.0,2.0,2.5,1140,1181,3.0,0,0,3,8,1140,0,2007,0,98107,47.6713,-122.383,1220,1189
1690,1690,5631500505,20140616T000000,576000.0,4.0,2.5,2440,28405,2.0,0,0,3,8,2440,0,2002,0,98028,47.7386,-122.238,2480,11429
1691,1691,3356406510,20140530T000000,196440.0,3.0,2.0,1560,7352,1.0,0,0,3,6,1560,0,1992,0,98001,47.2804,-122.251,1120,7950
1692,1692,7701990700,20141231T000000,825000.0,4.0,2.5,3210,18901,2.0,0,0,3,10,3210,0,1993,0,98077,47.709,-122.073,3330,18901
1693,1693,8835200800,20150408T000000,281000.0,2.0,1.0,930,2600,1.0,0,0,3,7,930,0,1981,0,98034,47.7242,-122.161,1370,3488
1694,1694,8902500118,20140812T000000,326000.0,3.0,2.5,1782,1577,3.0,0,0,3,7,1782,0,2000,0,98125,47.7114,-122.301,1550,1744
1695,1695,2822079012,20150410T000000,340000.0,3.0,1.75,1740,46580,1.0,0,0,4,7,1740,0,1980,0,98010,47.3583,-121.927,1576,54685
1696,1696,9485950060,20141208T000000,440000.0,5.0,1.75,3690,36036,1.0,0,0,3,9,1890,1800,1985,0,98042,47.3473,-122.085,2680,44131
1697,1697,424069264,20140522T000000,749000.0,4.0,2.5,2930,18199,2.0,0,0,3,9,2930,0,1998,0,98075,47.5937,-122.047,2930,33976
1698,1698,3581000340,20150227T000000,340000.0,4.0,1.0,1230,8316,1.5,0,0,3,7,1230,0,1963,0,98034,47.7269,-122.24,1490,8316
1699,1699,7625704005,20140506T000000,561000.0,3.0,2.0,2000,7000,2.0,0,0,3,7,2000,0,1916,1986,98136,47.5452,-122.393,1840,7000
1700,1700,1545803240,20141031T000000,270000.0,3.0,2.25,1520,7930,1.0,0,0,3,7,1160,360,1988,0,98038,47.3605,-122.049,1530,7930
1701,1701,8080400045,20140620T000000,600000.0,2.0,1.0,1040,3600,1.0,0,0,4,7,1040,0,1919,1980,98112,47.619,-122.311,2250,4800
1702,1702,8651402920,20140505T000000,219900.0,4.0,1.5,1120,5427,1.0,0,0,3,6,1120,0,1969,2014,98042,47.3628,-122.087,1150,5304
1703,1703,3121069036,20141208T000000,617000.0,3.0,1.75,3020,360241,2.0,0,0,3,8,3020,0,1992,0,98092,47.2662,-122.088,1890,209959
1704,1704,2540800390,20140904T000000,469000.0,3.0,2.25,1820,8446,2.0,0,0,3,8,1820,0,1978,0,98034,47.7208,-122.236,1850,8437
1705,1705,7978800621,20140811T000000,229000.0,3.0,1.0,1370,56628,1.0,0,0,3,7,1370,0,1942,0,98003,47.3058,-122.306,1768,8702
1706,1706,1336300445,20150422T000000,1265000.0,4.0,3.0,3130,2646,2.5,0,0,5,9,2290,840,1906,0,98102,47.6272,-122.316,2920,4500
1707,1707,6159400060,20140805T000000,365000.0,3.0,1.5,1640,8301,1.0,0,0,3,7,1290,350,1958,0,98155,47.7443,-122.327,1640,8955
1708,1708,9510930350,20141212T000000,429000.0,4.0,2.5,2650,9301,2.0,0,0,3,9,2650,0,2001,0,98001,47.3477,-122.271,2730,8688
1709,1709,5535600520,20141208T000000,550000.0,4.0,2.5,2850,6809,2.0,0,0,3,9,2850,0,2003,0,98019,47.7353,-121.973,2820,7500
1710,1710,7634800070,20150116T000000,453000.0,3.0,2.5,1820,16300,1.0,0,0,4,7,1220,600,1955,0,98166,47.4582,-122.365,1870,16300
1711,1711,8581200350,20140617T000000,187500.0,3.0,1.5,1180,7000,1.0,0,0,4,7,1180,0,1977,0,98023,47.2966,-122.374,1180,7370
1712,1712,6190701146,20150415T000000,520500.0,6.0,2.5,1880,14350,1.0,0,0,5,7,1640,240,1955,0,98133,47.7556,-122.352,1510,9840
1713,1713,522059299,20150204T000000,300000.0,3.0,1.75,1280,12776,1.0,0,0,4,7,1280,0,1977,0,98031,47.4212,-122.199,1680,11704
1714,1714,1513800036,20140516T000000,799000.0,4.0,3.25,3120,5000,2.0,0,0,3,9,2370,750,2005,0,98115,47.69,-122.299,2520,6000
1715,1715,6699930550,20150203T000000,338000.0,3.0,2.5,2470,4948,2.0,0,0,3,8,2470,0,2003,0,98038,47.3438,-122.039,2500,4993
1716,1716,9839300875,20140514T000000,800000.0,3.0,1.0,1700,4400,1.5,0,0,4,8,1700,0,1906,0,98122,47.612,-122.292,1610,4180
1717,1717,2493200435,20140825T000000,360000.0,2.0,2.0,1180,3200,1.0,0,1,4,6,590,590,1945,0,98136,47.5275,-122.383,1350,4000
1718,1718,226039282,20140728T000000,442500.0,6.0,2.5,2800,10490,1.0,0,0,3,7,1400,1400,1968,0,98177,47.7735,-122.378,2290,8716
1719,1719,1020069017,20150327T000000,700000.0,4.0,1.0,1300,1651359,1.0,0,3,4,6,1300,0,1920,0,98022,47.2313,-122.023,2560,425581
1720,1720,5450900140,20140508T000000,830000.0,5.0,3.0,3040,9601,1.0,0,0,5,9,1970,1070,1968,0,98040,47.5562,-122.22,3180,12390
1721,1721,8093800200,20141118T000000,360400.0,3.0,2.5,1630,11592,2.0,0,0,3,8,1630,0,1987,0,98011,47.7574,-122.228,1700,8850
1722,1722,3205000310,20141121T000000,345000.0,3.0,1.0,1340,9339,1.0,0,0,5,7,1340,0,1960,0,98056,47.5407,-122.177,1310,9350
1723,1723,7230000350,20140909T000000,300000.0,3.0,1.75,1830,51836,1.0,0,0,4,7,1430,400,1966,0,98059,47.4774,-122.098,1320,51400
1724,1724,1066600045,20140904T000000,350000.0,3.0,1.0,1240,10800,1.0,0,0,5,7,1240,0,1959,0,98056,47.5233,-122.185,1810,10800
1725,1725,2822069078,20141008T000000,368000.0,4.0,2.0,2500,36900,1.0,0,0,3,7,1540,960,1972,0,98038,47.3708,-122.049,1960,36900
1726,1726,8731900340,20140623T000000,264000.0,3.0,1.75,1760,7482,1.0,0,0,4,8,1760,0,1966,0,98023,47.3129,-122.369,2000,7500
1727,1727,5088500310,20150312T000000,435000.0,3.0,2.0,2660,16677,1.0,0,0,3,9,2210,450,1990,0,98038,47.3689,-122.055,2660,11355
1728,1728,1823059205,20140604T000000,200000.0,3.0,1.5,2060,15837,1.5,0,0,3,6,2060,0,1903,0,98055,47.4819,-122.223,2190,8549
1729,1729,225039082,20140514T000000,620000.0,5.0,2.5,2540,3832,2.0,0,0,5,8,1760,780,1929,0,98117,47.6848,-122.398,2000,5289
1730,1730,5021900140,20141120T000000,1679000.0,5.0,4.25,4830,11466,2.0,0,0,3,10,3720,1110,2014,0,98040,47.5774,-122.222,2180,11017
1731,1731,7883603750,20141209T000000,337000.0,3.0,1.75,1400,6000,1.0,0,0,4,7,700,700,1919,0,98108,47.5283,-122.321,1030,6000
1732,1732,8081500060,20141001T000000,1928000.0,4.0,3.25,4280,20296,2.0,0,0,4,11,4280,0,1984,0,98004,47.6377,-122.212,3420,16351
1733,1733,8099900260,20140528T000000,544500.0,4.0,2.5,2230,10414,1.0,0,0,5,7,1450,780,1974,0,98075,47.5816,-122.0,1960,10240
1734,1734,913000340,20150102T000000,252000.0,1.0,1.0,680,1638,1.0,0,4,1,6,680,0,1910,1992,98116,47.5832,-122.399,1010,3621
1735,1735,2115200160,20140605T000000,445000.0,4.0,2.5,2340,3784,2.0,0,0,3,8,2340,0,2008,0,98106,47.535,-122.348,1730,4000
1736,1736,5095600310,20140725T000000,379500.0,3.0,2.25,2070,14196,2.0,0,0,3,7,2070,0,1989,0,98059,47.4617,-122.07,1550,13860
1737,1737,5402100045,20150311T000000,189950.0,4.0,2.0,1910,4225,1.0,0,0,4,6,910,1000,1919,0,98001,47.3084,-122.234,1060,4800
1738,1738,2258500049,20140602T000000,469000.0,3.0,1.0,950,4250,1.5,0,0,5,6,950,0,1948,0,98122,47.609,-122.307,2130,5120
1739,1739,626100023,20140611T000000,600000.0,5.0,2.75,2910,53898,1.0,0,0,5,7,1510,1400,1979,0,98077,47.7201,-122.062,3210,216928
1740,1740,4309720160,20141107T000000,785000.0,3.0,2.5,2930,33981,2.0,0,2,3,9,2930,0,2000,0,98059,47.5151,-122.12,3720,35230
1741,1741,1843100070,20150210T000000,372000.0,4.0,2.75,2610,8967,2.0,0,0,4,8,2610,0,1990,0,98042,47.3747,-122.124,2390,7852
1742,1742,4307350520,20150225T000000,445000.0,5.0,3.0,3880,7180,2.0,0,0,3,7,3880,0,2004,0,98056,47.4797,-122.179,2160,4793
1743,1743,5561401260,20141014T000000,508000.0,4.0,2.25,3320,53392,2.0,0,0,4,8,2000,1320,1986,0,98027,47.4724,-122.014,3230,43129
1744,1744,2883200966,20150318T000000,780000.0,5.0,1.5,1940,4800,2.0,0,0,3,8,1940,0,1905,0,98103,47.6845,-122.332,1750,4800
1745,1745,7214800240,20150316T000000,541100.0,4.0,2.25,2510,9800,2.0,0,0,3,9,2510,0,1978,0,98072,47.753,-122.145,2440,11000
1746,1746,3629920860,20150105T000000,729000.0,4.0,2.5,2660,5608,2.0,0,0,3,9,2660,0,2003,0,98029,47.5449,-121.995,3010,5608
1747,1747,1320069179,20141104T000000,397000.0,3.0,2.0,1710,134489,1.0,0,2,5,7,1710,0,1952,0,98022,47.2207,-121.984,1700,63823
1748,1748,9424400200,20140515T000000,451555.0,2.0,1.0,1320,4520,1.0,0,1,3,6,1320,0,1912,1971,98116,47.5655,-122.394,1420,4560
1749,1749,3500100189,20140630T000000,300000.0,2.0,1.0,960,8153,1.0,0,0,3,6,960,0,1947,0,98155,47.7341,-122.3,1160,8199
1750,1750,2787720140,20150407T000000,416000.0,3.0,2.5,1790,11542,1.0,0,0,5,7,1190,600,1969,0,98059,47.5124,-122.16,1790,9131
1751,1751,3856904740,20141021T000000,490000.0,2.0,1.0,950,3060,1.0,0,0,3,6,810,140,1925,0,98105,47.6698,-122.323,1510,3780
1752,1752,254000445,20150129T000000,480000.0,6.0,3.75,2940,5054,2.0,0,0,3,7,2940,0,1942,2003,98146,47.5122,-122.385,1530,5320
1753,1753,6821101837,20150203T000000,368000.0,2.0,2.0,930,1662,1.0,0,0,3,7,670,260,2002,0,98199,47.6518,-122.4,1780,2343
1754,1754,5608000700,20140918T000000,1038000.0,3.0,2.5,4570,10615,2.0,0,0,3,12,4570,0,1991,0,98027,47.5533,-122.097,3860,11576
1755,1755,7784400060,20150120T000000,545000.0,3.0,2.5,2370,9000,1.0,0,3,4,8,1570,800,1952,0,98146,47.4922,-122.365,2120,9500
1756,1756,3295610350,20150323T000000,850000.0,5.0,2.75,3430,15119,2.0,0,0,3,10,3430,0,1998,0,98075,47.5678,-122.032,3430,12045
1757,1757,3260570260,20141204T000000,550000.0,4.0,3.5,3540,4750,2.0,0,0,3,10,3540,0,2003,0,98055,47.473,-122.193,3310,5655
1758,1758,1592000260,20150217T000000,600000.0,3.0,2.25,2240,9314,2.0,0,0,3,9,2240,0,1984,0,98074,47.6216,-122.032,2240,9314
1759,1759,8670000060,20140827T000000,535000.0,4.0,2.5,2710,12138,1.0,0,0,3,8,1700,1010,1968,0,98155,47.7657,-122.29,2390,10052
1760,1760,8113600004,20140520T000000,599950.0,3.0,2.5,2660,4975,2.0,0,0,3,8,2660,0,2014,0,98118,47.5487,-122.272,1840,6653
1761,1761,235000075,20140718T000000,531000.0,5.0,2.75,2540,5022,1.0,0,0,4,8,1540,1000,1955,0,98108,47.5593,-122.3,2510,5182
1762,1762,1951700700,20140605T000000,530000.0,4.0,2.25,2210,7665,2.0,0,0,4,8,2210,0,1968,0,98006,47.5424,-122.168,1960,7903
1763,1763,1832100030,20140625T000000,597326.0,4.0,4.0,3570,8250,2.0,0,0,3,10,2860,710,2015,0,98040,47.5784,-122.226,2230,10000
1764,1764,8565000030,20150429T000000,805000.0,4.0,2.5,3450,33460,2.0,0,0,3,9,3450,0,1997,0,98077,47.7673,-122.1,2820,35250
1765,1765,2473350710,20141027T000000,390000.0,4.0,1.75,2330,8364,1.0,0,0,4,8,2330,0,1968,0,98058,47.4568,-122.146,2180,9630
1766,1766,9521101221,20140519T000000,487250.0,4.0,2.0,1690,3250,1.5,0,0,3,7,1550,140,1901,0,98103,47.6637,-122.346,1620,3250
1767,1767,6152900273,20140909T000000,301000.0,3.0,1.5,1030,8414,1.0,0,0,4,7,1030,0,1967,0,98155,47.7654,-122.297,1750,8414
1768,1768,2721600125,20150205T000000,1175000.0,5.0,2.75,2560,5618,1.5,0,2,3,8,2220,340,1923,0,98109,47.6416,-122.355,2740,4000
1769,1769,1180002378,20140926T000000,299000.0,4.0,2.5,1950,3000,2.0,0,0,3,7,1950,0,2002,0,98178,47.4977,-122.226,1170,6000
1770,1770,625059051,20140903T000000,2350000.0,4.0,2.25,4370,22863,2.5,0,3,4,10,3670,700,1907,1994,98033,47.6878,-122.215,2980,22863
1771,1771,2113700060,20141014T000000,400000.0,4.0,2.5,2350,3904,2.5,0,0,3,7,2350,0,1999,0,98106,47.5305,-122.351,1120,4000
1772,1772,7016100570,20141201T000000,467500.0,4.0,2.5,3160,7210,1.0,0,0,4,7,1880,1280,1969,0,98034,47.7368,-122.183,2070,7560
1773,1773,2944500710,20150220T000000,305000.0,4.0,2.5,2430,9103,2.0,0,0,3,8,2430,0,1990,0,98023,47.2939,-122.368,2260,8090
1774,1774,1549500370,20140505T000000,210000.0,3.0,1.0,1340,306848,1.0,0,0,3,5,1340,0,1953,0,98019,47.7534,-121.912,1800,128066
1775,1775,7211340030,20150428T000000,300000.0,3.0,1.0,1010,10168,1.0,0,0,3,6,1010,0,1979,0,98014,47.6453,-121.912,1180,10318
1776,1776,2473480520,20140908T000000,327500.0,3.0,2.25,1770,8755,1.0,0,0,3,8,1330,440,1981,0,98058,47.4464,-122.123,1910,8710
1777,1777,1722059326,20140805T000000,269000.0,3.0,2.0,1210,7136,1.0,0,0,3,7,1210,0,2003,0,98031,47.3996,-122.203,1210,5765
1778,1778,9414100030,20150331T000000,975000.0,4.0,3.25,3330,17533,1.0,0,2,3,9,1750,1580,1969,0,98033,47.652,-122.2,3340,12798
1779,1779,8911000030,20141210T000000,355000.0,3.0,1.0,1240,5400,1.0,0,0,4,7,1060,180,1940,0,98133,47.7115,-122.355,1429,5400
1780,1780,2264500890,20140508T000000,712000.0,3.0,1.0,1250,4620,1.5,0,0,4,7,1150,100,1900,0,98103,47.651,-122.341,1900,4400
1781,1781,2481630200,20140614T000000,883000.0,4.0,2.5,2960,41656,2.0,0,0,3,10,2960,0,1985,0,98072,47.7319,-122.132,3900,35104
1782,1782,7299500200,20140815T000000,190000.0,2.0,1.0,840,12252,1.0,0,0,3,6,840,0,1994,0,98010,47.3069,-122.013,1010,11876
1783,1783,8598900125,20150406T000000,443000.0,3.0,1.75,1530,8028,1.0,0,0,3,7,1200,330,1967,0,98177,47.7768,-122.361,1530,8028
1784,1784,7504010560,20140509T000000,920000.0,4.0,3.0,3750,11025,2.0,0,0,3,10,3750,0,1976,0,98074,47.6367,-122.059,2930,12835
1785,1785,8732130140,20141222T000000,285000.0,4.0,2.25,2150,8250,1.0,0,0,4,7,1240,910,1978,0,98023,47.3045,-122.378,2050,7875
1786,1786,2492200335,20150423T000000,901000.0,4.0,3.25,1560,4080,1.0,0,0,3,7,1560,0,1916,0,98126,47.5347,-122.38,1370,4080
1787,1787,2770606602,20150305T000000,552500.0,3.0,1.75,2040,5775,1.0,0,0,3,7,1410,630,1958,0,98199,47.6592,-122.393,1360,4400
1788,1788,7211400990,20150303T000000,256000.0,2.0,1.0,860,5000,1.0,0,0,3,6,860,0,1915,1945,98146,47.5133,-122.356,1220,5000
1789,1789,7148700160,20140512T000000,341000.0,3.0,1.5,1720,7119,1.5,0,0,4,7,1720,0,1952,0,98155,47.7535,-122.314,1590,7616
1790,1790,984220370,20150326T000000,279000.0,4.0,2.25,2090,8941,2.0,0,0,3,7,2090,0,1975,0,98058,47.4332,-122.167,1890,7946
1791,1791,2600000510,20140726T000000,686000.0,4.0,2.25,2130,10650,2.0,0,0,4,8,2130,0,1977,0,98006,47.5567,-122.159,3380,10050
1792,1792,7123400045,20140523T000000,225000.0,2.0,1.0,1300,11867,1.5,0,0,4,6,1300,0,1975,0,98010,47.3221,-121.903,820,11867
1793,1793,3751602329,20140627T000000,215500.0,2.0,1.75,1220,15600,1.0,0,0,3,6,1220,0,1972,0,98001,47.2853,-122.265,1510,17818
1794,1794,6819100310,20150414T000000,950000.0,4.0,3.0,2420,4800,1.5,0,0,3,7,1520,900,1919,0,98119,47.6453,-122.358,1090,3800
1795,1795,2925079012,20141105T000000,503000.0,4.0,2.5,2940,156988,2.0,0,2,3,9,1870,1070,1996,0,98014,47.6214,-121.946,2940,71002
1796,1796,7202430060,20150122T000000,780000.0,3.0,2.5,2610,7567,2.0,0,0,3,9,2610,0,1997,0,98052,47.6654,-122.137,2610,8458
1797,1797,185000118,20150223T000000,212000.0,4.0,2.0,1880,7500,1.0,0,0,5,6,980,900,1946,0,98178,47.495,-122.266,1670,14350
1798,1798,1139000685,20140729T000000,580000.0,4.0,2.75,2330,6703,1.5,0,0,3,7,1710,620,1983,0,98177,47.7066,-122.359,2060,7500
1799,1799,5312100060,20141111T000000,465000.0,4.0,2.5,2200,3141,2.0,0,0,3,7,2060,140,1994,0,98144,47.5726,-122.305,1660,3175
1800,1800,3356404330,20141119T000000,206000.0,4.0,2.0,1720,7560,1.0,0,0,3,7,1720,0,1959,0,98001,47.2845,-122.25,1750,7988
1801,1801,7805460030,20150223T000000,615000.0,3.0,2.5,2250,10171,2.0,0,0,3,9,2250,0,1987,0,98006,47.5613,-122.11,2440,13390
1802,1802,1705400055,20140719T000000,519000.0,4.0,1.0,1640,6305,1.5,0,0,5,6,1640,0,1907,0,98118,47.5563,-122.28,1590,4816
1803,1803,3303980520,20150423T000000,1135000.0,4.0,3.25,4130,11444,2.0,0,0,3,11,4130,0,2001,0,98059,47.5208,-122.15,3720,11431
1804,1804,2538410140,20140808T000000,330000.0,5.0,2.5,2600,3839,2.0,0,0,3,7,2600,0,2005,0,98058,47.4324,-122.145,2180,4800
1805,1805,3810000860,20150506T000000,240000.0,4.0,1.5,1920,7973,1.0,0,0,3,8,1920,0,1955,0,98178,47.4961,-122.235,2020,8840
1806,1806,8079100370,20141107T000000,574000.0,3.0,2.0,2060,7000,1.0,0,0,4,9,2060,0,1988,0,98029,47.5644,-122.012,2110,7000
1807,1807,2025770560,20141103T000000,930000.0,4.0,4.25,5710,24663,2.0,0,0,3,11,5710,0,2007,0,98092,47.3065,-122.158,4060,23847
1808,1808,225069017,20140714T000000,850000.0,4.0,3.0,2720,183823,2.0,0,0,3,8,2720,0,1975,2007,98053,47.6749,-122.002,2140,173804
1809,1809,1138010510,20141212T000000,415000.0,3.0,1.5,1490,7275,1.0,0,0,3,7,1090,400,1974,0,98034,47.7148,-122.213,1420,7330
1810,1810,4358700135,20141118T000000,480000.0,3.0,2.5,2360,9005,1.0,0,0,5,7,1340,1020,1929,0,98133,47.7076,-122.337,1520,9005
1811,1811,4327100045,20140721T000000,300000.0,5.0,1.0,1940,8875,1.0,0,0,3,7,1940,0,1957,0,98188,47.4407,-122.275,1380,8875
1812,1812,6804600550,20140708T000000,439000.0,4.0,2.25,2570,9503,2.0,0,0,3,8,2570,0,1980,0,98011,47.764,-122.167,1950,9600
1813,1813,5634500251,20150327T000000,450000.0,3.0,1.0,1160,36831,1.0,0,0,3,7,1160,0,1938,0,98028,47.7507,-122.237,1800,15640
1814,1814,3125079062,20150426T000000,589000.0,3.0,2.5,2660,206480,1.0,0,0,3,8,2660,0,1989,0,98024,47.6042,-121.956,2660,206736
1815,1815,3629920140,20150407T000000,477000.0,3.0,2.25,1260,3000,2.0,0,0,3,7,1260,0,2003,0,98029,47.5459,-121.997,1630,3023
1816,1816,6844703410,20140924T000000,587500.0,4.0,2.25,1780,6120,1.0,0,0,3,8,1310,470,1951,0,98115,47.6955,-122.287,1780,6120
1817,1817,1337300070,20140924T000000,1315000.0,4.0,2.25,3180,6105,2.0,0,0,3,10,3180,0,1905,0,98112,47.6255,-122.314,3180,6029
1818,1818,9290900160,20140911T000000,1430000.0,4.0,2.5,3380,27589,2.0,0,0,3,10,3380,0,1966,0,98004,47.6292,-122.225,3390,20075
1819,1819,2251500270,20150413T000000,700000.0,4.0,2.25,2690,15000,2.0,0,0,3,9,1890,800,1978,0,98074,47.612,-122.064,2670,15030
1820,1820,414100295,20140623T000000,275000.0,2.0,1.0,1180,6552,1.0,0,0,4,6,1180,0,1949,0,98133,47.7477,-122.342,1070,7200
1821,1821,1771110640,20140624T000000,367500.0,3.0,1.0,1660,11783,1.0,0,0,4,7,1160,500,1978,0,98077,47.7563,-122.075,1320,10541
1822,1822,808300550,20150505T000000,453250.0,4.0,2.5,2260,6300,2.0,0,0,3,7,2260,0,2001,0,98019,47.7235,-121.958,2300,6300
1823,1823,4322500055,20150417T000000,607000.0,5.0,1.75,1910,5428,1.0,0,0,3,8,1390,520,1954,0,98136,47.5333,-122.392,1820,5900
1824,1824,3810000565,20140702T000000,255000.0,4.0,2.0,2430,8960,1.0,0,0,3,7,1430,1000,1960,0,98178,47.4979,-122.232,2430,8960
1825,1825,461002025,20150501T000000,501000.0,2.0,2.0,1300,2500,1.0,0,0,4,7,770,530,1926,0,98117,47.6831,-122.373,1160,5000
1826,1826,8559900140,20150331T000000,450000.0,3.0,1.0,1060,4650,1.0,0,0,3,7,910,150,1950,0,98116,47.5784,-122.393,1480,4750
1827,1827,8899210320,20140820T000000,360000.0,3.0,2.25,2200,8000,2.0,0,0,3,8,2200,0,1981,0,98055,47.4522,-122.208,2170,8000
1828,1828,952002765,20141114T000000,460000.0,4.0,1.75,1720,3050,1.5,0,0,5,7,1040,680,1929,0,98116,47.5654,-122.384,1570,6100
1829,1829,7101100055,20150303T000000,753000.0,3.0,1.75,2360,8290,1.0,0,0,4,7,1180,1180,1950,0,98115,47.6738,-122.281,1880,7670
1830,1830,3013300510,20150506T000000,389950.0,2.0,1.0,820,4234,1.0,0,1,3,6,820,0,1951,0,98136,47.5294,-122.386,1550,4236
1831,1831,1623300765,20140506T000000,469000.0,2.0,1.0,1030,4400,1.0,0,0,3,7,1030,0,1924,0,98117,47.681,-122.361,1400,4200
1832,1832,9322800260,20140912T000000,550000.0,4.0,1.75,2030,5688,2.0,0,4,4,9,1730,300,1939,0,98146,47.5071,-122.387,2320,11107
1833,1833,6141600140,20140904T000000,565000.0,5.0,3.5,2700,11675,1.5,0,2,4,6,1950,750,1948,0,98133,47.7172,-122.349,2160,8114
1834,1834,9315300260,20140521T000000,189650.0,2.0,1.75,1100,7600,1.0,0,0,3,6,1100,0,1980,0,98198,47.4136,-122.318,1230,7350
1835,1835,7015200335,20140619T000000,1525000.0,4.0,3.25,3620,5131,2.0,0,3,4,11,2350,1270,1927,0,98119,47.6499,-122.37,2550,5174
1836,1836,1545806510,20140820T000000,260000.0,3.0,1.75,1340,8000,1.0,0,0,3,7,1340,0,1980,0,98038,47.3651,-122.044,1690,8000
1837,1837,8643200055,20140601T000000,243000.0,3.0,1.75,1790,12000,1.0,0,0,3,7,1040,750,1960,0,98198,47.3945,-122.313,1840,12000
1838,1838,7855000550,20141201T000000,1100000.0,4.0,2.5,3830,13800,1.0,0,4,4,9,2030,1800,1969,0,98006,47.5671,-122.157,3460,9875
1839,1839,1313500070,20140820T000000,249000.0,3.0,1.5,1580,7200,1.0,0,0,4,7,1080,500,1976,0,98092,47.2761,-122.152,1580,7470
1840,1840,290000055,20140516T000000,720000.0,2.0,1.0,2020,7200,1.0,0,3,4,7,1700,320,1947,0,98146,47.506,-122.384,2020,7200
1841,1841,4139460200,20150325T000000,905000.0,4.0,2.5,3330,9557,2.0,0,0,3,10,3330,0,1995,0,98006,47.5526,-122.102,3360,9755
1842,1842,3931900295,20150423T000000,824500.0,4.0,2.5,2610,3500,1.5,0,0,5,7,1610,1000,1927,0,98115,47.6848,-122.326,1820,3900
1843,1843,7365600070,20140624T000000,762500.0,4.0,2.75,2610,8760,1.0,0,0,4,8,1760,850,1978,0,98040,47.5875,-122.229,2550,10376
1844,1844,9274200320,20150413T000000,580000.0,3.0,2.5,1740,1280,3.0,0,2,3,8,1740,0,2008,0,98116,47.589,-122.387,1740,1308
1845,1845,8856920260,20140818T000000,380000.0,3.0,2.0,1840,8580,1.0,0,0,3,8,1840,0,1990,0,98058,47.4626,-122.132,2190,8580
1846,1846,4083306175,20150401T000000,805000.0,3.0,1.75,1080,3200,1.0,0,0,4,7,880,200,1926,0,98103,47.6503,-122.338,1780,5200
1847,1847,7588700204,20140716T000000,520000.0,4.0,1.75,1240,4532,1.5,0,0,4,7,1240,0,1944,0,98117,47.6892,-122.378,1260,4468
1848,1848,3271800295,20150203T000000,1569500.0,5.0,4.5,5620,5800,3.0,0,3,3,11,4700,920,1999,0,98199,47.6482,-122.412,2360,5800
1849,1849,6052400575,20140514T000000,175000.0,2.0,1.0,1170,8925,1.0,0,2,3,6,1170,0,1911,0,98198,47.4017,-122.321,1380,7440
1850,1850,7861300140,20140616T000000,353500.0,4.0,2.25,1760,9602,2.0,0,0,3,7,1760,0,1987,0,98058,47.4248,-122.158,1860,9656
1851,1851,6117501176,20150102T000000,500000.0,4.0,2.5,2230,26989,1.0,0,1,4,8,1400,830,1962,0,98166,47.4285,-122.345,2570,17702
1852,1852,2592400140,20150211T000000,386500.0,3.0,1.75,1520,7350,1.0,0,0,4,7,1140,380,1972,0,98034,47.7167,-122.17,1380,7350
1853,1853,7135300046,20140716T000000,210000.0,2.0,1.0,1450,4750,1.0,0,0,3,7,850,600,1950,0,98118,47.5293,-122.272,1190,5000
1854,1854,8665900295,20150423T000000,439500.0,3.0,2.5,1600,6510,1.0,0,0,3,7,940,660,1983,0,98155,47.7679,-122.308,1600,10507
1855,1855,6699000810,20140813T000000,315000.0,5.0,2.5,3220,5751,2.0,0,0,3,8,3220,0,2002,0,98042,47.3717,-122.104,2740,5500
1856,1856,5104510240,20140519T000000,339000.0,4.0,2.5,1830,8601,2.0,0,0,3,7,1830,0,2003,0,98038,47.3576,-122.016,1830,5184
1857,1857,7856700990,20140924T000000,655000.0,4.0,2.25,2200,9163,1.0,0,0,4,8,1430,770,1971,0,98006,47.5653,-122.146,2420,9163
1858,1858,8682300640,20140828T000000,740000.0,2.0,2.5,2170,8678,1.0,0,0,3,8,2170,0,2008,0,98053,47.7161,-122.014,2170,5890
1859,1859,6918700320,20150306T000000,685000.0,5.0,2.5,1900,7843,2.0,0,0,5,7,1900,0,1966,0,98008,47.6273,-122.123,1900,7350
1860,1860,9560700055,20150310T000000,550000.0,5.0,2.5,2960,9877,1.0,0,0,4,7,1480,1480,1960,0,98005,47.5866,-122.171,1900,9877
1861,1861,3013300055,20140602T000000,405000.0,2.0,1.75,1710,4234,2.0,0,0,3,7,1330,380,1920,1979,98136,47.5319,-122.386,1530,4556
1862,1862,9201000320,20150416T000000,765000.0,4.0,2.25,2620,17366,1.0,0,3,3,9,1430,1190,1984,0,98075,47.584,-122.077,2620,15335
1863,1863,9151600695,20150304T000000,625000.0,3.0,2.0,2140,3600,2.0,0,0,3,8,1680,460,1911,1997,98116,47.5846,-122.383,2340,5400
1864,1864,2143700830,20141006T000000,207000.0,4.0,2.5,2100,19680,1.5,0,0,3,6,2100,0,1914,0,98055,47.4787,-122.23,1340,12300
1865,1865,2143700830,20150312T000000,370000.0,4.0,2.5,2100,19680,1.5,0,0,3,6,2100,0,1914,0,98055,47.4787,-122.23,1340,12300
1866,1866,2591020140,20141202T000000,475000.0,3.0,2.5,1460,4961,1.0,0,0,4,8,1150,310,1988,0,98033,47.6955,-122.183,1550,5449
1867,1867,6414600262,20140829T000000,365000.0,2.0,1.0,990,8250,1.0,0,0,3,7,990,0,1955,0,98133,47.7252,-122.331,1080,8168
1868,1868,1387301360,20141222T000000,411800.0,4.0,2.25,2190,6800,1.0,0,0,5,7,1340,850,1969,0,98011,47.7367,-122.195,1560,7611
1869,1869,5561400260,20140721T000000,668000.0,5.0,3.5,3990,42436,2.0,0,0,3,9,2710,1280,2002,0,98027,47.461000000000006,-122.0,3030,41684
1870,1870,7942601805,20140911T000000,618000.0,3.0,2.5,2340,3630,2.0,0,0,3,9,2340,0,1998,0,98122,47.6059,-122.307,1820,5120
1871,1871,1887500045,20141226T000000,247500.0,4.0,2.0,2460,5921,1.0,0,0,4,7,1230,1230,1948,0,98002,47.308,-122.209,1260,6648
1872,1872,5505700055,20140730T000000,345000.0,5.0,3.0,2080,6150,1.0,0,0,3,7,1040,1040,1950,0,98116,47.5707,-122.394,1420,6150
1873,1873,3886902505,20150311T000000,616300.0,3.0,2.0,1700,8400,2.0,0,2,3,7,1700,0,1927,0,98033,47.6825,-122.19,1820,9000
1874,1874,6703100135,20150116T000000,348000.0,3.0,1.5,1330,6768,1.0,0,0,4,7,1330,0,1952,0,98155,47.7366,-122.319,1320,6910
1875,1875,1552520070,20141202T000000,425000.0,3.0,2.5,1630,10762,1.0,0,0,3,7,1630,0,1994,0,98011,47.7508,-122.175,1770,10762
1876,1876,8163300320,20140614T000000,850000.0,5.0,2.75,2920,11880,1.0,0,0,5,8,1660,1260,1968,0,98027,47.5133,-122.031,3910,14491
1877,1877,1853081000,20140717T000000,820000.0,5.0,2.75,2830,6137,2.0,0,0,3,9,2830,0,2010,0,98074,47.5932,-122.058,3170,6285
1878,1878,4403600240,20150113T000000,832000.0,4.0,2.25,3190,52953,2.0,0,0,4,10,3190,0,1980,0,98075,47.5933,-122.075,3190,51400
1879,1879,3885803625,20141203T000000,835000.0,3.0,1.75,1490,3840,2.0,0,0,3,8,1490,0,1984,2014,98033,47.6916,-122.214,3450,8500
1880,1880,869700370,20150410T000000,350000.0,3.0,2.5,1630,3425,2.0,0,0,3,8,1630,0,1999,0,98059,47.4913,-122.154,1420,3425
1881,1881,4307301160,20140722T000000,349000.0,4.0,2.5,2280,4096,2.0,0,0,3,7,2280,0,2003,0,98056,47.4834,-122.182,2280,3600
1882,1882,2402100575,20140613T000000,1125000.0,6.0,3.75,3010,4360,2.0,0,0,3,9,2000,1010,2014,0,98103,47.6873,-122.333,1600,5160
1883,1883,4307350990,20150309T000000,320000.0,3.0,2.5,1590,3480,2.0,0,0,3,7,1590,0,2004,0,98056,47.4805,-122.178,1680,3480
1884,1884,2873000260,20150305T000000,150000.0,3.0,1.0,1250,7210,1.0,0,0,4,7,1250,0,1968,0,98031,47.4169,-122.168,1010,7210
1885,1885,795001600,20141125T000000,340000.0,3.0,1.0,1710,10190,1.0,0,0,3,6,1310,400,1949,0,98168,47.506,-122.331,1200,6251
1886,1886,98030140,20141013T000000,785500.0,4.0,4.0,3280,8448,2.0,0,0,3,10,3280,0,2007,0,98075,47.5818,-121.973,3730,8030
1887,1887,5409800140,20150217T000000,410500.0,4.0,2.5,3362,8601,2.0,0,0,3,8,3362,0,2004,0,98003,47.2592,-122.304,2770,8601
1888,1888,9253900354,20140701T000000,580000.0,3.0,2.5,2200,11000,2.0,0,2,3,9,2200,0,1978,0,98008,47.5916,-122.112,2200,12851
1889,1889,3319500922,20150421T000000,345000.0,2.0,1.5,830,920,2.0,0,0,3,7,830,0,2005,0,98144,47.5998,-122.306,830,1200
1890,1890,3404700041,20140929T000000,550000.0,3.0,2.25,2160,37000,1.5,0,0,4,7,1760,400,1933,0,98052,47.7297,-122.139,2540,37000
1891,1891,2314300200,20141021T000000,449500.0,4.0,3.0,2580,7299,2.0,0,0,3,8,2580,0,1998,0,98058,47.4646,-122.15,2250,6165
1892,1892,9265700045,20140624T000000,300000.0,3.0,1.0,2150,7007,1.0,0,0,3,6,2150,0,1954,0,98177,47.7615,-122.362,1720,9000
1893,1893,3528000260,20141111T000000,915000.0,4.0,2.5,3510,28052,2.0,0,0,3,10,3510,0,1988,0,98053,47.6671,-122.057,2890,28295
1894,1894,3066120030,20150127T000000,1575000.0,4.0,3.75,3810,9916,2.0,0,0,3,11,3810,0,1989,0,98040,47.5739,-122.234,3040,11250
1895,1895,4278900055,20140528T000000,599000.0,4.0,2.75,2020,2750,1.0,0,0,3,8,1010,1010,1917,2014,98122,47.6053,-122.291,1840,4000
1896,1896,9512000140,20140505T000000,755000.0,4.0,2.5,2120,10202,1.0,0,0,4,7,1620,500,1960,0,98005,47.5858,-122.17,1570,10762
1897,1897,6381500505,20150402T000000,400000.0,3.0,1.0,1250,7157,1.0,0,0,3,7,1250,0,1944,2010,98125,47.7323,-122.304,1300,6796
1898,1898,1697000400,20150330T000000,133000.0,3.0,1.0,980,9115,1.0,0,0,3,7,980,0,1968,0,98198,47.3737,-122.312,1470,8716
1899,1899,2548100140,20150116T000000,330000.0,4.0,1.5,1250,8400,1.0,0,0,3,7,960,290,1951,0,98155,47.7505,-122.315,1560,8400
1900,1900,7225000140,20150218T000000,330000.0,4.0,1.0,1100,5000,1.5,0,0,5,6,1100,0,1904,0,98055,47.4868,-122.204,1560,4838
1901,1901,2126049032,20140905T000000,375000.0,3.0,1.75,1330,9417,1.0,0,0,5,6,710,620,1936,0,98125,47.7231,-122.301,1690,7937
1902,1902,3876300890,20141211T000000,485000.0,4.0,2.75,2560,8956,1.0,0,0,4,7,1500,1060,1968,0,98034,47.7278,-122.177,2280,9234
1903,1903,7715800710,20140722T000000,470000.0,4.0,2.5,1850,11250,1.5,0,0,3,7,1210,640,1981,0,98074,47.6264,-122.062,1650,7623
1904,1904,2397101200,20141221T000000,1045000.0,4.0,3.0,2790,3600,2.0,0,0,3,8,1880,910,1905,2013,98119,47.6362,-122.363,1360,3600
1905,1905,5100401160,20140707T000000,548800.0,4.0,1.0,1660,4704,1.5,0,0,3,7,1260,400,1930,0,98115,47.6918,-122.32,1360,5413
1906,1906,2741100800,20140708T000000,315000.0,2.0,1.0,1080,2674,1.0,0,0,4,6,720,360,1919,0,98108,47.5595,-122.317,1250,5000
1907,1907,34001160,20140919T000000,590000.0,3.0,2.0,3030,9374,1.0,0,1,4,7,2100,930,1959,0,98136,47.5289,-122.391,1990,6012
1908,1908,5637200200,20140523T000000,439950.0,4.0,2.5,2380,12067,2.0,0,0,3,7,2380,0,2002,0,98059,47.4873,-122.144,2330,8621
1909,1909,3410600335,20140603T000000,325000.0,3.0,1.75,2250,26337,1.0,0,0,3,8,2250,0,1980,0,98092,47.3032,-122.123,1830,26337
1910,1910,8024201370,20141208T000000,400000.0,2.0,1.0,880,5111,1.0,0,0,3,6,880,0,1931,0,98115,47.6997,-122.314,1370,5111
1911,1911,3066410800,20141211T000000,685000.0,4.0,2.5,2770,10051,2.0,0,0,3,10,2770,0,1987,0,98074,47.6288,-122.043,2730,10675
1912,1912,5306100240,20140918T000000,339950.0,3.0,2.0,1340,10200,1.5,0,0,3,7,1340,0,1953,0,98133,47.7756,-122.351,1420,10200
1913,1913,9334800140,20141023T000000,315000.0,3.0,1.75,1660,8160,1.0,0,0,4,7,1660,0,1951,0,98166,47.4608,-122.358,1490,8100
1914,1914,7203101260,20150211T000000,411753.0,3.0,2.5,1710,3795,2.0,0,0,3,7,1710,0,2009,0,98053,47.6968,-122.024,1600,3821
1915,1915,7577700070,20140828T000000,577000.0,2.0,1.75,1620,4879,1.0,0,0,3,7,1040,580,1924,2011,98116,47.5703,-122.385,1500,5000
1916,1916,6072100140,20141017T000000,500000.0,3.0,1.75,1530,8829,1.0,0,0,5,8,1530,0,1972,0,98006,47.545,-122.171,2060,9226
1917,1917,3874000240,20141202T000000,210000.0,3.0,2.0,1440,10111,1.0,0,0,3,7,1440,0,1963,0,98001,47.345,-122.283,1580,10200
1918,1918,6151800135,20140827T000000,640000.0,4.0,1.75,2020,16120,1.0,0,0,3,7,2020,0,1969,0,98010,47.3413,-122.048,1940,16350
1919,1919,1826049225,20150417T000000,460000.0,4.0,1.75,1870,8663,1.0,0,0,5,7,1870,0,1949,0,98133,47.7366,-122.35,1560,7800
1920,1920,8150100240,20150218T000000,265000.0,2.0,1.0,620,4760,1.0,0,0,3,6,620,0,1941,0,98126,47.5286,-122.376,620,4760
1921,1921,5152960710,20140514T000000,740000.0,5.0,5.0,5774,31675,1.0,0,2,3,11,4490,1284,1984,0,98003,47.3466,-122.323,3260,13200
1922,1922,4027701275,20140718T000000,230000.0,3.0,1.0,1240,6195,1.0,0,0,3,6,1240,0,1948,0,98028,47.7681,-122.266,1760,11080
1923,1923,1545807990,20150217T000000,315000.0,3.0,1.75,1890,10661,1.0,0,0,5,7,1460,430,1978,0,98038,47.3583,-122.056,1680,9604
1924,1924,1726069179,20141223T000000,432000.0,3.0,1.75,2410,51763,1.0,0,0,4,8,1410,1000,1981,0,98077,47.7429,-122.056,2410,49207
1925,1925,3905100070,20150203T000000,467000.0,3.0,2.5,1530,3984,2.0,0,0,3,8,1530,0,1995,0,98029,47.569,-122.007,1720,4005
1926,1926,7316400070,20140925T000000,255000.0,5.0,3.75,2800,9900,1.0,0,0,3,7,2800,0,1964,0,98023,47.319,-122.344,1700,13200
1927,1927,2113700335,20150408T000000,316500.0,3.0,1.75,1460,6360,1.0,0,2,3,7,1010,450,1979,0,98106,47.5311,-122.353,1400,4240
1928,1928,3972900160,20150403T000000,190000.0,4.0,2.0,1580,6250,1.0,0,0,3,7,860,720,1977,0,98155,47.7659,-122.31,1580,6250
1929,1929,2767603215,20140516T000000,490000.0,3.0,2.0,1450,2400,1.5,0,0,3,8,1450,0,1900,2003,98107,47.6726,-122.381,1450,4275
1930,1930,3664500041,20150417T000000,378000.0,4.0,1.75,1990,23200,1.0,0,0,4,7,1990,0,1976,0,98059,47.486,-122.129,1950,17040
1931,1931,5379804150,20150211T000000,598800.0,6.0,4.0,4470,17877,3.0,0,3,3,9,3230,1240,2013,0,98188,47.4514,-122.273,1790,18260
1932,1932,9188200570,20140902T000000,333800.0,5.0,3.0,1980,3868,1.0,0,0,3,7,1220,760,1990,0,98118,47.5173,-122.275,1970,3868
1933,1933,3905010140,20140529T000000,690000.0,4.0,2.5,2920,9904,2.0,0,0,4,9,2920,0,1990,0,98029,47.5759,-121.995,1810,5617
1934,1934,5141000685,20141021T000000,320000.0,4.0,1.75,1660,6200,1.0,0,0,4,6,830,830,1948,0,98108,47.56,-122.316,1780,5968
1935,1935,6738700320,20150414T000000,1249000.0,4.0,3.5,3190,6000,1.5,0,3,4,9,2410,780,1912,0,98144,47.5846,-122.29,2840,4000
1936,1936,1246700152,20140721T000000,335000.0,3.0,1.5,1560,9600,1.0,0,0,4,7,1560,0,1961,0,98033,47.6918,-122.163,1520,10000
1937,1937,2926069062,20140811T000000,840000.0,3.0,2.5,3050,33920,1.0,0,0,3,8,3050,0,2004,0,98052,47.7034,-122.072,1970,60984
1938,1938,6114400136,20140714T000000,608250.0,4.0,2.75,3030,21780,2.0,0,0,3,8,3030,0,1986,0,98166,47.4481,-122.338,3020,28027
1939,1939,6127010800,20140609T000000,550000.0,3.0,2.5,2260,4165,2.0,0,0,3,7,2260,0,2005,0,98075,47.5922,-122.008,2770,4566
1940,1940,4222000320,20150422T000000,240000.0,3.0,1.0,1260,7920,1.0,0,0,3,7,1260,0,1966,0,98003,47.3452,-122.308,1300,7920
1941,1941,2600010070,20150414T000000,998000.0,3.0,2.25,3370,11757,2.0,0,2,4,9,3370,0,1980,0,98006,47.5573,-122.16,2690,10500
1942,1942,3826500570,20140829T000000,275000.0,3.0,1.75,1490,8000,1.0,0,0,3,8,1490,0,1978,0,98030,47.3817,-122.166,1740,8165
1943,1943,8159620160,20150424T000000,284200.0,3.0,2.5,1570,9292,1.0,0,0,3,7,1110,460,1977,0,98001,47.3386,-122.272,1470,9222
1944,1944,1118001805,20140724T000000,1715000.0,4.0,3.75,4490,7623,2.0,0,0,4,10,3090,1400,1941,0,98112,47.6315,-122.29,3760,7653
1945,1945,3398800055,20141119T000000,2400000.0,4.0,3.75,4090,24825,2.0,0,0,4,11,3400,690,1926,0,98102,47.6338,-122.319,3910,11500
1946,1946,3528000510,20140905T000000,930800.0,5.0,2.5,4150,96574,2.0,0,0,3,10,4150,0,1988,0,98053,47.6664,-122.045,3320,40803
1947,1947,627300105,20140729T000000,930000.0,4.0,3.0,2900,10400,1.0,0,3,5,8,1530,1370,1959,0,98008,47.5854,-122.114,2820,10400
1948,1948,3279000070,20140828T000000,215000.0,4.0,1.5,1430,8775,1.0,0,0,3,7,1030,400,1979,0,98023,47.3034,-122.383,1390,7800
1949,1949,1922039062,20150420T000000,480000.0,2.0,1.5,1008,26487,1.0,1,4,4,6,1008,0,1943,2002,98070,47.3853,-122.479,1132,24079
1950,1950,312000135,20140520T000000,483945.0,2.0,1.75,1480,5120,1.0,0,0,4,6,840,640,1951,0,98116,47.558,-122.392,1090,5120
1951,1951,6054650510,20140609T000000,347000.0,3.0,1.75,1240,8050,1.0,0,0,4,7,1240,0,1978,0,98074,47.6108,-122.044,1370,9856
1952,1952,3279000240,20150330T000000,232500.0,3.0,2.0,1370,9760,1.0,0,0,4,7,1110,260,1979,0,98023,47.3009,-122.384,1640,9040
1953,1953,1402000070,20140520T000000,390000.0,4.0,2.25,1770,33132,1.0,0,0,4,8,1190,580,1965,0,98058,47.4413,-122.151,2490,20000
1954,1954,1562200240,20140918T000000,550000.0,3.0,2.25,2160,15360,1.0,0,0,3,8,1410,750,1965,2000,98007,47.6232,-122.138,2180,8480
1955,1955,3904921070,20140812T000000,590000.0,4.0,2.5,2340,8971,2.0,0,0,3,9,2340,0,1987,0,98029,47.5679,-122.011,2510,9219
1956,1956,4045500510,20140521T000000,420850.0,1.0,1.0,960,40946,1.0,0,0,5,5,960,0,1945,0,98014,47.6951,-121.864,1320,20350
1957,1957,8849300160,20150205T000000,345000.0,4.0,2.5,2280,8190,1.0,0,3,3,7,1390,890,1983,0,98188,47.4414,-122.272,1990,9000
1958,1958,4123810140,20150227T000000,429800.0,3.0,2.0,1970,7000,1.0,0,0,3,8,1970,0,1986,0,98038,47.3744,-122.043,1970,7365
1959,1959,2473251170,20140626T000000,302000.0,4.0,1.75,1530,17664,1.5,0,0,3,7,1530,0,1968,0,98058,47.4549,-122.155,1530,11625
1960,1960,6430500186,20141104T000000,800000.0,4.0,1.5,1790,3952,1.5,0,0,4,8,1790,0,1932,0,98103,47.68899999999999,-122.352,1200,3876
1961,1961,4136950140,20141215T000000,250000.0,3.0,2.5,1700,6000,2.0,0,0,3,8,1700,0,1997,0,98092,47.2615,-122.221,1940,6626
1962,1962,1370802650,20140729T000000,605000.0,3.0,2.0,2660,4500,1.0,0,0,4,7,1330,1330,1922,0,98199,47.6391,-122.403,1790,5000
1963,1963,1721069036,20140529T000000,412000.0,3.0,1.75,1950,52256,1.0,0,0,4,8,1950,0,1985,0,98042,47.3133,-122.078,2450,51836
1964,1964,8637100370,20141112T000000,252000.0,3.0,2.0,1340,5670,2.0,0,0,3,6,1340,0,1994,0,98055,47.4498,-122.194,1290,4892
1965,1965,8952900260,20140919T000000,375000.0,3.0,1.0,1130,12500,1.5,0,0,3,7,1130,0,1954,0,98118,47.5491,-122.268,2280,8750
1966,1966,1972202080,20140710T000000,725000.0,2.0,1.75,1950,2719,1.0,0,0,5,7,1010,940,1919,0,98103,47.6513,-122.346,1360,1256
1967,1967,9476200350,20141013T000000,471750.0,5.0,3.5,3790,8200,1.0,0,1,3,8,2120,1670,2001,0,98056,47.4891,-122.19,1740,8676
1968,1968,1523069204,20141208T000000,490000.0,4.0,2.25,2020,85813,2.0,0,0,3,7,2020,0,1995,0,98027,47.483,-122.026,2120,85813
1969,1969,2856100125,20141001T000000,439000.0,2.0,1.0,800,5100,1.0,0,0,3,7,800,0,1945,0,98117,47.6775,-122.388,1330,5100
1970,1970,2968800626,20140822T000000,355000.0,4.0,2.0,1770,8890,1.0,0,0,5,6,1770,0,1949,0,98166,47.4589,-122.353,1010,7620
1971,1971,2129700320,20150505T000000,250000.0,1.0,0.75,940,87120,1.0,0,0,3,6,940,0,1944,0,98019,47.7182,-121.956,1930,165528
1972,1972,8965500320,20150326T000000,780000.0,4.0,2.25,2260,16188,1.0,0,0,3,10,2260,0,1984,0,98006,47.5637,-122.112,2840,10158
1973,1973,952005224,20141105T000000,409000.0,2.0,1.0,890,3271,1.0,0,0,4,6,890,0,1918,0,98116,47.5631,-122.381,1190,5175
1974,1974,4443801160,20140610T000000,420000.0,2.0,1.0,860,3880,1.0,0,0,4,6,860,0,1916,0,98117,47.6862,-122.391,1230,4260
1975,1975,5101404170,20141113T000000,200000.0,1.0,0.75,680,9600,1.0,0,0,3,5,680,0,1947,0,98115,47.6964,-122.306,1580,6624
1976,1976,1241500350,20150105T000000,830000.0,2.0,1.5,2130,35679,1.0,0,0,4,7,2130,0,1963,0,98033,47.6638,-122.171,2670,35679
1977,1977,4379400560,20140529T000000,695000.0,3.0,2.5,2390,4555,2.0,0,0,3,9,2390,0,2006,0,98074,47.6199,-122.025,2540,4500
1978,1978,629810350,20140521T000000,815000.0,4.0,2.75,3488,9614,2.0,0,0,3,10,3488,0,1998,0,98074,47.6055,-122.013,3600,10891
1979,1979,5466400550,20141113T000000,210000.0,3.0,1.75,1260,6223,1.0,0,0,3,7,820,440,1983,0,98042,47.3574,-122.158,1260,6553
1980,1980,3619600132,20140915T000000,635000.0,3.0,1.75,2940,6000,1.0,0,2,4,8,1590,1350,1957,0,98177,47.7235,-122.369,2880,8100
1981,1981,4113800550,20140721T000000,562500.0,4.0,2.5,2440,7322,2.0,0,0,3,9,2440,0,1991,0,98056,47.5357,-122.179,2590,9927
1982,1982,7298020240,20140509T000000,402500.0,4.0,2.5,2600,11951,2.0,0,0,3,10,2600,0,1988,0,98023,47.3053,-122.34,2820,12093
1983,1983,434000030,20141219T000000,555000.0,3.0,2.0,2080,7020,1.0,0,0,4,7,1040,1040,1951,0,98115,47.6768,-122.285,1920,7000
1984,1984,1138000830,20140909T000000,310000.0,3.0,1.0,1990,7173,1.0,0,0,3,7,1990,0,1972,0,98034,47.7116,-122.213,1320,7245
1985,1985,8568000070,20140905T000000,500000.0,4.0,2.5,2840,18001,2.0,0,0,3,9,2840,0,1994,0,98019,47.7359,-121.962,2500,18001
1986,1986,8822901200,20140723T000000,430000.0,6.0,3.0,2630,8800,1.0,0,0,3,7,1610,1020,1959,0,98125,47.7166,-122.293,1220,1173
1987,1987,1118002090,20140628T000000,1600000.0,3.0,4.25,2820,7200,2.0,0,0,4,10,2460,360,1930,0,98112,47.6298,-122.29,3300,7522
1988,1988,3856901525,20141001T000000,627500.0,4.0,1.0,1560,4080,1.5,0,0,3,7,1560,0,1923,0,98103,47.6711,-122.331,1890,4080
1989,1989,1180500070,20141124T000000,335000.0,4.0,2.5,2330,7050,2.0,0,0,3,8,2330,0,1998,0,98178,47.5001,-122.231,1810,5424
1990,1990,7856560320,20150317T000000,962000.0,4.0,2.25,3320,20100,1.0,0,0,4,8,1810,1510,1981,0,98006,47.5566,-122.153,2450,9821
1991,1991,5103900045,20140725T000000,299000.0,3.0,1.75,1730,14270,1.0,0,0,3,7,1730,0,1959,0,98065,47.5318,-121.833,1600,11232
1992,1992,8562890370,20150414T000000,399950.0,4.0,2.5,3110,5868,2.0,0,0,3,8,3110,0,2001,0,98042,47.3781,-122.126,2950,5924
1993,1993,8807600340,20150325T000000,322000.0,3.0,1.0,1230,9660,1.0,0,0,3,7,1230,0,1968,0,98053,47.6829,-122.06,1380,10125
1994,1994,993002325,20140623T000000,430000.0,2.0,1.5,950,4625,1.0,0,0,4,7,950,0,1949,0,98103,47.6912,-122.34,1440,4625
1995,1995,1022059082,20140508T000000,307000.0,3.0,1.75,1890,13860,1.0,0,0,5,7,1890,0,1966,0,98042,47.4156,-122.149,1500,14536
1996,1996,179000350,20141105T000000,194000.0,3.0,1.5,1010,5000,1.0,0,0,3,6,1010,0,1943,0,98178,47.4925,-122.278,980,5000
1997,1997,3915500045,20141114T000000,180000.0,3.0,1.0,1010,8581,1.0,0,0,4,6,1010,0,1920,0,98002,47.3043,-122.216,1060,10354
1998,1998,3578400030,20140718T000000,465000.0,4.0,2.25,2340,13383,1.0,0,0,3,8,1170,1170,1983,0,98074,47.6211,-122.037,1810,12532
1999,1999,9346700320,20150323T000000,722500.0,4.0,2.5,2460,9296,2.0,0,0,3,9,2460,0,1978,0,98007,47.6125,-122.152,2730,9900
2000,2000,3856901715,20140924T000000,470450.0,2.0,1.0,1010,3400,1.0,0,0,3,7,1010,0,1921,0,98103,47.6711,-122.329,1800,3600
2001,2001,8700120520,20150127T000000,280000.0,3.0,2.5,1650,6000,2.0,0,0,3,7,1650,0,1990,0,98030,47.36,-122.194,1750,6000
2002,2002,7335400400,20150410T000000,176250.0,4.0,2.0,1440,6702,1.0,0,0,4,7,1440,0,1966,0,98002,47.3056,-122.217,1030,6702
2003,2003,4319200505,20140617T000000,560000.0,5.0,1.0,1710,9100,1.5,0,0,4,7,1320,390,1926,0,98126,47.5379,-122.378,1880,9100
2004,2004,1426049083,20141022T000000,830000.0,3.0,2.5,2760,11287,2.0,0,3,3,10,2000,760,1991,0,98028,47.739,-122.264,2760,13719
2005,2005,7795400046,20140611T000000,276900.0,2.0,1.0,1350,10096,1.0,0,2,4,7,1350,0,1952,0,98045,47.4967,-121.778,1280,10095
2006,2006,1337800045,20141001T000000,625000.0,3.0,1.75,1660,4800,2.0,0,0,3,7,1660,0,1906,2014,98112,47.6296,-122.308,1660,4800
2007,2007,2207500695,20150304T000000,1015000.0,4.0,2.5,2960,4760,2.0,0,0,3,8,2160,800,1900,0,98102,47.6367,-122.318,1600,4760
2008,2008,1112000125,20140930T000000,463500.0,1.0,1.0,1090,8750,1.0,0,0,4,6,1090,0,1924,0,98118,47.54,-122.269,1830,5000
2009,2009,2472930270,20140905T000000,485000.0,3.0,2.5,3110,9015,2.0,0,0,3,9,3110,0,1990,0,98058,47.4369,-122.147,2650,8960
2010,2010,5651500140,20140617T000000,272000.0,3.0,2.0,1380,7476,1.0,0,0,3,7,1380,0,1989,0,98001,47.3336,-122.272,1600,7227
2011,2011,7203102080,20141217T000000,305000.0,2.0,1.0,1290,3140,2.0,0,0,3,7,1290,0,2008,0,98053,47.6971,-122.026,1290,2628
2012,2012,3626500045,20140626T000000,760000.0,3.0,2.5,1980,13964,1.0,0,0,5,7,1980,0,1959,0,98040,47.571000000000005,-122.227,2040,13964
2013,2013,3226049117,20150213T000000,387500.0,2.0,1.0,870,6126,1.0,0,0,4,7,870,0,1938,0,98125,47.7024,-122.322,1620,6126
2014,2014,6699940140,20140908T000000,352000.0,4.0,2.5,2470,5015,2.0,0,0,3,8,2470,0,2004,0,98038,47.3457,-122.041,2470,5100
2015,2015,7702600160,20140709T000000,507000.0,3.0,1.75,2140,40098,1.0,0,0,5,8,1490,650,1950,0,98058,47.4296,-122.111,2220,35371
2016,2016,5379804730,20140718T000000,156000.0,3.0,1.0,770,9750,1.0,0,0,3,6,770,0,1941,0,98188,47.4509,-122.275,1560,10707
2017,2017,3383900058,20141118T000000,580000.0,3.0,3.25,1490,857,3.0,0,0,3,8,1220,270,2001,0,98102,47.6357,-122.324,1550,1092
2018,2018,629600030,20140714T000000,630000.0,4.0,2.5,2510,35020,1.0,0,0,4,8,1610,900,1977,0,98075,47.5834,-122.003,2080,34398
2019,2019,1823049171,20141218T000000,275000.0,5.0,1.5,1950,9000,1.0,0,0,3,7,1130,820,1964,0,98146,47.4882,-122.339,1680,9526
2020,2020,3760500516,20140724T000000,835000.0,5.0,4.0,3600,14720,1.0,0,2,5,8,1800,1800,1960,0,98034,47.7022,-122.227,3600,15358
2021,2021,2641400160,20141205T000000,340000.0,4.0,2.5,2380,7850,2.0,0,0,3,8,2380,0,1995,0,98055,47.4356,-122.201,1940,7334
2022,2022,534000075,20140506T000000,329350.0,2.0,1.0,720,6687,1.0,0,0,3,6,720,0,1942,0,98117,47.7001,-122.362,840,6687
2023,2023,3892500070,20140728T000000,1480000.0,3.0,3.5,4070,26000,2.0,0,0,3,11,4070,0,1991,0,98033,47.659,-122.174,3770,26000
2024,2024,224069084,20150325T000000,475000.0,3.0,1.0,1250,150117,1.0,0,0,3,7,1250,0,1975,0,98075,47.5956,-122.009,3060,50055
2025,2025,2767600400,20141118T000000,719950.0,3.0,2.25,2190,2416,3.0,0,0,3,8,2190,0,2014,0,98117,47.6758,-122.38,1510,3615
2026,2026,5347200160,20140512T000000,235000.0,1.0,1.0,810,2451,1.0,0,0,5,7,810,0,1941,0,98126,47.5188,-122.376,980,1198
2027,2027,9553200125,20150331T000000,875000.0,3.0,1.5,2440,5750,1.0,0,0,3,8,1320,1120,1939,0,98115,47.6991,-122.296,2160,6820
2028,2028,5379804888,20150421T000000,380000.0,4.0,1.75,1740,9150,1.0,0,0,3,7,1740,0,1974,0,98188,47.4498,-122.28,1540,9147
2029,2029,421079105,20150309T000000,325000.0,3.0,2.25,1480,97138,1.5,0,0,3,7,1480,0,1984,0,98010,47.3317,-121.927,1730,176418
2030,2030,4215250030,20140819T000000,475000.0,4.0,2.5,2120,57050,2.0,0,0,3,9,2120,0,1989,0,98072,47.7611,-122.128,3320,39082
2031,2031,2420069017,20150324T000000,152900.0,1.0,1.0,900,4368,1.0,0,0,5,6,900,0,1915,1950,98022,47.2107,-121.99,1290,5000
2032,2032,2414600400,20140805T000000,210000.0,2.0,2.0,1190,7570,1.0,0,0,3,6,1190,0,1939,0,98146,47.5113,-122.338,1190,7635
2033,2033,2461900510,20140926T000000,350000.0,4.0,1.0,1010,6000,1.0,0,0,3,6,750,260,1925,0,98136,47.5518,-122.383,1450,6000
2034,2034,7695500200,20150323T000000,505000.0,3.0,2.5,2100,17882,2.0,0,0,4,8,2100,0,1985,0,98059,47.4754,-122.119,2080,16686
2035,2035,251200200,20140627T000000,464900.0,4.0,2.25,2020,8424,1.0,0,0,4,7,1380,640,1979,0,98034,47.7262,-122.233,2030,7236
2036,2036,513000550,20140922T000000,650000.0,3.0,2.0,2520,5980,1.0,0,0,3,8,1790,730,1957,0,98116,47.5767,-122.383,1590,5750
2037,2037,8730000260,20150504T000000,369950.0,2.0,2.75,1370,1140,2.0,0,0,3,8,1080,290,2009,0,98133,47.7053,-122.342,1370,1090
2038,2038,3395040550,20140728T000000,250000.0,3.0,2.5,1530,2890,2.0,0,0,3,7,1530,0,2001,0,98108,47.5434,-122.293,1540,2890
2039,2039,3395040550,20150429T000000,320000.0,3.0,2.5,1530,2890,2.0,0,0,3,7,1530,0,2001,0,98108,47.5434,-122.293,1540,2890
2040,2040,9471200200,20150325T000000,2532000.0,4.0,4.25,5040,16048,1.0,0,3,3,10,3420,1620,1950,0,98105,47.6702,-122.26,3960,14000
2041,2041,5469700260,20140903T000000,340000.0,4.0,2.25,2530,24700,2.0,0,0,3,7,2530,0,1974,0,98031,47.3939,-122.177,2650,24700
2042,2042,2767600171,20140519T000000,440000.0,2.0,1.5,1010,1968,1.5,0,0,5,5,1010,0,1906,0,98107,47.6757,-122.385,1760,4200
2043,2043,898000200,20150402T000000,219950.0,3.0,1.0,1200,7727,1.0,0,0,4,7,1200,0,1959,0,98022,47.2021,-121.999,1300,7718
2044,2044,5315100806,20140915T000000,940000.0,4.0,3.0,2720,11740,1.0,0,0,5,9,2720,0,1957,0,98040,47.5833,-122.242,2640,11740
2045,2045,9269200786,20140722T000000,399950.0,4.0,1.5,1850,6125,1.5,0,0,3,6,1110,740,1945,0,98126,47.5352,-122.37,990,6125
2046,2046,1118001370,20150102T000000,1568000.0,3.0,2.75,2340,8828,1.0,0,0,4,9,2340,0,1954,0,98112,47.632,-122.289,3480,8526
2047,2047,3558910640,20150401T000000,528000.0,4.0,1.75,1860,9750,1.0,0,0,3,7,1460,400,1969,0,98034,47.7097,-122.202,1900,8913
2048,2048,3761100341,20140828T000000,545000.0,4.0,1.75,1940,8990,1.0,0,0,4,8,1560,380,1956,0,98034,47.7021,-122.241,2310,11745
2049,2049,8682261070,20150427T000000,575000.0,2.0,2.0,1680,6194,1.0,0,0,3,8,1680,0,2004,0,98053,47.7136,-122.03,1900,5850
2050,2050,8732040810,20141104T000000,235000.0,4.0,2.75,1770,10184,1.0,0,0,3,8,1250,520,1979,0,98023,47.3074,-122.385,2070,8320
2051,2051,2991000400,20140723T000000,272000.0,3.0,2.5,1790,6371,2.0,0,0,3,8,1790,0,1998,0,98092,47.3291,-122.168,1850,6371
2052,2052,2155500030,20150428T000000,380000.0,4.0,1.75,1720,9600,1.0,0,0,4,8,1720,0,1969,0,98059,47.4764,-122.155,1660,10720
2053,2053,5727500102,20150426T000000,195000.0,3.0,1.0,1280,6967,1.5,0,0,3,7,1280,0,1949,0,98155,47.7512,-122.329,1280,7245
2054,2054,5104510370,20141014T000000,297000.0,3.0,2.5,1690,4988,2.0,0,0,3,7,1690,0,2002,0,98038,47.3561,-122.015,1830,4733
2055,2055,1895450200,20150415T000000,349000.0,4.0,2.5,2190,7294,2.0,0,0,3,8,2190,0,2003,0,98023,47.2923,-122.357,2240,7379
2056,2056,8122101146,20140929T000000,320000.0,2.0,1.0,710,5200,1.0,0,2,4,6,710,0,1942,0,98126,47.5376,-122.371,1610,5200
2057,2057,7789900030,20140725T000000,319990.0,4.0,1.5,1890,10707,1.0,0,0,3,7,1890,0,1962,0,98148,47.428,-122.326,1610,8827
2058,2058,6893300350,20140602T000000,439900.0,2.0,2.0,1410,12282,1.5,0,0,5,8,1410,0,1909,1988,98024,47.5242,-121.926,1410,8931
2059,2059,4073800140,20140811T000000,429000.0,3.0,3.25,2210,3600,2.0,0,0,3,8,1820,390,1995,0,98125,47.7031,-122.279,2010,6690
2060,2060,538000030,20140730T000000,272500.0,3.0,2.0,1540,6250,1.0,0,0,3,7,1540,0,1998,0,98038,47.3539,-122.025,2070,6250
2061,2061,6632300478,20140916T000000,400000.0,4.0,2.0,1350,7255,1.0,0,0,4,7,1350,0,1959,0,98125,47.7287,-122.31,1050,7288
2062,2062,4083800340,20150402T000000,462000.0,5.0,2.0,1380,4300,1.5,0,0,3,7,1380,0,1916,0,98103,47.6647,-122.337,1830,3800
2063,2063,9214400135,20150310T000000,510000.0,2.0,1.0,890,6095,1.0,0,0,3,7,890,0,1947,0,98115,47.6823,-122.298,1450,5985
2064,2064,8944600200,20140623T000000,550000.0,3.0,2.5,1900,3255,2.0,0,0,3,8,1900,0,1988,2000,98007,47.6075,-122.147,1880,3350
2065,2065,8651430370,20150425T000000,150000.0,3.0,1.0,1240,5200,1.0,0,0,3,6,1240,0,1969,0,98042,47.3701,-122.079,870,5200
2066,2066,2296700260,20140626T000000,460000.0,3.0,2.5,1730,8490,1.0,0,0,3,7,1210,520,1969,0,98034,47.7187,-122.219,1870,7400
2067,2067,3066400140,20140620T000000,632500.0,4.0,2.5,2090,10306,2.0,0,0,3,10,2090,0,1986,0,98074,47.6304,-122.051,2660,11481
2068,2068,1771100240,20140925T000000,361000.0,3.0,1.75,1650,11220,1.0,0,0,4,7,1650,0,1969,0,98077,47.7567,-122.071,1340,10129
2069,2069,461003251,20140801T000000,437000.0,3.0,2.25,1130,1221,2.0,0,0,3,8,1030,100,2004,0,98117,47.6799,-122.375,1300,5000
2070,2070,8699100240,20150505T000000,370000.0,6.0,2.75,3240,5750,1.0,0,0,4,6,2160,1080,1950,0,98002,47.3054,-122.221,1230,5750
2071,2071,8691350200,20150417T000000,884250.0,4.0,2.5,3840,12151,2.0,0,0,3,10,3840,0,1998,0,98075,47.5953,-121.986,3560,11044
2072,2072,2525300550,20140603T000000,225000.0,3.0,1.0,1200,9936,1.0,0,0,4,6,1200,0,1969,0,98038,47.3609,-122.029,1200,10189
2073,2073,7452500045,20140805T000000,235000.0,2.0,1.0,870,5000,1.0,0,0,3,6,870,0,1949,0,98126,47.5186,-122.375,820,5000
2074,2074,2489200070,20140720T000000,767500.0,6.0,3.5,2410,6000,2.0,0,4,3,9,2220,190,1916,1990,98136,47.54,-122.382,1980,6000
2075,2075,3623500260,20140512T000000,1200000.0,3.0,1.75,1560,8078,1.5,1,4,4,6,1560,0,1928,0,98040,47.5779,-122.246,2890,16710
2076,2076,425069104,20141215T000000,715000.0,3.0,2.5,2410,46609,2.0,0,0,3,9,2410,0,1989,0,98053,47.6789,-122.048,3370,40072
2077,2077,2239800070,20140627T000000,417000.0,4.0,2.25,2300,7700,1.0,0,0,3,7,1380,920,1959,0,98125,47.7137,-122.322,2010,8820
2078,2078,2618300350,20140718T000000,199000.0,3.0,1.0,1390,12145,1.0,0,0,4,7,1390,0,1964,0,98042,47.4225,-122.15,1030,10800
2079,2079,1336800160,20140605T000000,875000.0,5.0,2.5,2920,5568,2.0,0,0,3,8,2320,600,1906,0,98112,47.6265,-122.312,2970,5568
2080,2080,7519000570,20141110T000000,545000.0,4.0,1.5,1370,3708,1.5,0,0,3,7,1370,0,1926,0,98117,47.6849,-122.363,2030,3708
2081,2081,257000105,20140520T000000,192500.0,2.0,1.0,950,7692,1.0,0,0,3,6,950,0,1926,0,98168,47.4909,-122.298,1820,8221
2082,2082,4401200350,20150210T000000,822500.0,3.0,2.5,3090,7708,2.0,0,0,3,10,3090,0,1999,0,98052,47.6868,-122.108,3140,8592
2083,2083,6402300070,20141208T000000,800000.0,4.0,2.5,2390,10000,1.0,0,0,3,9,1590,800,1975,0,98040,47.5801,-122.229,1900,9752
2084,2084,5317100570,20141215T000000,1250000.0,3.0,2.5,2070,4944,2.0,0,0,3,9,2070,0,1930,0,98112,47.6256,-122.284,3300,6179
2085,2085,8106100105,20141114T000000,3850000.0,4.0,4.25,5770,21300,2.0,1,4,4,11,5770,0,1980,0,98040,47.585,-122.222,4620,22748
2086,2086,9407150240,20141001T000000,295000.0,3.0,2.5,1460,7936,2.0,0,0,3,7,1460,0,1995,0,98038,47.3673,-122.017,1830,7936
2087,2087,8682291940,20140630T000000,419000.0,2.0,1.75,1510,4980,1.0,0,0,3,8,1510,0,2006,0,98053,47.7191,-122.023,1350,4157
2088,2088,4139420070,20140910T000000,1195000.0,5.0,3.25,5180,19606,1.0,0,0,3,11,2610,2570,1993,0,98006,47.555,-122.114,4050,15296
2089,2089,629400340,20141222T000000,750000.0,4.0,2.75,3430,13907,2.0,0,0,3,11,3430,0,1995,0,98075,47.5879,-121.993,3250,13851
2090,2090,3380900160,20150428T000000,502000.0,4.0,1.5,1700,8400,1.0,0,0,3,7,1700,0,1953,0,98177,47.7677,-122.359,1750,8475
2091,2091,2175100270,20140604T000000,1025000.0,3.0,1.75,2640,8000,1.0,0,3,4,9,1320,1320,1960,0,98040,47.5826,-122.246,2740,6000
2092,2092,3448000270,20150313T000000,398500.0,3.0,1.0,1200,15960,1.5,0,0,3,6,1200,0,1945,0,98125,47.7163,-122.299,1120,7800
2093,2093,8701600510,20150414T000000,700000.0,2.0,1.5,1850,4945,1.5,0,2,4,7,1850,0,1907,1969,98126,47.5742,-122.379,1850,4950
2094,2094,6083000083,20140611T000000,248000.0,5.0,1.5,1510,9078,1.0,0,0,4,7,1510,0,1959,0,98168,47.4852,-122.305,1480,9078
2095,2095,9178600135,20140826T000000,800000.0,4.0,2.0,2130,2800,1.0,0,0,5,7,1070,1060,1922,0,98103,47.6545,-122.333,1990,3990
2096,2096,1721059286,20150121T000000,383000.0,4.0,2.5,2640,8055,2.0,0,0,3,9,2640,0,2004,0,98092,47.315,-122.193,1650,8055
2097,2097,8161600135,20140527T000000,688000.0,4.0,3.0,3000,4000,1.5,0,3,3,8,1970,1030,1913,2014,98144,47.5744,-122.307,1900,4000
2098,2098,2568300132,20141008T000000,521000.0,3.0,2.0,1870,5455,1.0,0,0,5,7,1060,810,1926,0,98125,47.7029,-122.297,1870,7435
2099,2099,6414100111,20141105T000000,365000.0,2.0,1.0,990,9223,1.0,0,0,3,7,990,0,1949,0,98125,47.72,-122.32,1230,7244
2100,2100,9818700320,20141007T000000,491000.0,3.0,2.0,2005,7000,1.0,0,0,3,7,1605,400,1980,0,98122,47.6039,-122.298,1750,4500
2101,2101,686200510,20141122T000000,643000.0,3.0,2.75,2030,7700,1.0,0,0,5,8,1400,630,1965,0,98008,47.626000000000005,-122.112,1780,8160
2102,2102,3279000370,20150202T000000,279000.0,3.0,2.5,1500,7350,1.0,0,0,2,7,1060,440,1979,0,98023,47.3025,-122.382,1390,7770
2103,2103,2767601031,20150202T000000,583500.0,4.0,1.0,1530,3900,1.5,0,0,4,7,1530,0,1908,0,98107,47.6748,-122.379,1300,3900
2104,2104,4142450510,20140723T000000,310000.0,3.0,2.5,1990,3600,2.0,0,0,3,7,1990,0,2004,0,98038,47.3841,-122.041,1790,3600
2105,2105,3291800510,20140610T000000,310000.0,3.0,1.75,1420,7650,1.0,0,0,4,7,1100,320,1984,0,98056,47.4892,-122.182,1810,7650
2106,2106,7893203450,20150323T000000,280000.0,3.0,1.0,1400,13975,1.0,0,0,4,6,1400,0,1956,0,98198,47.4195,-122.33,1260,7500
2107,2107,908000260,20141117T000000,272000.0,4.0,2.5,1870,5692,2.0,0,0,3,7,1870,0,2004,0,98058,47.4334,-122.148,2390,5293
2108,2108,3225069239,20140707T000000,870000.0,4.0,3.0,3040,36246,1.5,0,0,3,9,2680,360,1923,2014,98074,47.6093,-122.07,3520,13178
2109,2109,8645540320,20141118T000000,307000.0,3.0,2.0,1790,7259,1.0,0,0,3,7,1390,400,1980,0,98058,47.4643,-122.171,1790,7700
2110,2110,9280200030,20140717T000000,490000.0,2.0,1.5,1590,4500,1.0,0,0,4,7,920,670,1946,0,98116,47.5831,-122.392,1900,4450
2111,2111,6159400030,20141008T000000,399950.0,3.0,2.0,2050,9396,1.0,0,0,5,7,1170,880,1960,0,98155,47.7447,-122.328,1680,9391
2112,2112,7787400030,20140609T000000,1635000.0,5.0,3.5,4220,26784,1.0,0,0,3,10,2110,2110,1958,2006,98004,47.6003,-122.206,3450,33945
2113,2113,1888120140,20140709T000000,989000.0,5.0,4.5,4030,13474,2.0,0,0,3,11,4030,0,2000,0,98075,47.5812,-121.995,3860,12438
2114,2114,2916620240,20140618T000000,264950.0,4.0,1.75,1770,9011,1.0,0,0,5,7,1050,720,1983,0,98042,47.3646,-122.076,1410,8530
2115,2115,251200240,20140725T000000,491500.0,4.0,2.75,2100,7236,1.0,0,0,3,8,1400,700,1979,0,98034,47.7267,-122.232,1900,7519
2116,2116,7695500240,20140514T000000,345000.0,3.0,2.25,2120,15003,2.0,0,0,3,7,2120,0,1984,0,98059,47.4745,-122.12,2070,15203
2117,2117,7749500070,20150119T000000,339900.0,4.0,1.75,2600,18042,1.0,0,0,4,8,2020,580,1969,0,98092,47.2969,-122.189,2200,9408
2118,2118,6762700340,20150427T000000,852000.0,3.0,3.0,2400,4000,2.0,0,0,3,7,1860,540,1905,0,98102,47.6288,-122.321,1750,3940
2119,2119,824069121,20141222T000000,585000.0,5.0,3.5,3180,40946,1.0,0,3,3,7,1690,1490,1968,0,98075,47.5833,-122.073,2430,29620
2120,2120,2600100370,20150211T000000,723000.0,4.0,2.0,2790,8793,1.0,0,0,4,8,1640,1150,1977,0,98006,47.5509,-122.16,2400,9286
2121,2121,2326059082,20150126T000000,594000.0,3.0,2.25,2080,70567,2.0,0,0,3,8,2080,0,1990,0,98072,47.7221,-122.124,3730,43560
2122,2122,2591010240,20141201T000000,405000.0,2.0,1.5,1370,4102,2.0,0,0,4,7,1370,0,1987,0,98033,47.6943,-122.184,1380,3211
2123,2123,1085610030,20140801T000000,725500.0,4.0,2.5,2790,74495,2.0,0,0,3,9,2790,0,1997,0,98053,47.6628,-122.056,2790,24643
2124,2124,9551202025,20140625T000000,800000.0,2.0,1.0,1740,5719,1.0,0,0,3,8,1740,0,1955,0,98103,47.6729,-122.335,1980,5000
2125,2125,4379600030,20140729T000000,1325000.0,3.0,3.75,6400,76665,1.0,0,2,4,10,3810,2590,1966,0,98177,47.7313,-122.37,3430,60548
2126,2126,4345000510,20141015T000000,180500.0,3.0,2.5,1800,8518,2.0,0,0,3,7,1800,0,1996,0,98030,47.3643,-122.185,1770,7570
2127,2127,4345000510,20150428T000000,325000.0,3.0,2.5,1800,8518,2.0,0,0,3,7,1800,0,1996,0,98030,47.3643,-122.185,1770,7570
2128,2128,3327000140,20140617T000000,235000.0,3.0,1.75,1190,7280,1.0,0,0,4,7,1190,0,1968,0,98092,47.3151,-122.19,1250,7800
2129,2129,7100000135,20140520T000000,330000.0,2.0,1.0,860,8308,1.0,0,0,4,7,860,0,1948,0,98146,47.5075,-122.377,1310,8308
2130,2130,2483200060,20140612T000000,678500.0,3.0,2.0,2460,6600,1.0,0,2,4,8,1370,1090,1952,0,98136,47.5215,-122.383,2150,6600
2131,2131,2592400550,20140709T000000,463000.0,4.0,2.5,1980,6660,2.0,0,0,4,7,1980,0,1974,0,98034,47.7158,-122.167,1980,7150
2132,2132,2113701200,20140912T000000,250000.0,2.0,1.0,670,4640,1.0,0,0,3,6,670,0,1943,0,98106,47.53,-122.351,870,4501
2133,2133,5249804510,20140716T000000,655000.0,3.0,2.0,1410,4800,1.5,0,0,4,8,1410,0,1927,0,98118,47.5597,-122.267,1820,7200
2134,2134,9264901040,20140516T000000,239900.0,4.0,2.25,1860,7000,1.0,0,0,3,8,1120,740,1979,0,98023,47.3127,-122.339,1990,8937
2135,2135,7967600069,20141117T000000,185000.0,3.0,1.0,980,9135,1.0,0,0,3,7,980,0,1955,0,98001,47.3496,-122.289,1780,9135
2136,2136,4219400520,20140616T000000,1735000.0,4.0,2.25,3040,5000,2.0,0,3,4,9,2080,960,1926,0,98105,47.6565,-122.278,2870,5000
2137,2137,3810000202,20140905T000000,251700.0,3.0,2.25,1810,11800,1.0,0,0,3,7,1240,570,1977,0,98178,47.4997,-122.231,1810,5641
2138,2138,1226039129,20150209T000000,400000.0,4.0,2.0,1560,8250,1.0,0,0,3,8,1320,240,1964,0,98177,47.7565,-122.358,1870,8258
2139,2139,8146100370,20140904T000000,735000.0,4.0,1.75,2100,7960,1.0,0,0,3,8,1340,760,1955,0,98004,47.6079,-122.195,2060,7960
2140,2140,1224059053,20141027T000000,1700000.0,5.0,2.0,2500,15250,2.0,1,4,5,8,2500,0,1942,0,98008,47.5883,-122.111,1880,18782
2141,2141,1623049041,20140508T000000,82500.0,2.0,1.0,520,22334,1.0,0,0,2,5,520,0,1951,0,98168,47.4799,-122.296,1572,10570
2142,2142,98020140,20140708T000000,765000.0,4.0,4.0,3010,7221,2.0,0,0,3,10,3010,0,2004,0,98075,47.5833,-121.97,3490,7518
2143,2143,9510900070,20140923T000000,292500.0,4.0,1.75,2140,8162,1.0,0,0,3,7,1420,720,1968,0,98023,47.3096,-122.377,2040,7632
2144,2144,2473381090,20150325T000000,270000.0,3.0,2.25,2390,7000,1.0,0,0,4,7,1990,400,1970,0,98058,47.4568,-122.169,1610,7000
2145,2145,6378500105,20141224T000000,415000.0,2.0,1.0,1510,6807,1.0,0,0,3,7,1090,420,1939,0,98133,47.711000000000006,-122.353,1460,6807
2146,2146,3861400030,20141124T000000,950000.0,4.0,1.75,2210,19025,1.0,0,0,4,7,1460,750,1952,0,98004,47.5927,-122.203,2640,14999
2147,2147,705700640,20140916T000000,353000.0,3.0,2.75,2170,8396,2.0,0,0,3,7,2170,0,1995,0,98038,47.3812,-122.023,2170,8378
2148,2148,2767603210,20141210T000000,670950.0,3.0,2.5,1790,2375,3.0,0,0,3,8,1790,0,2007,0,98107,47.6726,-122.38,1450,2400
2149,2149,3294700030,20140509T000000,280950.0,3.0,1.75,1390,8700,1.0,0,3,4,7,840,550,1912,0,98055,47.4725,-122.202,1390,10875
2150,2150,7524950830,20140527T000000,585000.0,3.0,1.75,1850,7735,1.0,0,0,4,8,1850,0,1983,0,98027,47.5608,-122.082,2220,7639
2151,2151,2124069078,20141211T000000,525000.0,2.0,1.5,1480,43645,1.0,0,0,3,8,1480,0,1974,2006,98027,47.5484,-122.045,1600,34326
2152,2152,5728000060,20140801T000000,605000.0,3.0,1.75,1850,8823,1.0,0,0,4,8,1370,480,1973,0,98008,47.6379,-122.112,1880,7580
2153,2153,2880100160,20141119T000000,1010000.0,4.0,3.5,3350,3752,2.0,0,0,3,9,2550,800,2007,0,98117,47.6782,-122.365,1050,4960
2154,2154,4435000520,20140926T000000,245990.0,3.0,1.0,1040,8410,1.0,0,0,3,7,1040,0,1942,2014,98188,47.453,-122.289,1350,8410
2155,2155,8856900310,20150203T000000,535000.0,4.0,2.25,2810,12607,2.0,0,0,3,10,2810,0,1985,0,98058,47.4585,-122.13,2810,17400
2156,2156,4315700390,20140630T000000,410000.0,1.0,1.5,1010,5750,1.0,0,0,3,7,1010,0,1911,1948,98136,47.5411,-122.392,1230,5750
2157,2157,2095800520,20150424T000000,550000.0,3.0,2.5,2250,7752,2.0,0,0,4,8,2250,0,1988,0,98011,47.7489,-122.185,2080,7033
2158,2158,4193500140,20140911T000000,665000.0,3.0,1.75,1800,8000,1.0,0,0,3,8,1800,0,1972,0,98008,47.6357,-122.119,1950,8500
2159,2159,3582200200,20150427T000000,455000.0,3.0,1.0,2400,17239,1.0,0,0,4,7,1890,510,1940,0,98028,47.75,-122.245,2390,7350
2160,2160,9521100106,20140826T000000,440000.0,4.0,1.0,1780,4000,1.5,0,0,3,7,1780,0,1922,0,98103,47.6624,-122.354,1750,4000
2161,2161,7351000160,20140708T000000,332000.0,3.0,2.25,2120,14915,1.0,0,0,3,9,1720,400,1979,0,98001,47.3524,-122.285,2320,13100
2162,2162,5422420140,20140611T000000,280000.0,3.0,2.5,1860,6607,2.0,0,0,3,7,1860,0,1989,0,98023,47.2891,-122.351,1760,6766
2163,2163,7234601162,20140915T000000,570000.0,3.0,3.5,1460,1021,2.0,0,0,3,8,1150,310,2006,0,98122,47.6169,-122.309,1460,1245
2164,2164,6623400217,20140515T000000,250000.0,3.0,1.0,1230,10350,1.0,0,0,4,7,1230,0,1957,0,98055,47.428,-122.199,1510,10427
2165,2165,3354400060,20150501T000000,238000.0,2.0,1.0,1088,8453,1.0,0,0,3,6,1088,0,1952,2009,98001,47.2685,-122.231,1088,8016
2166,2166,408100105,20141103T000000,265000.0,3.0,1.0,800,5760,1.0,0,0,3,6,700,100,1949,0,98155,47.7505,-122.317,1060,6628
2167,2167,7297700055,20150305T000000,306000.0,3.0,1.0,1190,10350,1.0,0,0,4,7,1190,0,1959,0,98028,47.7428,-122.244,1850,10500
2168,2168,8029740060,20150507T000000,345000.0,5.0,2.75,1940,4182,1.0,0,0,3,7,1240,700,2002,0,98056,47.4911,-122.17,1950,4182
2169,2169,1355200060,20140904T000000,765000.0,4.0,2.5,3300,10764,1.0,0,0,4,9,1720,1580,1971,0,98177,47.7119,-122.365,2290,10975
2170,2170,4136890560,20150430T000000,346300.0,4.0,2.5,2590,11018,2.0,0,0,3,8,2590,0,1998,0,98092,47.2634,-122.211,2400,8042
2171,2171,1320069271,20140612T000000,342500.0,3.0,2.0,2080,11375,1.0,0,0,3,8,2080,0,2002,0,98022,47.214,-121.993,1080,12899
2172,2172,9269260240,20150424T000000,501000.0,4.0,2.25,2680,5439,2.0,0,0,3,7,2680,0,2000,0,98011,47.7534,-122.218,2460,4473
2173,2173,1796381070,20140625T000000,270000.0,3.0,2.5,1670,8364,1.0,0,0,4,7,1300,370,1990,0,98042,47.369,-122.084,1490,8143
2174,2174,6840701125,20150422T000000,638000.0,3.0,1.0,1830,4400,1.5,0,0,4,8,1720,110,1930,0,98122,47.6052,-122.3,1650,4400
2175,2175,7443000640,20140912T000000,460000.0,3.0,1.75,1400,2003,1.0,0,0,4,8,700,700,1908,2006,98119,47.6508,-122.368,1370,1281
2176,2176,6344000060,20141015T000000,760000.0,4.0,1.75,2770,8521,1.0,0,0,4,7,1470,1300,1953,0,98004,47.6255,-122.199,1910,9380
2177,2177,3317500030,20150316T000000,1085000.0,3.0,2.5,3630,11019,1.0,0,0,4,9,2150,1480,1972,0,98040,47.56100000000001,-122.226,3150,13555
2178,2178,2130702270,20140628T000000,234000.0,3.0,1.0,1040,8128,1.0,0,0,3,6,1040,0,1983,0,98019,47.7425,-121.981,1520,7500
2179,2179,3343301920,20150302T000000,1650000.0,3.0,2.75,2690,8890,2.0,1,4,4,10,2690,0,1975,1991,98006,47.5487,-122.197,2940,8890
2180,2180,2688100075,20140506T000000,488000.0,5.0,2.0,2020,5000,1.5,0,0,4,7,2020,0,1938,0,98117,47.6949,-122.37,1510,6600
2181,2181,6448600060,20150226T000000,1550000.0,5.0,2.5,2450,20805,2.0,0,0,4,9,2450,0,1963,0,98004,47.6275,-122.227,3020,20324
2182,2182,6619510060,20150327T000000,499000.0,4.0,3.0,2030,12675,2.0,0,0,3,7,2030,0,1982,0,98177,47.7689,-122.379,1990,7705
2183,2183,4058802105,20140904T000000,150000.0,3.0,1.0,1450,6776,1.0,0,0,3,7,1450,0,1952,0,98178,47.5056,-122.244,1680,7200
2184,2184,7212660640,20150326T000000,333000.0,4.0,2.5,2400,7270,2.0,0,0,3,8,2400,0,1993,0,98003,47.2697,-122.312,2150,6584
2185,2185,8026700105,20150218T000000,700000.0,4.0,2.75,2870,8625,1.0,0,1,4,8,1860,1010,1959,0,98155,47.7425,-122.289,2430,8479
2186,2186,8018600640,20140918T000000,275000.0,4.0,1.0,1340,22500,1.5,0,0,3,7,1340,0,1926,0,98168,47.489,-122.316,1620,10800
2187,2187,623049315,20140701T000000,330000.0,3.0,2.5,1680,11312,1.0,0,0,3,7,1080,600,1959,0,98146,47.5051,-122.344,1390,10700
2188,2188,6632900340,20141124T000000,360000.0,4.0,2.0,1850,8827,1.0,0,0,3,7,1850,0,1969,0,98155,47.7406,-122.313,1310,6901
2189,2189,6798100070,20150511T000000,467000.0,3.0,1.0,1220,8040,1.5,0,0,3,7,1220,0,1965,0,98125,47.7133,-122.308,1360,8040
2190,2190,8644400060,20141029T000000,568000.0,3.0,2.5,2320,57063,1.0,0,0,4,9,1790,530,1979,0,98074,47.6163,-122.056,3290,7314
2191,2191,4388600030,20141103T000000,605000.0,5.0,2.25,3220,9603,2.0,0,0,3,8,3220,0,1972,0,98052,47.6474,-122.11,2260,10093
2192,2192,629420260,20141002T000000,750000.0,4.0,2.75,3190,9023,2.0,0,0,3,9,3190,0,2005,0,98075,47.5898,-121.989,3159,5615
2193,2193,1117200550,20141014T000000,760000.0,3.0,2.75,3530,69834,2.0,0,0,3,10,3530,0,1994,0,98053,47.6377,-121.995,3560,74256
2194,2194,7461420060,20140804T000000,265000.0,3.0,1.75,2050,10519,1.0,0,0,3,7,1240,810,1979,0,98058,47.4257,-122.146,1770,9605
2195,2195,5566100060,20140718T000000,490000.0,3.0,1.75,1720,12540,1.0,0,0,4,7,1720,0,1956,0,98006,47.5699,-122.177,1440,11850
2196,2196,7714000340,20140619T000000,360000.0,4.0,2.5,2850,4650,2.0,0,0,3,8,2850,0,2004,0,98038,47.3552,-122.026,2850,4650
2197,2197,5149300400,20150206T000000,311750.0,4.0,2.25,2270,12000,1.0,0,0,4,7,1290,980,1976,0,98023,47.3287,-122.353,2030,23980
2198,2198,3815500045,20141003T000000,399000.0,3.0,2.25,1880,12473,1.0,0,0,3,8,1420,460,1958,0,98028,47.7623,-122.256,2300,10469
2199,2199,1843100520,20140725T000000,347000.0,4.0,2.5,2770,9751,2.0,0,0,3,8,2770,0,1989,0,98042,47.3739,-122.126,2370,6950
2200,2200,1329000030,20140904T000000,1680000.0,4.0,3.75,4490,34982,2.0,0,0,3,12,4490,0,1998,0,98005,47.6406,-122.156,4470,37525
2201,2201,7853240560,20140903T000000,585000.0,4.0,2.5,3110,6479,2.0,0,0,3,9,3110,0,2005,0,98065,47.5408,-121.861,3110,7075
2202,2202,8078100260,20140912T000000,340000.0,4.0,2.5,2360,7475,2.0,0,0,3,8,2360,0,1992,0,98031,47.4052,-122.17,2280,7570
2203,2203,3905120830,20150415T000000,612000.0,3.0,2.5,2180,5496,2.0,0,0,3,8,2180,0,1994,0,98029,47.5723,-122.007,2120,5496
2204,2204,1442800400,20140628T000000,230000.0,2.0,1.75,1910,3376,2.0,0,0,3,8,1910,0,1980,0,98038,47.3733,-122.057,1470,3623
2205,2205,3905000200,20140509T000000,604000.0,4.0,2.5,2260,7753,2.0,0,0,3,9,2260,0,1989,0,98029,47.5752,-121.995,2690,8924
2206,2206,4399200075,20140703T000000,250000.0,3.0,1.75,1770,8868,1.0,0,0,4,7,1770,0,1959,0,98002,47.3188,-122.212,1630,9706
2207,2207,1545802830,20150309T000000,258500.0,3.0,2.0,1460,7930,1.0,0,0,3,7,1460,0,1989,0,98038,47.359,-122.049,1630,7930
2208,2208,1370804100,20150324T000000,783000.0,4.0,2.75,2080,5000,1.0,0,0,5,8,1470,610,1940,0,98199,47.6422,-122.403,1970,5000
2209,2209,269000240,20141030T000000,1050000.0,5.0,2.25,2960,7680,1.0,0,2,5,8,1550,1410,1958,0,98199,47.6456,-122.389,2860,7680
2210,2210,2619920030,20150318T000000,760000.0,4.0,2.5,3220,4031,2.0,0,0,3,9,3220,0,2002,0,98033,47.688,-122.163,3150,5083
2211,2211,3438500339,20140526T000000,276000.0,3.0,1.0,1140,5000,1.0,0,0,3,7,1140,0,1960,0,98106,47.5535,-122.362,1140,5000
2212,2212,8563001070,20150323T000000,550000.0,4.0,2.0,1660,12377,1.0,0,0,3,8,1660,0,1966,0,98008,47.6231,-122.102,1820,8968
2213,2213,4427100105,20150428T000000,398000.0,4.0,1.0,1430,6240,1.5,0,0,5,7,1430,0,1953,0,98125,47.7272,-122.311,1410,6240
2214,2214,2767800140,20150313T000000,775000.0,3.0,3.0,1820,4300,1.5,0,0,4,8,1620,200,1914,1983,98107,47.6711,-122.364,1440,4300
2215,2215,2600140070,20150409T000000,1027500.0,4.0,3.0,3540,10202,2.0,0,0,3,8,2720,820,1988,0,98006,47.5471,-122.155,2780,10714
2216,2216,7231501610,20141023T000000,327000.0,4.0,1.0,1620,6000,1.5,0,0,5,7,1620,0,1905,0,98055,47.4763,-122.206,1310,6000
2217,2217,2787250240,20150421T000000,564500.0,4.0,2.75,3100,14568,2.0,0,0,3,8,3100,0,1995,0,98019,47.7302,-121.974,2860,14396
2218,2218,5309100295,20141017T000000,782000.0,4.0,1.75,1500,6820,1.5,0,0,5,7,1500,0,1905,0,98117,47.6794,-122.37,1360,4125
2219,2219,2781260370,20150128T000000,398000.0,4.0,2.5,2820,5510,2.0,0,0,3,9,2820,0,2005,0,98038,47.3477,-122.024,2820,5510
2220,2220,1926059155,20150130T000000,257000.0,3.0,1.75,1850,10920,1.5,0,0,3,6,1850,0,1915,0,98034,47.7244,-122.222,1510,7871
2221,2221,7137900960,20140625T000000,235000.0,4.0,2.0,1570,9415,2.0,0,0,4,7,1570,0,1984,0,98092,47.3168,-122.174,1550,8978
2222,2222,2817100570,20140627T000000,453000.0,4.0,2.75,2300,37533,1.0,0,3,5,8,1550,750,1979,0,98070,47.3714,-122.431,2130,10092
2223,2223,3886902445,20150316T000000,535000.0,2.0,1.0,920,9000,1.0,0,0,1,6,920,0,1954,0,98033,47.6831,-122.189,1760,8400
2224,2224,2215902010,20140507T000000,275000.0,3.0,2.5,1600,7000,2.0,0,0,4,8,1600,0,1993,0,98038,47.3534,-122.057,1700,7000
2225,2225,1778350270,20140915T000000,665000.0,3.0,2.5,2630,10047,2.0,0,0,3,9,2630,0,1996,0,98027,47.5515,-122.083,2640,10620
2226,2226,1449000270,20140806T000000,670000.0,4.0,2.75,3020,13530,1.0,0,0,4,8,1540,1480,1977,0,98052,47.6299,-122.099,2230,11896
2227,2227,3755100520,20150427T000000,465000.0,3.0,1.75,1490,10757,1.0,0,0,3,7,1060,430,1966,0,98034,47.72,-122.229,1490,10609
2228,2228,8651441620,20141023T000000,210000.0,3.0,1.5,1160,5200,1.0,0,0,5,7,1160,0,1970,0,98042,47.364,-122.094,1170,5200
2229,2229,1321970240,20141204T000000,265000.0,4.0,2.5,2040,4443,2.0,0,0,3,8,2040,0,2001,0,98092,47.3182,-122.189,2040,4637
2230,2230,6816300060,20150413T000000,426000.0,2.0,2.5,1550,2657,2.0,0,0,4,8,1550,0,1987,0,98033,47.7034,-122.188,1570,2442
2231,2231,8563000520,20141029T000000,529219.0,4.0,2.25,1990,7610,1.0,0,0,4,8,1290,700,1966,0,98008,47.6236,-122.103,1820,8198
2232,2232,3663000070,20140708T000000,600000.0,3.0,2.25,1900,46609,1.5,0,0,4,7,1440,460,1969,0,98072,47.7529,-122.116,2460,43560
2233,2233,255400070,20140701T000000,875000.0,5.0,3.5,3840,8279,2.0,0,0,3,9,3840,0,2001,0,98074,47.6039,-122.059,3570,8279
2234,2234,269000070,20150106T000000,608000.0,4.0,3.0,2400,7680,1.0,0,0,3,7,1200,1200,1956,0,98199,47.6466,-122.389,2670,6342
2235,2235,1163400070,20141112T000000,220000.0,3.0,1.0,1660,21514,1.0,0,0,4,7,1660,0,1973,0,98022,47.2159,-121.964,1660,21600
2236,2236,4139420370,20140811T000000,1760000.0,4.0,5.0,6055,21630,1.0,0,3,4,12,3555,2500,1996,0,98006,47.5524,-122.112,4890,19223
2237,2237,2599200160,20140818T000000,295450.0,3.0,2.0,2030,17120,1.0,0,2,4,8,1890,140,1966,0,98092,47.2953,-122.185,1870,13662
2238,2238,1704900135,20141111T000000,315000.0,2.0,1.0,840,5087,1.0,0,0,3,7,840,0,1925,0,98118,47.5557,-122.278,1590,5087
2239,2239,6648701420,20150213T000000,205000.0,4.0,2.0,1450,8175,1.0,0,0,4,7,1450,0,1967,0,98031,47.3933,-122.195,1570,9024
2240,2240,6123000070,20140709T000000,310000.0,3.0,1.5,1460,9908,1.0,0,0,3,7,1460,0,1952,0,98148,47.4275,-122.331,1420,9582
2241,2241,7015200136,20150503T000000,1000000.0,5.0,1.0,2010,5210,1.5,0,0,3,9,1890,120,1927,0,98119,47.6501,-122.37,2330,5000
2242,2242,5104531820,20140602T000000,525000.0,4.0,2.5,2910,7631,2.0,0,2,3,9,2910,0,2006,0,98038,47.3552,-122.001,3190,5552
2243,2243,6620400631,20140709T000000,284000.0,4.0,1.75,1880,8800,1.0,0,0,3,7,1130,750,1960,0,98168,47.5137,-122.333,1340,8733
2244,2244,3582500240,20140514T000000,510000.0,3.0,1.75,2170,26460,1.0,0,0,3,8,1450,720,1986,0,98074,47.6147,-122.045,2090,29075
2245,2245,1529300160,20140619T000000,405000.0,2.0,1.0,1260,4377,1.0,0,0,4,7,1260,0,1947,0,98103,47.6988,-122.354,1420,6376
2246,2246,4027700844,20140916T000000,509950.0,3.0,2.5,1970,9153,2.0,0,0,3,8,1970,0,2007,0,98028,47.7698,-122.268,1800,9800
2247,2247,425069139,20141027T000000,600000.0,4.0,2.25,2090,45738,2.0,0,0,3,8,2090,0,1987,0,98053,47.6876,-122.049,3420,45738
2248,2248,3047700105,20150423T000000,990000.0,4.0,3.75,3450,4940,2.0,0,0,3,10,2570,880,2006,0,98103,47.692,-122.338,1880,5387
2249,2249,2976800550,20150414T000000,280005.0,3.0,1.5,1130,7200,1.0,0,0,3,7,1130,0,1954,0,98178,47.5041,-122.253,1130,7200
2250,2250,6151800070,20140903T000000,700000.0,3.0,1.75,2600,7668,1.0,0,0,4,8,1300,1300,1968,0,98010,47.3402,-122.046,1980,13664
2251,2251,4364700105,20140804T000000,330000.0,3.0,1.0,1030,7620,1.0,0,0,3,7,1030,0,1953,0,98126,47.5281,-122.375,1030,7560
2252,2252,7893804845,20150223T000000,340000.0,2.0,1.0,1700,6718,1.0,0,2,3,7,1230,470,1956,0,98198,47.4131,-122.331,2040,7500
2253,2253,7694800070,20140818T000000,468000.0,2.0,2.5,1480,2167,2.0,0,0,3,8,1390,90,2007,0,98052,47.6658,-122.132,2130,2556
2254,2254,1922000070,20140609T000000,1339000.0,4.0,2.5,4250,19387,2.0,0,2,4,9,3260,990,1972,0,98040,47.5578,-122.212,3690,17024
2255,2255,4035900060,20140919T000000,515000.0,3.0,1.75,1600,20873,1.0,0,0,3,8,1600,0,1955,0,98006,47.5632,-122.182,2640,18364
2256,2256,8880600070,20141112T000000,245000.0,4.0,2.0,1870,8750,1.0,0,2,3,7,1870,0,1977,0,98022,47.1985,-122.001,1770,8207
2257,2257,739800070,20140527T000000,265000.0,3.0,2.5,1440,7741,1.0,0,0,4,7,1000,440,1983,0,98031,47.4042,-122.194,1680,7316
2258,2258,1561910270,20150317T000000,372400.0,3.0,2.5,2720,11937,2.0,0,0,3,9,2720,0,1990,0,98031,47.4185,-122.212,2590,9683
2259,2259,7305300370,20150504T000000,390000.0,3.0,1.5,1240,8410,1.0,0,0,5,6,1240,0,1948,0,98155,47.753,-122.328,1630,8410
2260,2260,7345000340,20150203T000000,208000.0,3.0,1.0,1020,6120,1.0,0,0,4,7,1020,0,1967,0,98002,47.278,-122.205,1370,8000
2261,2261,3971701455,20141003T000000,273000.0,2.0,0.5,1180,7750,1.0,0,0,4,6,590,590,1945,0,98155,47.769,-122.316,1380,8976
2262,2262,8035350260,20141009T000000,455000.0,5.0,3.5,3080,7759,2.0,0,0,3,8,2310,770,2003,0,98019,47.7454,-121.977,2980,8223
2263,2263,104550520,20150330T000000,270000.0,4.0,2.5,1750,6397,2.0,0,0,3,7,1750,0,1988,0,98023,47.3082,-122.358,1940,6502
2264,2264,4037400295,20140730T000000,618000.0,4.0,2.25,2530,8736,1.0,0,0,4,7,1210,1320,1958,0,98008,47.6049,-122.126,1720,8500
2265,2265,5413200140,20141021T000000,213550.0,3.0,2.5,1580,8541,2.0,0,0,3,7,1580,0,1990,0,98001,47.3334,-122.289,1640,7542
2266,2266,522049104,20140729T000000,210000.0,5.0,1.75,2340,9148,2.0,0,0,3,7,2340,0,1957,0,98198,47.4232,-122.324,1390,10019
2267,2267,3859900060,20150112T000000,2750000.0,5.0,4.0,6300,16065,2.0,0,1,3,12,4360,1940,2004,0,98004,47.5922,-122.207,3260,17287
2268,2268,6145601715,20141215T000000,403500.0,4.0,2.75,2400,3844,1.0,0,0,5,7,1200,1200,1974,0,98133,47.7027,-122.347,1100,3844
2269,2269,1645000310,20150225T000000,235000.0,3.0,1.5,1300,7600,1.0,0,0,4,7,1300,0,1963,0,98022,47.2083,-122.005,1570,7600
2270,2270,7471900045,20150421T000000,287500.0,3.0,2.0,1760,7147,1.0,0,0,4,6,880,880,1936,0,98055,47.4799,-122.232,1720,7147
2271,2271,7697100030,20140929T000000,546800.0,4.0,1.5,1520,5910,1.0,0,0,3,7,1020,500,1946,0,98115,47.6904,-122.295,1710,5910
2272,2272,3313600340,20140616T000000,183000.0,3.0,1.75,1070,8100,1.0,0,0,4,6,1070,0,1957,0,98002,47.2853,-122.22,1260,8100
2273,2273,1921069082,20140512T000000,560000.0,3.0,2.0,2560,216777,1.0,0,0,3,8,2560,0,1986,0,98092,47.295,-122.086,2360,108463
2274,2274,4263200030,20141205T000000,299500.0,3.0,1.0,1280,6726,1.0,0,0,3,6,1280,0,1958,0,98144,47.5724,-122.301,1630,5000
2275,2275,6918700370,20141027T000000,610000.0,4.0,2.25,1660,7350,1.0,0,0,3,8,1660,0,1965,2014,98008,47.6263,-122.124,1790,7455
2276,2276,8125200483,20140609T000000,288350.0,3.0,1.5,1860,7963,1.0,0,0,3,7,1200,660,1963,0,98188,47.4513,-122.268,1800,10400
2277,2277,1930301555,20140701T000000,500000.0,2.0,1.0,950,4500,1.0,0,2,3,7,850,100,1926,0,98103,47.6562,-122.354,1670,4000
2278,2278,7974200776,20141205T000000,625000.0,4.0,2.75,2140,4000,1.0,0,0,3,7,1190,950,1951,0,98115,47.6792,-122.287,2140,4770
2279,2279,2719100013,20150429T000000,418000.0,2.0,1.5,1480,1349,2.0,0,0,3,7,1240,240,2007,0,98136,47.5439,-122.386,1550,1349
2280,2280,7234601544,20140825T000000,660000.0,3.0,3.0,2260,1825,2.0,0,0,3,8,1660,600,2002,0,98122,47.6108,-122.308,2260,1834
2281,2281,5652601455,20140623T000000,775000.0,4.0,2.5,2300,6158,2.0,0,0,3,9,2300,0,1999,0,98115,47.6943,-122.299,2170,6434
2282,2282,2558600060,20150123T000000,429500.0,3.0,2.75,1650,7272,1.0,0,0,4,7,1230,420,1972,0,98034,47.7232,-122.174,1770,7272
2283,2283,5017000575,20141124T000000,569000.0,3.0,2.0,1990,3000,1.5,0,0,3,7,1230,760,1908,1970,98112,47.6272,-122.29,1600,4080
2284,2284,2796100160,20140520T000000,250000.0,4.0,2.0,1960,7560,1.0,0,0,5,7,1160,800,1978,0,98031,47.4081,-122.178,1950,7560
2285,2285,5470100270,20141209T000000,225000.0,3.0,1.5,1310,10491,1.0,0,0,4,7,1310,0,1969,0,98042,47.3682,-122.148,1430,9664
2286,2286,6112300140,20140514T000000,530000.0,4.0,2.75,2450,15002,1.0,0,0,5,9,2450,0,1974,0,98166,47.4268,-122.343,2650,15055
2287,2287,4024101715,20140905T000000,306000.0,3.0,1.0,910,8658,1.0,0,0,3,7,910,0,1955,0,98155,47.7586,-122.303,1170,10200
2288,2288,3205100060,20150413T000000,517100.0,3.0,1.75,1580,9719,1.0,0,0,5,7,1580,0,1962,0,98056,47.5396,-122.18,1760,8539
2289,2289,4450700030,20140822T000000,354950.0,3.0,1.75,1780,9689,1.0,0,0,3,7,1130,650,1976,0,98072,47.7628,-122.163,1660,9786
2290,2290,7920100083,20150414T000000,348000.0,3.0,1.5,1040,1824,1.0,0,0,3,6,1040,0,1925,0,98115,47.6793,-122.3,1010,5100
2291,2291,1774350160,20140718T000000,522250.0,4.0,2.5,2340,41600,1.0,0,0,3,8,1640,700,1977,0,98077,47.7466,-122.077,2340,34960
2292,2292,2115510340,20140604T000000,275000.0,3.0,2.5,1720,8755,1.0,0,0,3,8,1000,720,1983,0,98023,47.3186,-122.391,1720,8690
2293,2293,8901000445,20141218T000000,390000.0,3.0,1.5,1600,10440,1.0,0,0,3,7,1600,0,1954,0,98125,47.7109,-122.311,1600,8816
2294,2294,6121800060,20140910T000000,260000.0,3.0,1.5,1320,9750,1.0,0,0,3,7,1320,0,1954,0,98148,47.4267,-122.331,1530,9750
2295,2295,8712100320,20140728T000000,585000.0,5.0,2.75,2350,4178,1.5,0,0,3,8,1520,830,1922,2015,98112,47.6388,-122.3,1920,4178
2296,2296,2979800520,20140603T000000,605000.0,5.0,2.75,2740,5616,1.5,0,0,5,7,1670,1070,1925,0,98115,47.6866,-122.317,1600,4592
2297,2297,2331540070,20140703T000000,342000.0,4.0,2.5,2300,6448,2.0,0,0,3,8,2300,0,2001,0,98030,47.3813,-122.204,1860,5872
2298,2298,6345000160,20140827T000000,900000.0,5.0,3.0,4350,37169,2.0,0,0,3,10,2950,1400,1972,0,98005,47.6518,-122.16,3280,41631
2299,2299,5126950340,20150330T000000,252000.0,3.0,1.75,1430,7700,1.0,0,0,4,7,980,450,1981,0,98031,47.3993,-122.183,1430,8625
2300,2300,5152100160,20150219T000000,357000.0,3.0,1.75,2400,14012,1.0,0,0,3,9,2400,0,1971,0,98003,47.3371,-122.325,2800,13988
2301,2301,3298201290,20141224T000000,370000.0,3.0,1.0,940,7910,1.0,0,0,4,6,940,0,1959,0,98008,47.6181,-122.117,1000,7700
2302,2302,428000055,20150406T000000,322500.0,3.0,1.0,1020,13504,1.0,0,0,5,7,1020,0,1959,0,98056,47.5121,-122.17,1110,11158
2303,2303,8698600055,20140620T000000,210000.0,2.0,2.0,1680,5756,2.0,0,0,4,7,1680,0,1910,0,98002,47.3065,-122.222,1340,5447
2304,2304,3034200885,20141208T000000,290000.0,2.0,1.0,1340,9840,1.0,0,0,3,7,1340,0,1949,0,98133,47.7202,-122.339,1610,8949
2305,2305,2538400060,20140612T000000,860000.0,4.0,3.25,3960,7012,2.0,0,0,3,10,3960,0,2005,0,98075,47.5854,-122.08,3680,8522
2306,2306,3145600045,20150225T000000,302000.0,6.0,2.0,2650,4621,1.5,0,0,3,8,2650,0,1911,0,98118,47.5543,-122.275,1640,4879
2307,2307,7183000070,20140821T000000,369160.0,4.0,2.25,2120,9680,2.0,0,2,4,8,2120,0,1965,0,98003,47.3367,-122.332,2360,9647
2308,2308,6788200800,20150507T000000,1185000.0,4.0,2.75,2850,3000,2.5,0,0,3,9,2530,320,2003,0,98112,47.6406,-122.304,2083,4500
2309,2309,824059083,20140902T000000,993000.0,4.0,2.0,2850,14810,2.0,0,0,5,8,2490,360,1954,0,98004,47.5892,-122.203,2430,10454
2310,2310,2724069117,20141114T000000,380000.0,6.0,2.0,1870,6969,1.0,0,0,4,7,1870,0,1968,0,98027,47.5342,-122.036,1500,6969
2311,2311,9157600060,20140910T000000,635000.0,4.0,2.0,2660,8160,1.0,0,0,4,7,1380,1280,1949,0,98177,47.7229,-122.359,1660,8160
2312,2312,943100262,20141030T000000,260000.0,3.0,1.0,1190,11120,1.0,0,0,3,6,1190,0,1947,0,98024,47.5687,-121.898,1230,12720
2313,2313,3810000465,20140520T000000,243000.0,2.0,1.0,1770,5522,1.5,0,0,4,7,960,810,1943,0,98178,47.4974,-122.231,1830,7378
2314,2314,2451000070,20150402T000000,1400000.0,4.0,2.5,2770,8879,2.0,0,0,3,9,2770,0,2001,0,98004,47.5831,-122.193,2770,8882
2315,2315,7640400070,20140915T000000,665000.0,4.0,2.5,2080,8100,1.0,0,2,5,8,1220,860,1952,0,98177,47.7228,-122.369,2090,8100
2316,2316,7732410370,20140909T000000,898000.0,5.0,2.25,2700,9000,2.0,0,0,5,9,2700,0,1987,0,98007,47.6599,-122.146,2630,9000
2317,2317,3253500030,20140725T000000,583000.0,4.0,2.75,2200,9453,1.0,0,0,5,8,1100,1100,1955,0,98144,47.5744,-122.305,1390,5355
2318,2318,2128000160,20141204T000000,429000.0,4.0,1.75,2160,7700,2.0,0,0,2,8,2160,0,1977,0,98033,47.6976,-122.169,2080,7700
2319,2319,3764650070,20141216T000000,471000.0,3.0,2.5,2010,4059,2.0,0,0,3,8,2010,0,1998,0,98034,47.7317,-122.197,2010,5779
2320,2320,1118000465,20150312T000000,1810000.0,3.0,3.5,3780,8295,2.0,0,0,3,9,2430,1350,1951,0,98112,47.6394,-122.29,3780,9127
2321,2321,2622059062,20141015T000000,739500.0,3.0,3.25,4460,51177,2.0,0,0,3,9,4460,0,2005,0,98042,47.3648,-122.143,2670,38925
2322,2322,2211700160,20140512T000000,450000.0,3.0,1.5,1770,17208,1.0,0,0,3,8,1160,610,1959,0,98006,47.5659,-122.117,2450,17118
2323,2323,9376301180,20150408T000000,552500.0,3.0,1.0,1430,5000,1.0,0,0,3,7,1430,0,1949,0,98117,47.6895,-122.37,1210,5000
2324,2324,2203500570,20150217T000000,437000.0,4.0,1.75,1700,10642,1.0,0,0,4,7,850,850,1954,0,98006,47.5674,-122.142,1610,11200
2325,2325,3634100030,20150109T000000,270000.0,4.0,2.0,1830,5220,1.5,0,0,3,7,1830,0,1951,0,98118,47.5331,-122.278,1760,5757
2326,2326,2599200830,20140716T000000,226740.0,3.0,1.5,1410,8800,1.0,0,0,4,7,1410,0,1965,0,98092,47.2927,-122.183,2180,10108
2327,2327,4140090370,20150218T000000,446500.0,4.0,2.5,3060,7920,1.0,0,0,3,8,1810,1250,1974,0,98028,47.7675,-122.261,2690,7767
2328,2328,2320069083,20141125T000000,283000.0,3.0,2.0,1820,15068,2.0,0,2,3,7,1520,300,1920,2014,98022,47.2103,-121.999,1490,9589
2329,2329,6893300295,20140715T000000,445000.0,4.0,1.75,2430,13211,1.5,0,0,4,7,2430,0,1909,1978,98024,47.5245,-121.926,1330,10500
2330,2330,7454000030,20140816T000000,250000.0,2.0,1.0,740,6840,1.0,0,0,5,6,740,0,1942,0,98126,47.5172,-122.375,740,6840
2331,2331,7454001090,20150309T000000,307000.0,3.0,1.0,770,6552,1.0,0,0,3,6,670,100,1942,0,98146,47.5133,-122.372,920,7200
2332,2332,2944500340,20140721T000000,315000.0,4.0,2.75,2200,8580,1.0,0,0,3,8,1860,340,1991,0,98023,47.295,-122.37,2290,7816
2333,2333,2346800270,20150106T000000,555000.0,3.0,3.0,2920,23085,1.5,0,2,3,7,1540,1380,1908,0,98136,47.5159,-122.395,2270,18180
2334,2334,2796100640,20150424T000000,264900.0,4.0,2.5,2040,7000,1.0,0,0,3,7,1250,790,1979,0,98031,47.4056,-122.176,1900,7378
2335,2335,993000046,20140922T000000,510000.0,3.0,2.0,1600,4510,1.0,0,0,3,7,990,610,1978,0,98103,47.6939,-122.34,1580,4561
2336,2336,2333230270,20140814T000000,328000.0,4.0,2.5,1990,3980,2.0,0,0,3,7,1990,0,2002,0,98058,47.4445,-122.17,1990,4373
2337,2337,5104510340,20150504T000000,358000.0,4.0,2.5,1830,7308,2.0,0,0,3,7,1830,0,2002,0,98038,47.3565,-122.015,1830,5692
2338,2338,2517000700,20150421T000000,325000.0,3.0,2.5,2540,4260,2.0,0,0,3,7,2540,0,2005,0,98042,47.3989,-122.164,2190,4260
2339,2339,1724069062,20140714T000000,1365000.0,2.0,3.25,2700,3444,3.0,1,3,3,9,2700,0,1990,0,98075,47.5684,-122.06,2710,3444
2340,2340,5556800260,20150305T000000,230000.0,4.0,2.0,1440,10800,1.0,0,0,4,7,1440,0,1967,0,98001,47.3417,-122.283,1190,7380
2341,2341,2771603610,20150423T000000,545000.0,3.0,2.0,1550,4000,1.0,0,0,3,7,940,610,1955,0,98199,47.6379,-122.387,1880,4000
2342,2342,3629910240,20140505T000000,705380.0,3.0,2.5,2490,4343,2.0,0,0,3,9,2490,0,2003,0,98029,47.5493,-121.993,2130,4106
2343,2343,5634500036,20140820T000000,459000.0,5.0,2.5,2650,12987,1.0,0,0,4,7,1350,1300,1979,0,98028,47.7482,-122.244,2160,12726
2344,2344,2887703066,20140528T000000,815000.0,4.0,2.25,2000,3800,2.0,0,0,3,8,2000,0,2001,0,98115,47.6852,-122.311,1610,3800
2345,2345,3185600055,20140611T000000,495000.0,6.0,5.0,3440,4500,2.0,0,0,3,8,3280,160,2007,0,98055,47.4871,-122.219,1400,5500
2346,2346,1421069159,20141110T000000,520000.0,3.0,2.5,2280,58712,2.5,0,3,3,9,2280,0,1987,0,98010,47.3053,-122.0,2240,24332
2347,2347,476000335,20141217T000000,430000.0,2.0,1.5,1320,1194,3.0,0,0,3,7,1320,0,2001,0,98107,47.6704,-122.39,1320,1250
2348,2348,251300260,20140515T000000,255000.0,4.0,2.5,2070,7800,2.0,0,0,3,8,2070,0,1989,0,98003,47.3487,-122.315,1950,7815
2349,2349,2887700140,20140707T000000,588000.0,3.0,2.0,1860,4777,2.0,0,0,5,7,1860,0,1908,0,98115,47.6892,-122.311,1580,3822
2350,2350,3298201170,20141110T000000,350000.0,3.0,1.0,940,7811,1.0,0,0,3,6,940,0,1959,0,98008,47.6195,-122.118,1180,7490
2351,2351,2024059084,20150313T000000,625000.0,4.0,2.75,2290,21486,1.0,0,2,5,7,2290,0,1963,0,98006,47.5515,-122.189,2540,15936
2352,2352,7229700105,20150424T000000,172500.0,2.0,2.0,1510,20685,1.0,0,0,2,6,1250,260,1958,0,98059,47.481,-122.116,1490,29527
2353,2353,2313900560,20140825T000000,554000.0,3.0,2.0,1830,3500,1.5,0,0,5,7,1290,540,1909,0,98116,47.573,-122.383,1530,4000
2354,2354,6192400400,20140728T000000,775000.0,4.0,2.5,3090,7112,2.0,0,0,3,9,3090,0,2001,0,98052,47.705,-122.118,3050,6000
2355,2355,1425069116,20141107T000000,1187500.0,4.0,3.5,4340,217800,2.0,0,0,3,11,4340,0,2003,0,98053,47.6471,-122.013,3430,219106
2356,2356,3582900200,20141028T000000,618000.0,3.0,2.75,3200,12682,2.0,0,1,3,9,3200,0,1977,0,98028,47.7443,-122.26,2880,10432
2357,2357,243000335,20140929T000000,305000.0,4.0,1.0,1560,8450,1.5,0,0,4,6,1560,0,1954,0,98166,47.4552,-122.354,1380,8100
2358,2358,7760400350,20141205T000000,232000.0,3.0,2.0,1280,13356,1.0,0,0,3,7,1280,0,1994,0,98042,47.3715,-122.074,1590,8071
2359,2359,128500260,20140508T000000,262000.0,4.0,2.5,2020,6236,2.0,0,0,3,7,2020,0,2002,0,98001,47.2796,-122.247,1940,5076
2360,2360,1697000370,20150325T000000,234000.0,3.0,1.0,1040,8122,1.0,0,0,5,7,1040,0,1971,0,98198,47.3731,-122.312,1470,8676
2361,2361,8902000267,20150402T000000,500000.0,4.0,2.75,2260,7209,1.0,0,3,3,7,1330,930,2002,0,98125,47.7088,-122.302,1790,10860
2362,2362,1218000030,20140827T000000,278000.0,3.0,1.0,860,7632,1.0,0,0,3,6,860,0,1920,0,98166,47.4623,-122.345,890,7632
2363,2363,6099400140,20140904T000000,230000.0,5.0,1.0,1920,19040,1.0,0,0,3,7,1160,760,1961,0,98168,47.4756,-122.294,1920,11520
2364,2364,5710600030,20140922T000000,500000.0,4.0,1.75,2290,9215,1.0,0,0,5,8,1270,1020,1969,0,98027,47.5328,-122.051,2290,10200
2365,2365,7304300570,20140519T000000,366500.0,4.0,2.75,2070,9300,1.0,0,0,5,7,1120,950,1945,0,98155,47.7416,-122.32,1010,8308
2366,2366,1702901180,20140611T000000,665000.0,6.0,3.0,4250,4400,2.5,0,0,4,7,3020,1230,1902,0,98118,47.5584,-122.283,1520,4950
2367,2367,3508100135,20150316T000000,1101000.0,3.0,1.5,2220,4830,2.0,0,3,3,9,1790,430,1928,2010,98116,47.5825,-122.4,1670,4830
2368,2368,4443800030,20141201T000000,575000.0,2.0,1.75,1840,4076,1.0,0,0,3,8,1140,700,1957,0,98117,47.6875,-122.393,1540,4076
2369,2369,2553300140,20141103T000000,674750.0,4.0,2.5,2590,9753,2.0,0,0,3,10,2590,0,1993,0,98075,47.5848,-122.027,2800,9917
2370,2370,4154300465,20140916T000000,719000.0,5.0,2.0,3110,6131,1.0,0,0,5,7,1560,1550,1940,0,98118,47.5615,-122.279,1720,6600
2371,2371,3623029045,20140925T000000,482000.0,3.0,1.75,2600,105587,1.0,0,0,4,7,1300,1300,1980,0,98070,47.4464,-122.497,1941,208438
2372,2372,9371700125,20140528T000000,254000.0,2.0,1.0,1060,8187,1.0,0,0,4,6,1060,0,1952,0,98133,47.7508,-122.349,1260,8188
2373,2373,4443800810,20140819T000000,443725.0,3.0,1.75,1250,3880,1.0,0,0,4,7,750,500,1944,0,98117,47.6869,-122.392,1240,3880
2374,2374,1330900570,20141106T000000,575000.0,4.0,2.5,2520,35636,2.0,0,0,3,8,2520,0,1980,0,98053,47.652,-122.031,2230,35673
2375,2375,4017110200,20150127T000000,469000.0,3.0,2.25,2070,9957,1.0,0,0,3,8,1440,630,1977,0,98155,47.7766,-122.277,2070,10158
2376,2376,303000445,20140523T000000,175000.0,2.0,1.0,1300,44431,1.0,0,0,5,6,1300,0,1958,0,98001,47.327,-122.267,1470,14850
2377,2377,7857003505,20140909T000000,437000.0,5.0,2.0,2190,8316,1.0,0,0,3,7,1390,800,1961,0,98108,47.5488,-122.298,2010,8316
2378,2378,4027701291,20140820T000000,550000.0,4.0,3.0,2760,13113,1.0,0,0,4,8,1760,1000,1974,0,98028,47.7669,-122.268,1900,13113
2379,2379,3831200200,20150420T000000,172040.0,3.0,2.25,1710,7134,1.0,0,0,4,7,1130,580,1979,0,98031,47.3911,-122.191,1790,7455
2380,2380,4123830070,20141224T000000,363000.0,3.0,2.0,1750,7000,1.0,0,0,3,8,1750,0,1993,0,98038,47.3693,-122.041,1840,6969
2381,2381,8946750140,20150430T000000,282000.0,3.0,2.25,1552,3600,2.0,0,0,3,7,1552,0,2012,0,98092,47.3198,-122.178,1677,3600
2382,2382,7129300400,20140814T000000,400000.0,6.0,2.0,2350,6554,2.0,0,1,3,8,2000,350,1905,0,98178,47.5115,-122.256,1560,6554
2383,2383,2126059234,20140924T000000,650000.0,5.0,3.5,5110,10018,2.0,0,0,3,10,3850,1260,2003,0,98034,47.7261,-122.17,1790,10018
2384,2384,621069074,20140603T000000,365000.0,3.0,2.5,1720,99916,2.0,0,0,4,7,1720,0,1990,0,98042,47.3391,-122.093,1340,73180
2385,2385,7879600070,20141024T000000,269950.0,4.0,2.5,1960,7230,2.0,0,0,3,8,1960,0,2002,0,98023,47.2855,-122.36,1850,7208
2386,2386,6151800486,20140718T000000,260000.0,2.0,1.0,1270,19602,1.0,0,0,3,6,1270,0,1977,0,98010,47.3375,-122.048,1270,17699
2387,2387,8581200160,20141024T000000,193000.0,3.0,1.5,1180,7000,1.0,0,0,4,7,1180,0,1977,0,98023,47.2959,-122.373,1630,7500
2388,2388,2395710070,20140725T000000,340000.0,4.0,2.25,2230,6791,2.0,0,0,3,8,2230,0,2005,0,98038,47.3769,-122.028,2420,6297
2389,2389,6669100070,20140512T000000,900000.0,4.0,3.25,4700,38412,2.0,0,0,3,10,3420,1280,1978,0,98005,47.6445,-122.167,3640,35571
2390,2390,8856920070,20141021T000000,371000.0,3.0,2.5,2150,8361,2.0,0,0,3,8,2150,0,1991,0,98058,47.4627,-122.129,2150,9368
2391,2391,323089084,20140827T000000,592000.0,3.0,2.5,2400,81892,2.0,0,0,3,8,2400,0,1985,0,98045,47.5028,-121.769,1370,37270
2392,2392,798000342,20140815T000000,300000.0,3.0,2.5,1830,12750,2.0,0,0,3,7,1830,0,1991,0,98168,47.5003,-122.328,1610,10000
2393,2393,5104511840,20140827T000000,449950.0,4.0,3.0,2800,6977,2.0,0,0,3,8,2800,0,2003,0,98038,47.3542,-122.014,2800,6600
2394,2394,5205000400,20141022T000000,299500.0,3.0,2.5,2090,7163,2.0,0,0,3,8,2090,0,1989,0,98003,47.2735,-122.295,2320,8634
2395,2395,8565900160,20150326T000000,995000.0,4.0,2.25,2340,13406,1.0,0,0,4,9,2340,0,1963,0,98040,47.5377,-122.221,2340,10743
2396,2396,4302700445,20140923T000000,335000.0,4.0,1.75,1670,9472,1.0,0,0,3,7,1100,570,1960,0,98106,47.5299,-122.357,1080,5195
2397,2397,2413300240,20141110T000000,280000.0,4.0,2.25,1990,7350,1.0,0,0,4,8,1180,810,1978,0,98003,47.3258,-122.328,2030,7210
2398,2398,9477201620,20140516T000000,446000.0,4.0,2.25,2270,7800,1.0,0,0,3,7,1290,980,1977,0,98034,47.7278,-122.192,1480,7280
2399,2399,3395000070,20140927T000000,1544500.0,4.0,2.75,4910,15139,1.0,0,0,4,10,2560,2350,1964,0,98004,47.6444,-122.22,3980,15139
2400,2400,3336000791,20150407T000000,325000.0,3.0,1.0,950,4500,1.0,0,0,4,6,950,0,1943,0,98118,47.5273,-122.265,1140,4500
2401,2401,1087700030,20140619T000000,450000.0,3.0,1.75,1610,11200,1.0,0,0,3,7,1610,0,1955,0,98033,47.6641,-122.176,1610,11200
2402,2402,8856970570,20141027T000000,322500.0,4.0,2.5,1940,7107,2.0,0,0,3,7,1940,0,2000,0,98038,47.3843,-122.032,1850,5705
2403,2403,2206700295,20140915T000000,453000.0,3.0,1.0,1210,9473,1.0,0,0,5,7,1210,0,1955,0,98006,47.5637,-122.139,1700,11465
2404,2404,293910030,20141008T000000,655000.0,4.0,2.5,2570,4412,2.0,0,0,3,9,2570,0,2001,0,98034,47.7076,-122.232,2460,5470
2405,2405,9547205660,20150504T000000,603000.0,3.0,2.25,1700,2800,2.0,0,0,5,7,1150,550,1926,0,98115,47.6819,-122.311,1500,3400
2406,2406,8856004400,20140902T000000,235000.0,4.0,1.0,1610,24000,1.5,0,0,3,6,1610,0,1947,0,98001,47.2751,-122.252,1270,9600
2407,2407,3888100128,20140728T000000,968933.0,4.0,3.5,4120,7304,2.0,0,0,3,11,3070,1050,2006,0,98033,47.681,-122.167,2470,9600
2408,2408,8562900240,20141114T000000,1015000.0,3.0,3.5,2880,11340,1.0,0,0,3,8,1690,1190,1980,2013,98074,47.6113,-122.058,2530,11340
2409,2409,1088000030,20141203T000000,435000.0,4.0,2.25,1990,8548,2.0,0,0,3,8,1990,0,1973,0,98033,47.667,-122.178,2320,8926
2410,2410,1545800640,20140618T000000,242000.0,3.0,2.0,1260,8092,1.0,0,0,3,7,1260,0,1986,0,98038,47.3635,-122.054,1950,8092
2411,2411,3020079078,20141027T000000,487000.0,6.0,3.25,4750,248600,2.0,0,0,4,8,4750,0,1947,0,98022,47.1879,-121.973,2230,311610
2412,2412,11520640,20140801T000000,810000.0,4.0,2.75,3010,10450,2.0,0,0,3,9,3010,0,1996,0,98052,47.6979,-122.112,3010,10530
2413,2413,3407700046,20140624T000000,625000.0,3.0,2.5,2410,64073,1.0,0,0,4,8,1820,590,1976,0,98072,47.7457,-122.141,2980,48760
2414,2414,7696600240,20141023T000000,165000.0,3.0,1.5,1280,7742,1.0,0,0,3,7,1280,0,1973,0,98001,47.3323,-122.276,1566,7696
2415,2415,3904100106,20150427T000000,335000.0,3.0,1.0,2320,6750,1.0,0,0,3,7,1160,1160,1960,0,98118,47.5327,-122.276,1230,6075
2416,2416,7849201600,20140724T000000,286700.0,3.0,1.0,1220,6600,1.0,0,0,3,6,1220,0,1958,0,98065,47.5297,-121.827,1100,6600
2417,2417,8924100111,20150424T000000,699000.0,2.0,1.5,1400,4050,1.0,0,0,4,8,1400,0,1954,0,98115,47.6768,-122.269,1900,5940
2418,2418,2221000070,20150327T000000,280000.0,3.0,1.75,1590,7280,1.0,0,0,3,7,1140,450,1974,0,98058,47.4288,-122.153,1590,9634
2419,2419,8078350030,20140602T000000,580000.0,4.0,2.5,2220,7064,2.0,0,0,3,8,2220,0,1988,0,98029,47.5716,-122.022,2220,7451
2420,2420,8682281710,20140620T000000,754800.0,2.0,2.5,2770,7781,2.0,0,0,3,8,2770,0,2006,0,98053,47.7072,-122.017,1870,5984
2421,2421,1383500070,20150210T000000,525000.0,4.0,2.5,2303,16801,2.0,0,0,3,8,2303,0,1995,0,98019,47.7266,-121.966,2080,14013
2422,2422,6744700181,20150217T000000,562000.0,3.0,1.75,1600,10530,1.0,0,2,3,8,1600,0,1962,0,98155,47.7437,-122.291,2590,8274
2423,2423,6728700075,20140520T000000,575000.0,4.0,1.75,1280,6060,1.0,0,0,3,7,860,420,1926,0,98117,47.6805,-122.364,1490,4680
2424,2424,3630180240,20140711T000000,808900.0,5.0,2.5,2900,5901,2.0,0,0,3,9,2900,0,2006,0,98027,47.5396,-121.998,3200,5775
2425,2425,2162000160,20150303T000000,992000.0,3.0,2.25,2950,15207,1.0,0,0,4,10,2070,880,1966,0,98040,47.5571,-122.216,2950,22000
2426,2426,705700140,20140919T000000,335000.0,3.0,2.5,1700,6698,2.0,0,0,3,7,1700,0,1997,0,98038,47.3826,-122.028,2190,7346
2427,2427,9423400193,20141226T000000,473000.0,3.0,2.75,1050,7200,1.0,0,0,3,7,1050,0,1985,0,98125,47.7163,-122.303,1860,9000
2428,2428,5137200140,20150325T000000,350000.0,4.0,2.75,2990,11210,1.0,0,1,4,8,1880,1110,1977,0,98023,47.3357,-122.336,2790,9858
2429,2429,5026900160,20150424T000000,1600000.0,5.0,2.5,3100,5374,2.5,0,0,4,9,3100,0,1906,0,98122,47.6154,-122.283,2180,5800
2430,2430,4024101052,20141217T000000,305500.0,3.0,1.0,1240,6090,1.0,0,0,4,7,1240,0,1950,0,98155,47.7542,-122.307,1550,9096
2431,2431,1726069051,20140523T000000,306000.0,2.0,1.0,780,13500,1.0,0,0,4,7,780,0,1946,1989,98077,47.7383,-122.074,2200,67518
2432,2432,6300000693,20141202T000000,233000.0,2.0,2.25,850,1656,2.0,0,0,3,8,850,0,2001,0,98133,47.7064,-122.344,850,1312
2433,2433,6413100270,20150331T000000,490000.0,3.0,1.75,1540,9000,1.0,0,0,3,8,1540,0,1971,0,98125,47.7152,-122.322,1710,7488
2434,2434,7215420160,20140701T000000,445000.0,4.0,2.5,2280,42077,2.0,0,0,3,8,2280,0,1994,0,98042,47.3424,-122.077,2280,36236
2435,2435,7878400135,20141120T000000,355000.0,3.0,2.25,2550,9674,1.0,0,0,3,7,1850,700,1959,0,98178,47.4856,-122.247,2240,9674
2436,2436,2597710070,20150402T000000,360000.0,2.0,2.0,1770,7607,1.0,0,0,4,8,1770,0,1987,0,98058,47.4287,-122.163,2090,7109
2437,2437,9244900248,20140709T000000,737500.0,3.0,1.75,2320,10900,2.0,0,0,3,7,2320,0,1935,1974,98115,47.6877,-122.283,1610,5800
2438,2438,824059277,20141215T000000,985000.0,3.0,3.5,2600,11920,2.0,0,0,5,8,2600,0,1969,0,98004,47.582,-122.194,2430,10050
2439,2439,3278601940,20140806T000000,349950.0,2.0,3.25,1570,2031,2.0,0,0,3,8,1310,260,2006,0,98126,47.548,-122.375,1570,2039
2440,2440,7853250160,20150220T000000,520000.0,4.0,2.5,3060,7161,2.0,0,0,3,8,2860,200,2005,0,98065,47.5383,-121.879,2950,6822
2441,2441,1163100070,20141217T000000,355950.0,4.0,2.5,1960,8540,1.0,0,0,3,7,1220,740,1955,0,98177,47.7654,-122.359,1910,9120
2442,2442,8106300510,20141229T000000,485000.0,5.0,2.5,3270,6129,2.0,0,0,3,9,3270,0,2004,0,98055,47.4461,-122.208,2980,5928
2443,2443,4239400960,20141212T000000,143000.0,3.0,1.0,1090,3315,1.0,0,0,4,6,1090,0,1969,0,98092,47.3159,-122.183,960,3120
2444,2444,7524900003,20141210T000000,3278000.0,2.0,1.75,6840,10000,2.5,1,4,3,11,4350,2490,2001,0,98008,47.6042,-122.112,3120,12300
2445,2445,3893100327,20140723T000000,355000.0,3.0,1.0,940,8512,1.0,0,0,4,7,940,0,1967,0,98033,47.7002,-122.191,1060,8512
2446,2446,7856640560,20140604T000000,1126000.0,5.0,3.5,3880,13885,2.0,0,3,4,9,2540,1340,1979,0,98006,47.5696,-122.156,3690,13885
2447,2447,7206900075,20140818T000000,200000.0,5.0,1.75,1770,15525,1.0,0,0,4,7,1770,0,1959,0,98059,47.5025,-122.142,1370,10395
2448,2448,8691310070,20140618T000000,913000.0,4.0,2.5,3640,10576,2.0,0,0,3,11,3640,0,1999,0,98075,47.5899,-121.979,3370,10351
2449,2449,4389200796,20140522T000000,1600000.0,3.0,2.5,3160,12824,1.0,0,2,4,9,1820,1340,1966,0,98004,47.6151,-122.216,3390,11985
2450,2450,7436300160,20140625T000000,409900.0,2.0,2.5,1590,1845,2.0,0,0,3,9,1590,0,1997,0,98033,47.6897,-122.175,2320,3174
2451,2451,7896300070,20150501T000000,265000.0,4.0,1.0,1290,6034,1.0,0,0,3,6,1050,240,1950,0,98118,47.5223,-122.286,1060,6034
2452,2452,2425059074,20150410T000000,740000.0,5.0,3.0,3655,51836,1.0,0,0,5,8,2174,1481,1955,0,98008,47.6434,-122.115,2530,8606
2453,2453,2111010340,20140612T000000,306000.0,4.0,2.5,2490,8124,2.0,0,0,3,7,2490,0,2001,0,98092,47.3347,-122.17,2760,6300
2454,2454,7852150140,20141007T000000,381000.0,3.0,2.5,1470,3999,2.0,0,0,3,7,1470,0,2003,0,98065,47.5328,-121.871,1960,4444
2455,2455,1370800830,20150505T000000,1220000.0,3.0,3.25,3960,6132,2.0,0,3,3,10,2600,1360,1933,0,98199,47.6396,-122.409,2730,5221
2456,2456,7632400400,20150320T000000,1050000.0,3.0,3.5,3190,29982,1.0,0,3,4,8,2630,560,1941,0,98166,47.458,-122.368,2600,19878
2457,2457,5220300140,20140903T000000,408000.0,2.0,1.0,810,7440,1.0,0,0,5,6,810,0,1948,0,98133,47.7346,-122.352,830,7500
2458,2458,2568200140,20140625T000000,739900.0,5.0,2.5,2980,5377,2.0,0,0,3,9,2980,0,2006,0,98052,47.7074,-122.101,3150,6593
2459,2459,1137300340,20141121T000000,674250.0,4.0,2.5,2780,35000,1.0,0,0,4,9,2780,0,1985,0,98072,47.7386,-122.091,2740,35072
2460,2460,7640400106,20140911T000000,438400.0,2.0,1.0,1340,8100,1.0,0,0,4,7,1340,0,1953,0,98177,47.7218,-122.37,1700,8100
2461,2461,2175100055,20141230T000000,1700000.0,5.0,5.0,4930,14649,2.0,0,3,3,11,4160,770,2000,0,98040,47.5829,-122.247,3030,8479
2462,2462,9274200990,20140619T000000,703000.0,3.0,2.0,1360,5980,1.5,0,0,3,8,1360,0,1945,2008,98116,47.5852,-122.388,1520,4440
2463,2463,5028600550,20141229T000000,262000.0,3.0,1.75,1320,6530,1.0,0,0,4,7,1320,0,1989,0,98023,47.2871,-122.354,1620,6817
2464,2464,1471630160,20150423T000000,353000.0,3.0,2.0,1210,14499,1.0,0,0,3,7,1210,0,1984,0,98045,47.4705,-121.754,1570,15360
2465,2465,9430110030,20150114T000000,500000.0,4.0,2.5,1940,7607,2.0,0,0,3,8,1940,0,1995,0,98052,47.685,-122.158,2250,7600
2466,2466,9275700016,20140706T000000,1280000.0,4.0,2.5,3160,4620,1.5,0,4,3,9,2020,1140,1917,2005,98116,47.5875,-122.382,2790,5308
2467,2467,6654700240,20150408T000000,332000.0,4.0,2.5,1980,6566,2.0,0,0,3,8,1980,0,2004,0,98042,47.3809,-122.097,2590,6999
2468,2468,8563080270,20140821T000000,824000.0,4.0,2.5,2320,14240,1.0,0,0,4,9,1620,700,1974,0,98008,47.6269,-122.09,2810,13200
2469,2469,7548300326,20150220T000000,290000.0,4.0,2.0,1660,4788,1.0,0,0,3,7,1660,0,1968,0,98144,47.5878,-122.312,1150,5000
2470,2470,5457300696,20140627T000000,700000.0,3.0,2.5,1660,1545,2.0,0,2,3,9,1400,260,2002,0,98109,47.6268,-122.353,1820,2570
2471,2471,1175001125,20141006T000000,550000.0,2.0,1.0,1080,3420,1.0,0,0,4,7,780,300,1922,0,98107,47.6715,-122.393,1380,3656
2472,2472,3034200197,20140903T000000,549000.0,2.0,1.0,1510,11165,1.5,0,0,4,7,1510,0,1921,0,98133,47.7212,-122.331,2210,8851
2473,2473,7787400105,20150306T000000,1865000.0,4.0,2.5,2950,43560,1.0,0,2,4,9,2550,400,1951,0,98004,47.5988,-122.207,3260,41016
2474,2474,9346700270,20150302T000000,858000.0,4.0,2.25,3070,13720,2.0,0,0,3,9,3070,0,1978,0,98007,47.6133,-122.152,3010,9657
2475,2475,6414600260,20141030T000000,345000.0,2.0,1.0,970,10423,1.0,0,0,3,7,970,0,1947,0,98133,47.7252,-122.331,1200,7857
2476,2476,2620069195,20141104T000000,340000.0,4.0,1.75,2140,11651,2.5,0,0,3,8,2140,0,1930,2001,98022,47.196000000000005,-122.006,2030,10978
2477,2477,1300301840,20150425T000000,1215000.0,4.0,2.25,2570,9600,2.5,0,0,4,9,2570,0,1962,0,98040,47.5791,-122.241,2570,13200
2478,2478,4358700186,20141211T000000,275000.0,3.0,2.25,1260,1488,3.0,0,0,3,7,1260,0,2009,0,98133,47.7071,-122.336,1190,1095
2479,2479,259600560,20140827T000000,405000.0,3.0,1.0,1220,7771,1.0,0,0,3,7,1220,0,1963,0,98008,47.6326,-122.119,1420,7674
2480,2480,2634500070,20150116T000000,432500.0,3.0,2.0,1720,8145,2.0,0,0,5,7,1720,0,1949,0,98155,47.7393,-122.325,1400,8138
2481,2481,7186800105,20150112T000000,236500.0,4.0,1.0,2140,4217,1.5,0,0,3,6,1320,820,1925,0,98118,47.5484,-122.287,1720,5413
2482,2482,4459800070,20140718T000000,679000.0,4.0,1.5,1420,4923,1.5,0,0,4,8,1420,0,1928,0,98103,47.6901,-122.339,1470,4923
2483,2483,3034200370,20141031T000000,543000.0,4.0,2.5,2060,8451,2.0,0,0,3,8,2060,0,1995,0,98133,47.7168,-122.333,2060,9460
2484,2484,7887200390,20140926T000000,294000.0,3.0,1.0,1320,9520,1.0,0,0,3,7,990,330,1953,0,98178,47.4857,-122.253,1460,10610
2485,2485,2473390710,20150403T000000,340500.0,3.0,1.75,1810,10463,1.0,0,0,4,7,1810,0,1969,0,98058,47.4581,-122.162,1620,8551
2486,2486,2600140370,20140703T000000,1012000.0,4.0,2.5,2980,16263,2.0,0,0,3,9,2980,0,1989,0,98006,47.5457,-122.153,2730,10018
2487,2487,7525100520,20140502T000000,335000.0,2.0,2.0,1350,2560,1.0,0,0,3,8,1350,0,1976,0,98052,47.6344,-122.107,1790,2560
2488,2488,6204200560,20140723T000000,425000.0,3.0,2.0,1540,8011,1.0,0,0,3,7,1540,0,1988,0,98011,47.7342,-122.202,1630,7141
2489,2489,5416100160,20150210T000000,353000.0,3.0,2.5,2510,9240,2.0,0,0,4,8,2510,0,2001,0,98022,47.1896,-122.013,2690,9240
2490,2490,3905040070,20150504T000000,540000.0,3.0,2.5,1670,5146,2.0,0,0,3,8,1670,0,1991,0,98029,47.5707,-121.999,1940,5146
2491,2491,8562900520,20140612T000000,640000.0,5.0,3.5,3690,11928,2.0,0,0,3,9,2540,1150,2006,0,98074,47.6108,-122.06,2640,11928
2492,2492,4027701182,20140722T000000,339950.0,3.0,1.0,1320,11457,1.0,0,0,3,8,1320,0,1959,0,98028,47.7738,-122.261,1900,9800
2493,2493,9407110710,20141107T000000,195000.0,3.0,1.75,1510,8400,1.0,0,0,2,7,980,530,1979,0,98045,47.4476,-121.771,1500,10125
2494,2494,9407110710,20150226T000000,322000.0,3.0,1.75,1510,8400,1.0,0,0,2,7,980,530,1979,0,98045,47.4476,-121.771,1500,10125
2495,2495,5160300030,20150401T000000,660000.0,4.0,1.75,1870,10450,1.0,0,0,3,8,1620,250,1978,0,98005,47.5938,-122.154,2060,10450
2496,2496,1000102,20140916T000000,280000.0,6.0,3.0,2400,9373,2.0,0,0,3,7,2400,0,1991,0,98002,47.3262,-122.214,2060,7316
2497,2497,1000102,20150422T000000,300000.0,6.0,3.0,2400,9373,2.0,0,0,3,7,2400,0,1991,0,98002,47.3262,-122.214,2060,7316
2498,2498,8945300200,20140815T000000,207500.0,3.0,1.0,1170,8816,1.0,0,0,4,6,1170,0,1966,0,98023,47.3059,-122.368,1200,9108
2499,2499,7796600070,20140825T000000,195000.0,3.0,1.5,1190,8726,1.0,0,0,3,7,1190,0,1956,0,98146,47.4887,-122.343,1390,8741
2500,2500,4443800765,20140610T000000,700000.0,3.0,2.0,2080,3880,1.0,0,0,5,7,1160,920,1954,0,98117,47.68600000000001,-122.391,1330,3880
2501,2501,3298720030,20150417T000000,560000.0,4.0,1.75,2150,8555,1.0,0,2,4,7,1460,690,1982,0,98106,47.5344,-122.345,1480,7405
2502,2502,1781500435,20140820T000000,260000.0,3.0,1.75,1580,7344,1.0,0,0,5,7,1580,0,1911,0,98126,47.5256,-122.38,1580,6207
2503,2503,1781500435,20150225T000000,575000.0,3.0,1.75,1580,7344,1.0,0,0,5,7,1580,0,1911,0,98126,47.5256,-122.38,1580,6207
2504,2504,6979970140,20150417T000000,475000.0,3.0,2.5,2370,3239,2.0,0,0,3,8,1950,420,2006,0,98072,47.7515,-122.174,2520,3431
2505,2505,1005000036,20140613T000000,285000.0,3.0,1.75,1840,8601,1.0,0,0,3,7,920,920,1905,2014,98118,47.5359,-122.276,1390,7452
2506,2506,3629921160,20140508T000000,753888.0,4.0,2.5,2660,5500,2.0,0,2,3,9,2660,0,2003,0,98029,47.5439,-121.996,3620,5500
2507,2507,3629910370,20150410T000000,650000.0,3.0,2.5,2190,3600,2.0,0,0,3,9,2190,0,2003,0,98029,47.5506,-121.993,2300,3600
2508,2508,5200100105,20140807T000000,620000.0,3.0,2.25,1660,3478,1.5,0,0,4,7,1100,560,1929,0,98117,47.6773,-122.372,1610,3478
2509,2509,1024069159,20150313T000000,526000.0,3.0,1.75,1780,37801,1.0,0,0,3,7,1300,480,1977,0,98075,47.5858,-122.015,2380,47480
2510,2510,418000310,20140514T000000,155000.0,2.0,1.0,700,5200,1.0,0,0,5,6,700,0,1952,0,98056,47.4924,-122.175,1030,5200
2511,2511,765000060,20140827T000000,342000.0,4.0,2.0,1570,11200,1.0,0,0,3,7,1120,450,1959,0,98011,47.7573,-122.217,1570,11200
2512,2512,2126079046,20150407T000000,390000.0,3.0,1.75,1220,216332,1.0,0,0,3,7,1220,0,1981,0,98019,47.7224,-121.926,1540,61419
2513,2513,2024079035,20140605T000000,685000.0,3.0,2.75,3150,219978,2.0,0,0,4,9,3000,150,1990,0,98024,47.553,-121.946,3180,218235
2514,2514,7202270830,20140625T000000,608000.0,4.0,2.5,2690,4736,2.0,0,0,3,7,2690,0,2001,0,98053,47.6869,-122.036,2690,4791
2515,2515,133000070,20140916T000000,179900.0,2.0,1.0,680,6400,1.0,0,0,3,6,680,0,1943,0,98168,47.5136,-122.316,1240,7800
2516,2516,2818600060,20140904T000000,1245000.0,6.0,3.25,3750,14150,2.0,0,2,5,9,2750,1000,1936,1968,98117,47.6999,-122.393,2140,7968
2517,2517,6082400083,20150430T000000,166000.0,3.0,1.0,1010,11675,1.0,0,0,3,7,1010,0,1957,0,98168,47.4849,-122.301,1370,10042
2518,2518,9412900045,20140519T000000,462000.0,3.0,1.5,1710,4500,1.5,0,0,3,8,1410,300,1928,0,98118,47.5366,-122.268,1860,6000
2519,2519,3905030140,20140622T000000,545000.0,4.0,2.5,2090,6023,2.0,0,0,3,8,2090,0,1990,0,98029,47.5713,-121.997,2090,6023
2520,2520,7228501580,20150116T000000,415000.0,3.0,1.0,1560,4500,1.5,0,0,3,7,1560,0,1903,0,98122,47.6118,-122.306,1660,4500
2521,2521,6679000390,20140610T000000,269000.0,3.0,2.5,1560,4200,2.0,0,0,3,7,1560,0,2003,0,98038,47.3838,-122.026,1560,4200
2522,2522,1822500160,20141212T000000,356500.0,4.0,2.5,2570,11473,2.0,0,0,3,8,2570,0,2008,0,98003,47.2809,-122.296,2430,5997
2523,2523,6889000060,20141223T000000,225000.0,3.0,1.0,1010,7633,1.0,0,0,4,6,1010,0,1961,0,98198,47.3781,-122.314,1190,8386
2524,2524,835000055,20140620T000000,175000.0,2.0,1.0,1020,5130,1.0,0,0,4,6,1020,0,1948,0,98002,47.301,-122.226,1200,6497
2525,2525,7811210320,20140801T000000,549000.0,5.0,2.5,1710,9720,2.0,0,0,4,8,1710,0,1974,0,98005,47.5903,-122.157,2270,9672
2526,2526,3123049320,20150415T000000,535000.0,3.0,2.75,2300,12197,2.0,0,0,3,8,2300,0,1989,0,98166,47.4369,-122.338,1710,11220
2527,2527,4123400320,20140505T000000,627000.0,4.0,2.25,1990,7712,1.0,0,0,3,8,1210,780,1973,0,98027,47.5688,-122.087,1720,7393
2528,2528,4477000270,20140822T000000,565000.0,3.0,2.0,2730,15677,2.5,0,3,3,9,2730,0,1976,0,98166,47.4612,-122.365,2040,12209
2529,2529,3126049094,20141112T000000,392450.0,4.0,2.0,2195,2681,1.0,0,0,3,7,1060,1135,1912,0,98103,47.6965,-122.342,1710,1280
2530,2530,8682282180,20140923T000000,509000.0,2.0,2.0,1560,4675,1.0,0,0,3,8,1560,0,2006,0,98053,47.7086,-122.019,1870,6361
2531,2531,1232000810,20140912T000000,340000.0,3.0,2.5,1400,4800,1.0,0,0,3,7,1200,200,1921,0,98117,47.6865,-122.379,1440,3840
2532,2532,1232000810,20150326T000000,537000.0,3.0,2.5,1400,4800,1.0,0,0,3,7,1200,200,1921,0,98117,47.6865,-122.379,1440,3840
2533,2533,8691330310,20140505T000000,865000.0,4.0,3.0,3690,9892,2.0,0,0,3,10,3690,0,1998,0,98075,47.5937,-121.982,3430,11294
2534,2534,3996900295,20141214T000000,358000.0,2.0,1.0,1140,8340,1.0,0,0,3,7,1140,0,1948,0,98155,47.7448,-122.3,1030,8149
2535,2535,117000003,20140919T000000,595000.0,4.0,2.25,1920,3225,1.5,0,0,5,7,1300,620,1923,0,98116,47.5848,-122.384,1960,3750
2536,2536,1471590060,20140619T000000,661000.0,4.0,2.5,2496,8058,2.0,0,0,3,9,2496,0,1998,0,98052,47.6791,-122.149,2496,7757
2537,2537,2558650200,20140916T000000,419950.0,3.0,2.25,2280,8500,1.0,0,0,4,7,1680,600,1977,0,98034,47.7211,-122.166,1890,7700
2538,2538,5104531580,20150416T000000,490000.0,4.0,3.5,3200,6420,2.0,0,0,3,9,3200,0,2006,0,98038,47.3545,-122.001,3200,6291
2539,2539,6021503570,20140918T000000,525000.0,2.0,1.0,880,4000,1.0,0,0,3,7,880,0,1940,0,98117,47.6847,-122.387,1310,4000
2540,2540,1862400517,20140813T000000,350000.0,3.0,2.0,1320,1298,3.0,0,0,3,7,1320,0,1995,0,98117,47.6959,-122.376,1380,1503
2541,2541,2738650030,20150511T000000,552500.0,3.0,2.5,2450,3582,2.0,0,0,3,9,2450,0,2008,0,98072,47.7749,-122.159,2490,5449
2542,2542,5560000710,20150327T000000,210000.0,3.0,1.0,1040,8970,1.0,0,0,4,6,1040,0,1961,0,98023,47.3283,-122.337,1040,8450
2543,2543,7215410320,20150311T000000,390000.0,3.0,2.5,2480,53250,2.0,0,0,3,9,2480,0,1990,0,98042,47.3323,-122.079,2510,36549
2544,2544,3971700510,20150129T000000,336800.0,5.0,1.75,1830,16650,1.5,0,0,3,7,1610,220,1958,0,98155,47.7734,-122.315,1790,12743
2545,2545,7202330270,20150303T000000,465000.0,3.0,2.5,1440,4473,2.0,0,0,3,7,1440,0,2003,0,98053,47.6825,-122.036,1650,3322
2546,2546,9542830160,20141218T000000,299900.0,4.0,2.5,1580,3632,2.0,0,0,3,7,1580,0,2011,0,98038,47.3672,-122.019,1950,3800
2547,2547,3630120960,20140718T000000,715000.0,3.0,3.25,3230,5000,2.0,0,0,3,9,3230,0,2006,0,98029,47.5558,-122.002,2670,3977
2548,2548,3622059155,20140523T000000,235000.0,4.0,2.5,1810,39639,1.0,0,0,3,7,1230,580,1970,0,98042,47.3472,-122.11,1810,44866
2549,2549,1687000240,20141210T000000,276000.0,3.0,2.5,2495,4400,2.0,0,0,3,8,2495,0,2007,0,98001,47.2877,-122.283,2434,4400
2550,2550,4322300340,20150112T000000,265000.0,4.0,1.5,1740,12728,1.0,0,0,4,7,1180,560,1964,0,98003,47.2808,-122.3,1830,11125
2551,2551,3797000830,20140530T000000,425000.0,3.0,1.75,1680,3000,1.0,0,2,4,6,840,840,1900,0,98103,47.68600000000001,-122.346,1540,3700
2552,2552,4137060270,20150105T000000,313000.0,4.0,2.5,2460,10320,2.0,0,0,3,8,2460,0,1993,0,98092,47.2599,-122.215,2210,9024
2553,2553,7277100640,20150409T000000,715000.0,3.0,2.5,3050,6000,1.0,0,3,3,8,1720,1330,1984,0,98177,47.7701,-122.389,2340,7200
2554,2554,1312920060,20141212T000000,265000.0,3.0,2.25,1630,10969,2.0,0,0,3,7,1630,0,1991,0,98001,47.3305,-122.285,1410,7920
2555,2555,1472330030,20150324T000000,646000.0,3.0,2.75,2460,6413,2.0,0,0,3,9,2460,0,2004,0,98028,47.7497,-122.245,2440,6092
2556,2556,2973800030,20140721T000000,175000.0,3.0,1.0,1030,6600,1.0,0,0,3,7,1030,0,1954,0,98146,47.4941,-122.34,1220,9040
2557,2557,5152920070,20140731T000000,649000.0,3.0,2.5,3410,13809,1.0,0,3,4,10,2450,960,1973,0,98003,47.3424,-122.326,3410,14245
2558,2558,2021200058,20150423T000000,785000.0,3.0,2.75,2310,5200,1.0,0,0,4,7,1520,790,1940,0,98199,47.6357,-122.397,2310,5200
2559,2559,9828202255,20140922T000000,890000.0,4.0,2.75,2610,4400,1.0,0,0,5,8,1260,1350,1920,0,98122,47.6158,-122.293,1770,4400
2560,2560,2126059276,20141126T000000,612000.0,3.0,3.0,2330,10327,1.0,0,0,3,9,2330,0,1998,0,98034,47.7239,-122.164,2200,4629
2561,2561,7796450340,20141205T000000,330000.0,4.0,2.5,2980,5674,2.0,0,0,3,8,2980,0,2003,0,98023,47.277,-122.347,2610,5495
2562,2562,1449000260,20141112T000000,493000.0,3.0,2.25,1790,11393,1.0,0,0,3,8,1790,0,1978,0,98052,47.6297,-122.099,2290,11894
2563,2563,8722100570,20150403T000000,1600000.0,4.0,2.25,2940,5735,1.0,0,0,3,9,1470,1470,1957,0,98112,47.6381,-122.304,2230,5659
2564,2564,7856400240,20140627T000000,1620000.0,4.0,3.0,3900,9750,1.0,0,4,5,10,2520,1380,1972,0,98006,47.5605,-122.158,3410,9450
2565,2565,7856400240,20150211T000000,1650000.0,4.0,3.0,3900,9750,1.0,0,4,5,10,2520,1380,1972,0,98006,47.5605,-122.158,3410,9450
2566,2566,3037200060,20140926T000000,499000.0,3.0,2.5,1750,2150,2.5,0,0,3,7,1230,520,1900,2014,98122,47.6037,-122.311,1410,3300
2567,2567,6071700160,20140623T000000,603500.0,6.0,2.75,2660,8400,1.0,0,0,5,8,1550,1110,1962,0,98006,47.549,-122.173,2280,8400
2568,2568,7645900055,20140624T000000,530000.0,2.0,1.5,1580,3680,1.0,0,2,3,8,1280,300,1941,0,98126,47.5762,-122.377,1730,3680
2569,2569,292000070,20150406T000000,895000.0,5.0,2.5,2350,14197,1.0,0,0,4,8,1220,1130,1962,0,98004,47.6005,-122.204,2470,11629
2570,2570,9510900710,20140513T000000,267345.0,4.0,2.25,2510,8165,1.0,0,0,4,7,1610,900,1972,0,98023,47.3092,-122.372,1940,8250
2571,2571,1471620240,20140516T000000,275000.0,3.0,2.5,1480,15639,2.0,0,0,3,8,1480,0,1987,0,98045,47.4723,-121.746,1480,16454
2572,2572,1626079012,20150225T000000,439950.0,3.0,1.75,1720,223377,1.0,0,0,3,7,1240,480,1950,0,98019,47.7329,-121.92,2530,221442
2573,2573,3904901670,20140620T000000,455000.0,3.0,2.25,1470,4653,2.0,0,0,4,7,1470,0,1985,0,98029,47.5667,-122.018,1560,4119
2574,2574,8927600070,20150113T000000,630000.0,3.0,1.75,1540,6930,1.0,0,0,3,7,1250,290,1944,0,98115,47.6782,-122.278,1760,6930
2575,2575,3629970240,20141103T000000,690000.0,3.0,2.5,2820,5001,2.0,0,0,3,9,2820,0,2004,0,98029,47.5533,-121.992,2660,5001
2576,2576,1099610260,20140826T000000,212000.0,4.0,1.75,1250,12705,1.0,0,0,4,7,1250,0,1971,0,98023,47.302,-122.382,1390,8550
2577,2577,5420300270,20140813T000000,231500.0,4.0,2.25,2080,7526,1.0,0,0,4,7,1280,800,1985,0,98030,47.3762,-122.183,1200,7500
2578,2578,2954400520,20150430T000000,1237500.0,4.0,3.25,5180,49936,2.0,0,0,4,10,5180,0,1991,0,98053,47.6676,-122.069,4240,35363
2579,2579,1121059105,20140708T000000,378500.0,3.0,2.5,2860,43821,2.0,0,0,4,9,2860,0,1990,0,98092,47.3163,-122.142,2370,65340
2580,2580,2591720070,20140502T000000,482000.0,4.0,2.5,2710,35868,2.0,0,0,3,9,2710,0,1989,0,98038,47.375,-122.022,2780,36224
2581,2581,9178600055,20150505T000000,695000.0,2.0,1.0,1140,3990,1.0,0,0,3,7,1140,0,1924,0,98103,47.6554,-122.333,1800,5700
2582,2582,9290850800,20141202T000000,965000.0,4.0,2.5,4070,57587,2.0,0,0,3,10,4070,0,1989,0,98052,47.6908,-122.052,3890,35960
2583,2583,5040800060,20150204T000000,675000.0,3.0,1.75,1710,5913,1.0,0,0,4,8,1120,590,1941,0,98199,47.6481,-122.406,2920,5922
2584,2584,1437900350,20141027T000000,387000.0,3.0,1.5,1340,6500,1.0,0,0,3,7,1340,0,1972,0,98034,47.7168,-122.192,1620,7107
2585,2585,1328300810,20150330T000000,347500.0,4.0,2.75,2290,7000,2.0,0,0,3,8,2290,0,1977,0,98058,47.4442,-122.129,2000,7200
2586,2586,3990200125,20140711T000000,385000.0,3.0,2.0,1860,7400,1.0,0,0,3,8,930,930,1922,2004,98166,47.4598,-122.352,1640,8461
2587,2587,7452500340,20141204T000000,265000.0,3.0,1.0,1080,4930,1.0,0,0,3,6,1080,0,1950,0,98126,47.5209,-122.374,1100,5950
2588,2588,9215400075,20150422T000000,406000.0,3.0,1.0,960,5264,1.0,0,0,3,7,960,0,1953,0,98115,47.6805,-122.301,1140,5150
2589,2589,5061300030,20140508T000000,134000.0,2.0,1.5,980,5000,2.0,0,0,3,7,980,0,1922,2003,98014,47.7076,-121.359,1040,5000
2590,2590,3362900696,20141020T000000,415000.0,3.0,1.0,1500,3399,2.0,0,0,5,7,1300,200,1926,0,98103,47.6838,-122.352,1360,3588
2591,2591,2558640340,20140527T000000,375000.0,3.0,1.75,1440,8775,1.0,0,0,3,7,1440,0,1973,0,98034,47.7231,-122.17,1790,7865
2592,2592,8078460810,20141210T000000,620000.0,4.0,2.5,2580,7465,2.0,0,0,3,8,2580,0,1993,0,98074,47.6319,-122.022,2350,7596
2593,2593,538000390,20141028T000000,337500.0,5.0,2.5,2070,4698,2.0,0,0,3,7,2070,0,1999,0,98038,47.3539,-122.024,2010,4698
2594,2594,3584900160,20140922T000000,565000.0,3.0,2.5,1880,12368,1.0,0,0,4,7,1260,620,1967,0,98005,47.5901,-122.167,1950,11551
2595,2595,8572900135,20140523T000000,399500.0,3.0,1.75,2420,12676,2.0,0,0,3,7,2420,0,1911,1986,98045,47.4943,-121.789,1210,6769
2596,2596,8056000075,20140521T000000,1065000.0,2.0,1.75,1890,9466,2.0,0,0,3,8,1890,0,1987,0,98004,47.6144,-122.211,2180,12825
2597,2597,2972300140,20140821T000000,352500.0,3.0,2.0,1920,33630,1.0,0,0,3,8,1920,0,1992,0,98056,47.4983,-122.167,2080,7505
2598,2598,7697870350,20140617T000000,259000.0,3.0,2.0,1870,5909,1.0,0,0,3,7,1270,600,1986,0,98030,47.3665,-122.183,1870,7887
2599,2599,7972601710,20150415T000000,320000.0,2.0,1.0,900,7620,1.0,0,0,3,7,900,0,1971,0,98106,47.5268,-122.343,1520,7620
2600,2600,6421100342,20140811T000000,733000.0,3.0,2.5,2160,9888,2.0,0,0,4,9,2160,0,1989,0,98052,47.6712,-122.142,3060,7829
2601,2601,2464400340,20140625T000000,381500.0,2.0,1.0,900,2910,1.0,0,0,5,7,900,0,1924,0,98115,47.6859,-122.322,1320,2910
2602,2602,8113101232,20141202T000000,343000.0,2.0,1.0,1180,9261,1.0,0,0,4,7,940,240,1957,0,98118,47.5492,-122.274,1700,6325
2603,2603,5706500140,20140818T000000,205500.0,2.0,1.0,900,6400,1.0,0,0,5,6,900,0,1938,0,98022,47.2113,-121.992,1320,6400
2604,2604,1024069037,20140915T000000,525000.0,3.0,2.0,1600,16530,1.0,0,0,5,7,1600,0,1967,0,98075,47.5821,-122.016,1850,41006
2605,2605,9476700135,20150319T000000,300000.0,3.0,1.75,1500,8352,1.0,0,2,5,6,750,750,1943,0,98056,47.4883,-122.191,1500,8447
2606,2606,1926069035,20140722T000000,299000.0,2.0,1.0,1070,189486,1.0,0,0,3,6,1070,0,1942,0,98077,47.7199,-122.085,1970,60548
2607,2607,3904990030,20140709T000000,561000.0,4.0,2.5,2570,5250,2.0,0,0,3,8,2570,0,1990,0,98029,47.5763,-122.0,2260,5392
2608,2608,7132300550,20150224T000000,450000.0,3.0,1.0,1210,4000,1.5,0,0,3,7,1090,120,1928,0,98144,47.5934,-122.308,1210,4000
2609,2609,2193340140,20140814T000000,540000.0,4.0,2.5,1850,7850,2.0,0,0,3,8,1850,0,1985,0,98052,47.6914,-122.103,1830,8140
2610,2610,1422300160,20140624T000000,379000.0,3.0,2.5,1740,30886,2.0,0,0,3,8,1740,0,1992,0,98045,47.46,-121.707,1740,39133
2611,2611,2946000751,20140724T000000,230000.0,3.0,1.0,1300,14000,1.0,0,0,4,7,1300,0,1958,0,98198,47.4213,-122.322,1390,8750
2612,2612,1796250140,20150310T000000,399950.0,3.0,2.5,2000,30605,2.0,0,0,4,8,2000,0,1989,0,98042,47.3442,-122.062,1930,35350
2613,2613,6699001200,20150507T000000,355000.0,5.0,2.5,3220,5806,2.0,0,0,3,8,3220,0,2002,0,98042,47.3714,-122.103,2760,5813
2614,2614,7525300310,20140619T000000,580000.0,4.0,2.25,2160,9593,1.0,0,0,3,8,2160,0,1969,0,98008,47.5883,-122.112,2820,9628
2615,2615,5700000340,20150427T000000,700000.0,3.0,2.0,2130,4299,1.5,0,0,4,7,1680,450,1922,0,98144,47.5779,-122.294,2040,4548
2616,2616,3210400340,20140506T000000,279900.0,3.0,1.75,1580,8151,1.0,0,1,4,7,1100,480,1962,0,98198,47.3672,-122.312,1650,8151
2617,2617,179003055,20141113T000000,210000.0,3.0,1.0,1200,7500,1.0,0,0,3,6,1200,0,1905,1989,98178,47.4921,-122.275,1010,7000
2618,2618,9829200566,20140630T000000,1165000.0,3.0,3.0,3790,5001,2.0,0,0,3,10,2810,980,1989,0,98122,47.6035,-122.285,2500,6286
2619,2619,1723059050,20140611T000000,290300.0,2.0,1.0,860,3874,1.0,0,0,4,6,860,0,1931,0,98055,47.4836,-122.204,1400,5106
2620,2620,2624059036,20141003T000000,1599950.0,5.0,4.5,5130,43123,2.0,0,0,3,11,5130,0,1996,0,98006,47.544,-122.126,4670,43560
2621,2621,5101406441,20150416T000000,490000.0,3.0,1.0,1600,6380,1.5,0,0,3,7,1400,200,1939,0,98125,47.7015,-122.317,1760,6380
2622,2622,8582010240,20140506T000000,606000.0,4.0,2.5,2110,13850,2.0,0,0,3,9,2110,0,1987,0,98027,47.5497,-122.077,2520,10194
2623,2623,6300500505,20140714T000000,359950.0,3.0,1.0,1400,4980,1.0,0,0,3,6,950,450,1943,0,98133,47.7041,-122.34,990,4980
2624,2624,3275890310,20150212T000000,677100.0,3.0,2.0,2110,9199,1.0,0,0,3,10,2110,0,1993,0,98074,47.6496,-122.083,3130,8841
2625,2625,7715801040,20150221T000000,465000.0,3.0,2.0,1430,7125,1.0,0,0,4,7,1430,0,1984,0,98074,47.6256,-122.059,1570,8075
2626,2626,7738500731,20140815T000000,4500000.0,5.0,5.5,6640,40014,2.0,1,4,3,12,6350,290,2004,0,98155,47.7493,-122.28,3030,23408
2627,2627,1822079046,20150504T000000,500000.0,3.0,2.0,3040,41072,1.0,0,0,4,8,1520,1520,1978,0,98038,47.3944,-121.972,2230,54014
2628,2628,1062100075,20150503T000000,455000.0,2.0,1.0,980,5000,1.0,0,0,4,7,980,0,1950,0,98155,47.7518,-122.279,1600,5965
2629,2629,8825900070,20140818T000000,705000.0,6.0,2.0,2570,4240,1.5,0,0,4,7,1970,600,1911,0,98115,47.6754,-122.307,2030,4240
2630,2630,1158700135,20140812T000000,420000.0,3.0,2.5,2060,7020,1.0,0,0,4,8,1460,600,1967,0,98177,47.7575,-122.364,2150,8400
2631,2631,7983000200,20141005T000000,169575.0,3.0,1.0,1300,8284,1.0,0,0,3,7,1300,0,1968,0,98003,47.3327,-122.306,1360,7848
2632,2632,7983000200,20150225T000000,250000.0,3.0,1.0,1300,8284,1.0,0,0,3,7,1300,0,1968,0,98003,47.3327,-122.306,1360,7848
2633,2633,1727510030,20150312T000000,530000.0,3.0,2.25,1680,7262,1.0,0,0,5,7,1180,500,1973,0,98034,47.713,-122.225,1910,7405
2634,2634,3286800370,20150206T000000,590000.0,5.0,3.25,4020,40341,1.0,0,0,5,8,2170,1850,1970,0,98027,47.4952,-122.068,2650,53437
2635,2635,6791400320,20140923T000000,257500.0,3.0,1.75,1530,14087,1.0,0,0,3,7,1070,460,1979,0,98042,47.3146,-122.043,1770,13660
2636,2636,3992700036,20140626T000000,415000.0,3.0,1.0,1170,6700,1.0,0,0,3,8,1170,0,1957,0,98125,47.7122,-122.29,2410,7620
2637,2637,1175000059,20141010T000000,536000.0,3.0,1.75,1580,3764,1.5,0,0,3,7,1280,300,1945,0,98107,47.672,-122.397,1560,3764
2638,2638,8732000390,20140529T000000,246500.0,3.0,1.5,1270,11600,1.0,0,0,4,7,1270,0,1964,0,98031,47.4075,-122.196,1380,9945
2639,2639,1441800030,20140706T000000,395000.0,3.0,1.75,1480,7700,1.0,0,0,3,8,1480,0,1975,0,98034,47.7225,-122.202,1930,8560
2640,2640,4045800030,20150511T000000,739000.0,3.0,2.25,2220,10530,1.0,0,0,4,8,1700,520,1974,0,98052,47.6383,-122.098,2500,10014
2641,2641,1727850340,20140929T000000,1272000.0,4.0,2.75,3200,13729,2.0,0,0,3,11,3200,0,1984,0,98005,47.6402,-122.171,4050,16921
2642,2642,2268000370,20140708T000000,190000.0,3.0,1.0,910,10575,1.0,0,0,4,7,910,0,1968,0,98003,47.2741,-122.301,1470,10425
2643,2643,2023049350,20150410T000000,305000.0,3.0,1.5,1480,9086,1.0,0,0,3,7,1480,0,1962,0,98168,47.4717,-122.323,1540,9750
2644,2644,7018000560,20150420T000000,925000.0,4.0,4.25,3770,13058,2.0,0,0,4,8,3770,0,1983,0,98028,47.7517,-122.225,2200,12255
2645,2645,4147200140,20140821T000000,895000.0,4.0,3.0,3500,13444,2.0,0,0,3,10,2360,1140,1977,0,98040,47.5468,-122.231,3140,12935
2646,2646,3176600055,20140717T000000,656000.0,3.0,1.75,1480,7475,1.5,0,0,3,8,1480,0,1943,0,98115,47.6732,-122.272,2120,7216
2647,2647,7518500885,20140519T000000,560000.0,4.0,1.0,1660,4690,1.5,0,0,3,7,1260,400,1945,0,98117,47.6829,-122.378,1400,3876
2648,2648,7504020810,20141020T000000,610000.0,5.0,2.25,2520,11700,2.0,0,0,3,9,2520,0,1977,0,98074,47.6322,-122.053,2530,12000
2649,2649,3276930370,20140708T000000,645000.0,4.0,2.5,2850,37522,2.0,0,0,3,9,2850,0,1987,0,98075,47.5852,-121.992,2980,35280
2650,2650,1687000200,20150410T000000,259000.0,3.0,2.5,2153,4400,2.0,0,0,3,8,2153,0,2007,0,98001,47.2872,-122.283,2434,4400
2651,2651,7501000340,20140818T000000,980000.0,4.0,2.5,3780,10962,2.0,0,0,3,10,3780,0,1990,0,98033,47.6533,-122.183,3310,11651
2652,2652,7611200136,20140723T000000,872000.0,4.0,4.0,3770,9750,1.0,0,0,4,9,1940,1830,1967,0,98177,47.7159,-122.367,2260,9878
2653,2653,5459500125,20140805T000000,1000000.0,6.0,2.75,3600,9675,1.0,0,2,4,9,1940,1660,1977,0,98040,47.5726,-122.213,2990,9675
2654,2654,825059271,20140910T000000,900000.0,3.0,2.75,2980,12600,1.5,0,0,3,8,1590,1390,1941,2012,98033,47.674,-122.196,1520,9660
2655,2655,9465200181,20150428T000000,475000.0,4.0,1.5,2320,5534,1.5,0,0,4,7,1540,780,1915,0,98103,47.6944,-122.355,1670,5913
2656,2656,5469502860,20150107T000000,350000.0,5.0,2.75,2980,13482,1.0,0,0,4,8,1730,1250,1975,0,98042,47.3774,-122.16,2900,14800
2657,2657,486000565,20140515T000000,840000.0,4.0,1.75,2930,11562,1.0,0,3,3,9,1670,1260,1947,0,98117,47.6765,-122.404,2530,6517
2658,2658,6071900070,20140622T000000,500000.0,4.0,2.5,2040,8400,1.0,0,0,3,8,1420,620,1963,0,98006,47.5512,-122.17,2540,8925
2659,2659,7957600075,20150406T000000,202500.0,3.0,1.5,1510,9898,1.0,0,0,3,7,1110,400,1954,0,98148,47.4303,-122.334,1420,9250
2660,2660,823069074,20141223T000000,523000.0,4.0,2.5,2660,65340,2.0,0,0,3,8,2660,0,1988,0,98027,47.4969,-122.06,2850,74052
2661,2661,2366800055,20141203T000000,225000.0,3.0,2.5,1740,10050,2.0,0,0,3,7,1740,0,1989,0,98001,47.2671,-122.236,1300,10125
2662,2662,7272001805,20150309T000000,418200.0,3.0,2.25,2240,9542,1.0,0,1,3,7,1190,1050,1980,0,98198,47.3995,-122.318,2080,9542
2663,2663,3582700070,20141205T000000,356500.0,4.0,1.75,1570,9670,1.0,0,0,3,7,1170,400,1959,0,98028,47.7432,-122.248,2080,9100
2664,2664,2402100055,20140716T000000,670000.0,4.0,3.0,2500,5000,1.5,0,0,4,7,1460,1040,1926,0,98103,47.6895,-122.331,1720,4500
2665,2665,5146000070,20141204T000000,456150.0,3.0,2.25,1750,12408,1.0,0,0,5,7,1150,600,1962,0,98155,47.7509,-122.3,1820,12977
2666,2666,2607760890,20140603T000000,471000.0,4.0,2.5,3030,9687,2.0,0,0,3,8,2020,1010,1998,0,98045,47.485,-121.799,2050,10193
2667,2667,9274200316,20150409T000000,558000.0,3.0,2.5,1680,934,3.0,0,0,3,8,1680,0,2008,0,98116,47.5891,-122.387,1740,1280
2668,2668,4139500200,20150305T000000,1380000.0,6.0,4.5,5740,10312,2.0,0,2,3,11,3610,2130,2000,0,98006,47.5533,-122.11,4350,11917
2669,2669,3021059155,20141212T000000,161500.0,3.0,1.0,1220,6000,1.0,0,0,5,7,1220,0,1961,0,98002,47.2811,-122.214,1420,13137
2670,2670,3580900160,20141010T000000,311000.0,3.0,1.0,1310,8370,1.5,0,0,3,7,1310,0,1962,0,98034,47.7284,-122.241,1310,8370
2671,2671,3876000350,20150224T000000,470000.0,6.0,1.75,2490,8732,1.5,0,0,4,8,2490,0,1966,0,98034,47.7252,-122.187,1840,8024
2672,2672,3959400400,20140709T000000,569000.0,3.0,3.25,2220,8227,1.5,0,0,5,8,1770,450,1929,0,98108,47.5665,-122.316,1750,4800
2673,2673,8079100700,20150318T000000,689000.0,4.0,2.5,2240,7350,2.0,0,0,3,9,2240,0,1989,0,98029,47.5652,-122.013,2200,8017
2674,2674,9407001610,20140715T000000,271900.0,3.0,1.75,1890,11875,1.0,0,0,3,7,1230,660,1979,0,98045,47.4472,-121.774,1580,10920
2675,2675,8700120270,20141210T000000,278000.0,4.0,2.5,1850,6037,2.0,0,0,3,7,1850,0,1991,0,98030,47.359,-122.191,1860,6037
2676,2676,3204300860,20140723T000000,820000.0,2.0,2.5,2210,4440,2.0,0,0,4,8,1440,770,1931,0,98112,47.6305,-122.3,1560,4920
2677,2677,3204800520,20150225T000000,399500.0,3.0,1.75,1410,7700,1.0,0,0,4,7,1410,0,1967,0,98056,47.5375,-122.176,1560,7700
2678,2678,8857320260,20141105T000000,462000.0,3.0,2.75,1890,2614,2.0,0,0,4,9,1890,0,1979,0,98008,47.6102,-122.114,1800,2769
2679,2679,6791400800,20150413T000000,347500.0,3.0,1.0,1830,12036,1.0,0,0,3,7,1550,280,1977,0,98042,47.3126,-122.043,1810,12036
2680,2680,2768000270,20140625T000000,562100.0,2.0,0.75,1440,3700,1.0,0,0,3,7,1200,240,1914,0,98107,47.6707,-122.364,1440,4300
2681,2681,1432400060,20140529T000000,230000.0,2.0,1.0,950,7560,1.0,0,0,3,6,950,0,1958,0,98058,47.4499,-122.176,1160,7560
2682,2682,2547200240,20140622T000000,687000.0,4.0,2.5,2370,10083,2.0,0,0,5,8,2370,0,1966,0,98033,47.6715,-122.166,2370,10133
2683,2683,6441800060,20141209T000000,725786.0,4.0,2.5,3070,5762,2.0,0,0,3,10,3070,0,2000,0,98075,47.5847,-122.08,3630,6500
2684,2684,1775800710,20150126T000000,315500.0,3.0,1.0,1300,12600,1.0,0,0,4,7,1300,0,1969,0,98072,47.7422,-122.1,1480,13530
2685,2685,7694600253,20140506T000000,312000.0,4.0,2.0,1300,7054,1.0,0,0,3,7,1300,0,1950,2013,98146,47.5071,-122.369,1560,7100
2686,2686,8910500238,20141106T000000,343000.0,3.0,3.25,1210,1173,2.0,0,0,3,8,1000,210,2002,0,98133,47.7114,-122.356,1650,1493
2687,2687,3076500830,20141029T000000,385195.0,1.0,1.0,710,6000,1.5,0,0,3,6,710,0,2015,0,98144,47.5756,-122.316,1440,4800
2688,2688,1072030510,20140829T000000,415000.0,4.0,2.25,2240,12650,1.0,0,0,4,8,1730,510,1981,0,98059,47.4777,-122.142,2150,12650
2689,2689,3888100226,20140630T000000,461000.0,3.0,1.75,3600,8666,2.0,0,0,4,6,2400,1200,1948,0,98033,47.6893,-122.167,2290,8200
2690,2690,7227501369,20140610T000000,369990.0,4.0,2.5,1960,7133,2.0,0,0,3,7,1960,0,2002,0,98056,47.4941,-122.19,1960,6705
2691,2691,3820350070,20140929T000000,349950.0,4.0,2.5,1820,3134,2.0,0,0,3,7,1820,0,1999,0,98019,47.7351,-121.985,1820,3751
2692,2692,7616800350,20150412T000000,285750.0,3.0,2.25,1960,17126,1.0,0,0,3,8,1400,560,1966,0,98055,47.4436,-122.21,2060,11466
2693,2693,7811210200,20150420T000000,542500.0,4.0,2.25,1750,10160,1.0,0,0,3,8,1320,430,1972,0,98005,47.5909,-122.158,2170,11165
2694,2694,6891100260,20141111T000000,830000.0,5.0,3.5,3700,5400,2.0,0,0,3,9,2890,810,2011,0,98053,47.7085,-122.117,3620,5460
2695,2695,6076500160,20141223T000000,705000.0,4.0,2.5,2910,20946,2.0,0,0,4,8,2350,560,1976,0,98034,47.7085,-122.24,2020,11342
2696,2696,2872100445,20140624T000000,615000.0,2.0,1.0,1270,5000,1.0,0,0,3,8,1090,180,1949,0,98117,47.6828,-122.393,1640,5000
2697,2697,3352400004,20150129T000000,184500.0,2.0,1.0,720,5880,1.0,0,0,3,6,720,0,1940,0,98178,47.5056,-122.27,1440,7200
2698,2698,7942601200,20141001T000000,412000.0,2.0,1.0,1040,5120,1.0,0,0,3,7,1040,0,1901,0,98122,47.6048,-122.312,1250,4000
2699,2699,985001266,20141215T000000,250000.0,3.0,1.5,2210,11111,1.5,0,0,3,7,2210,0,1934,0,98168,47.492,-122.309,1250,8422
2700,2700,2218000390,20140612T000000,580000.0,5.0,2.0,2060,6000,2.0,0,0,3,7,2060,0,1903,0,98105,47.6685,-122.305,1770,5000
2701,2701,7231502505,20150312T000000,220000.0,2.0,1.0,780,6000,1.0,0,0,5,6,780,0,1923,0,98055,47.4759,-122.208,1080,6000
2702,2702,7555220140,20140916T000000,675000.0,4.0,2.75,2240,8937,1.0,0,0,4,8,1460,780,1976,0,98033,47.6495,-122.194,2360,9038
2703,2703,7445000105,20140522T000000,373500.0,2.0,1.0,800,3330,1.0,0,0,3,7,800,0,1918,0,98107,47.6566,-122.358,1300,4320
2704,2704,5583200810,20150402T000000,662700.0,2.0,1.5,2440,6900,2.0,0,0,3,7,1590,850,1910,0,98118,47.5568,-122.271,1770,6900
2705,2705,7340600827,20140516T000000,239950.0,5.0,1.0,1460,6032,2.0,0,0,4,6,1460,0,1941,0,98168,47.487,-122.282,1060,10300
2706,2706,7436900045,20140925T000000,383000.0,3.0,1.0,1150,10196,1.0,0,0,4,7,1150,0,1957,0,98052,47.6788,-122.162,1410,8925
2707,2707,4027701294,20150129T000000,485000.0,3.0,2.75,2650,12350,1.0,0,0,4,7,1470,1180,1975,0,98028,47.7669,-122.268,1950,14075
2708,2708,3570000160,20140710T000000,610000.0,4.0,2.75,2600,36583,1.0,0,0,5,8,1580,1020,1976,0,98075,47.593,-122.054,2300,27820
2709,2709,9276202190,20140808T000000,545000.0,6.0,1.75,1820,6250,1.0,0,0,3,7,1130,690,1954,0,98116,47.57899999999999,-122.39,1820,5750
2710,2710,5016002180,20140708T000000,780000.0,2.0,2.5,2560,2500,2.0,0,0,5,8,1690,870,1901,0,98112,47.6233,-122.3,1890,5000
2711,2711,7300000550,20150424T000000,305000.0,3.0,2.5,1714,3240,2.0,0,0,3,8,1714,0,2005,0,98055,47.4288,-122.19,1714,3240
2712,2712,6817810310,20140612T000000,405000.0,3.0,1.0,1330,15678,1.0,0,0,3,7,900,430,1984,0,98074,47.6355,-122.037,1330,12696
2713,2713,7851980260,20140730T000000,1110000.0,5.0,3.5,7350,12231,2.0,0,4,3,11,4750,2600,2001,0,98065,47.5373,-121.865,5380,12587
2714,2714,1423400260,20150402T000000,273000.0,3.0,1.75,2050,9045,2.0,0,0,4,6,2050,0,1959,0,98058,47.4572,-122.18,1200,9045
2715,2715,3876810140,20140527T000000,326500.0,3.0,1.0,1810,12375,2.0,0,0,3,7,1810,0,1970,0,98072,47.7427,-122.172,1420,9357
2716,2716,3276180140,20150424T000000,365000.0,3.0,1.75,1380,9134,1.0,0,0,5,7,880,500,1981,0,98056,47.5087,-122.193,1400,8190
2717,2717,9808590310,20150408T000000,1000750.0,3.0,2.75,3070,10739,2.0,0,0,3,10,2440,630,1987,0,98004,47.6444,-122.191,3490,11913
2718,2718,546000045,20150325T000000,422500.0,2.0,1.0,800,4046,1.0,0,0,3,7,800,0,1940,0,98117,47.6895,-122.382,1400,4046
2719,2719,2595650060,20150324T000000,354450.0,4.0,2.75,2140,9920,2.0,0,0,3,8,2140,0,1993,0,98001,47.3529,-122.274,2130,9920
2720,2720,1771110550,20141204T000000,320000.0,3.0,1.0,1330,9540,1.0,0,0,4,7,1330,0,1971,0,98077,47.758,-122.075,1250,10350
2721,2721,5335700030,20140603T000000,223000.0,3.0,1.0,1030,9120,1.0,0,0,3,7,1030,0,1961,0,98032,47.3607,-122.291,1470,10220
2722,2722,7203101580,20140724T000000,410000.0,3.0,2.5,1740,4948,2.0,0,0,3,7,1740,0,2008,0,98053,47.6966,-122.025,1290,3383
2723,2723,272000125,20140829T000000,438000.0,3.0,1.0,1200,4000,1.5,0,0,4,6,1200,0,1923,0,98144,47.5881,-122.299,1390,4000
2724,2724,2770601741,20141106T000000,390000.0,3.0,3.0,1490,2944,2.0,0,0,3,7,960,530,1993,0,98199,47.6506,-122.384,1590,1600
2725,2725,4250200140,20150219T000000,298500.0,4.0,2.5,1890,5954,2.0,0,0,3,7,1890,0,2004,0,98092,47.3293,-122.194,2030,5880
2726,2726,8965400390,20140905T000000,749999.0,5.0,2.25,3060,13630,2.0,0,0,3,10,3060,0,1989,0,98006,47.5585,-122.117,3430,10700
2727,2727,5071401000,20140829T000000,779000.0,6.0,2.5,3250,12000,1.0,0,1,3,8,1800,1450,1966,0,98115,47.6935,-122.28,3490,10320
2728,2728,3760500435,20150114T000000,570000.0,3.0,2.75,2730,11936,2.0,0,2,3,8,1530,1200,1978,0,98034,47.6987,-122.231,2810,12333
2729,2729,5680000260,20150512T000000,385000.0,3.0,1.0,810,4600,1.0,0,0,3,6,810,0,1918,0,98144,47.5712,-122.316,1520,4800
2730,2730,9170500060,20140818T000000,649000.0,4.0,2.0,2240,11040,1.0,0,0,5,8,1120,1120,1961,0,98033,47.693000000000005,-122.168,1790,11040
2731,2731,795000885,20141001T000000,283000.0,3.0,1.0,1740,5247,1.0,0,0,3,7,1270,470,1947,0,98168,47.5049,-122.329,1070,5636
2732,2732,4038600260,20140922T000000,699900.0,4.0,2.25,2380,16236,1.0,0,0,3,7,1540,840,1961,0,98008,47.6126,-122.12,2230,8925
2733,2733,4406000560,20150220T000000,278500.0,4.0,1.0,1540,8400,1.0,0,0,3,7,770,770,1971,0,98058,47.4278,-122.152,1520,9891
2734,2734,2260000340,20141115T000000,700000.0,4.0,1.75,2340,9100,1.0,0,0,3,8,1610,730,1975,0,98052,47.6401,-122.108,2470,11000
2735,2735,9510310030,20140728T000000,535000.0,4.0,2.75,2710,45963,2.0,0,0,3,9,2710,0,1995,0,98045,47.4745,-121.724,2710,33955
2736,2736,4245400045,20140923T000000,234500.0,3.0,1.75,1310,18400,1.0,0,0,3,7,870,440,1954,0,98168,47.5035,-122.302,1840,10790
2737,2737,9371700132,20140806T000000,374150.0,3.0,1.75,1390,9585,1.0,0,0,4,7,1390,0,1973,0,98133,47.752,-122.35,1240,8188
2738,2738,7272001610,20150317T000000,397000.0,4.0,2.5,2201,9542,2.0,0,0,3,8,2201,0,2006,0,98198,47.4002,-122.317,1990,9542
2739,2739,1324059139,20140918T000000,613000.0,3.0,2.25,1960,10385,1.0,0,0,3,8,1960,0,1988,0,98008,47.5736,-122.109,2800,12632
2740,2740,1552100135,20140609T000000,1150000.0,3.0,2.5,2850,10474,1.0,0,0,4,8,1730,1120,1954,0,98004,47.6218,-122.209,2820,10474
2741,2741,1257200060,20150327T000000,595000.0,4.0,1.75,1880,4080,1.0,0,0,3,7,940,940,1924,0,98115,47.6754,-122.327,1410,4080
2742,2742,2822059350,20140910T000000,340000.0,5.0,2.75,2440,6858,2.0,0,0,3,8,2440,0,2003,0,98030,47.3655,-122.174,2300,6858
2743,2743,2781260070,20150108T000000,388000.0,4.0,2.5,2560,5800,2.0,0,0,3,9,2560,0,2005,0,98038,47.3474,-122.025,3040,5800
2744,2744,619000045,20140922T000000,404000.0,3.0,1.75,1410,15210,1.0,0,0,3,7,1410,0,1950,2014,98166,47.4181,-122.339,1970,16290
2745,2745,8934100125,20140829T000000,810000.0,3.0,2.0,2870,6360,1.5,0,1,4,8,1790,1080,1946,0,98115,47.6813,-122.275,2310,6466
2746,2746,2472920140,20150403T000000,405000.0,4.0,2.5,2620,9359,2.0,0,0,3,9,2620,0,1987,0,98058,47.438,-122.152,2580,7433
2747,2747,7215730310,20140714T000000,726000.0,5.0,3.0,2970,10335,2.0,0,0,3,9,2970,0,2000,0,98075,47.598,-122.019,2970,10335
2748,2748,7697870310,20140514T000000,266000.0,3.0,2.5,1780,7214,1.0,0,0,4,7,1400,380,1986,0,98030,47.3667,-122.182,1520,7228
2749,2749,2795000060,20141222T000000,722500.0,5.0,2.25,3700,7207,1.0,0,1,5,8,1850,1850,1970,0,98177,47.7736,-122.371,2340,7900
2750,2750,2408600160,20150228T000000,352000.0,4.0,2.5,1252,25002,1.0,0,0,3,8,992,260,1996,0,98001,47.3216,-122.291,1860,25002
2751,2751,7888200240,20150319T000000,265000.0,4.0,1.5,1240,8158,1.0,0,0,4,7,1110,130,1961,0,98198,47.3716,-122.31,1520,8147
2752,2752,151000075,20150206T000000,856000.0,3.0,2.5,2160,3920,2.0,0,0,3,9,2160,0,2014,0,98116,47.5762,-122.415,1500,4920
2753,2753,5104530240,20140724T000000,346950.0,3.0,2.5,2040,4348,2.0,0,0,4,8,2040,0,2006,0,98038,47.3517,-121.999,2380,4348
2754,2754,4139680070,20140617T000000,866059.0,5.0,3.5,3130,4797,2.0,0,0,3,9,2570,560,2014,0,98006,47.5664,-122.129,3440,5439
2755,2755,7852180260,20150129T000000,410000.0,3.0,2.5,2350,4456,2.0,0,0,3,7,2350,0,2004,0,98065,47.5314,-121.854,2350,4456
2756,2756,1471610060,20140708T000000,370000.0,3.0,1.75,1570,16817,2.0,0,0,3,7,1570,0,1982,0,98045,47.4716,-121.756,1600,16817
2757,2757,3520069033,20140623T000000,230000.0,3.0,1.0,1530,389126,1.5,0,0,4,7,1530,0,1919,0,98022,47.1776,-122.011,1768,42148
2758,2758,9268200550,20141010T000000,400000.0,2.0,2.0,1520,5010,1.0,0,0,3,7,1520,0,1999,0,98117,47.6948,-122.364,1110,5040
2759,2759,1788700295,20150311T000000,172000.0,3.0,1.0,1350,9680,1.0,0,0,4,7,820,530,1959,0,98023,47.3274,-122.346,1320,9225
2760,2760,7379600240,20140714T000000,615000.0,3.0,1.75,1950,8480,1.0,0,0,4,8,1250,700,1962,0,98007,47.5893,-122.15,1740,8480
2761,2761,8691330060,20150407T000000,860000.0,4.0,3.5,3950,9600,2.0,0,0,3,10,3950,0,1998,0,98075,47.5945,-121.981,3110,10213
2762,2762,6384500581,20140618T000000,555000.0,3.0,1.75,2040,6000,1.0,0,0,5,7,1120,920,1958,0,98116,47.5688,-122.397,1530,6250
2763,2763,6690500070,20140721T000000,579000.0,3.0,2.5,1990,4040,1.5,0,0,5,8,1390,600,1926,0,98103,47.6867,-122.354,1180,3030
2764,2764,3205400140,20140630T000000,385000.0,3.0,1.75,1300,7030,1.0,0,0,3,7,1300,0,1968,0,98034,47.721,-122.179,1450,7650
2765,2765,6662410070,20150414T000000,420000.0,4.0,2.25,2030,12000,2.0,0,0,3,7,2030,0,1977,0,98011,47.7699,-122.168,2190,9900
2766,2766,1919800260,20140716T000000,645000.0,3.0,1.75,2340,6750,1.5,0,0,5,7,1620,720,1914,0,98103,47.6956,-122.335,1410,3388
2767,2767,7283900045,20150428T000000,549950.0,3.0,2.5,2160,6288,2.0,0,0,3,8,2160,0,1996,0,98133,47.7655,-122.35,1830,7600
2768,2768,3756100160,20140923T000000,678000.0,3.0,2.75,2770,10000,1.0,0,1,5,8,1640,1130,1962,0,98033,47.7011,-122.206,2450,10000
2769,2769,3352401981,20140521T000000,199000.0,4.0,2.0,2030,8120,2.0,0,0,3,7,2030,0,1950,0,98178,47.4994,-122.261,1520,9440
2770,2770,5315100394,20150218T000000,604000.0,3.0,1.0,1440,13824,1.0,0,0,4,7,1440,0,1957,0,98040,47.5872,-122.241,2540,12092
2771,2771,3450300270,20150403T000000,268000.0,5.0,1.75,1730,10368,1.0,0,0,5,7,1010,720,1963,0,98059,47.5008,-122.162,1730,7728
2772,2772,2325069117,20140805T000000,960000.0,5.0,3.5,4510,16305,2.0,0,0,3,10,2820,1690,2003,0,98074,47.6346,-122.011,4330,18741
2773,2773,7199340310,20150218T000000,509250.0,3.0,2.5,2100,7600,1.0,0,0,4,7,1450,650,1980,0,98052,47.6968,-122.127,2010,7600
2774,2774,8663260030,20141118T000000,416000.0,3.0,2.5,1800,5372,2.0,0,0,3,8,1800,0,1987,0,98034,47.7188,-122.177,1650,6014
2775,2775,9315100030,20140515T000000,190000.0,3.0,1.0,1090,8520,1.0,0,0,3,7,1090,0,1967,0,98003,47.3364,-122.307,1190,8520
2776,2776,2190601049,20150429T000000,212000.0,3.0,1.5,1010,10000,1.0,0,0,4,7,1010,0,1973,0,98003,47.2881,-122.294,2420,34637
2777,2777,9264930400,20141029T000000,325900.0,3.0,2.5,2040,9765,2.0,0,0,3,8,2040,0,1985,0,98023,47.309,-122.349,2350,10150
2778,2778,2490200055,20140801T000000,560000.0,3.0,3.5,2270,4088,2.0,0,0,3,8,1880,390,1996,0,98136,47.5356,-122.384,1760,5425
2779,2779,3830630140,20140924T000000,275000.0,3.0,2.5,1730,5799,2.0,0,0,4,7,1730,0,1987,0,98030,47.3499,-122.177,1710,6490
2780,2780,6385260160,20150309T000000,665000.0,4.0,2.5,2480,15411,2.0,0,2,3,8,2480,0,1994,0,98059,47.5379,-122.16,2940,14679
2781,2781,5701500030,20140601T000000,1505000.0,4.0,3.5,3480,7232,2.0,0,0,3,9,2580,900,1926,2010,98144,47.5859,-122.291,2380,5642
2782,2782,859000160,20141203T000000,375000.0,4.0,2.0,1720,2410,1.0,0,0,3,7,970,750,1930,2006,98106,47.5252,-122.361,1160,1404
2783,2783,123039633,20140909T000000,359950.0,3.0,1.75,1570,6975,1.0,0,0,3,7,1040,530,1979,0,98126,47.5137,-122.37,1280,7813
2784,2784,3601200465,20150123T000000,340000.0,4.0,2.75,3527,7200,2.0,0,0,3,7,3527,0,2005,0,98198,47.3823,-122.3,2490,7200
2785,2785,106000320,20141031T000000,401000.0,2.0,1.0,840,8100,1.0,0,0,4,7,840,0,1948,0,98177,47.7019,-122.366,1100,8220
2786,2786,7631200292,20140626T000000,669000.0,2.0,1.75,1950,10766,1.0,0,3,4,6,1160,790,1952,0,98166,47.4504,-122.377,1780,11721
2787,2787,2526059046,20150429T000000,638500.0,4.0,2.5,1980,6568,2.0,0,0,3,8,1980,0,2004,0,98052,47.70399999999999,-122.101,2310,6496
2788,2788,3416600111,20150323T000000,545000.0,2.0,1.5,1620,3760,2.0,0,0,5,7,1170,450,1924,0,98144,47.6012,-122.291,2130,4000
2789,2789,3205500160,20141226T000000,524000.0,4.0,1.0,1980,7015,1.0,0,0,3,7,1260,720,1973,0,98034,47.7204,-122.18,1570,7626
2790,2790,824059331,20141108T000000,1610000.0,5.0,3.75,3530,13260,2.0,0,0,3,10,3530,0,2013,0,98040,47.5761,-122.205,3340,13260
2791,2791,5347200060,20140909T000000,280000.0,2.0,1.0,1260,4800,1.0,0,0,3,6,1100,160,1947,0,98126,47.5196,-122.376,1260,2435
2792,2792,9323610260,20140825T000000,828000.0,4.0,2.5,2120,10841,1.0,0,0,4,8,1500,620,1979,0,98006,47.556,-122.156,3130,10950
2793,2793,8732160240,20141017T000000,223000.0,3.0,1.75,1360,10573,1.0,0,0,4,7,1360,0,1984,0,98023,47.2983,-122.374,1580,8280
2794,2794,9808640320,20150102T000000,1289000.0,4.0,3.5,3100,2261,2.0,0,2,3,9,2250,850,1981,0,98033,47.6512,-122.202,2660,2000
2795,2795,1326069050,20150504T000000,750000.0,2.0,2.0,2370,155130,1.0,0,0,3,7,2370,0,1970,0,98019,47.7388,-121.972,1860,14475
2796,2796,1454100267,20150417T000000,430000.0,2.0,1.0,1460,9207,1.0,0,0,3,7,1210,250,1947,0,98125,47.7195,-122.287,1500,6898
2797,2797,5021900160,20140618T000000,711000.0,4.0,1.75,1980,10800,1.0,0,0,5,6,990,990,1948,0,98040,47.5768,-122.222,2180,10800
2798,2798,818100030,20141204T000000,310000.0,4.0,2.5,1930,7014,2.0,0,0,3,8,1930,0,1994,0,98042,47.3921,-122.163,1990,7920
2799,2799,393000045,20141226T000000,415000.0,5.0,1.75,3700,9140,1.0,0,0,3,8,1850,1850,1957,0,98178,47.5086,-122.258,2190,6720
2800,2800,8091411040,20140701T000000,274900.0,4.0,2.5,1970,6600,2.0,0,0,3,7,1970,0,1987,0,98030,47.3491,-122.168,1970,7682
2801,2801,5561200310,20140609T000000,525000.0,3.0,3.0,2470,36445,2.0,0,0,4,8,2470,0,1980,0,98027,47.4661,-121.997,2310,35350
2802,2802,3204500340,20141219T000000,179500.0,3.0,1.0,1180,32214,1.0,0,0,3,7,1180,0,1952,0,98092,47.3313,-122.198,2300,13714
2803,2803,9222400935,20140523T000000,478000.0,3.0,1.0,1280,2580,1.5,0,0,3,8,1280,0,1910,2014,98115,47.6727,-122.32,1410,3150
2804,2804,1796350570,20140521T000000,195000.0,3.0,1.75,1380,7350,1.0,0,0,3,7,990,390,1981,0,98042,47.369,-122.093,1660,8400
2805,2805,2473450200,20150305T000000,385000.0,4.0,3.0,2740,10925,1.0,0,0,3,8,1670,1070,1980,0,98058,47.4538,-122.125,2330,9940
2806,2806,1387300570,20141201T000000,401000.0,3.0,2.75,2020,9505,1.0,0,0,3,7,1260,760,1969,0,98011,47.7399,-122.197,2080,11901
2807,2807,8857640860,20140926T000000,522000.0,4.0,2.5,2835,6598,2.0,0,0,3,8,2835,0,2002,0,98038,47.3878,-122.034,2770,6969
2808,2808,5415000240,20150224T000000,330000.0,4.0,1.75,1520,14417,1.0,0,0,4,7,1520,0,1968,0,98065,47.526,-121.809,1600,10716
2809,2809,2591760070,20140603T000000,503000.0,3.0,2.5,2190,4882,2.0,0,0,3,9,2190,0,1999,0,98155,47.7641,-122.306,2190,7055
2810,2810,4131500140,20150212T000000,175000.0,5.0,1.75,1680,8400,1.0,0,0,4,7,1680,0,1979,0,98003,47.3035,-122.307,1800,8550
2811,2811,7203220370,20150320T000000,963990.0,4.0,3.5,3915,6364,2.0,0,0,3,9,3915,0,2014,0,98053,47.6844,-122.016,3830,6507
2812,2812,1651500060,20140929T000000,845000.0,5.0,2.0,1720,9972,1.0,0,0,4,8,1720,0,1951,0,98004,47.6368,-122.218,2700,9023
2813,2813,7883600700,20150122T000000,157500.0,2.0,1.0,670,4500,1.0,0,0,3,5,670,0,1905,0,98108,47.5271,-122.326,1210,4500
2814,2814,567000755,20141205T000000,450000.0,2.0,3.0,1790,1709,2.0,0,0,3,7,1400,390,2001,0,98144,47.5926,-122.296,1460,1462
2815,2815,9294300615,20140918T000000,925000.0,4.0,1.75,2440,11793,1.0,0,4,3,8,1420,1020,1950,0,98115,47.6807,-122.267,2500,8028
2816,2816,3213200215,20150105T000000,600000.0,2.0,1.0,920,5029,1.0,0,0,4,7,920,0,1938,0,98115,47.6726,-122.265,1230,5029
2817,2817,9136101776,20140918T000000,709000.0,4.0,1.0,1680,4087,1.5,0,0,3,7,1680,0,1911,0,98103,47.6667,-122.337,1740,3745
2818,2818,5035300850,20141110T000000,1385000.0,5.0,3.75,3290,6480,2.0,0,0,5,10,2190,1100,1938,0,98199,47.653,-122.415,2010,7639
2819,2819,3668001080,20140911T000000,248000.0,3.0,2.5,2120,6840,1.0,0,0,3,7,1220,900,1984,0,98092,47.278,-122.145,1820,8200
2820,2820,5540800100,20150511T000000,245000.0,3.0,1.0,910,6630,1.0,0,0,4,6,910,0,1912,0,98103,47.6947,-122.346,950,5100
2821,2821,3679401110,20140530T000000,332000.0,2.0,1.0,1000,4776,1.0,0,0,4,6,1000,0,1942,0,98108,47.5619,-122.315,1500,4800
2822,2822,7852130100,20150313T000000,459950.0,3.0,2.5,2340,4273,2.0,0,0,3,7,2340,0,2002,0,98065,47.5362,-121.878,2400,4624
2823,2823,9828200147,20150410T000000,425000.0,3.0,2.0,1180,1800,2.0,0,2,3,8,1180,0,1994,0,98122,47.6168,-122.301,1500,1948
2824,2824,826069085,20140903T000000,460000.0,3.0,2.25,2080,50965,1.0,0,0,3,8,1590,490,1979,0,98077,47.7506,-122.063,2270,51836
2825,2825,6383900090,20140904T000000,838300.0,6.0,2.5,3760,12978,1.0,0,0,3,9,2360,1400,1967,0,98117,47.6976,-122.381,2300,7362
2826,2826,8100000090,20141111T000000,256000.0,3.0,2.5,1480,7200,2.0,0,0,5,7,1480,0,1995,0,98010,47.3126,-122.023,1350,7200
2827,2827,7805450750,20150120T000000,864000.0,3.0,2.75,3060,13554,2.0,0,0,3,10,3060,0,1984,0,98006,47.5609,-122.106,3060,11455
2828,2828,148000705,20150305T000000,900000.0,4.0,3.5,3070,4440,2.0,0,0,3,9,2030,1040,1922,2007,98116,47.5732,-122.411,1780,4800
2829,2829,1432400490,20150401T000000,145600.0,3.0,1.0,1170,7560,1.0,0,0,3,6,1170,0,1958,0,98058,47.4514,-122.178,1170,7560
2830,2830,7974200820,20140821T000000,865000.0,5.0,3.0,2900,6730,1.0,0,0,5,8,1830,1070,1977,0,98115,47.6784,-122.285,2370,6283
2831,2831,8731951130,20140609T000000,250250.0,3.0,2.25,2210,8000,2.0,0,0,4,8,2210,0,1969,0,98023,47.3085,-122.381,1990,8000
2832,2832,7227801955,20140919T000000,162000.0,4.0,2.0,1440,7641,1.0,0,0,4,5,1440,0,1943,0,98056,47.508,-122.183,1440,7750
2833,2833,3558910490,20140731T000000,450000.0,4.0,1.75,1980,7350,1.0,0,0,3,7,1430,550,1973,0,98034,47.7088,-122.202,1870,7920
2834,2834,324059112,20150325T000000,675500.0,4.0,2.75,2060,21344,1.0,0,0,2,8,1460,600,1978,0,98005,47.5934,-122.154,2060,16088
2835,2835,2710600025,20141103T000000,697000.0,3.0,2.25,2420,5304,1.5,0,0,5,7,1640,780,1947,0,98115,47.6765,-122.285,1560,5304
2836,2836,7582700100,20141111T000000,1324050.0,3.0,3.25,3440,4080,2.0,0,0,3,9,2560,880,2005,0,98105,47.6644,-122.28,3110,4080
2837,2837,3882300100,20141201T000000,490000.0,3.0,1.75,1600,16510,1.0,0,0,3,8,1600,0,1984,0,98052,47.6601,-122.135,1510,10407
2838,2838,3735900590,20141021T000000,590000.0,3.0,2.25,2210,5742,1.0,0,0,3,8,1460,750,1951,0,98115,47.6891,-122.318,1900,4590
2839,2839,5153200356,20150512T000000,280000.0,4.0,1.75,2250,16000,1.0,0,0,3,8,1450,800,1957,0,98023,47.3303,-122.351,1930,16000
2840,2840,7625702350,20140523T000000,515000.0,2.0,1.0,1680,6500,1.0,0,0,4,7,1140,540,1941,0,98136,47.55,-122.388,1610,6500
2841,2841,2755200090,20140714T000000,576000.0,3.0,1.0,1140,5395,1.0,0,0,4,7,1010,130,1909,0,98115,47.6782,-122.306,1700,5376
2842,2842,626059317,20141120T000000,375000.0,3.0,1.75,1430,10574,2.0,0,0,3,7,1430,0,1981,0,98011,47.7668,-122.218,1900,10450
2843,2843,7199360090,20150320T000000,478000.0,3.0,1.0,1440,7107,1.0,0,0,4,7,1000,440,1980,0,98052,47.6968,-122.124,1540,7140
2844,2844,8651443480,20150128T000000,282000.0,3.0,1.0,1670,5200,1.0,0,0,5,7,1030,640,1977,0,98042,47.3659,-122.092,1620,6696
2845,2845,9359100750,20141031T000000,1400000.0,4.0,4.5,3080,10550,2.0,0,3,3,8,1940,1140,1976,2007,98040,47.5806,-122.244,2780,10550
2846,2846,5561400740,20150210T000000,593500.0,5.0,3.25,4300,50405,2.0,0,0,3,8,3220,1080,1972,0,98027,47.4615,-122.0,2680,41684
2847,2847,1723099031,20141020T000000,724950.0,4.0,3.5,3010,174240,2.0,0,0,3,9,3010,0,2004,0,98045,47.4775,-121.691,2720,247856
2848,2848,7236500025,20140829T000000,306000.0,3.0,1.75,1560,7500,1.0,0,0,4,8,1560,0,1966,0,98056,47.489,-122.18,1600,7904
2849,2849,2473411080,20140609T000000,341000.0,4.0,1.75,1920,7665,1.0,0,0,4,8,1500,420,1975,0,98058,47.4476,-122.128,2100,7344
2850,2850,1773101335,20141103T000000,399950.0,3.0,2.5,1400,4400,1.0,0,0,3,7,1400,0,1930,2014,98106,47.553,-122.365,1060,4400
2851,2851,9126100850,20141120T000000,534000.0,5.0,2.0,2280,3600,2.0,0,0,3,7,2280,0,1992,0,98122,47.6056,-122.305,1740,1800
2852,2852,7202331220,20140721T000000,635000.0,6.0,2.5,3880,5700,2.0,0,0,3,7,3880,0,2003,0,98053,47.6816,-122.038,2620,5070
2853,2853,5511600245,20150324T000000,350000.0,2.0,1.0,1350,3880,1.0,0,0,3,6,950,400,1927,0,98103,47.6842,-122.344,1670,3920
2854,2854,1344300090,20150217T000000,856000.0,3.0,1.5,1480,2700,1.5,0,0,3,7,1480,0,1928,0,98112,47.623000000000005,-122.304,1970,4200
2855,2855,9828702812,20140923T000000,582000.0,4.0,3.0,1670,1189,3.0,0,0,3,8,1427,243,2000,0,98122,47.6182,-122.302,1700,1401
2856,2856,3825310820,20140729T000000,799000.0,4.0,2.5,3400,6742,2.0,0,0,3,9,3400,0,2004,0,98052,47.7067,-122.129,2970,6909
2857,2857,7852040110,20140908T000000,423700.0,3.0,2.5,2070,3986,2.0,0,0,3,8,2070,0,1999,0,98065,47.5348,-121.877,2090,3986
2858,2858,6752500090,20150127T000000,1835000.0,4.0,3.5,4870,39190,2.0,0,0,3,12,4870,0,1995,0,98006,47.5447,-122.124,5000,33880
2859,2859,3222079162,20140813T000000,322000.0,3.0,2.0,1760,43575,1.0,0,0,3,7,1160,600,1988,0,98010,47.3565,-121.94,1760,46038
2860,2860,1025069192,20141105T000000,929000.0,4.0,3.25,4030,57499,2.0,0,0,3,9,4030,0,2002,0,98053,47.6617,-122.026,3470,57499
2861,2861,5101404608,20141201T000000,443000.0,2.0,1.0,1130,5413,1.0,0,0,3,7,880,250,1939,0,98115,47.6971,-122.315,1250,5413
2862,2862,9477100490,20150424T000000,441500.0,3.0,1.75,1510,7700,1.0,0,0,3,7,1510,0,1968,0,98034,47.7283,-122.194,1440,7416
2863,2863,324069015,20140708T000000,875000.0,4.0,3.5,3110,108464,2.0,0,2,4,8,3110,0,1979,0,98075,47.592,-122.018,2340,4938
2864,2864,4114601570,20141118T000000,3600000.0,3.0,3.25,5020,12431,2.0,1,4,3,10,3420,1600,1941,2002,98144,47.5925,-122.287,3680,12620
2865,2865,7920100025,20150427T000000,450000.0,2.0,1.0,740,5100,1.0,0,0,4,7,740,0,1947,0,98115,47.6787,-122.301,920,5100
2866,2866,3275730110,20140908T000000,425000.0,3.0,2.25,1630,10500,1.0,0,0,3,7,1100,530,1974,0,98034,47.7176,-122.236,1640,9794
2867,2867,7504030090,20140601T000000,660000.0,4.0,1.75,2780,9900,2.0,0,0,4,10,2780,0,1978,0,98074,47.6348,-122.06,2600,12000
2868,2868,8813400405,20140616T000000,763101.0,3.0,1.75,1990,5560,1.0,0,0,4,7,1100,890,1939,0,98105,47.664,-122.287,1460,3706
2869,2869,1313300300,20150407T000000,499000.0,4.0,2.75,2250,14149,2.0,0,0,3,9,2250,0,1992,0,98019,47.7353,-121.962,2450,14027
2870,2870,8121610110,20150303T000000,521000.0,3.0,1.75,1720,37363,1.0,0,0,4,8,1350,370,1974,0,98053,47.6608,-122.035,2740,40635
2871,2871,1820069019,20140529T000000,302000.0,2.0,1.0,900,423838,1.0,0,2,5,6,900,0,1925,0,98022,47.228,-122.088,1810,94960
2872,2872,9406450090,20150408T000000,293000.0,4.0,2.25,2360,6260,2.0,0,0,3,7,2360,0,1998,0,98038,47.3882,-122.053,2144,6773
2873,2873,2619950490,20140712T000000,335000.0,3.0,2.25,1530,4580,2.0,0,0,3,7,1530,0,2011,0,98019,47.7342,-121.968,2110,4094
2874,2874,1646500785,20141215T000000,499000.0,2.0,1.0,1450,3090,2.0,0,0,3,7,1450,0,1919,1987,98103,47.6853,-122.356,1450,4635
2875,2875,1868901690,20150505T000000,600000.0,3.0,1.75,2040,5000,1.5,0,0,3,7,1780,260,1924,0,98115,47.6756,-122.299,1690,5000
2876,2876,9542400025,20140916T000000,720000.0,4.0,1.75,2620,11041,1.5,0,0,4,9,2620,0,1962,0,98005,47.5975,-122.174,2230,11041
2877,2877,2781270090,20150225T000000,195000.0,2.0,2.0,1180,2553,2.0,0,0,3,6,1180,0,2005,0,98038,47.3501,-122.02,1310,2687
2878,2878,1665400165,20140507T000000,249000.0,3.0,1.0,1110,8423,1.0,0,0,3,7,1110,0,1952,0,98166,47.4718,-122.342,1140,9083
2879,2879,1326069191,20150202T000000,334000.0,3.0,2.25,1840,9781,2.0,0,0,3,7,1840,0,1989,0,98019,47.7347,-121.976,1490,10101
2880,2880,381000110,20141107T000000,599950.0,4.0,1.75,2720,7810,1.0,0,0,3,8,1510,1210,1952,0,98115,47.6788,-122.283,2120,7315
2881,2881,3530530110,20150217T000000,149900.0,2.0,1.75,1090,1950,1.0,0,0,4,8,1090,0,1982,0,98198,47.3782,-122.319,1360,3426
2882,2882,5210200107,20141125T000000,700000.0,4.0,1.75,1730,6500,1.0,0,0,3,7,1250,480,1945,0,98115,47.6982,-122.282,1910,8100
2883,2883,1574100025,20140807T000000,525000.0,4.0,1.5,1170,6240,1.0,0,0,4,6,1170,0,1960,0,98040,47.5495,-122.232,2380,8846
2884,2884,2523069192,20140708T000000,1049000.0,4.0,3.75,4740,126759,2.0,0,0,4,10,4740,0,1991,0,98027,47.4449,-121.979,3060,118047
2885,2885,6706600090,20140508T000000,402000.0,3.0,2.5,1960,8000,1.0,0,0,4,7,1290,670,1977,0,98034,47.7249,-122.178,1960,8000
2886,2886,1994200031,20140620T000000,450000.0,3.0,2.0,1430,3480,1.0,0,0,3,7,980,450,1947,0,98103,47.6874,-122.336,1450,4650
2887,2887,2523069156,20141203T000000,520000.0,3.0,2.25,2510,43995,2.0,0,0,3,8,2510,0,1981,0,98027,47.4545,-121.988,2470,48351
2888,2888,5029450850,20141204T000000,205000.0,3.0,1.75,1420,6980,1.0,0,0,5,7,820,600,1980,0,98023,47.2873,-122.367,1470,7319
2889,2889,2723069147,20140902T000000,635000.0,3.0,2.25,2680,175982,1.0,0,0,3,9,2680,0,2004,0,98038,47.4487,-122.033,3170,215186
2890,2890,3750605349,20150304T000000,210500.0,3.0,1.0,1220,9600,1.0,0,0,5,7,1220,0,1958,0,98001,47.2622,-122.282,1310,9600
2891,2891,9285800735,20140812T000000,406650.0,2.0,1.0,1070,6100,1.0,0,0,3,6,1070,0,1940,0,98126,47.5698,-122.377,1770,5695
2892,2892,7574000100,20150408T000000,350000.0,3.0,1.75,1580,19998,1.0,0,0,4,7,1580,0,1968,0,98010,47.3299,-122.046,1860,19998
2893,2893,9212900100,20150423T000000,425000.0,4.0,1.75,1820,6000,1.0,0,0,3,7,930,890,1942,0,98115,47.6872,-122.296,1590,6000
2894,2894,8651611130,20140605T000000,798000.0,3.0,3.5,3590,6402,2.0,0,0,3,10,3590,0,1999,0,98074,47.6336,-122.063,3230,7305
2895,2895,423059184,20141201T000000,180000.0,3.0,1.0,1960,9583,2.0,0,0,2,5,1960,0,1908,0,98056,47.505,-122.171,1850,8324
2896,2896,5451200600,20140602T000000,1250000.0,5.0,3.25,3160,13238,2.0,0,0,5,8,3160,0,1972,0,98040,47.5373,-122.224,2360,12042
2897,2897,6300000378,20150303T000000,435000.0,4.0,2.0,2030,4033,2.0,0,0,4,7,1630,400,1925,0,98133,47.7056,-122.342,1350,1340
2898,2898,2570300090,20141126T000000,355000.0,3.0,1.5,1240,15867,1.0,0,0,3,7,1240,0,1962,0,98034,47.7167,-122.202,1570,9600
2899,2899,9808100100,20150202T000000,3000000.0,5.0,3.25,5370,14091,2.0,0,0,3,10,3850,1520,1918,2008,98004,47.6499,-122.216,2410,12047
2900,2900,4019300906,20140724T000000,685000.0,5.0,2.5,2670,14455,2.0,0,0,5,9,2670,0,1958,0,98155,47.7565,-122.284,1810,14455
2901,2901,1023059223,20140725T000000,311000.0,3.0,1.0,1640,12060,1.0,0,0,4,7,1640,0,1960,0,98059,47.4941,-122.151,1680,9147
2902,2902,9320700090,20140911T000000,305000.0,4.0,2.25,2130,9600,1.0,0,0,4,7,2130,0,1966,0,98031,47.4119,-122.211,1710,9600
2903,2903,5700002460,20140725T000000,675000.0,3.0,2.5,2550,4954,1.5,0,0,4,7,1850,700,1924,0,98144,47.5758,-122.287,1700,4954
2904,2904,7598100735,20140829T000000,769000.0,4.0,2.75,3630,15405,1.0,0,2,4,8,1850,1780,1968,0,98040,47.566,-122.225,3380,11184
2905,2905,2202500110,20140805T000000,430000.0,3.0,1.5,1690,9708,1.5,0,0,5,7,1690,0,1954,0,98006,47.5732,-122.136,1570,9858
2906,2906,726059395,20140923T000000,516250.0,6.0,2.0,2390,8660,1.5,0,0,4,7,2390,0,1925,0,98011,47.7589,-122.216,2250,12942
2907,2907,1455600015,20141212T000000,760000.0,3.0,3.5,2350,10739,1.0,0,2,5,7,1340,1010,1940,0,98125,47.7288,-122.284,2580,11026
2908,2908,9528101224,20141007T000000,579950.0,3.0,3.5,1420,1217,2.0,0,0,3,8,1180,240,2003,0,98115,47.6827,-122.324,1494,1264
2909,2909,6713100031,20150211T000000,476000.0,3.0,2.25,1570,7187,1.0,0,0,4,8,1170,400,1980,0,98133,47.7604,-122.356,1660,8775
2910,2910,8677900123,20140612T000000,510000.0,3.0,1.75,1600,19200,1.0,0,0,4,7,1600,0,1967,0,98034,47.7202,-122.249,2010,14850
2911,2911,4302201130,20140508T000000,205000.0,2.0,1.0,720,5040,1.0,0,0,3,6,720,0,1955,0,98106,47.5267,-122.36,1357,5120
2912,2912,1310800090,20141007T000000,240000.0,3.0,1.0,1470,7350,1.0,0,0,3,7,1470,0,1969,0,98032,47.3616,-122.286,1720,8050
2913,2913,6117502727,20140902T000000,738000.0,5.0,3.5,2790,16952,2.0,0,2,3,10,1970,820,1991,0,98166,47.4384,-122.347,2980,17281
2914,2914,9324800110,20140728T000000,420000.0,3.0,1.75,1720,8102,1.0,0,0,5,6,860,860,1940,0,98125,47.7336,-122.29,1440,8106
2915,2915,8965000110,20141114T000000,455000.0,3.0,1.75,1300,9600,1.0,0,0,4,7,1300,0,1969,0,98052,47.6388,-122.103,2070,9775
2916,2916,5700001055,20140915T000000,765000.0,4.0,1.0,2520,5500,1.5,0,0,5,8,1820,700,1912,0,98144,47.5785,-122.292,2350,5000
2917,2917,49500090,20141205T000000,372000.0,4.0,1.5,1780,7914,1.5,0,0,4,7,1780,0,1962,0,98059,47.5142,-122.163,1350,8069
2918,2918,3812400657,20141204T000000,160000.0,3.0,1.0,1200,8360,1.0,0,0,2,6,1200,0,1948,0,98118,47.5414,-122.281,1570,6823
2919,2919,2725069162,20140815T000000,772000.0,4.0,2.5,2990,9643,2.0,0,0,3,9,2990,0,2003,0,98074,47.6292,-122.024,2990,8666
2920,2920,4232400110,20141111T000000,1125000.0,5.0,1.75,1910,5640,2.0,0,0,4,9,1910,0,1906,0,98112,47.6249,-122.311,2050,5400
2921,2921,9521100586,20140524T000000,479000.0,3.0,1.0,1370,3000,1.5,0,0,3,7,1370,0,1924,0,98103,47.6619,-122.351,1510,2151
2922,2922,7215721570,20150505T000000,570000.0,3.0,2.5,1910,4941,2.0,0,0,3,8,1910,0,1999,0,98075,47.5989,-122.016,1910,4941
2923,2923,3834000805,20140710T000000,350000.0,4.0,1.0,1170,8147,1.5,0,0,3,6,1170,0,1959,0,98125,47.7281,-122.289,1260,8147
2924,2924,2274000026,20141101T000000,353000.0,3.0,2.5,1250,864,3.0,0,0,3,8,1250,0,2004,0,98115,47.6978,-122.318,1330,2298
2925,2925,5103300090,20140801T000000,699000.0,5.0,2.5,3340,24755,2.0,0,0,3,10,3340,0,2002,0,98038,47.4565,-122.066,3420,23274
2926,2926,9558200025,20140730T000000,265000.0,3.0,2.0,1380,8536,2.0,0,0,4,7,1380,0,1955,0,98148,47.4374,-122.335,1260,8750
2927,2927,8649401270,20150430T000000,167000.0,1.0,1.0,780,10235,1.5,0,0,3,6,780,0,1989,0,98014,47.713,-121.315,930,10165
2928,2928,686200740,20141020T000000,500000.0,4.0,2.25,2080,8000,1.0,0,0,3,8,1390,690,1964,0,98008,47.6264,-122.113,1800,7700
2929,2929,7658600025,20140709T000000,700000.0,3.0,1.0,1410,7200,2.0,0,0,4,6,1410,0,1901,0,98144,47.5924,-122.302,1640,7200
2930,2930,3702900165,20141104T000000,295000.0,1.0,1.0,520,5600,1.0,0,0,3,6,520,0,1918,0,98116,47.5579,-122.395,1030,5265
2931,2931,7977201240,20150311T000000,1010000.0,4.0,3.5,3500,4080,2.0,0,2,3,9,2590,910,2004,0,98115,47.6834,-122.292,2430,5100
2932,2932,8651410090,20150508T000000,209000.0,2.0,1.0,840,5265,1.0,0,0,5,6,840,0,1969,0,98042,47.3644,-122.082,920,5100
2933,2933,3750603732,20150128T000000,276000.0,3.0,1.75,2240,9200,1.0,0,0,4,7,1440,800,1968,0,98001,47.2635,-122.284,1740,9600
2934,2934,1023059429,20150122T000000,380000.0,4.0,2.5,2100,5857,2.0,0,0,3,8,2100,0,2002,0,98059,47.4956,-122.163,2090,7779
2935,2935,2412100025,20140606T000000,315000.0,3.0,1.5,1750,12500,1.0,0,0,3,7,1150,600,1954,0,98024,47.5666,-121.902,1680,13000
2936,2936,203600600,20150310T000000,685530.0,4.0,2.5,3130,60467,2.0,0,0,3,9,3130,0,1996,0,98014,47.6618,-121.962,2780,44224
2937,2937,2021069059,20140626T000000,254600.0,3.0,2.0,1470,20000,1.0,0,0,4,7,1470,0,1968,0,98002,47.2973,-122.08,1390,30056
2938,2938,7227501645,20140603T000000,230000.0,3.0,2.0,1440,5600,1.0,0,0,4,6,720,720,1942,2007,98056,47.4947,-122.185,1120,5700
2939,2939,4310702787,20140717T000000,335000.0,3.0,3.0,1430,1249,3.0,0,0,3,8,1430,0,2003,0,98103,47.6971,-122.34,1020,1112
2940,2940,1494300110,20140603T000000,550000.0,4.0,2.5,2170,9600,1.0,0,0,3,7,1460,710,1980,0,98052,47.6789,-122.116,1940,8400
2941,2941,1950900245,20141226T000000,123300.0,3.0,1.0,1150,8050,1.5,0,0,4,7,1150,0,1956,0,98032,47.374,-122.296,1360,8050
2942,2942,3512100110,20140902T000000,275436.0,4.0,2.75,2170,9658,1.5,0,0,3,7,2170,0,1966,0,98030,47.3741,-122.189,1490,9731
2943,2943,8732750100,20140525T000000,325000.0,4.0,3.5,2630,3435,1.5,0,3,3,7,1640,990,1984,0,98188,47.4355,-122.272,1920,2435
2944,2944,1332000110,20140725T000000,635000.0,4.0,2.5,2490,40608,2.0,0,0,3,9,2490,0,1997,0,98053,47.6507,-122.004,3170,45441
2945,2945,2768100690,20150423T000000,513000.0,3.0,1.75,1710,5000,1.0,0,0,4,7,1110,600,1944,0,98107,47.6689,-122.37,920,5000
2946,2946,7525410090,20140708T000000,580000.0,4.0,2.5,2130,35752,1.0,0,0,3,8,1490,640,1980,0,98075,47.5748,-122.031,3030,34000
2947,2947,9558800025,20150429T000000,225000.0,3.0,1.0,940,9272,1.0,0,0,3,7,940,0,1954,0,98148,47.4353,-122.335,1270,9375
2948,2948,2788400315,20140922T000000,265000.0,3.0,1.0,1400,9460,1.0,0,0,3,7,1060,340,1961,0,98168,47.5119,-122.321,1570,7700
2949,2949,7128300855,20141014T000000,313000.0,4.0,1.75,1630,3000,1.0,0,0,3,7,930,700,1978,0,98144,47.5961,-122.305,1630,3000
2950,2950,7655900038,20150414T000000,296000.0,2.0,1.0,1370,8400,1.0,0,0,3,7,1370,0,1948,0,98133,47.7344,-122.336,1330,8396
2951,2951,7923500090,20141020T000000,655500.0,4.0,2.75,2380,15800,1.0,0,0,3,8,1680,700,1957,2001,98007,47.5929,-122.133,1950,11751
2952,2952,3339900096,20141210T000000,250750.0,5.0,1.75,2140,12058,1.0,0,0,4,8,2140,0,1951,0,98002,47.3167,-122.214,1640,10125
2953,2953,5214500690,20140904T000000,438000.0,4.0,2.5,1970,8545,2.0,0,0,3,8,1970,0,2004,0,98059,47.4893,-122.138,2590,7200
2954,2954,4045900147,20140801T000000,590000.0,3.0,2.75,2550,54014,2.0,0,0,4,8,1980,570,1967,0,98072,47.7596,-122.117,2180,21600
2955,2955,6450302900,20141006T000000,329500.0,3.0,1.0,1080,5250,1.0,0,0,4,7,1080,0,1947,0,98133,47.7309,-122.336,1100,5250
2956,2956,2597460090,20150316T000000,1195000.0,3.0,2.25,3070,9645,2.0,0,0,3,10,2110,960,1987,0,98006,47.5522,-122.144,3130,9450
2957,2957,2770601595,20150320T000000,415000.0,2.0,1.0,1470,6000,1.0,0,0,3,6,900,570,1944,0,98199,47.6527,-122.386,1670,6000
2958,2958,4188000490,20140922T000000,900000.0,4.0,2.5,3620,42580,2.0,0,0,3,10,3620,0,1984,0,98052,47.7204,-122.115,2950,33167
2959,2959,1324079085,20150504T000000,378000.0,3.0,1.5,1050,57499,1.0,0,0,3,7,1050,0,1975,0,98024,47.5602,-121.86,1460,42688
2960,2960,1720069006,20140812T000000,474000.0,2.0,1.0,1050,403365,1.0,0,3,5,6,1050,0,1905,0,98022,47.2221,-122.059,1760,108900
2961,2961,1947300115,20140619T000000,464000.0,3.0,1.0,1320,3625,2.0,0,0,3,7,1320,0,1900,0,98122,47.6049,-122.288,1660,5438
2962,2962,5490700100,20141208T000000,310000.0,3.0,1.0,1210,7649,1.0,0,0,4,7,1210,0,1956,0,98155,47.7693,-122.32,1210,6760
2963,2963,7278100690,20140918T000000,580000.0,3.0,1.5,1860,7190,2.0,0,1,5,7,1860,0,1952,0,98177,47.7716,-122.392,1670,5525
2964,2964,2322029048,20141119T000000,999000.0,3.0,2.75,2830,505166,1.0,1,3,4,8,1830,1000,1962,0,98070,47.3782,-122.514,2120,21988
2965,2965,6821102100,20150317T000000,510000.0,2.0,1.0,810,6480,1.0,0,0,5,6,810,0,1942,0,98199,47.6493,-122.398,1920,6000
2966,2966,3176100110,20140506T000000,650000.0,3.0,1.5,1630,7475,1.0,0,1,3,7,1160,470,1940,0,98115,47.6725,-122.272,2320,7475
2967,2967,2188200785,20140912T000000,196000.0,3.0,1.0,880,19600,1.0,0,0,4,7,880,0,1978,0,98023,47.2707,-122.34,880,10500
2968,2968,1446801030,20140822T000000,220000.0,4.0,1.75,1660,11664,1.0,0,0,3,6,1010,650,1952,0,98168,47.4943,-122.331,1670,9975
2969,2969,8965520100,20141008T000000,855000.0,3.0,2.25,3440,10628,2.0,0,2,3,10,3440,0,1985,0,98006,47.5647,-122.108,3170,11434
2970,2970,3649100586,20140829T000000,483000.0,3.0,1.75,2110,10454,1.0,0,0,4,8,1440,670,1978,0,98028,47.7344,-122.246,1990,10890
2971,2971,7283900153,20150407T000000,400000.0,3.0,1.0,1060,12000,1.0,0,0,3,7,1060,0,1952,0,98133,47.7703,-122.35,1550,10500
2972,2972,1036100100,20140702T000000,435000.0,3.0,2.5,1900,7984,2.0,0,0,3,8,1900,0,1993,0,98011,47.7433,-122.194,2650,9352
2973,2973,3278602670,20140930T000000,219500.0,1.0,1.0,820,1060,1.0,0,0,3,8,760,60,2007,0,98126,47.5473,-122.371,1770,1924
2974,2974,3625049014,20140829T000000,2950000.0,4.0,3.5,4860,23885,2.0,0,0,3,12,4860,0,1996,0,98039,47.6172,-122.23,3580,16054
2975,2975,7276100165,20140916T000000,427000.0,3.0,2.5,2050,3218,3.0,0,0,3,7,2050,0,2008,0,98133,47.7612,-122.344,2050,7200
2976,2976,9136103130,20141201T000000,430000.0,2.0,1.5,1090,4013,1.5,0,0,3,7,1090,0,1900,0,98103,47.6652,-122.338,1390,4013
2977,2977,9136103130,20150512T000000,685000.0,2.0,1.5,1090,4013,1.5,0,0,3,7,1090,0,1900,0,98103,47.6652,-122.338,1390,4013
2978,2978,1193000025,20140903T000000,495000.0,2.0,1.5,1920,6250,1.0,0,0,3,7,1060,860,1937,0,98199,47.6497,-122.393,2070,6250
2979,2979,2744000100,20140625T000000,299950.0,3.0,2.5,1870,7942,2.0,0,0,3,7,1870,0,1990,0,98001,47.342,-122.279,1870,7392
2980,2980,3744600028,20141121T000000,390000.0,4.0,1.75,2690,46609,1.5,0,0,3,7,2690,0,1940,0,98146,47.4951,-122.352,1920,7302
2981,2981,3679400025,20140812T000000,385000.0,3.0,1.75,2160,5863,1.5,0,0,4,7,1260,900,1928,0,98144,47.5729,-122.315,1590,3000
2982,2982,9545260100,20140625T000000,740000.0,4.0,2.5,3000,10392,2.0,0,0,3,9,3000,0,1995,0,98027,47.535,-122.049,3140,9213
2983,2983,375000165,20140723T000000,991700.0,4.0,3.0,2290,2350,2.0,0,1,3,9,1610,680,1924,2011,98116,47.574,-122.415,1610,3820
2984,2984,4003000053,20140813T000000,765000.0,3.0,2.75,2250,9600,2.5,0,0,4,9,1830,420,1909,1991,98122,47.6033,-122.287,2060,4980
2985,2985,7855600820,20140904T000000,802000.0,4.0,2.25,2130,8734,2.0,0,2,4,8,2130,0,1961,0,98006,47.5672,-122.161,2550,8800
2986,2986,3860400100,20141121T000000,950000.0,4.0,2.75,2500,20000,1.0,0,0,4,8,1700,800,1969,0,98004,47.5901,-122.198,2650,20000
2987,2987,121059147,20141104T000000,392000.0,4.0,2.5,2300,41167,2.0,0,0,3,7,2300,0,1988,0,98042,47.3412,-122.108,2300,21765
2988,2988,825079019,20141203T000000,590000.0,3.0,2.5,3360,218235,1.0,0,0,3,8,3360,0,1989,0,98014,47.6601,-121.946,2650,220849
2989,2989,123039313,20150410T000000,425000.0,4.0,2.5,1920,9000,2.0,0,0,2,7,1920,0,1989,0,98126,47.5153,-122.37,1530,10474
2990,2990,7784000110,20140722T000000,765000.0,5.0,1.75,2440,15143,1.5,0,4,4,8,1740,700,1944,0,98146,47.4948,-122.37,2390,10907
2991,2991,8835220090,20140807T000000,313500.0,3.0,2.25,1440,3488,2.0,0,0,4,7,1440,0,1983,0,98034,47.7257,-122.162,1390,3488
2992,2992,6381501636,20140820T000000,320000.0,3.0,1.0,1780,6840,2.0,0,0,4,6,1780,0,1947,0,98125,47.727,-122.3,1410,7200
2993,2993,1370804446,20150210T000000,604000.0,4.0,1.75,1490,4485,1.0,0,0,3,8,1350,140,1960,0,98199,47.6388,-122.399,1380,4846
2994,2994,9828701871,20150212T000000,570000.0,3.0,2.0,1400,1657,2.0,0,0,3,8,1060,340,2004,0,98112,47.6196,-122.298,1540,2275
2995,2995,3396200090,20140520T000000,639000.0,4.0,2.5,2150,12028,2.0,0,0,4,8,2150,0,1982,0,98052,47.7224,-122.101,1800,11777
2996,2996,1463400047,20140822T000000,335000.0,4.0,2.0,1910,10200,1.0,0,0,4,7,1910,0,1963,0,98059,47.4804,-122.133,1820,15600
2997,2997,8825900855,20141014T000000,896000.0,4.0,1.75,2660,3520,2.0,0,0,4,8,2080,580,1917,0,98115,47.6743,-122.308,2100,4080
2998,2998,7147600245,20140627T000000,259500.0,3.0,1.75,1650,12349,1.0,0,0,3,7,1650,0,1957,0,98188,47.442,-122.282,1470,10763
2999,2999,5071400485,20140807T000000,637000.0,3.0,2.0,1980,6000,1.0,0,0,4,7,1380,600,1958,0,98115,47.6921,-122.283,1260,6000
3000,3000,8732040090,20150506T000000,307450.0,4.0,2.75,2690,8874,1.0,0,0,3,8,1370,1320,1980,0,98023,47.3078,-122.383,1990,7875
3001,3001,8082400100,20140825T000000,535000.0,3.0,1.75,1380,3561,1.0,0,0,4,7,860,520,1925,0,98117,47.6822,-122.399,1820,4593
3002,3002,546000930,20140630T000000,669500.0,4.0,2.25,2500,4046,1.5,0,0,4,7,1520,980,1940,0,98117,47.6882,-122.382,1410,4046
3003,3003,1665400025,20141028T000000,259000.0,3.0,1.75,1590,7148,1.0,0,0,3,7,1590,0,1952,0,98166,47.4713,-122.344,1150,7280
3004,3004,9187200245,20141231T000000,441000.0,4.0,1.5,1100,3300,1.0,0,0,1,7,1100,0,1919,0,98122,47.6033,-122.295,2020,4000
3005,3005,2123700015,20150512T000000,228800.0,4.0,2.5,1470,1612,2.0,0,0,3,7,980,490,2003,0,98118,47.5275,-122.271,1460,5027
3006,3006,8682291730,20140513T000000,530000.0,2.0,2.0,1680,4950,1.0,0,0,3,8,1680,0,2006,0,98053,47.7194,-122.022,1570,4800
3007,3007,5318100504,20140728T000000,524000.0,2.0,2.0,1450,2272,1.0,0,0,4,6,750,700,1924,0,98112,47.633,-122.282,2170,4370
3008,3008,9297800165,20141211T000000,430000.0,4.0,2.25,2020,4840,1.5,0,0,5,8,1200,820,1925,0,98126,47.5576,-122.376,1410,4840
3009,3009,1342300265,20141001T000000,1325000.0,4.0,3.25,2470,4760,1.5,0,0,5,9,1890,580,1906,0,98112,47.6331,-122.31,2470,4760
3010,3010,2212901130,20141103T000000,210000.0,3.0,1.0,1230,12201,1.0,0,0,3,7,1230,0,1969,0,98042,47.3285,-122.134,1230,10780
3011,3011,8122100690,20140623T000000,449000.0,4.0,2.5,1850,5040,1.0,0,0,3,7,1230,620,1930,2013,98126,47.5386,-122.373,1010,5040
3012,3012,148000375,20140619T000000,945000.0,2.0,2.5,2540,7089,2.0,0,0,3,9,2540,0,2004,0,98116,47.5747,-122.414,1330,7089
3013,3013,3423049209,20150318T000000,200450.0,3.0,1.0,970,9130,1.0,0,0,3,6,970,0,1957,0,98188,47.4369,-122.272,1000,8886
3014,3014,16000015,20150417T000000,219950.0,3.0,1.5,1070,6601,1.0,0,0,3,6,1070,0,1985,0,98002,47.3115,-122.209,1030,6614
3015,3015,4035900015,20140619T000000,659500.0,4.0,3.0,2620,18362,1.0,0,0,4,8,1870,750,1956,0,98006,47.5646,-122.184,2630,16792
3016,3016,8563010300,20141126T000000,746000.0,4.0,2.75,2110,8190,1.5,0,0,5,8,2110,0,1966,0,98008,47.6269,-122.1,2420,8400
3017,3017,3396200300,20150331T000000,540000.0,3.0,1.75,2110,7129,1.0,0,0,3,8,1280,830,1982,0,98052,47.7219,-122.102,1810,8674
3018,3018,2291401425,20140910T000000,485000.0,5.0,2.0,1910,5508,1.0,0,0,3,7,1020,890,1968,0,98133,47.7074,-122.349,1030,7440
3019,3019,7454000110,20150127T000000,202000.0,2.0,1.0,670,7844,1.0,0,0,3,6,670,0,1942,0,98126,47.5165,-122.372,740,7218
3020,3020,3377900195,20140929T000000,2525000.0,4.0,5.5,6930,45100,1.0,0,0,4,11,4310,2620,1950,1991,98006,47.5547,-122.144,2560,37766
3021,3021,3824100082,20150401T000000,502000.0,3.0,2.75,2010,11200,1.0,0,0,3,8,1360,650,1979,0,98028,47.7728,-122.253,2200,10640
3022,3022,3751604169,20150224T000000,279000.0,2.0,2.75,1770,10534,1.0,0,0,3,8,1210,560,2003,0,98001,47.2773,-122.276,1600,17400
3023,3023,6431500283,20141117T000000,409500.0,3.0,1.0,1340,4120,1.0,0,0,4,7,1040,300,1921,0,98103,47.6916,-122.352,1270,4635
3024,3024,6647400090,20140702T000000,453000.0,3.0,2.0,1660,15050,1.0,0,0,3,7,1260,400,1983,0,98034,47.7203,-122.194,1660,7320
3025,3025,7387500195,20150227T000000,367000.0,4.0,1.0,1820,5500,1.5,0,0,3,6,1820,0,1947,0,98106,47.5185,-122.363,1140,5500
3026,3026,3342101785,20140523T000000,550000.0,3.0,2.5,2510,5400,2.0,0,0,3,9,2510,0,1992,0,98056,47.5204,-122.206,1840,5400
3027,3027,9320600090,20150127T000000,273500.0,3.0,1.5,1560,8314,1.0,0,0,3,7,1560,0,1962,0,98031,47.4117,-122.209,1820,8925
3028,3028,8901001185,20141007T000000,505000.0,4.0,3.0,2280,7400,1.0,0,0,3,7,1340,940,1978,0,98125,47.711000000000006,-122.306,1540,7500
3029,3029,825069097,20140619T000000,770000.0,3.0,2.5,2650,40705,2.0,0,0,3,9,2650,0,1994,0,98053,47.668,-122.063,2550,42625
3030,3030,7745000090,20140509T000000,565000.0,4.0,2.25,2470,7447,2.0,0,0,3,8,2470,0,1984,0,98155,47.7514,-122.286,2270,7400
3031,3031,1771110090,20140820T000000,316000.0,3.0,0.75,1270,10092,1.0,0,0,5,7,1270,0,1971,0,98077,47.7567,-122.073,1300,10375
3032,3032,7888100090,20140925T000000,160000.0,4.0,1.0,1520,7298,1.5,0,0,3,7,1520,0,1960,0,98198,47.3706,-122.31,1520,7298
3033,3033,5083000375,20141027T000000,170000.0,3.0,1.0,1310,9529,1.0,0,0,3,7,1310,0,1956,0,98198,47.4105,-122.295,1330,9529
3034,3034,5083000375,20150319T000000,235000.0,3.0,1.0,1310,9529,1.0,0,0,3,7,1310,0,1956,0,98198,47.4105,-122.295,1330,9529
3035,3035,1329000090,20141219T000000,1799000.0,4.0,3.5,3930,39098,2.0,0,0,3,12,3930,0,1999,0,98005,47.6399,-122.158,4250,38682
3036,3036,8143000600,20140918T000000,310000.0,3.0,1.0,990,7050,1.0,0,0,3,7,990,0,1967,0,98034,47.7274,-122.202,1200,8125
3037,3037,2144800215,20140519T000000,285000.0,4.0,1.75,2080,13629,1.0,0,0,4,7,1040,1040,1955,0,98178,47.4866,-122.232,1780,14659
3038,3038,9268200658,20140604T000000,280000.0,2.0,1.0,960,4920,1.0,0,0,3,6,960,0,1942,0,98117,47.6946,-122.362,1010,5040
3039,3039,5452301785,20150218T000000,2298000.0,4.0,4.25,4070,13860,2.0,0,3,3,10,4070,0,2004,0,98040,47.59,-122.229,3430,9240
3040,3040,1137500090,20140814T000000,763776.0,4.0,2.5,2750,16139,2.0,0,0,3,9,2750,0,1989,0,98075,47.5843,-122.06,2810,13093
3041,3041,6117500025,20150217T000000,530000.0,5.0,2.75,3230,13572,1.0,0,2,3,8,1880,1350,1965,0,98166,47.4393,-122.347,2910,15292
3042,3042,2326079039,20150211T000000,362000.0,1.0,1.0,890,211576,1.5,0,0,3,7,890,0,1996,0,98019,47.7216,-121.883,1670,217364
3043,3043,7595700025,20140725T000000,430000.0,2.0,1.0,990,4920,1.0,0,0,3,6,990,0,1931,0,98117,47.6939,-122.368,990,4960
3044,3044,4443800110,20140725T000000,456500.0,3.0,1.0,1290,3880,1.5,0,0,4,7,1290,0,1919,0,98117,47.6879,-122.392,1290,4850
3045,3045,5101405265,20140911T000000,445000.0,4.0,2.5,2170,5257,2.0,0,0,3,7,2170,0,1989,0,98115,47.6999,-122.305,1430,7528
3046,3046,9206200110,20150310T000000,386900.0,3.0,1.0,1330,10500,1.0,0,0,3,7,960,370,1963,0,98034,47.7204,-122.196,1460,11550
3047,3047,2205700405,20140708T000000,479000.0,3.0,1.0,1340,13750,1.0,0,0,4,7,1340,0,1955,0,98006,47.5771,-122.151,1430,11400
3048,3048,7852020300,20150313T000000,525000.0,3.0,2.5,2200,4544,2.0,0,0,3,8,2200,0,2000,0,98065,47.5319,-121.867,2400,5431
3049,3049,5559200051,20150106T000000,272000.0,4.0,1.75,2520,10890,1.0,0,0,3,7,1260,1260,1979,0,98023,47.3224,-122.343,2090,12375
3050,3050,2826049165,20150226T000000,517000.0,4.0,1.0,1180,13500,1.5,0,0,3,7,1180,0,1950,0,98125,47.7165,-122.308,1580,8976
3051,3051,2675600028,20150226T000000,615000.0,3.0,1.75,2660,7800,1.0,0,0,4,8,1330,1330,1951,0,98117,47.6993,-122.378,1950,6240
3052,3052,259801110,20140828T000000,439000.0,3.0,1.75,1250,7030,1.0,0,0,3,7,1250,0,1965,0,98008,47.6285,-122.118,1460,7210
3053,3053,1150001270,20140724T000000,716000.0,3.0,2.5,2270,7866,1.0,0,0,4,10,2270,0,1988,0,98029,47.5622,-122.022,2580,8132
3054,3054,7130300690,20141028T000000,308000.0,2.0,1.0,1080,6250,1.0,0,2,4,7,1080,0,1942,1968,98118,47.5128,-122.251,2100,6875
3055,3055,2652500015,20140610T000000,800000.0,3.0,2.25,1620,4500,2.0,0,0,4,8,1620,0,1926,0,98119,47.643,-122.361,1210,4320
3056,3056,3693901801,20150505T000000,575000.0,3.0,2.0,940,5000,1.0,0,0,3,7,880,60,1941,0,98117,47.6771,-122.398,1420,5000
3057,3057,8092501240,20140701T000000,219950.0,3.0,1.5,1620,9310,1.0,0,0,4,7,1620,0,1967,0,98042,47.3665,-122.107,1610,10640
3058,3058,9552701030,20140522T000000,770000.0,4.0,2.5,2350,8001,2.0,0,0,4,8,2350,0,1987,0,98006,47.5478,-122.153,2460,8001
3059,3059,9477101280,20141230T000000,424950.0,3.0,1.75,2090,7505,1.0,0,0,3,7,2090,0,1967,0,98034,47.7326,-122.194,1510,7416
3060,3060,7462900015,20150108T000000,387000.0,3.0,2.25,1760,45133,2.0,0,0,3,7,1760,0,1984,0,98065,47.5124,-121.866,1910,51773
3061,3061,6744700302,20140620T000000,790000.0,4.0,1.75,2050,10920,1.0,0,3,3,8,1450,600,1974,0,98155,47.7431,-122.286,2440,10920
3062,3062,3163600015,20150128T000000,156000.0,2.0,1.0,600,4000,1.0,0,0,3,5,600,0,1933,0,98146,47.5065,-122.339,1290,6973
3063,3063,6896300375,20140505T000000,580000.0,2.0,1.0,2540,7000,1.0,0,0,5,8,1320,1220,1942,0,98118,47.5259,-122.261,2160,6000
3064,3064,7419700015,20140919T000000,490000.0,4.0,2.25,2090,10869,2.0,0,0,3,8,2090,0,1970,0,98033,47.6715,-122.164,1800,17788
3065,3065,4473400195,20140716T000000,950000.0,5.0,3.25,2700,3650,2.0,0,2,3,9,2070,630,1926,2014,98144,47.5959,-122.291,1940,4000
3066,3066,9358001566,20150213T000000,400000.0,2.0,2.5,1410,1281,2.0,0,0,3,8,1090,320,2008,0,98126,47.5659,-122.37,1410,2550
3067,3067,6145600900,20150513T000000,325000.0,2.0,2.5,1170,1638,2.0,0,0,3,8,1170,0,2008,0,98133,47.7041,-122.351,1350,1407
3068,3068,1865000110,20140929T000000,365000.0,4.0,2.5,2540,6688,2.0,0,0,3,9,2540,0,2002,0,98092,47.3314,-122.18,2810,6776
3069,3069,8698100115,20150407T000000,255000.0,3.0,1.75,2190,6000,1.5,0,0,4,7,2190,0,1920,0,98002,47.3063,-122.223,1610,6000
3070,3070,1454600038,20150323T000000,985000.0,5.0,3.5,3890,13261,2.0,0,1,3,9,2870,1020,1984,0,98125,47.7246,-122.284,3080,13261
3071,3071,5652601425,20150423T000000,595000.0,4.0,2.5,2030,10722,1.0,0,0,3,7,1100,930,1967,0,98115,47.6955,-122.301,1610,9134
3072,3072,6381500690,20140716T000000,427500.0,3.0,1.0,1350,7085,1.0,0,0,5,7,1350,0,1944,0,98125,47.7318,-122.305,1350,7085
3073,3073,1778500015,20141016T000000,728000.0,3.0,1.5,1940,4000,1.5,0,0,3,8,1310,630,1915,0,98112,47.6205,-122.291,1940,4000
3074,3074,6021500245,20140910T000000,549950.0,2.0,1.0,1260,4000,1.0,0,0,3,7,1000,260,1940,0,98117,47.6898,-122.384,1780,4000
3075,3075,2926049382,20141208T000000,650000.0,3.0,2.0,2800,10501,1.0,0,0,3,7,1400,1400,1954,0,98125,47.7055,-122.315,2260,6534
3076,3076,1692900110,20150320T000000,1125000.0,5.0,3.25,3080,13394,1.0,0,2,4,9,2230,850,1968,0,98033,47.6651,-122.19,2810,10720
3077,3077,8651401270,20150504T000000,203000.0,3.0,1.0,840,6500,1.0,0,0,5,6,840,0,1969,0,98042,47.3637,-122.083,920,4680
3078,3078,3332500265,20140807T000000,311000.0,2.0,1.0,860,3300,1.0,0,0,5,6,860,0,1903,0,98118,47.5496,-122.279,1380,4400
3079,3079,4027700853,20150428T000000,387500.0,6.0,2.0,2400,7684,1.0,0,0,3,6,1200,1200,1932,2005,98028,47.7705,-122.269,1290,9800
3080,3080,7301300215,20150318T000000,370000.0,4.0,2.0,1640,7200,1.0,0,0,3,7,1640,0,1963,0,98155,47.7471,-122.324,1500,9000
3081,3081,7663700792,20140724T000000,228000.0,2.0,1.0,1060,6100,1.0,0,0,3,6,1060,0,1951,0,98125,47.7317,-122.296,1550,9150
3082,3082,2919702235,20140528T000000,740000.0,2.0,1.75,2080,4800,1.0,0,0,5,7,1080,1000,1923,0,98117,47.6896,-122.362,1310,4800
3083,3083,5476200123,20140710T000000,200000.0,4.0,2.0,2090,6630,1.0,0,0,3,7,1070,1020,1974,0,98178,47.5077,-122.268,1550,7980
3084,3084,3797002585,20140709T000000,660000.0,3.0,1.0,1240,3500,1.0,0,0,4,7,1240,0,1927,0,98103,47.6835,-122.347,1650,3360
3085,3085,8864000735,20140709T000000,275000.0,4.0,2.0,2030,8426,2.0,0,0,3,7,2030,0,1944,0,98168,47.4806,-122.287,1190,7007
3086,3086,1193000115,20150429T000000,708000.0,2.0,1.0,1120,5250,1.0,0,0,3,7,950,170,1938,0,98199,47.6496,-122.392,1510,5250
3087,3087,7334501240,20140519T000000,280000.0,3.0,2.5,1270,9675,2.0,0,0,3,8,1270,0,1993,0,98045,47.4639,-121.744,1270,11700
3088,3088,7885801460,20150106T000000,325000.0,4.0,2.5,2260,5702,2.0,0,0,3,8,2260,0,2002,0,98042,47.3488,-122.151,2450,6381
3089,3089,1823099076,20140820T000000,495000.0,3.0,2.5,1780,47480,2.0,0,0,3,7,1780,0,1995,0,98045,47.4723,-121.707,1890,51836
3090,3090,8900000110,20140922T000000,691000.0,2.0,2.0,1780,3810,1.5,0,0,3,7,980,800,1922,0,98119,47.6474,-122.362,1690,3810
3091,3091,251620110,20140702T000000,2288000.0,4.0,2.5,4080,18362,2.0,0,2,4,11,4080,0,1983,0,98004,47.6344,-122.214,4080,19991
3092,3092,221049191,20150428T000000,329500.0,3.0,2.5,2120,22482,1.0,0,0,5,7,1360,760,1979,0,98001,47.341,-122.265,2330,16016
3093,3093,9264950940,20140805T000000,348000.0,3.0,2.5,2060,7458,2.0,0,0,3,9,2060,0,1989,0,98023,47.3045,-122.351,2480,7743
3094,3094,8820902540,20141114T000000,425000.0,2.0,1.0,1670,6212,1.0,0,0,4,7,1670,0,1947,0,98125,47.7152,-122.282,1670,7272
3095,3095,3438500625,20140519T000000,210000.0,3.0,1.0,1080,21043,1.0,0,0,3,6,1080,0,1942,0,98106,47.5515,-122.357,1380,7620
3096,3096,7452500315,20141220T000000,285000.0,2.0,1.0,1210,4895,1.0,0,0,3,6,710,500,1951,0,98126,47.5202,-122.373,1100,6000
3097,3097,8945200750,20150430T000000,222000.0,3.0,1.0,990,8840,1.0,0,0,3,6,990,0,1966,0,98023,47.3074,-122.371,1120,8625
3098,3098,2599001240,20140527T000000,200000.0,4.0,2.5,1720,9600,1.0,0,0,3,7,1120,600,1961,0,98092,47.2917,-122.188,1520,9400
3099,3099,5360200054,20141002T000000,247500.0,3.0,2.0,1530,8749,1.0,0,0,3,7,1530,0,1995,0,98023,47.2974,-122.372,1750,8749
3100,3100,622069006,20140820T000000,1500000.0,4.0,5.5,6550,217374,1.0,0,0,3,11,5400,1150,2006,0,98058,47.4302,-122.095,4110,50378
3101,3101,84000245,20141120T000000,190000.0,3.0,1.75,1100,9452,1.0,0,0,3,6,1100,0,1942,0,98146,47.4864,-122.337,1350,9452
3102,3102,5605000590,20141215T000000,975000.0,4.0,2.5,3020,4950,1.5,0,0,4,9,2020,1000,1921,0,98112,47.6467,-122.304,2300,5450
3103,3103,6613000015,20141223T000000,1130000.0,4.0,3.0,3180,4649,2.0,0,0,4,9,2070,1110,1925,0,98105,47.6583,-122.273,2720,5980
3104,3104,5151600195,20150504T000000,283200.0,4.0,1.75,1830,12540,1.0,0,0,4,8,1130,700,1958,0,98003,47.3348,-122.324,2020,12540
3105,3105,7308900490,20140714T000000,650000.0,3.0,2.5,2540,8073,1.0,0,0,4,8,1880,660,1937,0,98177,47.7176,-122.36,2110,7702
3106,3106,2222900082,20140513T000000,449500.0,3.0,2.0,1770,6610,1.0,0,0,4,7,960,810,1954,0,98133,47.7703,-122.343,2010,4361
3107,3107,3574801720,20141022T000000,400000.0,3.0,1.75,1470,6682,1.0,0,0,3,7,1470,0,1987,0,98034,47.7315,-122.226,1790,7379
3108,3108,1721801591,20150219T000000,89950.0,1.0,1.0,570,4080,1.0,0,0,3,5,570,0,1942,0,98146,47.5098,-122.334,890,5100
3109,3109,2641800015,20141124T000000,158800.0,3.0,1.0,960,8291,1.0,0,0,3,6,960,0,1950,0,98146,47.5006,-122.334,1110,8231
3110,3110,7625703885,20140917T000000,870000.0,4.0,3.0,2940,7108,2.0,0,1,3,9,2220,720,2011,0,98136,47.5437,-122.395,2240,7950
3111,3111,3751600176,20150306T000000,196000.0,3.0,1.5,1000,18568,1.0,0,0,3,6,1000,0,1989,0,98001,47.2976,-122.271,1610,17420
3112,3112,5035300750,20140731T000000,850000.0,3.0,1.75,2450,8603,1.0,0,0,5,8,1340,1110,1940,0,98199,47.6536,-122.414,2280,5779
3113,3113,9510970300,20140923T000000,775000.0,4.0,2.5,3310,5101,2.0,0,0,3,9,3310,0,2005,0,98052,47.6649,-122.08,3010,5176
3114,3114,9286100300,20140801T000000,483500.0,3.0,2.5,1670,4308,2.0,0,0,3,8,1670,0,2001,0,98027,47.5307,-122.047,1670,2897
3115,3115,4047200850,20150402T000000,387000.0,3.0,1.5,1620,21929,2.0,0,0,3,7,1620,0,1990,0,98019,47.767,-121.903,1600,21679
3116,3116,4019300195,20150124T000000,900000.0,3.0,3.0,2990,30869,2.0,0,0,3,10,2990,0,1951,2003,98155,47.7602,-122.278,1750,15802
3117,3117,7891600590,20150407T000000,336000.0,3.0,1.5,1240,5000,1.0,0,2,3,7,1240,0,1964,0,98106,47.5659,-122.36,1050,5000
3118,3118,5249802424,20150417T000000,415000.0,2.0,1.0,670,6000,1.0,0,0,5,6,670,0,1949,0,98118,47.56100000000001,-122.275,1240,5040
3119,3119,3918400017,20150205T000000,380000.0,3.37287037037037,2.1157362403369904,1470,979,3.0,0,2,3,8,1470,0,2006,0,98133,47.7145,-122.356,1470,1399
3120,3120,9209900315,20140811T000000,350000.0,3.0,1.5,1320,4400,1.0,0,0,3,6,1320,0,1909,0,98112,47.6231,-122.292,1350,4400
3121,3121,7237500590,20141117T000000,1320000.0,4.0,5.25,6110,10369,2.0,0,0,3,11,6110,0,2005,0,98059,47.5285,-122.135,4190,10762
3122,3122,3271800850,20140806T000000,765000.0,3.0,1.75,2440,5800,1.0,0,3,4,8,1320,1120,1945,0,98199,47.6474,-122.412,2530,5800
3123,3123,1023059511,20141020T000000,527000.0,4.0,2.5,2900,6736,2.0,0,0,3,8,2900,0,2013,0,98059,47.4954,-122.152,2900,6736
3124,3124,4109600195,20140718T000000,524000.0,4.0,2.75,2310,5000,1.5,0,0,5,8,1480,830,1908,0,98118,47.5502,-122.268,1100,5000
3125,3125,5100401468,20140715T000000,448000.0,2.0,1.0,1110,5413,1.0,0,0,3,6,890,220,1937,0,98115,47.6925,-122.32,1300,5413
3126,3126,1926069137,20140707T000000,775000.0,4.0,3.25,4100,241322,2.0,0,0,3,9,2500,1600,1981,0,98072,47.7302,-122.096,3770,87821
3127,3127,3828000405,20150116T000000,176500.0,3.0,1.0,930,9900,1.5,0,0,4,5,930,0,1910,0,98032,47.3745,-122.231,930,7200
3128,3128,7773800015,20150416T000000,750000.0,4.0,2.25,2420,11120,1.0,0,2,4,8,1620,800,1952,0,98146,47.4954,-122.366,2210,8497
3129,3129,1084000107,20141202T000000,1265000.0,4.0,2.25,2870,6000,1.0,0,0,5,8,1730,1140,1951,0,98112,47.6362,-122.282,2370,5500
3130,3130,7832800015,20150226T000000,250000.0,3.0,1.0,1480,6750,1.0,0,0,3,7,1480,0,1958,0,98146,47.505,-122.366,1480,7594
3131,3131,9829200590,20141028T000000,759000.0,3.0,2.75,1960,6390,1.5,0,2,5,8,1960,0,1900,0,98122,47.6032,-122.285,2440,5870
3132,3132,8127700820,20141211T000000,640000.0,3.0,2.0,1470,4640,1.5,0,0,4,7,1470,0,1926,0,98199,47.6398,-122.393,1700,5000
3133,3133,9547202265,20150427T000000,990000.0,3.0,3.25,2460,4182,2.0,0,0,5,8,2100,360,1910,0,98115,47.6782,-122.311,2370,4284
3134,3134,7663700261,20141008T000000,395000.0,4.0,1.75,1960,7945,1.0,0,0,4,7,980,980,1946,0,98125,47.7326,-122.291,1290,7945
3135,3135,1445200110,20150421T000000,275000.0,2.0,1.5,1160,1103,2.0,0,0,3,7,890,270,2006,0,98133,47.7677,-122.315,1160,1086
3136,3136,1023059313,20150205T000000,390000.0,3.0,2.5,1910,4755,2.0,0,0,3,8,1910,0,1997,0,98059,47.4956,-122.162,2460,6099
3137,3137,170000215,20150324T000000,752500.0,5.0,2.75,2720,4680,1.5,0,0,4,8,1710,1010,1913,0,98107,47.6612,-122.363,1670,4800
3138,3138,7550801220,20150227T000000,450000.0,2.0,1.0,1020,5000,1.5,0,0,4,6,1020,0,1906,0,98107,47.6725,-122.396,1490,5000
3139,3139,7518501390,20140617T000000,473000.0,2.0,1.0,900,5100,1.0,0,0,4,7,900,0,1909,0,98117,47.6804,-122.378,1400,5100
3140,3140,9407102460,20150323T000000,178500.0,3.0,1.75,1120,10450,1.0,0,0,3,7,1120,0,1973,0,98045,47.4418,-121.772,1250,10414
3141,3141,8567300110,20140604T000000,485000.0,3.0,2.5,2340,59058,1.0,0,0,3,8,2340,0,1985,0,98038,47.4052,-122.028,2700,37263
3142,3142,5029450110,20150327T000000,215000.0,3.0,1.5,1410,8415,1.0,0,0,4,7,780,630,1982,0,98023,47.2914,-122.368,1440,7361
3143,3143,7915100490,20140812T000000,589000.0,4.0,1.75,1920,4862,1.0,0,0,5,7,1060,860,1919,0,98116,47.5747,-122.384,1840,4862
3144,3144,114101500,20150417T000000,325000.0,4.0,1.75,1370,9993,1.0,0,0,3,6,1370,0,1918,0,98028,47.7572,-122.228,1650,11592
3145,3145,9274201807,20140820T000000,580000.0,3.0,2.5,1590,1937,2.5,0,0,3,8,1590,0,2004,0,98116,47.5903,-122.388,1620,2022
3146,3146,7893206095,20140716T000000,181100.0,4.0,1.75,1850,7500,1.0,0,0,3,7,1850,0,1954,0,98198,47.4217,-122.333,1460,7500
3147,3147,2770602265,20150224T000000,345000.0,3.0,2.0,1430,4200,1.0,0,0,4,7,830,600,1908,0,98199,47.6462,-122.384,1540,5000
3148,3148,5418200245,20150330T000000,781000.0,3.0,1.75,1940,8729,1.0,0,0,3,8,1460,480,1960,0,98125,47.7027,-122.282,2250,9165
3149,3149,7228502150,20141023T000000,402500.0,4.0,1.0,1270,3630,1.5,0,0,3,7,1270,0,1903,0,98122,47.6135,-122.307,1420,4848
3150,3150,7972601030,20150420T000000,426000.0,3.0,1.5,1380,7200,1.0,0,0,3,7,1080,300,1948,0,98106,47.5292,-122.348,1220,7200
3151,3151,7853270940,20140905T000000,389000.0,3.0,2.5,1720,4515,2.0,0,0,3,7,1720,0,2005,0,98065,47.5426,-121.879,2220,4618
3152,3152,5561401220,20140707T000000,670000.0,6.0,3.0,4050,36171,2.0,0,0,4,8,2620,1430,1970,0,98027,47.4708,-122.015,3660,42874
3153,3153,1336800015,20140521T000000,1506000.0,4.0,3.25,3660,5800,2.5,0,0,3,10,3360,300,1909,1995,98112,47.6283,-122.312,3240,5800
3154,3154,8944750850,20140521T000000,288400.0,3.0,2.25,1870,3230,2.0,0,0,3,7,1870,0,1997,0,98056,47.4915,-122.167,1620,3363
3155,3155,3362400590,20150219T000000,700000.0,4.0,2.0,2230,4635,1.5,0,0,5,7,1510,720,1908,0,98103,47.682,-122.349,1520,4635
3156,3156,6821100195,20150331T000000,830000.0,4.0,3.0,2020,6000,1.0,0,0,3,8,1220,800,1968,2015,98199,47.6563,-122.401,1400,6000
3157,3157,1827200265,20140911T000000,1899000.0,2.0,2.75,3690,32044,2.0,1,4,3,12,3690,0,1989,0,98166,47.4485,-122.369,2310,26988
3158,3158,5100401429,20141009T000000,350500.0,2.0,1.0,1450,6380,1.0,0,0,3,7,1450,0,1967,0,98115,47.6924,-122.321,1240,6380
3159,3159,6116500028,20150503T000000,431000.0,3.0,1.75,1630,9000,1.0,0,0,4,7,1630,0,1956,0,98166,47.4521,-122.36,1600,11120
3160,3160,2759800110,20141031T000000,485000.0,3.0,2.5,1840,8250,1.0,0,1,3,8,1340,500,1958,0,98177,47.7767,-122.378,1970,7920
3161,3161,579000096,20141010T000000,780000.0,3.0,1.5,1620,7500,1.0,0,2,4,8,1620,0,1949,0,98117,47.7014,-122.381,2440,7800
3162,3162,9169600096,20140801T000000,720000.0,2.0,1.5,1840,9000,1.0,0,2,3,8,1340,500,1957,0,98136,47.5281,-122.388,1880,7560
3163,3163,1226059112,20150220T000000,415000.0,3.0,1.0,1360,73616,1.0,0,0,3,7,1360,0,1971,0,98072,47.7528,-122.119,2040,50965
3164,3164,6021503830,20140620T000000,480000.0,4.0,1.0,2080,5500,1.0,0,0,3,7,1040,1040,1941,0,98117,47.6838,-122.386,1280,4000
3165,3165,3824100291,20140916T000000,452250.0,4.0,2.25,2550,10000,1.0,0,0,4,7,1560,990,1979,0,98028,47.77,-122.259,2440,10000
3166,3166,9264921030,20150406T000000,316000.0,3.0,2.5,2550,8170,2.0,0,0,3,8,2550,0,1985,0,98023,47.31100000000001,-122.345,1840,8823
3167,3167,8073000495,20141010T000000,700000.0,2.0,1.0,1160,17635,1.0,1,4,3,6,1160,0,1945,0,98178,47.5117,-122.248,1510,13122
3168,3168,7129304105,20140729T000000,285000.0,4.0,2.0,1760,5500,1.0,0,1,3,7,780,980,1925,2004,98118,47.5183,-122.265,1510,5500
3169,3169,525049085,20140918T000000,575000.0,3.0,1.75,1720,4050,1.0,0,0,5,7,860,860,1906,0,98115,47.6782,-122.314,1720,4410
3170,3170,6117500785,20140722T000000,590000.0,3.0,2.25,2300,12430,1.0,0,2,4,8,1580,720,1960,0,98166,47.435,-122.347,2500,12430
3171,3171,6115400008,20150226T000000,587500.0,4.0,1.75,2500,20868,1.0,0,2,3,8,1600,900,1956,0,98166,47.431,-122.338,2170,15026
3172,3172,4024101545,20140922T000000,364000.0,4.0,2.25,1750,10270,1.5,0,0,4,8,1750,0,1968,0,98155,47.7612,-122.31,1750,10127
3173,3173,8651511220,20141217T000000,490000.0,3.0,2.5,1890,10190,2.0,0,0,3,8,1890,0,1986,0,98074,47.6478,-122.061,2080,9794
3174,3174,5561301280,20140505T000000,410000.0,3.0,2.25,1800,36704,1.0,0,0,4,8,1360,440,1978,0,98027,47.4688,-122.013,2730,36404
3175,3175,3629800100,20141028T000000,520000.0,3.0,2.5,2160,4297,2.0,0,0,3,9,2160,0,1999,0,98029,47.5476,-122.012,2160,3968
3176,3176,6141100750,20141008T000000,389000.0,3.0,1.0,1380,6591,1.0,0,0,4,7,1380,0,1947,0,98133,47.7164,-122.351,1610,6594
3177,3177,2770605065,20141118T000000,450000.0,2.0,1.0,1180,6000,1.0,0,0,3,7,1180,0,1910,0,98119,47.6531,-122.373,1600,6000
3178,3178,2517100490,20141205T000000,325000.0,3.0,2.5,2550,4240,2.0,0,0,3,7,2550,0,2006,0,98031,47.3986,-122.169,2550,4240
3179,3179,4083801785,20150313T000000,660000.0,2.0,1.0,1070,5000,1.0,0,0,3,7,1070,0,1924,0,98103,47.6631,-122.337,1400,4000
3180,3180,4318200405,20140620T000000,850000.0,3.0,2.25,2870,8170,2.0,0,0,3,10,2250,620,1995,0,98136,47.5363,-122.385,1310,8170
3181,3181,2329810590,20140806T000000,285000.0,3.0,2.5,1940,9874,2.0,0,0,3,7,1940,0,1990,0,98042,47.3794,-122.113,1860,8875
3182,3182,2768301214,20141211T000000,395000.0,2.0,1.0,870,3121,1.0,0,0,4,7,870,0,1923,0,98107,47.6659,-122.369,1570,1777
3183,3183,1931301105,20140717T000000,440000.0,3.0,2.0,1550,2401,2.0,0,0,3,7,1550,0,1996,0,98103,47.6545,-122.348,1550,3446
3184,3184,3343903640,20150313T000000,249000.0,3.0,1.75,1400,5648,1.5,0,0,5,6,1400,0,1917,0,98056,47.5133,-122.196,2320,9420
3185,3185,8813400245,20150227T000000,635000.0,3.0,1.75,1210,4400,1.5,0,0,4,8,1210,0,1930,0,98105,47.6621,-122.288,2020,3750
3186,3186,3521049048,20140811T000000,515000.0,3.0,2.5,3430,48993,2.0,0,0,3,9,3430,0,2001,0,98001,47.2609,-122.27,2460,36256
3187,3187,1118001645,20150130T000000,1400000.0,3.0,3.25,3020,6073,2.0,0,0,4,9,3020,0,1954,0,98112,47.6332,-122.29,3020,7700
3188,3188,2968801105,20150304T000000,200000.0,2.0,1.0,950,8100,1.0,0,0,3,6,950,0,1955,0,98166,47.4572,-122.351,1620,7630
3189,3189,3524039209,20140506T000000,1135000.0,4.0,2.75,3370,8103,1.0,0,3,3,9,1970,1400,1970,2014,98136,47.5232,-122.383,2120,6360
3190,3190,952003480,20141117T000000,445000.0,4.0,1.0,1460,4600,1.0,0,2,3,6,780,680,1946,0,98126,47.566,-122.38,1560,4600
3191,3191,2877102670,20140707T000000,555000.0,3.0,1.5,1740,4200,1.5,0,0,4,7,1640,100,1920,0,98117,47.6782,-122.361,1660,3750
3192,3192,5014000100,20140924T000000,537000.0,4.0,2.0,1720,6413,1.0,0,0,4,7,860,860,1950,0,98116,47.5734,-122.395,1280,6413
3193,3193,7399301050,20150127T000000,315000.0,3.0,1.75,1480,7500,1.0,0,0,4,7,1480,0,1968,0,98055,47.4629,-122.187,1480,7500
3194,3194,6979940100,20150129T000000,805000.0,5.0,2.5,3320,7266,2.0,0,0,3,9,3320,0,2000,0,98075,47.5862,-122.054,3060,10269
3195,3195,8731982840,20140826T000000,414000.0,4.0,2.5,3490,9030,1.5,0,0,4,8,3490,0,1969,0,98023,47.3198,-122.386,2540,8400
3196,3196,6909200037,20140815T000000,375000.0,2.0,1.5,1160,1648,2.0,0,0,3,7,1160,0,2002,0,98144,47.5916,-122.293,1458,2351
3197,3197,1160000115,20150304T000000,401000.0,4.0,1.75,3010,12523,1.0,0,0,3,8,1780,1230,1952,0,98125,47.707,-122.316,2040,7560
3198,3198,7893207665,20150128T000000,210000.0,3.0,1.0,1030,4583,1.0,0,0,3,7,1030,0,1967,0,98198,47.4231,-122.329,1730,8023
3199,3199,8024201270,20140722T000000,365000.0,2.0,1.0,980,5110,1.0,0,0,4,7,780,200,1939,0,98115,47.7002,-122.314,1430,5110
3200,3200,3800008,20150224T000000,178000.0,5.0,1.5,1990,18200,1.0,0,0,3,7,1990,0,1960,0,98178,47.4938,-122.262,1860,8658
3201,3201,6788200931,20140520T000000,710000.0,2.0,1.0,1790,4000,1.0,0,0,4,7,1040,750,1923,0,98112,47.6405,-122.301,1310,4000
3202,3202,723049596,20140509T000000,255000.0,2.0,1.0,810,7980,1.0,0,0,1,6,810,0,1928,0,98146,47.489,-122.337,1440,7980
3203,3203,7214711270,20141204T000000,528000.0,5.0,2.25,2940,38009,1.0,0,0,3,8,1700,1240,1977,0,98077,47.7653,-122.077,2620,38300
3204,3204,4136980090,20150407T000000,537000.0,4.0,4.25,4883,26040,2.0,0,3,3,10,3859,1024,2006,0,98092,47.263000000000005,-122.216,3736,9870
3205,3205,9278200131,20140804T000000,442000.0,4.0,1.5,1360,6110,1.0,0,0,3,7,1010,350,1955,0,98116,47.5755,-122.396,1520,6110
3206,3206,4046600750,20150414T000000,375000.0,3.0,1.75,1370,19550,1.0,0,0,3,7,1370,0,1978,2006,98014,47.7002,-121.912,1430,17550
3207,3207,9510970090,20141121T000000,637250.0,4.0,2.5,2120,3220,2.0,0,0,3,9,2120,0,2005,0,98052,47.6662,-122.083,2120,3547
3208,3208,2594200375,20150330T000000,427500.0,3.0,1.75,1240,7200,1.0,0,0,5,7,1240,0,1942,0,98136,47.5142,-122.389,1640,7200
3209,3209,1125069064,20150331T000000,700000.0,4.0,2.5,2770,89298,2.0,0,0,3,8,2770,0,2004,0,98053,47.6624,-122.01,2650,89298
3210,3210,117000100,20150319T000000,680000.0,3.0,1.75,1660,5750,1.0,0,0,4,7,1080,580,1909,0,98116,47.5843,-122.385,2060,5560
3211,3211,9212900820,20140828T000000,393820.0,2.0,2.0,1170,8251,1.0,0,0,3,7,1170,0,1941,0,98115,47.6873,-122.291,1360,6798
3212,3212,3959400855,20140820T000000,525000.0,4.0,2.75,2470,7200,1.0,0,0,5,7,1350,1120,1940,0,98108,47.5631,-122.317,1500,6000
3213,3213,2028700265,20150115T000000,505000.0,2.0,1.75,1310,3816,1.0,0,0,2,7,1110,200,1929,0,98117,47.679,-122.368,1510,3816
3214,3214,3041700090,20141111T000000,555565.0,3.0,2.0,1670,11337,1.0,0,1,4,7,1670,0,1959,0,98033,47.6602,-122.188,2210,11337
3215,3215,868001295,20141029T000000,650000.0,3.0,1.75,1660,10819,1.0,0,0,4,7,1240,420,1942,0,98177,47.7045,-122.379,3110,11853
3216,3216,7853270740,20140917T000000,632500.0,5.0,3.25,3500,7254,2.0,0,0,3,8,2760,740,2005,0,98065,47.5444,-121.881,2820,6317
3217,3217,5416500090,20140724T000000,269000.0,3.0,2.5,1440,3800,2.0,0,0,3,7,1440,0,2005,0,98038,47.3606,-122.039,1890,3819
3218,3218,3574801110,20141125T000000,405000.0,4.0,2.75,2360,7716,1.0,0,0,3,7,1390,970,1978,0,98034,47.7301,-122.223,2160,8794
3219,3219,624110930,20140724T000000,845000.0,3.0,3.5,3460,15745,2.0,0,0,3,10,3460,0,1986,0,98077,47.7262,-122.06,3350,14825
3220,3220,5335700110,20140725T000000,234000.0,3.0,1.0,1750,8820,1.0,0,0,4,7,1750,0,1961,0,98032,47.3608,-122.29,1400,9600
3221,3221,1176000964,20150422T000000,638000.0,4.0,1.75,1470,4236,1.5,0,0,4,7,1470,0,1946,0,98107,47.6692,-122.399,1480,5400
3222,3222,7334602070,20140804T000000,290000.0,3.0,1.75,1710,10950,1.0,0,0,3,7,1060,650,1967,0,98045,47.4678,-121.745,1180,10950
3223,3223,2420069251,20150225T000000,262000.0,1.0,0.75,520,12981,1.0,0,0,5,3,520,0,1920,0,98022,47.2082,-121.995,1340,12233
3224,3224,7885800740,20150218T000000,270000.0,4.0,2.5,2350,5835,2.0,0,0,3,8,2350,0,2003,0,98042,47.3494,-122.153,3010,5772
3225,3225,8082400076,20141118T000000,875000.0,4.0,2.25,2380,4876,2.0,0,0,4,9,2240,140,1948,0,98117,47.6822,-122.4,1780,4559
3226,3226,1310980110,20140717T000000,299000.0,3.0,2.25,1920,7840,2.0,0,0,4,8,1920,0,1982,0,98032,47.3631,-122.276,2170,7210
3227,3227,2354300740,20150303T000000,551000.0,3.0,1.0,1580,6000,1.0,0,0,5,7,1580,0,1947,0,98027,47.5286,-122.032,1580,6000
3228,3228,3023049236,20140916T000000,350000.0,3.0,2.75,3070,5280,2.0,0,1,3,7,2360,710,1950,1986,98166,47.4486,-122.353,2570,18983
3229,3229,9808700405,20140604T000000,1901000.0,3.0,2.5,2660,13367,2.0,0,2,3,10,2660,0,1992,0,98004,47.6501,-122.217,2660,13367
3230,3230,2877102345,20141027T000000,511718.0,2.0,1.75,1700,5000,1.0,0,0,3,6,850,850,1915,0,98117,47.6787,-122.363,1690,5000
3231,3231,1924069058,20141010T000000,965000.0,4.0,3.25,5010,49222,2.0,0,0,5,9,3710,1300,1978,0,98027,47.5489,-122.092,3140,54014
3232,3232,9269260100,20141216T000000,475000.0,4.0,2.25,2680,4673,2.0,0,0,3,7,2680,0,1999,0,98011,47.7539,-122.219,2460,4645
3233,3233,2877104265,20150415T000000,1062000.0,4.0,2.75,2720,4000,1.5,0,2,5,8,1840,880,1928,0,98117,47.6797,-122.359,1600,4000
3234,3234,3123039089,20140715T000000,252000.0,2.0,1.0,940,15450,1.0,0,0,4,6,940,0,1926,0,98070,47.4408,-122.461,1370,34820
3235,3235,8576400110,20150317T000000,580000.0,6.0,2.5,3596,13700,1.0,0,0,5,8,1798,1798,1964,0,98166,47.4388,-122.339,1894,10500
3236,3236,7660600131,20141020T000000,374950.0,2.0,2.25,1240,1172,2.0,0,0,3,8,1000,240,2008,0,98144,47.5877,-122.316,1260,1111
3237,3237,2296500131,20141216T000000,739000.0,5.0,4.0,4660,9900,2.0,0,2,4,9,2600,2060,1979,0,98056,47.5135,-122.2,3380,9900
3238,3238,1761300850,20141217T000000,271000.0,4.0,1.75,1710,7200,1.0,0,0,5,7,910,800,1975,0,98031,47.3967,-122.174,1730,7200
3239,3239,6083000037,20140613T000000,230000.0,2.0,1.0,930,7550,1.0,0,0,3,6,930,0,1986,0,98168,47.4866,-122.303,1370,10176
3240,3240,5259800090,20150427T000000,210000.0,3.0,2.25,1430,9150,1.0,0,0,3,7,1070,360,1984,0,98023,47.3239,-122.35,1430,6364
3241,3241,2968801366,20150224T000000,350000.0,3.0,2.75,1650,5700,2.0,0,0,4,7,1650,0,1988,0,98166,47.4563,-122.348,1320,7620
3242,3242,2126059172,20150506T000000,491500.0,3.0,2.25,1560,12000,1.0,0,0,4,7,1110,450,1968,0,98034,47.7256,-122.166,2190,4612
3243,3243,7334501250,20140909T000000,325000.0,3.0,2.5,1870,9825,1.0,0,0,4,7,1250,620,1994,0,98045,47.4639,-121.744,1380,11475
3244,3244,1545805490,20141006T000000,190000.0,3.0,2.0,1320,7625,1.0,0,0,3,7,1320,0,1987,0,98038,47.3635,-122.045,1420,7500
3245,3245,7518500855,20150504T000000,658600.0,4.0,2.0,1400,4690,1.5,0,0,4,7,1400,0,1945,0,98117,47.6826,-122.378,1400,4690
3246,3246,4171200025,20150327T000000,299950.0,3.0,1.5,1940,8951,1.0,0,0,3,7,1300,640,1958,0,98168,47.473,-122.328,2000,8319
3247,3247,9818700215,20150330T000000,464000.0,5.0,2.0,2000,3000,1.5,0,0,3,6,1200,800,1931,0,98122,47.6028,-122.298,1330,4000
3248,3248,798000535,20140625T000000,308000.0,3.0,1.0,1640,18144,1.5,0,0,3,6,1640,0,1942,0,98168,47.5027,-122.33,1500,9065
3249,3249,3900100265,20150129T000000,625000.0,3.0,1.0,1020,7650,1.0,0,0,3,6,1020,0,1919,0,98033,47.6795,-122.202,1870,5500
3250,3250,1951100110,20150205T000000,240000.0,3.0,1.75,1630,9450,1.0,0,0,4,7,1080,550,1977,0,98032,47.3729,-122.295,1280,9100
3251,3251,7215420590,20150504T000000,530000.0,4.0,2.5,2940,35996,2.0,0,0,3,9,2940,0,1995,0,98042,47.3401,-122.067,2890,35089
3252,3252,3343301910,20141020T000000,1000000.0,5.0,4.5,2120,8944,2.0,1,4,5,8,2120,0,1939,1963,98006,47.5488,-122.197,2870,8944
3253,3253,9828702095,20140925T000000,439000.0,1.0,1.0,790,2400,1.0,0,0,3,7,790,0,1918,0,98122,47.6178,-122.299,1580,2566
3254,3254,2917200645,20150511T000000,575000.0,4.0,1.75,2020,6200,1.0,0,0,4,6,1010,1010,1948,0,98133,47.7013,-122.35,1440,4158
3255,3255,6163900501,20141021T000000,418000.0,3.0,1.75,1530,7238,1.0,0,0,3,7,1530,0,1959,0,98155,47.7629,-122.315,1580,7238
3256,3256,540100057,20150428T000000,1208000.0,4.0,3.75,3250,10949,2.0,0,0,4,9,2940,310,1930,1989,98004,47.639,-122.219,2340,15234
3257,3257,2652500300,20140603T000000,1100000.0,4.0,3.75,2930,3200,1.5,0,0,5,9,2130,800,1925,0,98119,47.643,-122.359,1900,4320
3258,3258,1330300300,20150415T000000,1900000.0,3.0,3.75,3150,8550,2.0,0,0,3,10,3150,0,2007,0,98112,47.6387,-122.284,2510,8550
3259,3259,1137301780,20141126T000000,580000.0,3.0,2.5,2180,40278,2.0,0,0,3,9,2180,0,1985,0,98072,47.733,-122.09,2630,40000
3260,3260,9842300485,20150311T000000,380000.0,2.0,1.0,1040,7372,1.0,0,0,5,7,840,200,1939,0,98126,47.5285,-122.378,1930,5150
3261,3261,7224000315,20140723T000000,256000.0,3.0,1.0,880,5375,1.0,0,0,4,5,880,0,1924,0,98055,47.4858,-122.202,980,4838
3262,3262,6161000015,20140515T000000,349950.0,3.0,1.0,1400,7066,1.0,0,0,3,8,1400,0,1957,0,98125,47.7127,-122.325,1400,7320
3263,3263,5207200195,20140701T000000,691500.0,4.0,2.5,2600,7200,2.0,0,0,3,7,2600,0,1962,2002,98115,47.6944,-122.274,1790,6175
3264,3264,9191201790,20141031T000000,556000.0,3.0,1.75,1590,2500,1.5,0,0,4,7,1190,400,1908,0,98105,47.6668,-122.299,1420,3800
3265,3265,8731902680,20141120T000000,218000.0,3.0,2.25,1610,7084,1.0,0,0,4,8,1280,330,1968,0,98023,47.3146,-122.384,2170,8505
3266,3266,9448300115,20141205T000000,425000.0,4.0,2.0,1390,4500,1.5,0,0,5,7,1390,0,1908,0,98108,47.5552,-122.311,1900,5460
3267,3267,4045500625,20140822T000000,935000.0,3.0,3.25,3710,38509,2.0,0,0,3,10,3710,0,1998,0,98014,47.693000000000005,-121.868,1680,25865
3268,3268,5603700025,20141007T000000,732000.0,4.0,1.75,2360,11300,1.0,0,0,4,9,2360,0,1974,0,98006,47.5728,-122.163,2290,11951
3269,3269,1266200015,20150127T000000,805500.0,3.0,1.0,1440,10330,1.0,0,0,4,7,1440,0,1952,0,98004,47.6245,-122.193,2080,10327
3270,3270,952003350,20150204T000000,507250.0,3.0,1.75,1400,5750,1.0,0,2,3,6,1100,300,1915,0,98126,47.5659,-122.38,1500,5175
3271,3271,2386000300,20141202T000000,800000.0,4.0,2.5,4600,67369,2.0,0,0,3,10,4600,0,1990,0,98053,47.6417,-121.992,4600,67369
3272,3272,3625059143,20140903T000000,600000.0,3.0,2.25,2100,8276,2.0,0,1,4,8,2100,0,1979,0,98008,47.6068,-122.112,2420,18135
3273,3273,8651500850,20150317T000000,627800.0,4.0,1.75,2010,12044,1.0,0,0,3,9,2010,0,1982,0,98074,47.6446,-122.068,2200,11144
3274,3274,3359500110,20140624T000000,660000.0,2.0,2.25,2550,6000,2.0,0,0,5,7,1860,690,1902,0,98115,47.6739,-122.323,2010,4000
3275,3275,818500490,20141009T000000,153503.0,2.0,2.5,1240,3649,2.0,0,0,3,7,1240,0,1986,0,98003,47.3241,-122.322,1400,3721
3276,3276,3876311390,20150120T000000,456500.0,3.0,2.25,2090,9163,1.0,0,0,3,7,1460,630,1975,0,98034,47.7334,-122.167,1960,7713
3277,3277,8085400490,20140801T000000,1306000.0,5.0,2.5,2770,8100,2.0,0,0,3,9,2770,0,2002,0,98004,47.6341,-122.208,2070,8100
3278,3278,2355010090,20141207T000000,843500.0,3.0,2.5,3560,11448,2.0,0,0,3,11,3560,0,1997,0,98052,47.7126,-122.104,3290,11506
3279,3279,9550200265,20140818T000000,625000.0,3.0,1.0,1240,4080,1.0,0,0,3,7,1240,0,1925,0,98103,47.667,-122.333,2060,4080
3280,3280,8818400490,20140611T000000,527000.0,2.0,1.75,1640,4080,1.0,0,0,3,7,840,800,1921,0,98105,47.6645,-122.326,1980,4080
3281,3281,8964800025,20150226T000000,1965000.0,5.0,3.75,3940,13738,1.5,0,3,4,9,3940,0,1951,0,98004,47.6203,-122.212,2370,13320
3282,3282,2125059112,20150326T000000,1003000.0,5.0,2.5,3150,50094,2.0,0,0,4,9,3150,0,1969,0,98005,47.6387,-122.177,3600,48787
3283,3283,2028700535,20150225T000000,855000.0,4.0,3.0,2550,5300,2.0,0,0,3,8,1720,830,1908,2013,98117,47.6786,-122.367,1590,4505
3284,3284,4309710100,20140620T000000,725000.0,4.0,3.25,3940,27591,2.0,0,3,3,9,3440,500,2000,0,98059,47.5157,-122.116,3420,29170
3285,3285,4364700805,20141015T000000,315000.0,1.0,1.0,580,7200,1.0,0,0,3,6,580,0,2000,0,98126,47.5249,-122.373,1360,7560
3286,3286,3356407665,20140924T000000,180000.0,3.0,1.75,1330,16000,1.0,0,0,3,7,1330,0,1978,0,98001,47.28,-122.257,1330,14374
3287,3287,9238900855,20150313T000000,700000.0,2.0,1.0,930,5000,1.0,0,3,3,7,930,0,1926,2013,98136,47.5333,-122.388,1760,5228
3288,3288,1086100100,20140811T000000,476500.0,3.0,1.0,1060,8625,2.0,0,0,4,7,1060,0,1962,1997,98033,47.6615,-122.179,2010,8901
3289,3289,6121000110,20140603T000000,193000.0,3.0,1.5,1180,9048,1.0,0,0,3,7,1180,0,1960,0,98148,47.4327,-122.328,1460,8942
3290,3290,8700100100,20140819T000000,295000.0,4.0,2.5,1850,6663,2.0,0,0,3,7,1850,0,1990,0,98030,47.3618,-122.195,1850,6417
3291,3291,9417400215,20140731T000000,363000.0,2.0,1.0,820,4880,1.0,0,0,4,6,820,0,1925,0,98136,47.5483,-122.394,1320,4880
3292,3292,7701961030,20150129T000000,875000.0,4.0,2.5,3600,21794,2.0,0,0,4,11,3600,0,1990,0,98077,47.7121,-122.072,3410,19864
3293,3293,2149800148,20140514T000000,257200.0,3.0,2.0,1850,8250,1.0,0,0,4,7,1150,700,1952,0,98002,47.3066,-122.209,1580,7153
3294,3294,686450490,20140929T000000,555000.0,3.0,2.0,2240,11250,1.0,0,0,3,8,2240,0,1968,0,98008,47.6371,-122.119,2200,12500
3295,3295,9413400165,20140624T000000,380000.0,3.0,2.25,1860,15559,2.0,0,0,4,7,1860,0,1963,0,98022,47.1559,-121.646,1110,11586
3296,3296,104550690,20140725T000000,282000.0,4.0,2.75,2390,7330,2.0,0,0,3,7,2390,0,1989,0,98023,47.3061,-122.359,1980,6735
3297,3297,1995200245,20140606T000000,545000.0,4.0,2.5,2040,6034,2.0,0,0,3,7,2040,0,1990,0,98115,47.6952,-122.323,1380,5986
3298,3298,7409700215,20140606T000000,550000.0,3.0,1.5,1900,5000,1.5,0,0,3,7,1640,260,1926,0,98115,47.6779,-122.294,2090,5000
3299,3299,7409700215,20150313T000000,921500.0,3.0,1.5,1900,5000,1.5,0,0,3,7,1640,260,1926,0,98115,47.6779,-122.294,2090,5000
3300,3300,1337800855,20150512T000000,885000.0,3.0,1.5,2200,2880,2.0,0,0,5,7,1440,760,1904,0,98112,47.6308,-122.312,2440,4640
3301,3301,7015200615,20140529T000000,820000.0,4.0,2.25,2280,6660,1.5,0,2,3,8,1960,320,1940,1984,98119,47.6503,-122.368,1720,5336
3302,3302,8805400090,20140513T000000,289000.0,3.0,1.0,1090,7315,1.0,0,0,5,6,1090,0,1981,0,98056,47.494,-122.165,1090,5800
3303,3303,2391602350,20150213T000000,334000.0,1.0,1.0,670,5750,1.0,0,0,3,7,670,0,1942,2011,98116,47.5624,-122.394,1170,5750
3304,3304,844001140,20141028T000000,206000.0,3.0,1.0,1050,5233,1.0,0,0,5,5,1050,0,1906,0,98010,47.3106,-121.999,970,7500
3305,3305,5210200131,20140630T000000,491950.0,3.0,2.25,2090,10733,1.0,0,0,3,7,1440,650,1958,0,98115,47.6971,-122.281,1740,8100
3306,3306,6893300110,20141113T000000,430000.0,3.0,2.5,2030,7770,2.0,0,0,3,8,2030,0,2003,0,98024,47.5253,-121.93,1360,10782
3307,3307,1796351080,20140718T000000,208000.0,3.0,2.0,1250,7995,1.0,0,0,4,7,1250,0,1980,0,98042,47.3684,-122.092,1540,7650
3308,3308,1938400300,20140708T000000,245000.0,4.0,2.25,2600,6390,1.0,0,0,3,8,1390,1210,1978,0,98023,47.3174,-122.366,2110,6700
3309,3309,2877101340,20150318T000000,426000.0,2.0,1.0,640,2500,1.0,0,0,4,6,640,0,1918,0,98117,47.6776,-122.361,1460,4200
3310,3310,6084200100,20140801T000000,400000.0,3.0,2.5,2120,3742,2.0,0,0,3,7,2120,0,2006,0,98059,47.4787,-122.129,2250,4696
3311,3311,7977201910,20150414T000000,553000.0,3.0,1.0,1330,5100,1.0,0,0,3,7,900,430,1942,0,98115,47.6837,-122.291,1500,5100
3312,3312,6638900115,20150331T000000,296000.0,2.0,1.0,750,4680,1.0,0,0,3,5,750,0,1948,0,98117,47.6919,-122.371,1450,4400
3313,3313,2587920110,20150217T000000,428000.0,3.0,2.5,2230,32660,1.0,0,0,4,8,2230,0,1977,0,98042,47.3321,-122.105,2400,33120
3314,3314,3438500714,20140506T000000,325000.0,4.0,2.5,1890,6156,1.0,0,0,3,7,980,910,1980,0,98106,47.551,-122.356,1590,6954
3315,3315,726049184,20140721T000000,294000.0,2.0,1.0,820,6366,1.0,0,0,5,6,820,0,1952,0,98133,47.7512,-122.34,1580,10169
3316,3316,2787720300,20150319T000000,410000.0,3.0,1.75,1880,8424,1.0,0,0,4,7,1380,500,1977,0,98059,47.5116,-122.161,1970,8523
3317,3317,2821049048,20140603T000000,590000.0,4.0,4.25,2360,57514,2.0,0,0,4,8,2360,0,1939,1987,98003,47.2843,-122.294,2037,35733
3318,3318,3904901450,20141120T000000,445000.0,3.0,2.25,1850,4050,2.0,0,0,4,7,1850,0,1985,0,98029,47.5669,-122.017,1650,4468
3319,3319,9829200495,20150325T000000,921000.0,4.0,2.5,2310,5362,2.0,0,4,4,8,2010,300,1928,0,98122,47.6044,-122.284,2530,5960
3320,3320,1523089097,20150304T000000,496000.0,3.0,1.5,2520,37616,1.0,0,0,3,8,2520,0,1955,0,98045,47.4777,-121.763,1470,33750
3321,3321,2724200705,20141212T000000,95000.0,2.0,1.0,800,8550,1.0,0,0,3,7,800,0,1947,0,98198,47.4075,-122.294,1490,8550
3322,3322,8122600245,20140925T000000,359000.0,4.0,1.75,1580,6396,1.0,0,0,4,6,790,790,1945,0,98126,47.5378,-122.369,1180,6396
3323,3323,1323089184,20140502T000000,452500.0,3.0,2.5,2430,88426,1.0,0,0,4,7,1570,860,1985,0,98045,47.4828,-121.718,1560,56827
3324,3324,2600300110,20141202T000000,555000.0,4.0,1.75,2350,6200,1.5,0,0,4,7,1410,940,1946,0,98116,47.559,-122.397,1800,6150
3325,3325,9485951030,20140924T000000,549900.0,5.0,3.0,3800,42316,1.5,0,0,4,9,3800,0,1984,0,98042,47.3488,-122.095,2580,35775
3326,3326,4021700025,20140610T000000,569000.0,5.0,3.0,3670,10583,1.0,0,0,5,8,2060,1610,1952,0,98155,47.7589,-122.277,2720,13865
3327,3327,2473250850,20140716T000000,318500.0,4.0,2.0,1780,7350,1.0,0,0,5,7,900,880,1974,0,98058,47.4562,-122.158,1480,7350
3328,3328,9828702310,20140611T000000,487028.0,2.0,1.5,1295,1093,2.0,0,0,3,9,1105,190,2007,0,98112,47.6192,-122.299,1295,1413
3329,3329,7523700245,20141015T000000,240000.0,3.0,1.0,1350,7560,1.0,0,0,4,7,950,400,1959,0,98032,47.3784,-122.303,1470,7560
3330,3330,1765100025,20150202T000000,253000.0,3.0,2.25,1440,9806,1.0,0,0,3,7,1440,0,1965,0,98030,47.3857,-122.212,1590,9782
3331,3331,2011400405,20140831T000000,380000.0,5.0,1.75,1320,38125,1.0,0,0,4,7,1120,200,1947,0,98198,47.3937,-122.323,2360,15070
3332,3332,3410600015,20150406T000000,250000.0,2.0,0.75,700,16828,1.0,0,0,4,6,700,0,1958,0,98092,47.3009,-122.125,2010,29316
3333,3333,3276050110,20141010T000000,368500.0,2.0,1.75,2510,19141,2.0,0,0,3,9,2510,0,1977,0,98092,47.3103,-122.199,2400,13030
3334,3334,7792000025,20150211T000000,340000.0,3.0,1.0,3180,27586,1.0,0,0,3,8,1400,1780,1969,0,98022,47.1986,-121.967,2180,27586
3335,3335,2810600015,20150427T000000,400000.0,2.0,1.0,910,4000,1.0,0,0,3,7,910,0,1918,0,98136,47.5427,-122.388,1060,1346
3336,3336,8081900011,20140916T000000,835000.0,3.0,2.0,1570,4625,1.5,0,0,5,8,1570,0,1927,0,98117,47.68,-122.399,1760,4625
3337,3337,104550740,20141201T000000,299000.0,3.0,2.5,2450,7062,2.0,0,0,3,8,2450,0,1993,0,98023,47.3061,-122.36,1960,7200
3338,3338,1959701745,20141107T000000,1675000.0,6.0,2.25,4910,6600,2.5,0,0,5,10,3580,1330,1910,0,98102,47.6458,-122.32,3280,5500
3339,3339,8078520090,20140514T000000,265000.0,3.0,2.0,1570,5706,1.0,0,0,3,7,1570,0,1998,0,98092,47.3156,-122.188,1570,5706
3340,3340,6403510090,20141111T000000,437500.0,4.0,2.5,2680,7513,2.0,0,0,3,8,2680,0,1998,0,98059,47.4956,-122.161,2640,7243
3341,3341,2326300090,20140604T000000,865000.0,3.0,1.75,2090,4725,2.0,0,0,3,7,1610,480,1947,2013,98199,47.657,-122.394,1280,4725
3342,3342,8078380090,20150311T000000,626000.0,3.0,2.0,2150,7200,1.0,0,0,3,8,2150,0,1988,0,98029,47.5709,-122.018,2510,7222
3343,3343,7132300042,20141028T000000,247300.0,2.0,2.0,1140,1118,2.0,0,0,3,7,1040,100,2009,0,98144,47.596,-122.311,1140,1118
3344,3344,3861470110,20140623T000000,2075000.0,4.0,3.5,4230,20377,2.0,0,0,3,11,4230,0,1997,0,98004,47.5954,-122.206,3980,20489
3345,3345,2734101055,20141001T000000,425000.0,3.0,1.0,1790,6000,1.5,0,0,2,8,1790,0,1937,0,98108,47.5448,-122.32,1060,4000
3346,3346,4039701080,20140625T000000,905000.0,5.0,3.5,3100,10200,1.0,0,4,3,9,1660,1440,1970,0,98008,47.6134,-122.112,2700,10455
3347,3347,464000600,20140827T000000,641250.0,3.0,2.5,2220,2550,3.0,0,2,3,10,2220,0,1990,0,98117,47.6963,-122.393,2200,5610
3348,3348,5437400100,20150331T000000,675000.0,4.0,2.5,2370,9679,2.0,0,0,3,8,2370,0,1984,0,98027,47.5631,-122.085,2290,7944
3349,3349,1423089055,20140613T000000,845000.0,4.0,2.75,4070,115434,2.0,0,0,3,9,4070,0,2002,0,98045,47.4843,-121.752,2970,95832
3350,3350,6713700100,20140907T000000,401500.0,4.0,1.0,1790,8400,1.0,0,0,4,7,1260,530,1954,0,98133,47.7627,-122.353,1470,8400
3351,3351,339600110,20140923T000000,395000.0,3.0,2.5,1610,3755,2.0,0,0,3,7,1610,0,1987,0,98052,47.6825,-122.097,1300,3823
3352,3352,5021900090,20150306T000000,1100000.0,5.0,2.75,2830,18050,1.0,0,0,5,7,1630,1200,1958,0,98040,47.5773,-122.226,2370,14250
3353,3353,6099400053,20140529T000000,145000.0,3.0,1.0,1010,5490,1.0,0,0,3,6,1010,0,1954,0,98168,47.4762,-122.293,1740,10658
3354,3354,7518508625,20150416T000000,900000.0,3.0,1.0,1560,3825,1.5,0,0,3,8,1390,170,1930,0,98117,47.6803,-122.387,1700,5100
3355,3355,8143000490,20150112T000000,374500.0,3.0,1.5,1330,8636,1.0,0,0,4,7,1330,0,1968,0,98034,47.7289,-122.203,1370,7475
3356,3356,3260000300,20141118T000000,850000.0,4.0,2.25,2330,10451,2.0,0,0,4,8,2330,0,1965,0,98005,47.6044,-122.168,1880,8400
3357,3357,5742600090,20150425T000000,490000.0,3.0,1.0,960,5750,1.0,0,0,3,7,960,0,1951,0,98116,47.5689,-122.393,1520,5750
3358,3358,7212650850,20150427T000000,304000.0,3.0,2.5,1710,6773,2.0,0,0,3,8,1710,0,1993,0,98003,47.2635,-122.312,2220,7551
3359,3359,9158800090,20140703T000000,400000.0,4.0,2.25,2230,7200,1.0,0,0,4,7,1300,930,1963,0,98133,47.7648,-122.33,2010,7752
3360,3360,7820000038,20141114T000000,454000.0,3.0,2.0,1700,10000,2.0,0,0,3,8,1700,0,1992,0,98011,47.7661,-122.205,1460,9621
3361,3361,7135300026,20141224T000000,160000.0,2.0,2.0,1040,4750,1.0,0,0,2,6,850,190,1950,0,98118,47.5293,-122.272,1350,5000
3362,3362,8562700300,20140708T000000,542000.0,3.0,1.75,1070,8030,1.0,0,0,3,7,1070,0,1966,2014,98052,47.67,-122.155,1540,7875
3363,3363,6114400028,20140618T000000,403500.0,5.0,2.5,3600,17300,1.0,0,0,4,8,2410,1190,1968,0,98166,47.4468,-122.341,2620,30200
3364,3364,3793501130,20150316T000000,418000.0,4.0,2.5,2750,8471,2.0,0,0,3,7,2750,0,2003,0,98038,47.3671,-122.029,2610,7482
3365,3365,6052400625,20150326T000000,406000.0,4.0,1.5,1920,6000,2.0,0,1,3,7,1920,0,1951,0,98198,47.4029,-122.321,1920,6000
3366,3366,2560805630,20140923T000000,242500.0,3.0,2.25,1770,10000,1.0,0,0,3,7,1340,430,1978,0,98198,47.3814,-122.322,1270,5055
3367,3367,9558020600,20150407T000000,425000.0,4.0,2.5,2460,5440,2.0,0,0,3,9,2460,0,2003,0,98058,47.448,-122.121,2460,5124
3368,3368,9136101335,20140515T000000,613000.0,4.0,2.0,1550,4815,1.5,0,0,3,7,1550,0,1909,0,98103,47.667,-122.336,1680,4013
3369,3369,9407101380,20141230T000000,189000.0,3.0,2.0,1460,11481,1.0,0,0,2,7,1170,290,1995,0,98045,47.4493,-121.777,1540,9680
3370,3370,8901500178,20141030T000000,700000.0,4.0,2.25,2440,9450,1.5,0,0,3,7,2440,0,1947,2014,98125,47.7061,-122.307,1720,7503
3371,3371,9551201250,20140902T000000,750000.0,3.0,1.0,1640,6516,1.5,0,0,4,7,1440,200,1935,0,98103,47.6693,-122.339,1770,4000
3372,3372,3544400236,20140707T000000,494000.0,2.0,1.0,1290,4650,1.0,0,0,4,7,1290,0,1906,0,98115,47.6877,-122.325,1640,3900
3373,3373,7215730090,20140609T000000,700000.0,4.0,3.0,3150,7778,2.0,0,0,3,9,3150,0,2000,0,98075,47.5972,-122.018,2970,6500
3374,3374,8682291390,20150403T000000,705000.0,2.0,2.5,2305,5580,1.0,0,0,3,8,2305,0,2007,0,98077,47.7203,-122.024,1440,5748
3375,3375,1770000490,20140522T000000,356000.0,2.0,1.75,1060,16470,1.0,0,0,3,7,1060,0,1977,0,98072,47.7409,-122.089,1790,16748
3376,3376,2935400100,20140522T000000,625000.0,3.0,1.75,2060,12558,1.0,0,0,4,7,1350,710,1984,0,98052,47.6659,-122.144,1850,8722
3377,3377,7686205020,20150312T000000,144975.0,2.0,1.0,900,7500,1.0,0,0,3,5,900,0,1940,0,98198,47.4177,-122.319,1350,7500
3378,3378,3629921240,20140728T000000,970000.0,4.0,4.5,3890,5906,2.0,0,3,3,11,3060,830,2004,0,98029,47.5426,-121.995,4170,6052
3379,3379,1775801340,20140606T000000,415000.0,3.0,1.75,1910,12596,1.0,0,0,3,7,1340,570,1977,0,98072,47.7399,-122.099,1550,13310
3380,3380,3574801780,20140505T000000,485000.0,4.0,3.0,2340,7048,1.0,0,0,4,8,1340,1000,1979,0,98034,47.7306,-122.227,1440,8088
3381,3381,7854800090,20141107T000000,799950.0,3.0,3.0,2900,11769,2.0,0,0,3,10,2900,0,1997,0,98052,47.6993,-122.118,2900,9611
3382,3382,4054530090,20150429T000000,783350.0,4.0,2.5,3290,35001,2.0,0,0,3,10,3290,0,1991,0,98077,47.7231,-122.038,4090,40371
3383,3383,8807900236,20141219T000000,430000.0,1.0,1.0,630,1362,1.0,0,0,3,7,630,0,1943,0,98109,47.6342,-122.342,1090,1376
3384,3384,1118001408,20141124T000000,2544750.0,5.0,4.75,5410,13431,2.0,0,0,4,10,5050,360,1941,0,98112,47.6306,-122.288,3750,11596
3385,3385,9290850740,20140618T000000,975000.0,4.0,2.5,4270,43386,1.0,0,0,3,10,2680,1590,1991,0,98053,47.6915,-122.053,3630,36180
3386,3386,3025059089,20150505T000000,950000.0,3.0,1.5,1700,8050,1.0,0,0,3,7,1130,570,1950,0,98004,47.6304,-122.218,2920,12239
3387,3387,923000265,20140806T000000,350000.0,2.0,1.0,1430,8157,1.5,0,0,3,7,1150,280,1944,0,98177,47.7256,-122.361,1820,8157
3388,3388,8901001335,20141103T000000,637000.0,4.0,2.75,2850,7510,2.0,0,0,3,8,2850,0,2008,0,98125,47.7097,-122.305,1510,8833
3389,3389,1523059066,20150219T000000,895000.0,3.0,2.0,2160,105415,1.0,0,0,3,10,2160,0,1991,0,98059,47.4806,-122.152,2760,9620
3390,3390,5249801785,20141205T000000,579000.0,2.0,2.0,1760,7200,1.0,0,0,5,7,880,880,1946,0,98118,47.5658,-122.276,1760,7200
3391,3391,2190601055,20140624T000000,314900.0,4.0,1.75,2700,27072,1.0,0,0,3,7,1380,1320,1958,0,98003,47.2877,-122.293,2460,34850
3392,3392,1917300025,20150127T000000,122000.0,2.0,1.0,860,6000,1.0,0,0,3,6,860,0,1945,0,98022,47.2109,-121.985,1300,6000
3393,3393,3797000300,20140808T000000,405000.0,2.0,1.0,880,3000,1.0,0,0,5,7,880,0,1927,0,98103,47.6868,-122.349,1300,3000
3394,3394,5332200026,20140508T000000,553650.0,2.0,2.5,1360,1349,2.0,0,0,3,8,1050,310,1997,0,98112,47.6254,-122.292,1430,4400
3395,3395,3278602760,20150203T000000,369900.0,2.0,2.5,1770,1853,3.0,0,0,3,8,1770,0,2007,0,98126,47.5472,-122.371,1770,1924
3396,3396,2721049059,20140528T000000,225000.0,3.0,2.0,2030,24829,1.0,0,0,4,7,1220,810,1979,0,98001,47.2718,-122.291,1980,15204
3397,3397,2172000750,20140527T000000,160000.0,2.0,1.0,1180,9350,1.0,0,0,3,6,1180,0,1918,0,98178,47.4889,-122.259,1780,9306
3398,3398,1022069058,20141009T000000,449500.0,4.0,2.0,2430,199940,1.0,0,0,3,8,1310,1120,1961,0,98038,47.4116,-122.029,2220,150282
3399,3399,249000115,20140828T000000,650000.0,3.0,1.0,1300,8266,1.0,0,0,4,7,1300,0,1953,0,98004,47.6337,-122.199,1300,8707
3400,3400,7214710300,20140716T000000,542126.0,4.0,2.5,2360,43088,2.0,0,0,3,8,2360,0,1977,0,98077,47.7661,-122.071,2850,39216
3401,3401,192450300,20140919T000000,309950.0,3.0,1.5,1200,15606,1.0,0,0,3,7,1200,0,1985,0,98045,47.4752,-121.755,1210,15606
3402,3402,3356403820,20141205T000000,115000.0,2.0,1.0,1000,16524,1.0,0,0,3,5,1000,0,1913,0,98001,47.2841,-122.255,1350,10208
3403,3403,8075400100,20141231T000000,221700.0,2.0,1.5,1556,20000,1.0,0,0,4,7,1556,0,1957,0,98032,47.3891,-122.282,2250,17286
3404,3404,1982200245,20150127T000000,726000.0,3.0,2.5,1890,3880,1.5,0,0,4,8,1460,430,1915,0,98107,47.6642,-122.362,1010,3880
3405,3405,7905200037,20141119T000000,515000.0,3.0,1.75,1810,5733,1.0,0,0,4,7,1010,800,1926,0,98116,47.5709,-122.388,1260,4680
3406,3406,2597531030,20140826T000000,756000.0,4.0,2.5,2730,10753,2.0,0,0,3,9,2730,0,1991,0,98006,47.5414,-122.133,3090,10740
3407,3407,5318100645,20140527T000000,1570000.0,4.0,3.75,3070,5850,2.0,0,0,5,9,2400,670,1927,0,98112,47.633,-122.283,2940,5573
3408,3408,7504400850,20140521T000000,442000.0,4.0,2.25,2080,12007,1.0,0,0,4,8,1220,860,1979,0,98074,47.6259,-122.051,2110,12459
3409,3409,1761300110,20140702T000000,260000.0,4.0,2.0,1620,7992,2.0,0,0,4,7,1620,0,1975,0,98031,47.395,-122.176,1710,7500
3410,3410,9390700100,20140910T000000,390000.0,2.0,1.75,1150,2723,1.0,0,0,4,7,770,380,1923,0,98102,47.6357,-122.322,1440,4000
3411,3411,7518503200,20140701T000000,459500.0,2.0,1.0,1250,3825,1.0,0,0,3,7,850,400,1929,0,98117,47.6805,-122.38,1370,4998
3412,3412,3971700940,20140930T000000,330000.0,3.0,1.5,1430,8000,1.0,0,0,5,7,1430,0,1948,0,98155,47.772,-122.322,1410,9820
3413,3413,1446403835,20141103T000000,189000.0,2.0,1.0,790,7128,1.0,0,0,3,6,790,0,1944,0,98168,47.4873,-122.324,1110,7150
3414,3414,9183702251,20141211T000000,280000.0,3.0,1.0,1200,9322,1.5,0,0,4,7,1200,0,1954,0,98030,47.3749,-122.225,1540,9677
3415,3415,5589900590,20140505T000000,400000.0,2.0,1.75,2110,9519,1.0,0,0,2,7,2110,0,1948,0,98155,47.7504,-122.306,1480,9519
3416,3416,7227501745,20150325T000000,368000.0,4.0,2.0,3160,11193,1.0,0,0,5,6,2410,750,1942,0,98056,47.4937,-122.184,1020,5940
3417,3417,2473350930,20140609T000000,390000.0,4.0,1.75,2700,7875,1.5,0,0,4,8,2700,0,1968,0,98058,47.45399999999999,-122.144,2220,7875
3418,3418,6450303820,20140930T000000,245000.0,2.0,1.0,820,7475,1.0,0,0,3,6,820,0,1945,0,98133,47.7321,-122.341,1030,5720
3419,3419,5469000100,20140806T000000,375000.0,4.0,2.5,1800,8432,1.0,0,0,4,7,1200,600,1960,0,98133,47.7463,-122.336,1780,8432
3420,3420,8679600100,20150130T000000,465000.0,5.0,1.5,1750,12491,1.0,0,0,3,6,1390,360,1961,0,98033,47.6995,-122.174,1560,12473
3421,3421,638100015,20150312T000000,445000.0,3.0,2.0,1540,67953,1.0,0,0,3,7,1540,0,1997,0,98059,47.5018,-122.126,1250,9100
3422,3422,3241600015,20150305T000000,250000.0,3.0,1.0,1130,7800,1.0,0,0,3,7,1130,0,1952,0,98118,47.5239,-122.288,1170,7800
3423,3423,6411600026,20141003T000000,475500.0,3.0,1.0,1500,9416,1.0,0,0,4,8,1500,0,1952,0,98133,47.7135,-122.332,1440,7200
3424,3424,3179101050,20140804T000000,672324.0,2.0,1.75,1600,5795,1.5,0,0,3,8,1600,0,1940,0,98105,47.6709,-122.276,2310,6301
3425,3425,5363200266,20140623T000000,420000.0,3.0,2.0,1200,5029,1.0,0,0,3,6,880,320,1937,0,98115,47.6936,-122.294,1510,5854
3426,3426,7518502490,20141229T000000,515000.0,3.0,2.0,1690,5100,1.5,0,0,5,7,1690,0,1907,0,98117,47.6801,-122.38,1690,5100
3427,3427,7732400490,20141105T000000,732350.0,4.0,2.5,2270,7665,2.0,0,0,3,9,2270,0,1986,0,98052,47.6612,-122.148,2450,8706
3428,3428,5416510110,20140605T000000,297500.0,4.0,2.5,1910,5000,2.0,0,0,3,7,1910,0,2005,0,98038,47.3608,-122.036,2020,5000
3429,3429,8604900017,20141008T000000,475000.0,3.0,1.5,1640,2720,1.5,0,0,3,8,1640,0,1929,0,98115,47.6869,-122.317,1490,4375
3430,3430,808300490,20150505T000000,414000.0,4.0,2.5,2120,6497,2.0,0,0,3,7,2120,0,2003,0,98019,47.7241,-121.957,2230,6300
3431,3431,6855700115,20140626T000000,357250.0,3.0,1.5,1400,8840,1.0,0,0,4,6,1400,0,1952,0,98125,47.7273,-122.309,1260,8840
3432,3432,9325800110,20141030T000000,289950.0,2.0,1.0,760,6000,1.0,0,0,4,6,760,0,1950,0,98133,47.7168,-122.34,950,6000
3433,3433,8121100015,20150505T000000,550000.0,3.0,1.0,1070,3713,1.0,0,0,4,6,1070,0,1917,0,98118,47.5683,-122.285,1290,3960
3434,3434,8568700015,20150423T000000,446000.0,3.0,1.75,1460,9998,1.0,0,0,3,7,960,500,1958,0,98028,47.7434,-122.242,1460,9998
3435,3435,6399600115,20141015T000000,279000.0,3.0,1.5,1280,16738,1.5,0,0,4,5,1280,0,1932,0,98038,47.3895,-122.023,1590,16317
3436,3436,5651010300,20140821T000000,370000.0,3.0,2.25,1650,4859,2.0,0,0,3,7,1650,0,1988,0,98011,47.7729,-122.172,1890,5018
3437,3437,3423049311,20141017T000000,216000.0,3.0,2.0,1260,4125,1.0,0,0,3,6,1260,0,1998,0,98188,47.4401,-122.279,1300,9091
3438,3438,7000100711,20140621T000000,1100000.0,3.0,2.5,2200,20000,1.0,0,1,3,7,1400,800,1952,0,98004,47.5809,-122.191,3050,11775
3439,3439,5482700115,20141020T000000,1280600.0,4.0,2.5,3560,15450,1.0,0,1,5,8,2060,1500,1977,0,98040,47.5657,-122.23,3680,17314
3440,3440,9349900110,20150217T000000,355000.0,2.0,1.5,1140,2500,1.0,0,1,3,7,630,510,1988,0,98106,47.5707,-122.359,1500,5000
3441,3441,9328510100,20140911T000000,699000.0,4.0,2.5,2550,7312,2.0,0,0,3,9,2550,0,1988,0,98008,47.6441,-122.113,2330,7480
3442,3442,6300500475,20140902T000000,412000.0,3.0,2.5,1553,1991,3.0,0,0,3,8,1553,0,2014,0,98133,47.7049,-122.34,1509,2431
3443,3443,7849200315,20150205T000000,276000.0,2.0,1.0,1140,7200,1.0,0,0,3,6,1140,0,1923,1951,98065,47.5265,-121.823,1110,7200
3444,3444,7813200115,20140904T000000,100000.0,2.0,1.0,790,6426,1.0,0,0,3,6,790,0,1944,0,98178,47.4933,-122.245,1380,6946
3445,3445,2851200100,20140701T000000,955500.0,4.0,1.75,2130,5080,1.5,0,0,3,8,2130,0,1914,1993,98119,47.6427,-122.363,1900,5080
3446,3446,2823059055,20150329T000000,199000.0,3.0,1.0,1390,21262,1.0,0,0,3,7,1390,0,1958,0,98058,47.4454,-122.185,1560,10800
3447,3447,7853301560,20140625T000000,762000.0,4.0,3.5,4000,15253,2.0,0,0,3,9,4000,0,2007,0,98065,47.5433,-121.887,3550,8747
3448,3448,9477001280,20140506T000000,425000.0,4.0,2.0,1520,7983,1.0,0,0,5,7,1520,0,1967,0,98034,47.7357,-122.193,1520,7783
3449,3449,7905200147,20141104T000000,546000.0,2.0,1.0,1657,5031,2.0,0,0,3,7,1657,0,1910,0,98116,47.5699,-122.389,2050,6201
3450,3450,6190701110,20150420T000000,419600.0,3.0,1.75,1680,8460,1.0,0,0,3,7,1180,500,1976,0,98133,47.7554,-122.353,1890,9529
3451,3451,871001500,20140623T000000,735000.0,4.0,2.25,2270,5102,1.0,0,0,5,8,1340,930,1954,0,98199,47.6528,-122.408,1800,5102
3452,3452,2559950110,20150422T000000,1234570.0,2.0,2.5,2470,609,3.0,0,0,3,11,1910,560,2011,0,98112,47.6182,-122.312,2440,1229
3453,3453,3693900245,20140707T000000,445000.0,2.0,2.0,1240,2500,2.0,0,0,3,7,1240,0,1985,0,98117,47.6793,-122.395,1660,5000
3454,3454,1023089140,20150106T000000,665000.0,3.0,2.0,1740,41275,1.0,0,0,3,8,1740,0,1974,1989,98045,47.4914,-121.763,2630,41275
3455,3455,3026059085,20150317T000000,1290000.0,5.0,3.5,4090,290980,1.0,0,0,3,11,2920,1170,2002,0,98034,47.7161,-122.219,1880,9255
3456,3456,3575302345,20141208T000000,508500.0,4.0,2.75,2520,12500,2.0,0,0,3,8,1720,800,1979,0,98074,47.6225,-122.064,2520,13000
3457,3457,1568100076,20141210T000000,345950.0,5.0,1.0,1340,11198,1.5,0,0,3,8,1340,0,1934,0,98155,47.736,-122.295,1390,8020
3458,3458,6600400090,20150113T000000,207500.0,3.0,1.0,1640,9750,1.0,0,0,3,7,1640,0,1968,0,98042,47.3256,-122.141,1200,9750
3459,3459,5451200110,20141204T000000,1075000.0,4.0,2.5,3000,10920,1.0,0,0,4,8,1550,1450,1969,0,98040,47.5347,-122.227,2380,10920
3460,3460,3204300090,20141110T000000,640000.0,3.0,1.0,1210,3720,2.0,0,0,4,8,1210,0,1930,0,98112,47.6317,-122.301,1560,6000
3461,3461,3023039066,20150323T000000,329500.0,3.0,1.0,1810,13068,1.0,0,0,4,7,1360,450,1941,0,98070,47.4482,-122.462,1400,13068
3462,3462,3824100246,20141021T000000,460000.0,4.0,2.75,2200,9676,1.0,0,0,3,8,1500,700,1979,0,98028,47.7713,-122.259,2120,9585
3463,3463,7768700315,20140630T000000,1230000.0,3.0,1.75,2200,14630,1.5,0,1,3,8,2200,0,1948,2003,98004,47.6074,-122.213,2850,15803
3464,3464,4154305290,20141120T000000,805000.0,5.0,3.0,2350,6480,2.0,0,3,4,7,1650,700,1924,1962,98118,47.558,-122.266,1840,7200
3465,3465,621069113,20141218T000000,200000.0,3.0,1.5,1090,10454,1.0,0,0,3,6,1090,0,1963,0,98042,47.3425,-122.082,1230,12196
3466,3466,1523059201,20150217T000000,749700.0,3.0,1.75,2280,77972,1.0,0,0,3,8,1460,820,1977,0,98059,47.4804,-122.151,2460,14430
3467,3467,1453602309,20140805T000000,288000.0,3.37287037037037,1.5,1430,1650,3.0,0,0,3,7,1430,0,1999,0,98125,47.7222,-122.29,1430,1650
3468,3468,7518504291,20141215T000000,535000.0,2.0,1.0,1520,3360,1.0,0,0,4,7,830,690,1927,0,98117,47.6815,-122.382,1470,3774
3469,3469,4058801240,20141028T000000,330000.0,3.0,2.25,1620,7150,1.0,0,2,4,7,1280,340,1950,0,98178,47.5048,-122.241,1620,6930
3470,3470,2313900165,20140730T000000,479200.0,3.0,2.0,1510,3750,1.5,0,0,4,7,1510,0,1928,0,98116,47.5737,-122.383,1500,5000
3471,3471,2122059206,20140513T000000,373000.0,5.0,2.5,3001,5710,2.0,0,0,3,8,3001,0,2006,0,98042,47.3727,-122.177,2340,5980
3472,3472,9282801720,20150319T000000,355000.0,4.0,1.5,2020,6000,1.0,0,0,4,7,1010,1010,1953,0,98178,47.5019,-122.235,1710,6000
3473,3473,9542840590,20140602T000000,275000.0,3.0,2.0,1380,4500,1.0,0,0,3,7,1380,0,2008,0,98038,47.3661,-122.021,1620,4000
3474,3474,2493200015,20140620T000000,380000.0,3.0,1.5,1520,4288,1.0,0,0,3,7,1020,500,1949,0,98136,47.5284,-122.387,1660,4288
3475,3475,9550202870,20150209T000000,417000.0,2.0,1.75,1090,4590,1.0,0,0,4,7,790,300,1915,0,98105,47.6677,-122.324,1390,4080
3476,3476,98000750,20141021T000000,1165000.0,5.0,3.75,4220,15959,2.0,0,0,3,11,4220,0,2004,0,98075,47.5869,-121.967,4630,16531
3477,3477,7504010900,20140926T000000,598500.0,3.0,2.25,2520,12000,1.0,0,0,3,10,2520,0,1978,0,98074,47.6381,-122.062,2510,12000
3478,3478,1370803820,20140602T000000,629000.0,3.0,2.0,1760,5000,1.0,0,0,5,7,960,800,1920,0,98199,47.6408,-122.403,1380,5000
3479,3479,1446401220,20141009T000000,226950.0,2.0,1.0,930,6600,1.0,0,0,3,6,930,0,1957,0,98168,47.4868,-122.33,1250,6600
3480,3480,868000615,20141231T000000,1225000.0,4.0,2.5,2600,11542,1.5,0,0,4,9,2200,400,1939,0,98177,47.7076,-122.377,2840,10960
3481,3481,6625910100,20150203T000000,415000.0,3.0,2.25,2180,11100,1.0,0,0,5,8,1700,480,1979,0,98056,47.5162,-122.176,2350,11397
3482,3482,3629870110,20150422T000000,595000.0,3.0,2.5,1910,3075,2.0,0,0,3,8,1910,0,2001,0,98029,47.5491,-122.005,1940,3485
3483,3483,8651400750,20141028T000000,209950.0,3.0,1.75,1100,5525,1.0,0,0,5,6,1100,0,1968,0,98042,47.3625,-122.084,1050,5200
3484,3484,925069111,20150507T000000,568000.0,3.0,1.75,1760,235224,1.0,0,0,3,7,1760,0,1973,0,98053,47.6735,-122.041,2320,87120
3485,3485,3352402250,20141021T000000,119900.0,2.0,1.0,700,3180,1.0,0,0,3,6,480,220,1951,0,98178,47.4976,-122.262,1760,6360
3486,3486,4168000110,20140826T000000,207000.0,3.0,1.0,1080,10200,1.0,0,0,4,7,1080,0,1962,0,98023,47.3215,-122.351,1230,10400
3487,3487,5647900930,20141215T000000,195000.0,3.0,1.0,1070,22489,1.0,0,0,3,7,1070,0,1967,0,98001,47.3278,-122.262,1880,20250
3488,3488,2523039278,20140624T000000,324950.0,3.0,1.5,1460,8710,1.0,0,0,3,7,1460,0,1955,0,98166,47.4561,-122.357,1400,8645
3489,3489,6149700405,20141222T000000,210000.0,1.0,1.0,1050,7583,1.0,0,0,4,6,1050,0,1947,0,98133,47.7294,-122.341,1420,7560
3490,3490,203100690,20150425T000000,1078000.0,4.0,2.75,3160,42733,2.0,0,0,3,9,3160,0,1995,0,98053,47.6367,-121.958,1890,24000
3491,3491,4410600100,20141204T000000,325088.0,4.0,1.0,1400,6739,1.0,0,0,3,7,1000,400,1954,0,98108,47.5402,-122.298,1500,6380
3492,3492,3223059303,20150116T000000,790000.0,4.0,3.0,3120,157875,2.0,0,0,4,8,3120,0,1977,0,98058,47.444,-122.187,1580,7050
3493,3493,522069097,20141125T000000,150000.0,2.0,1.0,720,212137,1.0,0,0,3,5,720,0,1982,0,98058,47.422,-122.066,2010,109642
3494,3494,2023069059,20141030T000000,790000.0,3.0,3.0,2840,206910,2.0,0,0,3,10,2840,0,1999,0,98059,47.469,-122.063,2070,25067
3495,3495,7987400356,20140512T000000,255000.0,2.0,1.0,1220,2500,1.0,0,0,3,6,770,450,1910,0,98126,47.5727,-122.372,1540,3000
3496,3496,461005360,20141107T000000,697000.0,4.0,3.0,2820,2850,1.5,0,0,5,7,1860,960,1928,0,98117,47.6813,-122.367,1570,4500
3497,3497,461004195,20141104T000000,457500.0,2.0,1.0,840,5000,1.0,0,0,4,7,840,0,1908,0,98117,47.6803,-122.371,1240,5000
3498,3498,9547204350,20140519T000000,690000.0,3.0,2.0,1610,5100,1.5,0,0,5,8,1610,0,1940,0,98115,47.6825,-122.307,1740,5100
3499,3499,2331300025,20150311T000000,967000.0,4.0,3.25,1860,4356,2.0,0,0,3,9,1860,0,1917,2005,98103,47.6785,-122.351,1860,4356
3500,3500,2288000090,20150429T000000,980000.0,4.0,1.75,2260,17711,1.0,0,1,4,9,2260,0,1968,0,98040,47.5498,-122.214,2880,16594
3501,3501,5525400300,20140521T000000,619420.0,4.0,2.75,2450,14803,2.0,0,0,4,9,2450,0,1988,0,98059,47.5261,-122.162,2330,14803
3502,3502,9523103001,20141013T000000,389000.0,2.0,1.0,850,3276,1.0,0,0,3,6,850,0,1910,0,98103,47.6742,-122.35,1460,4100
3503,3503,5249802460,20141210T000000,500000.0,3.0,1.0,1800,7200,1.0,0,0,3,7,1020,780,1964,0,98118,47.5616,-122.275,1740,5475
3504,3504,7000100850,20140926T000000,569000.0,4.0,1.75,1230,7890,1.0,0,1,4,7,1090,140,1950,0,98004,47.5808,-122.189,2380,13176
3505,3505,9477000300,20140728T000000,425000.0,4.0,2.25,2060,8540,1.0,0,0,4,7,1540,520,1967,0,98034,47.734,-122.19,1560,7700
3506,3506,8121100265,20140521T000000,635000.0,4.0,2.25,2750,6180,1.0,0,0,4,8,1500,1250,1948,0,98118,47.5691,-122.284,1740,6180
3507,3507,2817100900,20140519T000000,256500.0,2.0,1.0,1120,9912,1.0,0,0,4,6,1120,0,1980,0,98070,47.3735,-122.43,1540,9750
3508,3508,3578700017,20150123T000000,695000.0,4.0,2.5,3010,11393,2.0,0,0,3,8,3010,0,2005,0,98028,47.7389,-122.221,2810,11282
3509,3509,7550800195,20140730T000000,535000.0,4.0,1.5,1580,5000,1.5,0,0,3,7,1390,190,1945,0,98107,47.6735,-122.393,1580,5000
3510,3510,3449900090,20150410T000000,454200.0,4.0,2.5,2630,5379,2.0,0,0,3,8,2630,0,2004,0,98059,47.4977,-122.163,2630,5379
3511,3511,9232900165,20150123T000000,418500.0,2.0,1.0,790,5800,1.0,0,0,3,6,790,0,1943,0,98117,47.6973,-122.36,1460,5800
3512,3512,1137300900,20140605T000000,749950.0,4.0,2.75,3110,35235,2.0,0,0,4,9,3110,0,1983,0,98072,47.7355,-122.095,2790,35445
3513,3513,2617370090,20141019T000000,338500.0,3.0,1.75,2130,5489,1.0,0,0,3,8,1370,760,1999,0,98070,47.4489,-122.456,1750,7200
3514,3514,5452301800,20140722T000000,1250000.0,4.0,3.75,4520,9240,1.5,0,2,3,10,3270,1250,1992,0,98040,47.5897,-122.229,3380,9240
3515,3515,6648760100,20140711T000000,299950.0,3.0,2.5,1600,9830,2.0,0,0,4,8,1600,0,1993,0,98001,47.339,-122.266,1890,8910
3516,3516,798000337,20140731T000000,325000.0,4.0,1.75,1950,12500,1.0,0,0,3,7,1330,620,1963,0,98168,47.4999,-122.327,1760,11520
3517,3517,1737300110,20140826T000000,434000.0,4.0,3.0,2010,8171,2.0,0,0,3,8,2010,0,1973,0,98011,47.7688,-122.218,2090,8203
3518,3518,2817800100,20140701T000000,328950.0,4.0,1.75,2550,8976,1.0,0,0,5,7,1300,1250,1978,0,98058,47.4286,-122.179,2220,9477
3519,3519,5700003640,20140519T000000,2095000.0,5.0,3.75,5340,10655,2.5,0,3,4,10,3740,1600,1912,0,98144,47.5795,-122.285,3910,9418
3520,3520,824069156,20150429T000000,570000.0,4.0,2.0,2000,46902,2.0,0,0,3,8,2000,0,1978,0,98075,47.5851,-122.072,2420,38130
3521,3521,1997200165,20140916T000000,802000.0,3.0,2.25,2170,5001,2.0,0,0,3,8,2170,0,2014,0,98103,47.6937,-122.338,1700,6991
3522,3522,4083301645,20141024T000000,525000.0,3.0,1.0,1550,6840,1.5,0,0,3,7,1550,0,1918,0,98103,47.6572,-122.335,2370,4560
3523,3523,3880900245,20150202T000000,700000.0,6.0,3.0,2790,4550,2.5,0,0,4,8,2790,0,1907,0,98119,47.627,-122.361,2590,4550
3524,3524,1322059002,20150319T000000,350000.0,3.0,1.75,1980,273556,1.0,0,0,3,6,1040,940,1956,1999,98042,47.4012,-122.11,2180,217799
3525,3525,2426039313,20150218T000000,277500.0,2.0,1.5,1190,1236,3.0,0,0,3,7,1190,0,2005,0,98133,47.7274,-122.357,1390,1756
3526,3526,6448000090,20140512T000000,1575000.0,5.0,2.75,3650,20150,1.0,0,0,4,10,2360,1290,1975,0,98004,47.6215,-122.224,3220,19800
3527,3527,8005100025,20140919T000000,195000.0,3.0,1.0,1510,4350,1.5,0,0,5,6,1510,0,1913,0,98022,47.2052,-121.987,1210,5500
3528,3528,2891000750,20140821T000000,222000.0,3.0,2.0,1200,6074,1.0,0,0,3,7,1200,0,1968,0,98002,47.325,-122.205,1430,6338
3529,3529,5456000110,20150416T000000,865000.0,5.0,3.0,2830,8854,1.0,0,0,4,8,1500,1330,1979,0,98040,47.5743,-122.209,2260,8604
3530,3530,5393601050,20140509T000000,445000.0,4.0,2.0,1650,6000,1.0,0,0,5,7,1000,650,1959,0,98144,47.5834,-122.307,1540,6000
3531,3531,2979801095,20141209T000000,495800.0,4.0,1.5,1710,4600,1.5,0,0,3,7,1710,0,1924,0,98115,47.6847,-122.318,1740,4455
3532,3532,6840701095,20150403T000000,548500.0,3.0,1.0,1740,4400,1.5,0,0,3,7,1740,0,1924,0,98122,47.6059,-122.3,1720,4400
3533,3533,2221000100,20140507T000000,310000.0,3.0,1.75,1840,10723,1.0,0,0,4,7,1220,620,1974,0,98058,47.429,-122.154,1590,9820
3534,3534,5070000100,20140711T000000,205000.0,3.0,1.5,1820,8585,1.0,0,0,4,7,1820,0,1962,0,98055,47.4479,-122.213,1740,10088
3535,3535,3793501450,20140910T000000,470000.0,5.0,3.75,3860,6901,2.0,0,0,3,7,3860,0,2003,0,98038,47.3694,-122.032,3000,8584
3536,3536,321079066,20150423T000000,430000.0,3.0,1.5,1810,349351,1.5,0,0,3,7,1810,0,2002,0,98010,47.3392,-121.897,2480,339332
3537,3537,2026049125,20150501T000000,310000.0,2.0,2.0,1030,2271,3.0,0,0,3,7,1030,0,1999,0,98125,47.7263,-122.314,1439,1387
3538,3538,1844500025,20150325T000000,355000.0,4.0,1.0,1410,7693,1.5,0,0,4,7,1410,0,1953,0,98133,47.7604,-122.331,1330,8395
3539,3539,3541600405,20150127T000000,621500.0,5.0,2.5,2140,15950,1.0,0,2,4,8,1370,770,1968,0,98166,47.4797,-122.358,2600,14273
3540,3540,1823049202,20140610T000000,175000.0,6.0,1.5,1930,8400,1.0,0,0,3,7,1030,900,1971,0,98146,47.4869,-122.34,1780,9520
3541,3541,1823049202,20150107T000000,326000.0,6.0,1.5,1930,8400,1.0,0,0,3,7,1030,900,1971,0,98146,47.4869,-122.34,1780,9520
3542,3542,1563100705,20140912T000000,690000.0,4.0,3.5,1930,5400,1.5,0,2,3,7,1930,0,1920,0,98116,47.5679,-122.409,1500,3340
3543,3543,7968200090,20140819T000000,335000.0,4.0,2.5,2210,7214,2.0,0,0,3,8,2210,0,2003,0,98003,47.3554,-122.298,2270,7246
3544,3544,5379802816,20150224T000000,197000.0,4.0,1.0,1360,11175,1.0,0,0,3,7,1360,0,1961,0,98188,47.4551,-122.272,1340,9702
3545,3545,3340401570,20140703T000000,312500.0,3.0,1.75,1830,7969,1.0,0,0,3,7,930,900,1950,2008,98055,47.4667,-122.214,1790,7425
3546,3546,7300700056,20141029T000000,436000.0,3.0,2.25,2120,6710,1.0,0,0,5,7,1420,700,1959,0,98155,47.7461,-122.324,1880,6960
3547,3547,1257201130,20141001T000000,1015000.0,4.0,2.5,2700,4590,2.0,0,0,3,8,2700,0,2002,0,98103,47.6734,-122.329,2080,3570
3548,3548,7526400100,20140826T000000,805000.0,4.0,2.5,3160,35225,2.0,0,1,3,9,2250,910,1992,0,98006,47.5672,-122.111,3460,17223
3549,3549,7504400750,20150105T000000,652427.0,4.0,2.25,2770,13129,2.0,0,0,4,8,2770,0,1979,0,98074,47.6268,-122.05,2400,13129
3550,3550,1525059112,20141018T000000,1008000.0,3.0,2.5,2240,41339,1.0,0,0,4,9,2240,0,1945,1992,98005,47.6483,-122.163,2900,45738
3551,3551,7300410300,20141106T000000,355000.0,4.0,2.5,2570,6466,2.0,0,0,3,9,2570,0,1999,0,98092,47.3324,-122.17,2520,6667
3552,3552,1326039039,20140729T000000,334550.0,2.0,1.0,880,12000,1.0,0,0,3,7,880,0,1939,0,98133,47.7436,-122.356,1960,9395
3553,3553,8100400110,20140708T000000,557500.0,3.0,2.25,1820,9670,2.0,0,0,3,8,1820,0,1984,0,98052,47.6382,-122.11,2160,11424
3554,3554,6385900090,20141103T000000,277500.0,4.0,2.25,1660,7184,1.0,0,0,3,7,1110,550,1963,0,98188,47.4678,-122.294,1640,7200
3555,3555,7229000025,20140707T000000,300000.0,4.0,3.0,2200,10800,1.0,0,0,3,6,2200,0,1960,0,98058,47.4476,-122.169,1430,10800
3556,3556,6145602355,20150225T000000,325000.0,4.0,1.0,1640,3844,1.5,0,0,4,7,1460,180,1928,0,98133,47.7017,-122.354,1230,3844
3557,3557,3600057,20150319T000000,402500.0,4.0,2.0,1650,3504,1.0,0,0,3,7,760,890,1951,2013,98144,47.5803,-122.294,1480,3504
3558,3558,4040200490,20140820T000000,461000.0,3.0,1.75,1420,5170,1.0,0,0,4,7,1420,0,1963,0,98007,47.6151,-122.145,2250,7700
3559,3559,2919201095,20150327T000000,540000.0,3.0,1.0,1270,3840,1.5,0,0,3,7,1270,0,1926,0,98103,47.6896,-122.357,1270,4175
3560,3560,5248800625,20150316T000000,385000.0,3.0,1.0,1070,4000,1.0,0,0,4,7,1070,0,1971,0,98108,47.5529,-122.305,1090,4000
3561,3561,1257201295,20140708T000000,480000.0,2.0,1.0,1060,3040,1.0,0,0,3,7,860,200,1924,0,98103,47.6725,-122.329,1470,3814
3562,3562,3342700371,20140609T000000,539950.0,3.0,2.25,2190,7149,1.0,0,1,4,8,1240,950,1963,0,98056,47.5243,-122.204,3500,7149
3563,3563,1724079013,20140718T000000,529000.0,3.0,2.25,1940,217800,2.0,0,0,3,9,1940,0,1990,0,98024,47.5636,-121.932,2580,83558
3564,3564,2770606822,20140820T000000,417000.0,3.0,2.5,1300,877,2.0,0,0,3,7,1060,240,2008,0,98199,47.6591,-122.392,1320,1414
3565,3565,5706201930,20150217T000000,405000.0,3.0,1.5,1330,12500,1.0,0,0,3,7,1330,0,1966,0,98027,47.5263,-122.051,2310,12500
3566,3566,8731800300,20140723T000000,299000.0,3.0,2.25,1940,9100,1.0,0,0,4,8,1630,310,1966,0,98023,47.3133,-122.364,2080,9100
3567,3567,3751600457,20140813T000000,299000.0,3.0,1.75,2100,15480,1.0,0,0,3,7,2100,0,1983,0,98001,47.2924,-122.271,1330,15657
3568,3568,9169100214,20140514T000000,372220.0,3.0,1.0,1290,5500,1.0,0,0,3,7,980,310,1951,0,98136,47.5266,-122.392,1680,5000
3569,3569,809000820,20140522T000000,494400.0,2.0,1.75,1560,1750,1.0,0,0,4,6,780,780,1904,0,98109,47.6347,-122.355,1850,3600
3570,3570,9460000110,20140924T000000,280000.0,3.0,1.75,2630,6500,1.0,0,0,3,7,1330,1300,1958,0,98055,47.4878,-122.221,2520,6500
3571,3571,7888780090,20141121T000000,277950.0,3.0,2.5,2100,6021,2.0,0,0,3,7,2100,0,1992,0,98023,47.2917,-122.375,2091,7547
3572,3572,2423059067,20141219T000000,770000.0,3.0,2.75,2070,54557,2.0,0,0,3,8,2070,0,1996,0,98058,47.4659,-122.116,2190,49658
3573,3573,1331900110,20141008T000000,760000.0,4.0,2.5,2960,28005,2.0,0,0,3,10,2960,0,1989,0,98072,47.7477,-122.117,3510,35248
3574,3574,6600490300,20150126T000000,230000.0,2.0,2.0,1300,3608,1.0,0,0,3,7,1300,0,2004,0,98198,47.3623,-122.309,1510,3608
3575,3575,6042000090,20141002T000000,525000.0,4.0,2.5,2520,7731,2.0,0,0,3,9,2520,0,1994,0,98155,47.7709,-122.297,2000,7704
3576,3576,7846700850,20140701T000000,307000.0,3.0,1.0,1150,6000,1.5,0,0,3,7,1150,0,1927,0,98045,47.4963,-121.787,1210,7700
3577,3577,5381600110,20140618T000000,253779.0,4.0,2.0,2030,9600,1.5,0,0,3,6,1430,600,1947,0,98188,47.4459,-122.272,1820,14600
3578,3578,3459100300,20140617T000000,405000.0,3.0,1.5,1880,7400,1.0,0,0,3,8,1480,400,1968,0,98155,47.7743,-122.27,1820,8660
3579,3579,8151600590,20150312T000000,360000.0,2.0,1.0,2320,11250,2.0,0,0,4,6,2320,0,1942,0,98146,47.504,-122.362,1620,11250
3580,3580,7936000252,20150511T000000,521000.0,2.0,1.0,1050,7500,1.5,0,3,4,6,1050,0,1910,0,98116,47.5577,-122.399,2540,13680
3581,3581,2825059256,20140926T000000,680000.0,4.0,2.5,3030,13068,2.0,0,0,3,9,3030,0,1978,0,98005,47.6313,-122.172,2940,11999
3582,3582,1925069006,20141203T000000,355000.0,1.0,0.75,530,33278,1.0,0,2,4,4,530,0,1950,0,98074,47.6412,-122.079,2830,14311
3583,3583,1274500300,20140623T000000,200000.0,3.0,1.5,1090,9600,1.0,0,0,4,7,1090,0,1968,0,98042,47.3639,-122.109,1240,9620
3584,3584,7129304085,20140708T000000,330000.0,3.0,2.25,2220,4060,1.0,0,0,3,7,1330,890,1993,0,98118,47.5188,-122.265,1930,5625
3585,3585,104540820,20140812T000000,221000.0,3.0,2.25,1430,5999,2.0,0,0,3,7,1430,0,1987,0,98023,47.3116,-122.358,1600,5999
3586,3586,9272200090,20150204T000000,1598890.0,4.0,4.5,3780,6000,2.0,0,4,4,11,2770,1010,1910,1977,98116,47.5922,-122.388,2660,6000
3587,3587,1787600164,20140723T000000,310000.0,2.0,1.0,1560,4920,1.0,0,0,4,6,780,780,1947,0,98125,47.7248,-122.325,1760,7510
3588,3588,8127700215,20150409T000000,862000.0,4.0,2.25,2220,4200,1.5,0,0,5,8,1310,910,1932,0,98199,47.6418,-122.394,2020,4940
3589,3589,7348200115,20140619T000000,200000.0,3.0,1.5,1140,8340,1.0,0,0,3,7,1140,0,1960,0,98168,47.4773,-122.28,1140,8340
3590,3590,7752200100,20140930T000000,630000.0,4.0,2.5,2540,11100,1.0,0,0,5,7,2540,0,1957,0,98008,47.6317,-122.124,1560,11100
3591,3591,3904901570,20150320T000000,432250.0,3.0,2.25,1440,6232,2.0,0,0,3,7,1440,0,1985,0,98029,47.5658,-122.018,1740,5999
3592,3592,1238501116,20150123T000000,478000.0,3.0,2.25,1570,9500,1.0,0,0,4,7,1070,500,1977,0,98033,47.6843,-122.185,2250,9583
3593,3593,9392500100,20140723T000000,249000.0,4.0,2.25,1860,9576,1.0,0,0,3,7,1400,460,1962,0,98032,47.3612,-122.284,1860,9576
3594,3594,7857003465,20140605T000000,495000.0,5.0,3.0,2440,4750,1.0,0,0,3,9,1450,990,2006,0,98108,47.5485,-122.302,1420,5940
3595,3595,4038700930,20141113T000000,630000.0,4.0,2.5,2100,8800,1.0,0,2,4,7,1240,860,1960,0,98008,47.6146,-122.114,2000,8800
3596,3596,6979920090,20140626T000000,550000.0,4.0,2.5,2150,27540,2.0,0,0,3,8,2150,0,1997,0,98053,47.637,-121.969,2150,27540
3597,3597,1515920090,20140919T000000,350000.0,3.0,2.5,2440,18674,2.0,0,0,4,8,2440,0,1994,0,98042,47.3672,-122.126,2530,10603
3598,3598,2473100090,20141202T000000,270000.0,5.0,1.5,1930,7480,2.0,0,0,3,7,1930,0,1966,0,98058,47.4503,-122.157,1480,7705
3599,3599,6402700100,20141007T000000,488250.0,4.0,2.0,1830,9610,1.0,0,0,3,7,1830,0,1963,0,98033,47.695,-122.176,1970,10754
3600,3600,104530490,20140516T000000,248000.0,4.0,3.5,1850,6519,2.0,0,0,3,7,1130,720,1986,0,98023,47.3087,-122.354,1280,6664
3601,3601,2487200940,20140814T000000,889000.0,4.0,3.5,3210,5000,3.0,0,0,3,9,3210,0,2014,0,98136,47.5203,-122.393,1360,5000
3602,3602,6132600315,20140827T000000,375000.0,1.0,1.0,1090,5250,1.0,0,0,3,6,980,110,1927,0,98117,47.6999,-122.391,2160,5250
3603,3603,6848200475,20141126T000000,933000.0,3.0,1.5,1870,3300,2.0,0,2,3,7,1870,0,1906,0,98102,47.6221,-122.325,1820,2460
3604,3604,2141310490,20150102T000000,625000.0,3.0,2.25,1920,8412,1.0,0,2,3,8,1460,460,1977,0,98006,47.5578,-122.132,2490,8700
3605,3605,7571200110,20140728T000000,328000.0,2.0,1.0,700,4350,1.0,0,0,3,6,700,0,1943,0,98116,47.5577,-122.391,1620,5100
3606,3606,5072300100,20140718T000000,470000.0,4.0,2.25,3380,9900,1.0,0,2,4,8,1690,1690,1969,0,98166,47.4438,-122.34,2390,9900
3607,3607,3342103148,20150213T000000,502500.0,5.0,2.5,2430,6168,2.0,0,0,3,8,2430,0,2007,0,98056,47.5237,-122.199,2150,8400
3608,3608,1770000090,20150407T000000,484000.0,3.0,1.75,1950,17400,1.0,0,0,3,7,1210,740,1976,0,98072,47.7424,-122.091,1900,17250
3609,3609,8658303585,20140807T000000,252500.0,2.0,1.0,900,7500,1.0,0,0,4,6,900,0,1961,0,98014,47.6481,-121.916,1190,10000
3610,3610,1115400090,20140821T000000,610000.0,3.0,2.5,2060,8893,2.0,0,0,3,8,2060,0,1987,0,98006,47.5615,-122.165,2650,8500
3611,3611,4400800061,20140725T000000,419000.0,4.0,2.0,2180,10447,1.0,0,0,4,8,1280,900,1969,0,98155,47.7675,-122.279,2190,10987
3612,3612,4137000590,20140717T000000,322500.0,4.0,2.25,2140,9377,2.0,0,0,4,8,2140,0,1986,0,98092,47.2649,-122.218,2030,7846
3613,3613,809000945,20150106T000000,563000.0,6.0,1.0,1730,2760,1.5,0,0,3,7,1250,480,1918,0,98109,47.6342,-122.353,1630,3200
3614,3614,4397000100,20150324T000000,464000.0,4.0,2.5,3140,12591,2.0,0,0,3,9,3140,0,1993,0,98042,47.3826,-122.146,2650,11720
3615,3615,3426049031,20140617T000000,870000.0,4.0,4.25,3010,4887,2.0,0,3,4,10,1940,1070,1951,1996,98115,47.6933,-122.272,2540,9375
3616,3616,4310702775,20150203T000000,280000.0,2.0,1.5,800,1196,2.0,0,0,3,8,800,0,2003,0,98103,47.6972,-122.341,1020,1087
3617,3617,8965450110,20140912T000000,850000.0,3.0,2.5,3300,11570,2.0,0,0,3,9,3300,0,1994,0,98006,47.5599,-122.121,3280,11446
3618,3618,2887700805,20141022T000000,458950.0,2.0,1.0,1530,4370,1.0,0,0,3,7,1130,400,1946,0,98115,47.6888,-122.308,1580,4275
3619,3619,1446401460,20150422T000000,122000.0,2.0,1.0,760,5280,1.0,0,0,3,6,760,0,1946,0,98168,47.483,-122.33,1710,6594
3620,3620,225039175,20140513T000000,525000.0,5.0,3.0,2450,4591,2.0,0,0,3,7,2450,0,1994,0,98117,47.6828,-122.388,1060,5500
3621,3621,1151100165,20140716T000000,286300.0,2.0,1.0,1000,31838,1.0,0,0,3,7,1000,0,1962,0,98045,47.4789,-121.779,1490,39747
3622,3622,4330600301,20140718T000000,218450.0,2.0,1.0,840,7425,1.0,0,0,4,6,840,0,1952,0,98166,47.4749,-122.339,1300,11674
3623,3623,2767602141,20140905T000000,525000.0,3.0,1.5,1380,4290,1.0,0,0,3,7,1080,300,1955,0,98107,47.674,-122.379,1510,3900
3624,3624,2767602141,20141222T000000,650000.0,3.0,1.5,1380,4290,1.0,0,0,3,7,1080,300,1955,0,98107,47.674,-122.379,1510,3900
3625,3625,2223089048,20140625T000000,356000.0,4.0,2.0,2020,48693,1.5,0,0,3,7,2020,0,1949,0,98045,47.4646,-121.759,1610,34900
3626,3626,3693900985,20140529T000000,436500.0,2.0,1.0,1260,5000,1.0,0,0,3,7,1040,220,1951,0,98117,47.6782,-122.397,1510,5000
3627,3627,3574801790,20140807T000000,410000.0,3.0,1.75,1440,7112,1.0,0,0,3,7,1180,260,1979,0,98034,47.7304,-122.227,1570,9152
3628,3628,2568800121,20140911T000000,512500.0,4.0,1.75,1540,8311,1.0,0,0,4,7,1540,0,1950,0,98125,47.7046,-122.293,1890,7996
3629,3629,5249804560,20140818T000000,510000.0,4.0,1.0,1060,7200,1.0,0,1,3,6,880,180,1925,0,98118,47.5591,-122.268,1910,7200
3630,3630,7811100100,20140918T000000,566000.0,4.0,1.75,1900,10297,1.0,0,0,4,8,1900,0,1966,0,98005,47.5944,-122.155,2220,9612
3631,3631,6116500300,20140910T000000,525000.0,3.0,1.75,2870,26500,1.5,0,1,3,8,2870,0,1948,1981,98166,47.4485,-122.355,2420,20500
3632,3632,2489200165,20140807T000000,435000.0,3.0,1.0,1050,5500,1.0,0,0,3,6,930,120,1920,0,98126,47.5402,-122.38,1410,5834
3633,3633,425079100,20141231T000000,406500.0,3.0,2.75,1840,68479,1.0,0,2,3,8,1340,500,1989,0,98014,47.6802,-121.908,2060,61903
3634,3634,1828001220,20141007T000000,550000.0,5.0,2.75,3000,9473,1.0,0,0,3,8,1500,1500,1966,0,98052,47.6567,-122.13,2050,8820
3635,3635,5602000025,20150226T000000,251000.0,3.0,2.0,1200,10212,1.5,0,0,5,6,1200,0,1949,0,98022,47.206,-121.998,1280,10212
3636,3636,191101015,20141211T000000,830000.0,3.0,1.5,1840,10125,1.0,0,0,4,8,1220,620,1959,0,98040,47.5607,-122.217,2320,10160
3637,3637,4249000100,20150414T000000,803000.0,4.0,2.5,2790,7673,2.0,0,0,3,9,2790,0,1989,0,98052,47.6692,-122.136,2740,7837
3638,3638,7877400266,20150407T000000,206000.0,3.0,1.0,970,9360,1.0,0,0,4,5,970,0,1942,0,98002,47.2808,-122.225,1050,11348
3639,3639,7657000165,20140730T000000,200000.0,4.0,1.0,1070,7467,1.5,0,0,3,7,1070,0,1944,0,98178,47.4942,-122.235,1160,7467
3640,3640,4302200535,20140506T000000,219000.0,2.0,1.0,900,5160,1.0,0,0,3,6,900,0,1952,0,98106,47.525,-122.356,900,5160
3641,3641,369000881,20140905T000000,777000.0,4.0,4.0,2680,6000,1.0,0,0,3,7,1380,1300,1962,2014,98199,47.6557,-122.388,1930,6000
3642,3642,7527200110,20150218T000000,593700.0,3.0,2.5,2000,22000,2.0,0,0,3,8,2000,0,1979,0,98075,47.59,-122.081,2180,19800
3643,3643,1561600025,20140603T000000,712500.0,3.0,1.5,1660,8797,1.0,0,0,4,7,1660,0,1956,0,98004,47.5892,-122.202,2350,10053
3644,3644,2813100100,20140714T000000,600000.0,4.0,1.5,1770,6014,1.5,0,0,4,7,1240,530,1946,0,98116,47.5773,-122.393,1740,6014
3645,3645,3179100755,20150330T000000,554663.0,3.0,2.0,1230,6802,1.5,0,0,3,7,1230,0,1940,0,98105,47.6712,-122.279,1850,6398
3646,3646,1422700110,20140703T000000,267000.0,3.0,1.0,1740,10875,1.0,0,0,4,7,1020,720,1962,0,98188,47.4682,-122.283,1470,8532
3647,3647,1075100090,20140924T000000,390000.0,3.0,2.0,1710,8910,1.0,0,0,5,7,1710,0,1953,0,98133,47.7719,-122.338,1430,8493
3648,3648,7338402690,20150401T000000,335000.0,6.0,2.0,2020,7071,1.0,0,0,3,7,1010,1010,1979,0,98108,47.5329,-122.294,2020,5000
3649,3649,5451210100,20150423T000000,938000.0,4.0,2.5,2410,9886,1.0,0,0,5,8,1990,420,1975,0,98040,47.5351,-122.223,2530,10658
3650,3650,7523900300,20150407T000000,370000.0,4.0,2.75,2310,14745,1.0,0,0,3,7,1410,900,1993,0,98198,47.377,-122.31,2060,9678
3651,3651,7237300090,20150402T000000,335000.0,5.0,2.5,2400,4548,2.0,0,0,3,7,2400,0,2003,0,98042,47.371,-122.127,2200,4465
3652,3652,4083303815,20150421T000000,695000.0,5.0,2.0,3160,3990,1.5,0,0,3,7,1870,1290,1923,0,98103,47.654,-122.337,1780,4240
3653,3653,6117501015,20140606T000000,387500.0,3.0,1.0,1560,14333,1.0,0,0,4,7,1560,0,1953,0,98166,47.432,-122.348,1640,14333
3654,3654,6700390100,20150318T000000,245000.0,3.0,2.5,1770,6187,2.0,0,0,3,7,1770,0,1992,0,98031,47.4034,-122.189,1650,7200
3655,3655,7334401450,20140729T000000,308550.0,3.0,2.0,1600,13200,1.0,0,0,3,7,1600,0,1990,0,98045,47.4656,-121.756,1360,11520
3656,3656,8588000315,20140624T000000,225000.0,3.0,1.75,1330,13102,1.0,0,0,3,7,1330,0,1968,0,98003,47.3172,-122.322,1270,11475
3657,3657,3121500100,20140903T000000,715000.0,4.0,2.5,2970,29163,2.0,0,0,3,9,2970,0,1993,0,98053,47.6717,-122.025,3100,31105
3658,3658,726049202,20150506T000000,335000.0,3.0,1.0,1020,10200,1.0,0,0,4,7,1020,0,1954,0,98133,47.7503,-122.348,1170,8188
3659,3659,3629760110,20140821T000000,634000.0,3.0,2.5,2490,4904,2.0,0,0,3,9,2490,0,2003,0,98029,47.5451,-122.014,2370,4050
3660,3660,8692800025,20140514T000000,337500.0,5.0,2.0,1700,7314,1.0,0,0,3,7,1000,700,1956,0,98108,47.549,-122.305,2000,7176
3661,3661,4392200165,20140904T000000,440000.0,1.0,1.0,850,6567,1.0,0,0,4,6,850,0,1940,0,98010,47.327,-122.039,2160,9794
3662,3662,1023089228,20140717T000000,350000.0,3.0,1.75,1250,13775,1.0,0,2,3,7,1250,0,1990,0,98045,47.4981,-121.772,1260,13707
3663,3663,7625702615,20150114T000000,400000.0,2.0,1.0,610,4560,1.0,0,0,3,5,610,0,1918,0,98136,47.5498,-122.383,930,1392
3664,3664,8081030090,20140815T000000,1288000.0,4.0,3.5,3700,13175,2.0,0,0,4,11,3700,0,1989,0,98006,47.5471,-122.133,3880,15508
3665,3665,2201500490,20150406T000000,435000.0,3.0,1.0,950,10080,1.0,0,0,4,7,950,0,1954,0,98006,47.572,-122.139,1060,10000
3666,3666,7853250090,20140929T000000,681000.0,4.0,2.5,3860,5130,2.0,0,0,3,8,2930,930,2004,0,98065,47.5387,-121.879,3130,6163
3667,3667,7133300044,20140629T000000,397000.0,3.0,3.5,1360,1275,2.0,0,0,3,8,1240,120,2007,0,98144,47.5904,-122.315,1360,1275
3668,3668,293700110,20140926T000000,775000.0,4.0,2.5,3890,34513,2.0,0,0,3,10,3890,0,1996,0,98077,47.7749,-122.048,3600,28435
3669,3669,4038100110,20140707T000000,480000.0,3.0,2.25,1680,9090,1.0,0,0,4,7,1130,550,1959,0,98008,47.6068,-122.13,1960,9090
3670,3670,7697870600,20140909T000000,158000.0,3.0,2.5,1520,7200,2.0,0,0,4,7,1520,0,1985,0,98030,47.3679,-122.182,1780,7210
3671,3671,8847400115,20140723T000000,590000.0,3.0,2.0,2420,208652,1.5,0,0,3,8,2420,0,2005,0,98010,47.3666,-121.978,3180,212137
3672,3672,7853240100,20140902T000000,772500.0,5.0,2.75,3890,9130,2.0,0,0,3,9,3890,0,2004,0,98065,47.5407,-121.86,3450,8361
3673,3673,326049058,20150217T000000,464500.0,5.0,1.5,2940,13425,1.0,0,0,3,8,1470,1470,1955,0,98155,47.7632,-122.29,1580,8200
3674,3674,8732800090,20150424T000000,281000.0,3.0,1.75,1350,8737,1.0,0,0,3,7,1350,0,1966,0,98188,47.4378,-122.279,1600,8928
3675,3675,2526059086,20140722T000000,620000.0,3.0,2.25,2190,45738,1.0,0,0,3,8,2190,0,1990,0,98052,47.7108,-122.12,2970,4496
3676,3676,2391600165,20140617T000000,475000.0,3.0,2.25,2280,5750,1.0,0,1,4,7,1150,1130,1985,0,98116,47.5641,-122.393,1500,5060
3677,3677,7225000090,20141017T000000,245000.0,2.0,2.0,1070,4500,1.0,0,0,4,6,910,160,1932,0,98055,47.4896,-122.204,1280,4500
3678,3678,1868901295,20140729T000000,660000.0,5.0,2.25,2540,3750,1.5,0,0,4,7,1510,1030,1925,0,98115,47.6729,-122.299,1780,3750
3679,3679,6072100490,20141204T000000,527500.0,4.0,2.25,2270,8480,1.0,0,0,5,8,1310,960,1973,0,98006,47.5448,-122.174,1910,9050
3680,3680,2522069064,20141027T000000,135000.0,2.0,1.0,1220,7250,1.0,0,0,4,6,1220,0,1914,0,98010,47.3585,-121.975,1350,20250
3681,3681,806800090,20150506T000000,275000.0,3.0,1.75,1890,5000,1.0,0,0,3,7,1890,0,2003,0,98092,47.3357,-122.175,2960,5421
3682,3682,7228500375,20150210T000000,430000.0,4.0,2.0,1990,4740,1.0,0,0,3,7,1080,910,1926,0,98122,47.6112,-122.303,1560,2370
3683,3683,2891100820,20140825T000000,213500.0,3.0,1.0,1220,6000,1.0,0,0,4,7,1220,0,1968,0,98002,47.3245,-122.209,1420,6000
3684,3684,8564850300,20140912T000000,535000.0,3.0,3.0,2640,5978,2.0,0,0,3,9,2640,0,2012,0,98045,47.4759,-121.735,2680,6060
3685,3685,3861400061,20150213T000000,641000.0,3.0,1.75,1480,9603,1.0,0,0,3,7,1480,0,1952,0,98004,47.5915,-122.202,2660,10766
3686,3686,3343903647,20141028T000000,436300.0,3.0,2.0,2320,9420,1.0,0,0,5,7,2320,0,1952,0,98056,47.5133,-122.196,2030,9420
3687,3687,809002680,20141014T000000,1440000.0,4.0,1.75,2410,6000,1.5,0,0,3,8,2410,0,1911,0,98109,47.6369,-122.355,1280,4000
3688,3688,5450300195,20150327T000000,830000.0,4.0,2.75,2090,13500,1.0,0,0,4,8,2090,0,1949,0,98040,47.573,-122.225,2130,13500
3689,3689,1231001110,20140722T000000,380000.0,3.0,1.0,920,3532,1.0,0,0,3,6,920,0,1910,0,98118,47.5539,-122.268,1250,4000
3690,3690,6303401050,20150220T000000,132500.0,3.0,0.75,850,8573,1.0,0,0,3,6,600,250,1945,0,98146,47.503,-122.356,850,8382
3691,3691,1003400245,20141201T000000,179950.0,3.0,1.0,1130,9907,1.0,0,0,3,7,1130,0,1954,0,98188,47.4362,-122.286,1320,9907
3692,3692,7468900245,20150420T000000,188200.0,3.0,1.0,1260,7265,1.0,0,0,4,7,1260,0,1954,0,98002,47.2979,-122.224,940,7200
3693,3693,5021900265,20140702T000000,659000.0,4.0,2.0,2090,10800,1.0,0,0,4,7,2090,0,1951,0,98040,47.5759,-122.223,2090,10800
3694,3694,8100900015,20141022T000000,317000.0,3.0,2.0,2020,7260,1.5,0,0,3,7,1180,840,1926,0,98108,47.5496,-122.311,1400,5950
3695,3695,573000490,20141124T000000,625000.0,3.0,2.25,1970,4564,1.0,0,0,3,8,1470,500,1959,0,98199,47.6703,-122.41,1980,5000
3696,3696,4022900837,20140613T000000,350000.0,3.0,1.75,1820,9545,1.0,0,0,3,7,1230,590,1976,0,98155,47.7772,-122.296,1790,9530
3697,3697,475001295,20140625T000000,750000.0,3.0,1.5,1840,5000,1.5,0,0,5,7,1340,500,1915,0,98107,47.6652,-122.362,1840,5000
3698,3698,5256500025,20140827T000000,457000.0,4.0,1.75,2100,10358,1.0,0,0,5,8,1280,820,1959,0,98133,47.7478,-122.338,2080,9000
3699,3699,2767601390,20150304T000000,632500.0,4.0,2.0,1770,5000,2.0,0,0,4,7,1770,0,1906,0,98107,47.6748,-122.386,1550,5000
3700,3700,6700400110,20140702T000000,223000.0,3.0,2.0,1110,7231,1.0,0,0,4,7,1110,0,1991,0,98031,47.4036,-122.191,1550,7245
3701,3701,8860300300,20140902T000000,610000.0,4.0,2.75,2090,8400,1.0,0,0,4,8,1240,850,1976,0,98052,47.6872,-122.123,2340,9000
3702,3702,3738900165,20141024T000000,385000.0,4.0,1.75,2080,8215,2.0,0,0,4,7,2080,0,1948,0,98155,47.737,-122.305,1550,8215
3703,3703,1314300018,20150324T000000,367500.0,3.0,3.25,1400,1343,2.0,0,0,3,7,1160,240,2005,0,98118,47.5483,-122.277,1400,1326
3704,3704,3992700265,20140804T000000,385100.0,3.0,1.0,1060,8040,1.0,0,0,4,6,1060,0,1949,0,98125,47.7121,-122.287,1300,7620
3705,3705,1105000296,20141229T000000,230000.0,2.0,1.0,720,5913,1.0,0,0,3,6,720,0,1920,0,98118,47.5447,-122.27,1560,6600
3706,3706,1773100121,20140623T000000,286000.0,3.0,2.75,1100,750,2.0,0,0,3,7,780,320,2008,0,98106,47.5601,-122.363,1170,4800
3707,3707,7585000110,20150326T000000,201700.0,3.0,1.0,1010,9576,1.0,0,0,4,7,1010,0,1967,0,98001,47.2956,-122.272,1540,9576
3708,3708,822069112,20150423T000000,1350000.0,4.0,4.75,5230,89298,2.5,0,0,3,11,5230,0,2002,0,98038,47.4097,-122.063,4110,107153
3709,3709,5423030300,20140519T000000,525000.0,4.0,1.75,2420,7672,1.0,0,0,3,8,1480,940,1979,0,98027,47.5637,-122.085,2370,7699
3710,3710,1387301730,20150202T000000,361000.0,3.0,1.5,1200,7236,1.0,0,0,3,7,1200,0,1975,0,98011,47.739,-122.194,1680,7800
3711,3711,4447300008,20140923T000000,530000.0,3.0,1.5,1950,1963,3.0,0,0,3,8,1950,0,2002,0,98117,47.6904,-122.397,1590,2028
3712,3712,6413600123,20141008T000000,455000.0,3.0,2.25,1870,7403,1.0,0,0,3,7,1870,0,1950,0,98125,47.7171,-122.32,1630,7440
3713,3713,3288100100,20141120T000000,421000.0,4.0,2.25,1310,8400,1.0,0,0,4,7,1310,0,1966,0,98034,47.7317,-122.181,1600,8400
3714,3714,6127600110,20140502T000000,640000.0,4.0,2.0,1520,6200,1.5,0,0,3,7,1520,0,1945,0,98115,47.678,-122.269,1910,6200
3715,3715,3423049165,20150331T000000,240000.0,3.0,1.0,1270,12733,1.0,0,0,3,7,1270,0,1955,0,98188,47.445,-122.276,1660,11536
3716,3716,1233100601,20141024T000000,360000.0,2.0,1.0,840,7414,1.0,0,0,4,6,840,0,1928,0,98033,47.6771,-122.172,1740,9784
3717,3717,3422059085,20150324T000000,157340.0,2.0,1.0,900,23000,1.0,0,0,2,7,900,0,1953,0,98042,47.3576,-122.156,1460,8265
3718,3718,9294300600,20150415T000000,1240000.0,4.0,3.0,3010,6139,2.0,0,4,5,8,2560,450,1950,1972,98115,47.6799,-122.268,2100,6798
3719,3719,7282900025,20140506T000000,250000.0,3.0,1.0,1050,6874,1.0,0,0,3,6,1050,0,1954,0,98133,47.762,-122.355,1500,8954
3720,3720,2526059076,20150225T000000,735000.0,6.0,2.75,3360,84506,1.0,0,0,5,7,2040,1320,1962,0,98052,47.715,-122.121,2190,43124
3721,3721,5451100490,20150115T000000,884900.0,7.0,4.75,5370,10800,1.5,0,0,3,8,5370,0,1967,0,98040,47.538,-122.223,2310,10910
3722,3722,126059097,20141023T000000,775000.0,3.0,3.5,2690,104544,2.0,0,0,3,8,2690,0,1948,1990,98072,47.7717,-122.112,2300,81698
3723,3723,7739100015,20140502T000000,463000.0,3.0,1.75,1710,7320,1.0,0,0,3,7,1710,0,1948,0,98155,47.7512,-122.281,2260,8839
3724,3724,9828702251,20140623T000000,579000.0,3.0,2.5,1640,1269,3.0,0,0,3,8,1640,0,2009,0,98112,47.6197,-122.3,1590,1231
3725,3725,9558040820,20140709T000000,570000.0,6.0,3.75,4000,6015,2.0,0,2,3,10,3080,920,2004,0,98058,47.453,-122.118,3180,5700
3726,3726,1437580600,20150331T000000,1060000.0,5.0,4.5,4140,7924,2.0,0,0,3,10,4140,0,2005,0,98074,47.6102,-121.993,3960,8410
3727,3727,5469502460,20140909T000000,375000.0,4.0,2.75,3140,24800,1.0,0,0,4,8,2080,1060,1971,0,98042,47.3782,-122.161,2850,12900
3728,3728,2919701105,20141209T000000,422000.0,2.0,1.75,1320,2609,1.0,0,0,4,7,920,400,1938,0,98117,47.6878,-122.366,1200,4220
3729,3729,952003585,20150209T000000,866500.0,4.0,3.5,3080,4945,2.0,0,0,3,9,2010,1070,2014,0,98126,47.5662,-122.379,1220,4945
3730,3730,3066400750,20150413T000000,705000.0,3.0,2.5,2500,10359,2.0,0,0,3,10,2500,0,1986,0,98074,47.6286,-122.051,2580,10142
3731,3731,2607740100,20141029T000000,470000.0,4.0,2.5,2520,9684,2.0,0,0,3,8,2520,0,1994,0,98045,47.4848,-121.801,2090,10133
3732,3732,793200100,20141218T000000,360000.0,3.0,1.25,2350,6200,1.0,0,0,4,7,1320,1030,1966,0,98007,47.5979,-122.135,2140,9543
3733,3733,6744700900,20150429T000000,795000.0,4.0,2.5,2570,13450,1.0,0,4,3,8,1510,1060,1948,0,98155,47.7429,-122.285,3470,12615
3734,3734,1828300100,20150330T000000,800000.0,4.0,2.5,3100,7807,2.0,0,0,3,9,3100,0,2003,0,98034,47.7151,-122.227,3100,7807
3735,3735,1118000110,20140529T000000,2453500.0,4.0,3.5,4730,13586,1.5,0,0,5,10,4270,460,1935,0,98112,47.6319,-122.288,3710,8828
3736,3736,9297301015,20150408T000000,277284.0,3.0,1.75,1030,4800,1.0,0,0,3,6,930,100,1927,0,98126,47.566,-122.373,1540,4800
3737,3737,585000008,20150413T000000,460000.0,2.0,1.0,1020,4002,1.0,0,0,5,7,1020,0,1953,0,98116,47.5828,-122.395,1780,5000
3738,3738,4070700300,20150504T000000,898888.0,3.0,2.5,2080,3729,2.0,0,0,3,9,2080,0,1996,0,98033,47.6731,-122.199,2080,4000
3739,3739,3026079031,20140806T000000,211000.0,3.0,1.0,1410,47916,1.0,0,0,3,7,1410,0,1981,0,98019,47.7149,-121.96,1810,215622
3740,3740,2781250750,20140828T000000,222000.0,2.0,2.0,1360,3300,2.0,0,0,3,6,1360,0,2004,0,98038,47.3489,-122.022,1310,3300
3741,3741,203100625,20140529T000000,672000.0,3.0,2.5,2620,21587,2.0,0,0,3,7,2620,0,1992,0,98053,47.6384,-121.959,2570,23650
3742,3742,687600110,20141020T000000,778000.0,3.0,2.25,2260,33080,1.0,0,0,5,9,1690,570,1974,0,98005,47.6386,-122.183,3020,35291
3743,3743,2473372250,20150121T000000,312500.0,3.0,1.75,1490,9493,1.0,0,0,4,8,1490,0,1976,0,98058,47.4514,-122.134,2440,9600
3744,3744,7974700112,20140714T000000,650000.0,4.0,2.5,2530,6500,1.5,0,0,3,8,1720,810,1975,0,98115,47.6737,-122.284,2150,5280
3745,3745,2330000015,20140826T000000,740000.0,6.0,2.25,3140,10250,1.0,0,0,4,8,1570,1570,1959,0,98005,47.6116,-122.169,2320,10250
3746,3746,7230300100,20140826T000000,320000.0,3.0,2.0,1820,17600,1.0,0,0,5,7,1820,0,1972,0,98059,47.4703,-122.112,2190,17440
3747,3747,2133010110,20150508T000000,455000.0,4.0,2.5,1770,13168,2.0,0,0,3,7,1770,0,1990,0,98019,47.7306,-121.966,2050,14859
3748,3748,4389201250,20140513T000000,2450000.0,5.0,4.0,4430,9000,2.0,0,0,3,10,4430,0,2013,0,98004,47.6168,-122.216,2470,9490
3749,3749,3383900057,20141203T000000,500000.0,3.0,3.25,1490,902,3.0,0,0,3,8,1220,270,2001,0,98102,47.6357,-122.324,1550,1092
3750,3750,2424410110,20140611T000000,325000.0,3.0,1.75,1790,27427,1.0,0,0,3,7,1130,660,1978,0,98065,47.532,-121.761,1610,16684
3751,3751,3126049436,20140912T000000,416000.0,3.0,2.5,1710,1296,3.0,0,0,3,8,1510,200,2004,0,98103,47.6963,-122.342,1610,1282
3752,3752,9238500100,20150318T000000,495000.0,4.0,2.25,2070,20280,2.0,0,0,4,7,2070,0,1968,0,98072,47.774,-122.134,2190,21560
3753,3753,9828700900,20140505T000000,549000.0,2.0,1.0,1140,5400,1.0,0,0,5,7,1140,0,1908,0,98112,47.6205,-122.294,1520,4800
3754,3754,686400930,20140825T000000,589000.0,5.0,2.0,3930,10150,1.5,0,0,4,8,3070,860,1968,0,98008,47.6317,-122.114,2200,8190
3755,3755,5515600088,20141121T000000,194820.0,3.0,1.5,1100,32700,1.0,0,0,3,7,1100,0,1967,0,98001,47.3186,-122.289,1616,32700
3756,3756,1254200015,20141216T000000,405000.0,3.0,2.5,2260,5500,1.5,0,0,3,7,1280,980,1910,0,98117,47.681,-122.388,1790,5355
3757,3757,1254200015,20150408T000000,625000.0,3.0,2.5,2260,5500,1.5,0,0,3,7,1280,980,1910,0,98117,47.681,-122.388,1790,5355
3758,3758,1523049209,20141113T000000,205000.0,3.0,1.0,1130,7014,1.0,0,0,3,7,1130,0,1954,0,98168,47.4743,-122.274,1440,9350
3759,3759,561000300,20140623T000000,345100.0,3.0,3.75,1950,8625,1.0,0,0,3,8,1360,590,1959,0,98178,47.505,-122.258,1950,6670
3760,3760,399000195,20141020T000000,200000.0,3.0,1.0,960,7500,1.0,0,0,3,6,960,0,1953,0,98178,47.4966,-122.255,1250,6000
3761,3761,2540700110,20150212T000000,1905000.0,4.0,3.5,4210,18564,2.0,0,0,3,11,4210,0,2001,0,98039,47.6206,-122.225,3520,18564
3762,3762,2523089097,20141029T000000,524500.0,3.0,1.5,3430,264844,1.0,0,2,3,7,2230,1200,1988,0,98045,47.4476,-121.723,1660,145926
3763,3763,3026079055,20140826T000000,598600.0,4.0,2.75,3470,212639,2.0,0,0,3,7,2070,1400,1993,0,98019,47.7066,-121.968,2370,233917
3764,3764,1105000011,20141209T000000,367777.0,5.0,3.0,2140,5937,1.0,0,0,3,7,1280,860,1978,0,98118,47.5459,-122.27,1820,6710
3765,3765,5113400535,20140507T000000,750000.0,3.0,2.75,2520,5401,1.0,0,0,4,7,1360,1160,1946,0,98119,47.6452,-122.373,1800,5036
3766,3766,3876301140,20141105T000000,575000.0,5.0,2.25,3550,7992,2.0,0,0,3,8,3550,0,1968,0,98034,47.7285,-122.179,2110,7992
3767,3767,1523049188,20150430T000000,84000.0,2.0,1.0,700,20130,1.0,0,0,3,6,700,0,1949,0,98168,47.4752,-122.271,1490,18630
3768,3768,5621100115,20141218T000000,255000.0,2.0,1.0,740,5000,1.0,0,0,4,6,740,0,1926,0,98118,47.5298,-122.273,1170,4968
3769,3769,4219401080,20140520T000000,1740000.0,4.0,3.75,3300,4545,1.5,0,4,3,10,2600,700,1926,1999,98105,47.6561,-122.274,3300,5000
3770,3770,2112700600,20150513T000000,415000.0,3.0,2.25,1640,5880,1.0,0,0,3,7,1240,400,1977,0,98106,47.5323,-122.351,1200,4760
3771,3771,3222049112,20150507T000000,449900.0,3.0,2.5,2780,8225,2.0,0,1,3,9,2780,0,1990,0,98198,47.3509,-122.323,720,9736
3772,3772,622059019,20140919T000000,220000.0,5.0,1.5,1830,94960,1.5,0,0,3,7,1830,0,1929,0,98031,47.4218,-122.218,1440,16365
3773,3773,9348700490,20150410T000000,899000.0,4.0,2.5,3540,9349,2.0,0,0,3,10,3540,0,2003,0,98052,47.7046,-122.107,3280,7546
3774,3774,9259900025,20140714T000000,430000.0,3.0,2.5,1440,7320,1.0,0,0,5,7,1440,0,1954,0,98125,47.7179,-122.316,1160,6941
3775,3775,3022059066,20150130T000000,472500.0,4.0,2.5,2960,223462,2.0,0,0,3,10,2960,0,2001,0,98030,47.3646,-122.211,2770,16482
3776,3776,1777500090,20141229T000000,680000.0,6.0,2.5,3180,9375,1.0,0,0,4,8,1590,1590,1967,0,98006,47.5707,-122.129,2670,9625
3777,3777,3885803245,20150305T000000,1650000.0,5.0,4.0,3310,8400,2.0,0,0,3,10,3310,0,2000,0,98033,47.6914,-122.214,3430,8400
3778,3778,8819901030,20141118T000000,810000.0,3.0,2.0,2390,8025,2.0,0,0,5,7,2390,0,1921,0,98105,47.6707,-122.288,1920,5350
3779,3779,2623069067,20150305T000000,605000.0,3.0,2.5,2460,138085,2.0,0,0,4,9,2460,0,1977,0,98027,47.4572,-122.007,2090,219542
3780,3780,8635700025,20140725T000000,522000.0,3.0,1.75,1630,15600,1.0,0,0,3,7,1630,0,1958,0,98033,47.68,-122.165,1830,10850
3781,3781,98020300,20150203T000000,759000.0,5.0,2.75,3490,8230,2.0,0,0,3,10,3490,0,2005,0,98075,47.5825,-121.97,3480,7331
3782,3782,7243500025,20140519T000000,411000.0,4.0,2.75,2500,5257,2.0,0,0,3,8,2500,0,1966,0,98118,47.5293,-122.287,1660,5970
3783,3783,3329510850,20150306T000000,286950.0,4.0,2.5,2080,9846,1.0,0,0,3,7,1240,840,1984,0,98001,47.3338,-122.268,1890,7977
3784,3784,9521100855,20140610T000000,440000.0,3.0,1.5,1290,1286,3.0,0,0,3,7,1290,0,2000,0,98103,47.6617,-122.349,1720,1286
3785,3785,723049156,20140523T000000,149000.0,3.0,1.0,1700,8645,1.0,0,0,3,6,1700,0,1955,0,98146,47.4899,-122.337,1500,7980
3786,3786,723049156,20141112T000000,284700.0,3.0,1.0,1700,8645,1.0,0,0,3,6,1700,0,1955,0,98146,47.4899,-122.337,1500,7980
3787,3787,5130000090,20140909T000000,374950.0,3.0,2.5,2540,11562,1.0,0,1,3,8,1290,1250,1964,0,98028,47.7614,-122.229,2230,10310
3788,3788,8562400025,20140916T000000,816000.0,3.0,1.5,1180,8545,1.0,0,0,3,8,1180,0,1952,0,98004,47.624,-122.2,1660,9000
3789,3789,5706201140,20141121T000000,533250.0,4.0,1.75,1520,15398,1.0,0,0,4,7,1370,150,1960,0,98027,47.5265,-122.05,1840,12500
3790,3790,3034200198,20140603T000000,689800.0,3.0,2.75,2390,9313,1.0,0,0,5,8,1390,1000,1942,0,98133,47.7209,-122.331,2390,12712
3791,3791,4077800017,20140813T000000,775000.0,4.0,2.75,2740,6200,1.5,0,3,4,8,1820,920,1947,0,98125,47.7084,-122.277,2430,6000
3792,3792,1245500099,20150506T000000,702000.0,3.0,2.5,2190,8528,1.0,0,0,3,8,1760,430,1991,0,98033,47.6943,-122.209,2060,9811
3793,3793,4435000705,20140708T000000,160000.0,3.0,1.0,1350,8700,1.5,0,0,3,6,1350,0,1942,0,98188,47.4497,-122.289,1300,8700
3794,3794,4435000705,20150309T000000,255500.0,3.0,1.0,1350,8700,1.5,0,0,3,6,1350,0,1942,0,98188,47.4497,-122.289,1300,8700
3795,3795,2225059118,20141202T000000,949000.0,4.0,2.75,2980,42253,1.0,0,0,4,9,1860,1120,1973,0,98005,47.6392,-122.163,2980,42253
3796,3796,5126900405,20140731T000000,169500.0,2.0,1.0,790,7450,1.0,0,0,4,6,790,0,1944,0,98058,47.4743,-122.17,800,7450
3797,3797,5603800110,20140915T000000,586000.0,4.0,2.25,2130,9000,2.0,0,0,4,8,2130,0,1965,0,98006,47.5716,-122.159,2110,10431
3798,3798,2426059076,20150203T000000,680000.0,4.0,2.5,2700,37431,1.0,0,0,4,8,1600,1100,1978,0,98072,47.7258,-122.117,2290,37431
3799,3799,3260200110,20141208T000000,851500.0,3.0,2.0,3200,18184,1.0,0,0,5,8,2000,1200,1977,0,98005,47.6034,-122.172,1670,7416
3800,3800,4235401055,20140514T000000,582500.0,2.0,1.5,1159,4800,1.0,0,0,3,7,1159,0,1948,0,98199,47.6592,-122.399,1640,4800
3801,3801,1550000463,20140826T000000,637000.0,4.0,3.5,3080,118918,2.0,0,0,3,9,3080,0,2008,0,98019,47.7721,-121.924,1830,434728
3802,3802,1823049144,20150128T000000,225000.0,3.0,1.0,1000,9295,1.0,0,0,3,7,1000,0,1955,0,98146,47.484,-122.346,1320,13500
3803,3803,7012200215,20141231T000000,795000.0,3.0,3.25,2260,3727,2.0,0,0,3,8,1880,380,2003,0,98119,47.6422,-122.361,1600,4800
3804,3804,5149300100,20140818T000000,304999.0,4.0,2.25,2270,9600,1.0,0,0,3,7,1290,980,1976,0,98023,47.3261,-122.355,1930,15000
3805,3805,7335400215,20150505T000000,95000.0,1.0,0.75,760,5746,1.0,0,0,4,5,760,0,1915,0,98002,47.3046,-122.215,970,6696
3806,3806,7227501450,20141016T000000,240000.0,4.0,1.75,1420,5382,1.0,0,0,5,5,1040,380,1942,0,98056,47.4946,-122.187,1150,5382
3807,3807,8146300025,20140813T000000,772000.0,4.0,2.5,2500,8680,1.0,0,0,4,7,1250,1250,1958,0,98004,47.6073,-122.192,2140,8680
3808,3808,3530540090,20141113T000000,245000.0,2.0,1.5,1450,6258,1.0,0,0,4,8,1450,0,1983,0,98198,47.3785,-122.322,1460,5375
3809,3809,9284802215,20141205T000000,430000.0,5.0,3.0,2500,5750,1.0,0,0,3,8,1430,1070,1999,0,98126,47.551,-122.369,1980,7130
3810,3810,1250202430,20140611T000000,799000.0,3.0,1.5,2210,6300,1.5,0,0,5,8,2210,0,1916,0,98144,47.5892,-122.29,2700,6300
3811,3811,1241900028,20150417T000000,880000.0,5.0,2.75,3020,9187,2.0,0,0,3,9,3020,0,2007,0,98033,47.6806,-122.167,2250,9675
3812,3812,8691400600,20141208T000000,750000.0,4.0,2.5,3290,7538,2.0,0,0,3,9,3290,0,2004,0,98075,47.598,-121.972,3450,7538
3813,3813,1118000301,20141219T000000,2890000.0,4.0,4.0,5780,7173,2.0,0,0,3,11,4130,1650,2008,0,98112,47.6374,-122.288,3930,7994
3814,3814,3905081500,20140604T000000,532000.0,3.0,2.5,1820,4910,2.0,0,0,3,8,1820,0,1993,0,98029,47.5703,-121.996,2090,6668
3815,3815,5611000090,20140805T000000,525000.0,4.0,2.75,2500,10330,1.0,0,0,4,8,1380,1120,1978,0,98155,47.7743,-122.286,2270,10430
3816,3816,2013800705,20141117T000000,239000.0,2.0,1.0,1210,9375,1.0,0,1,4,7,1210,0,1952,0,98198,47.3865,-122.322,1680,8400
3817,3817,9276200850,20140616T000000,460000.0,2.0,1.5,1090,4000,1.0,0,0,3,8,970,120,1951,0,98116,47.5798,-122.393,1700,4000
3818,3818,2785000110,20140605T000000,540000.0,4.0,2.25,1330,8400,1.5,0,0,3,8,1330,0,1962,0,98005,47.6078,-122.169,2270,10146
3819,3819,2919702655,20140606T000000,475000.0,2.0,1.0,890,4590,1.0,0,0,3,7,890,0,1923,0,98117,47.6901,-122.362,1310,4590
3820,3820,3942900115,20150421T000000,445000.0,3.0,1.75,1360,4998,1.0,0,0,3,8,1360,0,1968,2014,98108,47.547,-122.302,1350,4998
3821,3821,5452301810,20140905T000000,1575000.0,5.0,3.75,4220,9240,2.0,0,2,5,11,3420,800,1991,0,98040,47.5895,-122.229,3380,9240
3822,3822,5104511730,20150409T000000,549950.0,4.0,2.5,3780,6800,2.0,0,0,3,8,3780,0,2004,0,98038,47.3526,-122.012,3640,7326
3823,3823,3923400123,20141017T000000,294950.0,4.0,2.0,2610,14321,1.5,0,0,4,6,1690,920,1940,0,98188,47.4672,-122.296,1630,8599
3824,3824,2249500367,20141021T000000,736000.0,3.0,2.5,1980,2975,3.0,0,2,3,8,1980,0,1993,0,98109,47.6294,-122.344,1980,3144
3825,3825,2916600110,20150430T000000,214946.0,3.0,1.75,1290,8688,1.0,0,0,4,7,1290,0,1980,0,98042,47.3655,-122.08,1750,9090
3826,3826,3629921140,20141030T000000,856000.0,5.0,3.25,3620,5500,2.0,0,2,3,9,3620,0,2003,0,98029,47.5442,-121.996,3260,5500
3827,3827,8682250090,20140504T000000,775000.0,2.0,2.5,2680,7392,1.0,0,0,3,9,2680,0,2004,0,98053,47.717,-122.026,2315,7045
3828,3828,6929602605,20150203T000000,205000.0,3.0,1.75,1200,8631,1.0,0,0,3,7,1200,0,1959,0,98198,47.3864,-122.308,1564,8115
3829,3829,8550001515,20141001T000000,429592.0,2.0,2.75,1992,10946,1.5,1,4,5,6,1288,704,1903,0,98070,47.3551,-122.475,1110,8328
3830,3830,1775800740,20150206T000000,414250.0,4.0,1.75,1640,13566,1.0,0,0,4,7,1120,520,1977,0,98072,47.7423,-122.099,1470,13530
3831,3831,1773101340,20150202T000000,399950.0,4.0,2.75,1920,4400,1.0,0,0,4,6,960,960,1906,0,98106,47.5532,-122.365,1040,4400
3832,3832,5561710110,20141014T000000,319990.0,3.0,2.25,1840,7326,1.0,0,0,5,7,1370,470,1979,0,98031,47.3958,-122.168,2050,7475
3833,3833,1115800110,20150109T000000,524000.0,3.0,1.5,1310,9471,1.0,0,0,4,8,1310,0,1970,0,98052,47.6644,-122.148,2100,9449
3834,3834,2131701240,20150108T000000,349950.0,2.0,1.0,1050,6317,1.5,0,0,4,7,1050,0,1913,0,98019,47.7364,-121.981,1600,9616
3835,3835,8827901450,20141031T000000,889000.0,4.0,2.5,2570,4480,1.5,0,0,4,8,1580,990,1927,0,98105,47.6701,-122.291,2070,4480
3836,3836,4302200336,20140707T000000,300000.0,3.0,1.0,930,5160,1.5,0,0,5,6,930,0,1919,0,98106,47.5256,-122.357,1060,5160
3837,3837,7550800916,20140602T000000,395000.0,1.0,1.0,730,3000,1.0,0,0,3,7,730,0,1911,0,98107,47.6741,-122.396,1520,5000
3838,3838,534000112,20150203T000000,348000.0,2.0,2.5,1270,1242,3.0,0,0,3,7,1270,0,2008,0,98117,47.701,-122.362,1280,1199
3839,3839,3885801450,20150226T000000,830000.0,2.0,1.0,1150,6000,1.0,0,1,4,7,710,440,1921,0,98033,47.6841,-122.213,2450,7200
3840,3840,522059013,20140612T000000,173000.0,2.0,1.0,820,10450,1.0,0,0,4,7,820,0,1965,0,98055,47.4261,-122.199,1240,11200
3841,3841,3342700405,20140522T000000,585000.0,4.0,1.75,3000,42200,1.0,0,3,3,7,1500,1500,1950,0,98056,47.5265,-122.202,2500,9821
3842,3842,9276201140,20150213T000000,576750.0,3.0,2.0,2220,5000,1.0,0,0,4,7,1110,1110,1966,0,98116,47.5807,-122.394,1450,5000
3843,3843,7972601280,20150504T000000,495000.0,5.0,3.25,2500,7620,1.0,0,3,3,7,1250,1250,1962,0,98106,47.5298,-122.344,2020,7620
3844,3844,2734100734,20141015T000000,216650.0,3.0,3.5,1540,1427,2.0,0,0,3,7,1360,180,2007,0,98109,47.542,-122.322,1220,4000
3845,3845,4022900077,20150413T000000,615000.0,4.0,2.75,2750,15450,1.0,0,0,3,8,1800,950,1978,0,98155,47.7749,-122.283,2750,10620
3846,3846,1777600490,20141024T000000,675000.0,4.0,2.5,3130,12463,1.0,0,0,4,8,1620,1510,1978,0,98006,47.569,-122.127,2740,11779
3847,3847,2193310300,20150401T000000,510000.0,3.0,2.0,1430,9250,1.0,0,0,4,8,990,440,1983,0,98052,47.6952,-122.096,1830,8003
3848,3848,2322069168,20140507T000000,630000.0,3.0,2.5,2680,327135,2.0,0,0,3,8,2680,0,1995,0,98010,47.3783,-122.003,2020,60080
3849,3849,7885800900,20140801T000000,359950.0,4.0,2.5,3010,5701,2.0,0,0,3,8,3010,0,2003,0,98042,47.3492,-122.152,3010,5772
3850,3850,1545800090,20141003T000000,265000.0,3.0,1.5,1530,7500,1.5,0,0,3,7,1530,0,1986,0,98038,47.3639,-122.055,2080,11250
3851,3851,7131300025,20140521T000000,210000.0,3.0,1.0,1240,4842,1.0,0,0,4,6,1240,0,1916,0,98118,47.5166,-122.269,1540,5110
3852,3852,3221079055,20150325T000000,367000.0,3.0,2.5,2260,93218,1.0,0,2,4,6,2260,0,1998,0,98022,47.2582,-121.935,2180,111078
3853,3853,9184700535,20150413T000000,1075000.0,4.0,2.25,2820,5000,1.5,0,2,4,9,1800,1020,1926,0,98122,47.6097,-122.287,2880,6000
3854,3854,1877500090,20150211T000000,756000.0,3.0,2.5,3560,8297,1.0,0,2,4,8,1650,1910,1948,0,98199,47.6473,-122.407,2760,8297
3855,3855,723049476,20140724T000000,203000.0,3.0,2.25,1630,9145,1.0,0,0,3,7,1630,0,1960,0,98146,47.5,-122.347,1630,9206
3856,3856,8556800100,20150121T000000,535000.0,4.0,2.5,2880,23994,2.0,0,3,3,9,2880,0,2002,0,98022,47.2124,-122.005,2470,17009
3857,3857,9830200475,20150323T000000,525000.0,3.0,3.25,2200,7440,2.0,0,0,4,7,1710,490,1947,0,98118,47.5409,-122.268,1260,6765
3858,3858,2525000690,20150309T000000,347500.0,3.0,1.75,1620,7500,1.0,0,0,3,7,1220,400,1981,0,98059,47.4815,-122.162,1470,7938
3859,3859,1891100090,20140505T000000,620000.0,3.0,1.75,1480,2185,2.5,0,0,3,9,1480,0,2005,0,98034,47.6945,-122.17,1480,2441
3860,3860,3447000100,20150422T000000,645000.0,4.0,2.5,2250,10696,2.0,0,0,3,8,2250,0,1996,0,98006,47.5715,-122.128,2340,13286
3861,3861,1118001295,20141203T000000,2200000.0,4.0,3.0,3540,11098,2.0,0,0,3,10,3000,540,1940,0,98112,47.63399999999999,-122.288,3430,8214
3862,3862,7968460110,20140619T000000,280000.0,3.0,2.0,1790,42399,1.0,0,0,4,7,1790,0,1990,0,98092,47.3143,-122.134,1330,40015
3863,3863,5101406489,20150501T000000,432000.0,3.0,2.0,1400,6380,1.0,0,0,4,7,700,700,1924,0,98125,47.7015,-122.316,1690,5800
3864,3864,9275702350,20141222T000000,790000.0,3.0,1.5,2390,4452,2.0,0,1,3,9,1790,600,1929,0,98126,47.5826,-122.378,2610,5000
3865,3865,7752000090,20150113T000000,635000.0,4.0,1.75,2400,10050,1.0,0,0,5,8,2400,0,1957,0,98008,47.6339,-122.124,1680,10050
3866,3866,293000165,20140819T000000,442000.0,3.0,1.5,2050,6384,1.0,0,0,3,7,1350,700,1958,0,98126,47.5325,-122.378,1590,7214
3867,3867,7852100110,20150422T000000,490000.0,4.0,3.0,2640,5267,2.0,0,0,3,7,2640,0,2001,0,98065,47.5298,-121.88,2640,5670
3868,3868,1311000600,20140925T000000,250000.0,5.0,1.75,2320,7700,1.0,0,0,5,7,1290,1030,1962,0,98001,47.3426,-122.285,1740,7210
3869,3869,1732800820,20140619T000000,1325000.0,4.0,2.5,2440,3600,2.5,0,0,4,8,2440,0,1902,0,98119,47.6298,-122.362,2440,5440
3870,3870,7893203565,20141027T000000,120000.0,3.0,1.0,1260,7500,1.0,0,0,3,6,1260,0,1954,0,98198,47.4191,-122.33,1260,7500
3871,3871,2524049166,20140918T000000,2950000.0,5.0,4.75,6240,47480,1.0,0,3,3,11,4610,1630,2003,0,98040,47.5317,-122.233,4170,17668
3872,3872,9406550100,20140923T000000,325000.0,4.0,2.5,1930,8458,2.0,0,0,3,7,1930,0,1993,0,98038,47.3645,-122.039,1670,9485
3873,3873,3327000090,20140612T000000,210000.0,4.0,1.75,1200,7680,1.0,0,0,3,7,1200,0,1968,0,98092,47.3138,-122.192,1490,7800
3874,3874,1220000100,20150504T000000,215000.0,1.0,1.0,970,7639,1.0,0,0,4,5,570,400,1920,0,98166,47.4655,-122.346,1360,7380
3875,3875,1066600025,20141029T000000,387000.0,3.0,1.75,1810,10800,1.0,0,0,5,8,1210,600,1968,0,98056,47.5236,-122.184,1800,10800
3876,3876,3626039228,20140918T000000,408000.0,3.0,1.0,1380,7015,1.5,0,0,4,7,1380,0,1925,0,98117,47.6987,-122.36,1160,6700
3877,3877,7635801032,20140710T000000,410000.0,3.0,1.0,1470,6500,1.0,0,0,4,7,1470,0,1953,0,98166,47.473,-122.362,1470,9300
3878,3878,4364700600,20141216T000000,216000.0,3.0,1.0,1010,7920,1.0,0,0,3,6,1010,0,1925,0,98126,47.5249,-122.37,1520,7560
3879,3879,4364700600,20150330T000000,390000.0,3.0,1.0,1010,7920,1.0,0,0,3,6,1010,0,1925,0,98126,47.5249,-122.37,1520,7560
3880,3880,7774200236,20141211T000000,357000.0,3.0,1.5,1340,11744,1.0,0,0,2,7,1340,0,1950,0,98146,47.4947,-122.36,2020,13673
3881,3881,8025700590,20140519T000000,215000.0,3.0,1.0,970,7275,1.0,0,0,4,7,970,0,1970,0,98031,47.4006,-122.188,1750,7200
3882,3882,7129302095,20150213T000000,265000.0,3.0,1.0,1122,6554,1.5,0,0,3,5,1122,0,1900,0,98118,47.5135,-122.257,1610,5650
3883,3883,2997800076,20141209T000000,589950.0,3.0,2.75,1670,1350,3.0,0,0,3,9,1350,320,2014,0,98116,47.5763,-122.408,1520,4800
3884,3884,7740100015,20150206T000000,440000.0,3.0,1.75,2840,16851,1.0,0,3,3,8,1600,1240,1950,0,98155,47.7458,-122.287,2650,11063
3885,3885,5279100625,20150429T000000,248000.0,2.0,1.0,770,8600,1.0,0,0,4,4,770,0,1914,0,98027,47.5325,-122.031,1420,6960
3886,3886,1126059144,20140911T000000,730000.0,3.0,2.25,2040,130680,2.0,0,0,3,9,2040,0,1977,0,98072,47.7584,-122.136,3080,39630
3887,3887,5409800110,20150119T000000,425000.0,4.0,2.5,3052,12145,2.0,0,0,3,8,3052,0,2004,0,98003,47.2598,-122.304,2767,8604
3888,3888,7963900100,20140912T000000,680000.0,3.0,2.5,2620,14248,2.0,0,0,4,8,1830,790,1977,0,98004,47.6281,-122.194,2620,12343
3889,3889,9264910100,20150218T000000,341500.0,5.0,2.25,3120,10400,2.0,0,0,3,8,3120,0,1980,0,98023,47.3097,-122.34,2160,8267
3890,3890,8819900449,20150508T000000,395000.0,2.0,1.0,1100,3975,1.0,0,0,3,7,900,200,1950,0,98105,47.6701,-122.286,1110,4280
3891,3891,1525059160,20140731T000000,1225000.0,4.0,2.75,3410,95396,1.5,0,0,4,10,3410,0,1962,0,98005,47.6547,-122.158,3721,35352
3892,3892,7526800100,20140708T000000,695500.0,5.0,2.75,2510,9180,1.0,0,1,4,8,1600,910,1975,0,98052,47.6389,-122.098,2650,9780
3893,3893,6385100100,20141002T000000,308000.0,3.0,1.75,1680,8629,1.0,0,0,3,8,1200,480,1977,0,98198,47.3662,-122.319,1990,8400
3894,3894,2085200261,20150218T000000,422500.0,3.0,2.0,1960,6450,1.0,0,0,4,7,1000,960,1977,0,98038,47.3972,-122.029,1660,20720
3895,3895,3522900061,20150421T000000,418000.0,2.0,1.0,1040,6900,1.0,0,0,4,7,1040,0,1915,0,98136,47.5411,-122.391,1620,6280
3896,3896,2570500090,20141007T000000,385000.0,5.0,1.5,1750,9780,1.5,0,0,4,7,1750,0,1961,0,98028,47.7755,-122.235,1750,10295
3897,3897,5482700100,20140512T000000,876650.0,3.0,3.25,2170,12508,1.5,0,0,5,9,1650,520,1928,1970,98040,47.5665,-122.229,2720,21070
3898,3898,567000268,20140821T000000,450000.0,3.0,2.5,1639,2710,2.0,0,0,3,8,1479,160,2003,0,98144,47.5924,-122.294,1580,1733
3899,3899,3649100315,20140625T000000,418800.0,4.0,2.25,2100,9984,1.0,0,0,4,7,1290,810,1973,0,98028,47.7365,-122.242,1930,10511
3900,3900,6821102352,20141008T000000,330000.0,2.0,1.0,880,1753,2.0,0,0,4,7,880,0,1945,0,98199,47.6475,-122.397,1010,1748
3901,3901,6072300110,20150416T000000,550000.0,3.0,1.75,1940,8376,1.0,0,0,4,8,1290,650,1963,0,98006,47.5586,-122.173,2400,8674
3902,3902,3223049131,20141030T000000,270000.0,4.0,2.5,2490,11650,1.0,0,0,3,7,1390,1100,1990,0,98148,47.4416,-122.332,2010,10495
3903,3903,1068000110,20150429T000000,978500.0,3.0,2.25,2060,7080,2.0,0,0,3,9,1800,260,1940,0,98199,47.6455,-122.409,3070,7500
3904,3904,2600020100,20140930T000000,975000.0,4.0,2.5,2720,10455,2.0,0,2,3,10,2500,220,1981,0,98006,47.5564,-122.158,3240,12348
3905,3905,5422500110,20140725T000000,455000.0,3.0,2.25,2180,6850,1.0,0,0,3,7,1750,430,1973,0,98034,47.7246,-122.217,1740,7016
3906,3906,4055700378,20141009T000000,1415000.0,4.0,3.25,3600,38016,2.0,0,2,3,11,3310,290,1991,0,98034,47.7124,-122.253,2440,22693
3907,3907,795000820,20150406T000000,220000.0,2.0,1.0,840,9000,1.0,0,0,5,6,840,0,1951,0,98168,47.5033,-122.329,1350,10400
3908,3908,925059113,20140813T000000,490000.0,3.0,2.0,2370,12196,2.0,0,0,4,7,2370,0,1970,0,98033,47.6734,-122.176,1380,12196
3909,3909,3275000090,20150421T000000,420000.0,4.0,2.25,2270,9100,2.0,0,0,3,7,2270,0,1978,0,98034,47.7242,-122.17,1710,7910
3910,3910,8946700100,20141208T000000,408500.0,4.0,2.5,2720,7043,2.0,0,0,3,9,2720,0,2003,0,98092,47.3315,-122.169,2640,6958
3911,3911,809002485,20150327T000000,716000.0,3.0,1.5,1140,4800,1.5,0,0,3,7,1140,0,1915,0,98109,47.6368,-122.354,1260,4800
3912,3912,5332200405,20140602T000000,965000.0,4.0,2.5,2460,5000,2.0,0,0,5,8,1620,840,1938,0,98112,47.6282,-122.293,2320,5000
3913,3913,1775950100,20150113T000000,357823.0,3.0,1.5,1240,9196,1.0,0,0,3,8,1240,0,1968,0,98072,47.7562,-122.094,1690,10800
3914,3914,9808700762,20140611T000000,7062500.0,5.0,4.5,10040,37325,2.0,1,2,3,11,7680,2360,1940,2001,98004,47.65,-122.214,3930,25449
3915,3915,1133000542,20140805T000000,425000.0,3.0,2.25,1670,9500,1.0,0,0,3,7,1170,500,1977,0,98125,47.7253,-122.309,1470,9500
3916,3916,7905200315,20150416T000000,711777.0,4.0,1.75,2220,6731,1.0,0,0,4,7,1110,1110,1953,0,98116,47.5691,-122.391,1600,6350
3917,3917,3949600090,20141201T000000,335000.0,3.0,1.0,980,9903,1.0,0,0,4,7,980,0,1966,0,98028,47.7746,-122.239,1830,9903
3918,3918,9274201730,20140616T000000,825000.0,4.0,1.5,1890,6938,1.5,0,0,3,8,1890,0,1919,0,98116,47.5896,-122.389,1700,6250
3919,3919,7883604065,20150501T000000,210000.0,2.0,1.0,1100,6000,1.5,0,0,4,6,1100,0,1900,0,98108,47.5275,-122.323,1280,6000
3920,3920,1158700100,20140811T000000,575000.0,2.0,1.75,2770,19700,2.0,0,0,3,8,1780,990,1983,0,98177,47.7581,-122.365,2360,9700
3921,3921,7237500110,20150404T000000,1208000.0,4.0,2.75,4250,10925,2.0,0,0,3,10,4250,0,2003,0,98059,47.5297,-122.14,4650,11544
3922,3922,8682280490,20140801T000000,431500.0,2.0,2.0,1370,4866,1.0,0,0,3,8,1370,0,2005,0,98053,47.70399999999999,-122.012,1365,4784
3923,3923,224059111,20140903T000000,475000.0,3.0,1.5,1480,13457,1.0,0,0,3,7,1480,0,1959,0,98007,47.5914,-122.136,2100,10517
3924,3924,4141800215,20141126T000000,1495000.0,4.0,3.75,3770,4000,2.5,0,0,5,9,2890,880,1916,0,98122,47.6157,-122.287,2800,5000
3925,3925,1822069097,20141223T000000,540000.0,6.0,3.0,2870,206474,2.0,0,0,3,7,2330,540,1960,1985,98042,47.401,-122.095,2380,59677
3926,3926,1668500100,20141210T000000,775000.0,3.0,2.5,3820,35016,2.0,0,0,4,9,3820,0,1987,0,98053,47.6496,-122.041,3010,35190
3927,3927,1254200615,20140716T000000,635000.0,3.0,2.5,1530,2978,1.0,0,0,3,7,1210,320,1997,0,98117,47.6796,-122.39,1640,5100
3928,3928,7135520300,20150407T000000,1300000.0,3.0,2.75,4120,16365,1.0,0,2,3,12,4120,0,1999,0,98059,47.5265,-122.148,4020,14110
3929,3929,1755700090,20140801T000000,405000.0,3.0,2.25,1590,7267,1.0,0,0,4,7,1100,490,1976,0,98133,47.7457,-122.332,2060,8336
3930,3930,2414600195,20140721T000000,210000.0,3.0,1.0,1520,8600,1.0,0,0,3,6,1040,480,1951,0,98168,47.5134,-122.335,1320,8600
3931,3931,3592500985,20150504T000000,880000.0,4.0,2.5,2350,4675,2.0,0,0,3,9,2150,200,1923,0,98112,47.6344,-122.305,2240,3848
3932,3932,1003600056,20141024T000000,239000.0,4.0,2.0,1370,8837,1.5,0,0,3,7,1370,0,1955,0,98188,47.4386,-122.285,1360,9000
3933,3933,9285800755,20140714T000000,515000.0,3.0,2.5,1540,6100,1.0,0,0,3,6,770,770,1944,2014,98126,47.5696,-122.378,1710,5950
3934,3934,1269200229,20140723T000000,1379900.0,3.0,3.25,3786,38038,1.0,1,4,3,9,1934,1852,1978,2006,98070,47.3907,-122.448,2850,33361
3935,3935,304100090,20140722T000000,215000.0,4.0,2.25,1500,5393,2.0,0,0,3,7,1500,0,1999,0,98001,47.3378,-122.262,1500,5952
3936,3936,7227800110,20150409T000000,315000.0,6.0,2.0,1750,17685,1.0,0,0,4,5,1750,0,1943,0,98056,47.5096,-122.178,1750,9209
3937,3937,7507500015,20140730T000000,442500.0,3.0,1.5,1800,8303,1.0,0,0,3,7,1200,600,1957,0,98133,47.7693,-122.357,1800,8171
3938,3938,621069146,20140818T000000,311000.0,2.0,1.75,1180,55321,1.0,0,0,3,8,1180,0,1941,2004,98042,47.3329,-122.091,1480,56192
3939,3939,263000164,20141217T000000,425000.0,2.0,1.0,830,6030,1.0,0,0,4,6,830,0,1925,0,98103,47.6994,-122.347,1280,6030
3940,3940,263000291,20140904T000000,433500.0,3.0,1.75,1540,9450,1.0,0,0,4,6,1040,500,1919,0,98103,47.6985,-122.348,1200,5400
3941,3941,1566100625,20140804T000000,450000.0,3.0,2.25,1610,8296,2.0,0,0,3,8,1610,0,1978,0,98115,47.7,-122.297,1610,8288
3942,3942,8861500015,20140520T000000,675000.0,3.0,2.25,1990,10260,2.0,0,0,4,8,1990,0,1987,0,98052,47.6801,-122.115,1990,10260
3943,3943,8961990090,20140624T000000,535000.0,3.0,2.5,2070,4132,2.0,0,0,3,8,2070,0,1999,0,98074,47.6036,-122.015,1530,5606
3944,3944,3584900090,20140613T000000,577000.0,3.0,1.75,1760,12874,1.0,0,0,4,7,1230,530,1967,0,98005,47.5906,-122.167,1950,10240
3945,3945,8902000407,20141217T000000,480000.0,3.0,1.75,1740,8528,1.0,0,0,4,7,1290,450,1939,0,98125,47.7097,-122.303,1610,8528
3946,3946,3026059014,20150112T000000,400000.0,3.0,1.5,1950,4473,1.0,0,0,4,6,1530,420,1914,0,98034,47.7094,-122.228,2670,14256
3947,3947,7304300906,20140613T000000,304000.0,3.0,1.0,1280,8184,1.5,0,0,4,6,1280,0,1947,0,98155,47.7467,-122.319,1120,8184
3948,3948,8155820110,20150325T000000,355000.0,3.0,1.75,1460,7203,1.0,0,0,3,7,1460,0,1990,0,98056,47.5049,-122.189,1570,7203
3949,3949,722069232,20140905T000000,998000.0,4.0,3.25,3770,982998,2.0,0,0,3,10,3770,0,1992,0,98058,47.414,-122.087,2290,37141
3950,3950,1825069031,20140814T000000,550000.0,4.0,1.75,2410,8447,2.0,0,3,4,8,2060,350,1936,1980,98074,47.6499,-122.088,2520,14789
3951,3951,1825069031,20141016T000000,550000.0,4.0,1.75,2410,8447,2.0,0,3,4,8,2060,350,1936,1980,98074,47.6499,-122.088,2520,14789
3952,3952,3348401584,20140821T000000,210000.0,3.0,1.75,1400,7300,2.0,0,0,3,6,1400,0,1948,0,98178,47.4999,-122.268,1440,10825
3953,3953,8029500100,20150226T000000,317000.0,3.0,2.5,2100,7587,2.0,0,0,3,9,2100,0,1990,0,98023,47.3072,-122.391,2330,8119
3954,3954,7964410100,20150504T000000,700000.0,4.0,3.5,5360,25800,1.0,0,0,3,9,3270,2090,1971,0,98074,47.6099,-122.054,2650,21781
3955,3955,1457500026,20140616T000000,265000.0,3.0,1.0,1000,9150,1.0,0,0,3,7,1000,0,1969,0,98059,47.4829,-122.124,1490,10647
3956,3956,7215730590,20140902T000000,700000.0,4.0,3.5,3150,6175,2.0,0,0,3,9,3150,0,2001,0,98075,47.5966,-122.017,3150,6986
3957,3957,7525530100,20140908T000000,1020000.0,5.0,3.5,4180,17841,2.0,0,2,3,10,3160,1020,1990,0,98075,47.5618,-122.037,3260,12608
3958,3958,1925059194,20141209T000000,1145000.0,4.0,2.25,2840,20242,1.0,0,0,3,8,2240,600,1972,0,98004,47.639,-122.216,2840,20372
3959,3959,5561401110,20140627T000000,460000.0,4.0,2.5,2110,35091,1.0,0,0,4,8,1290,820,1985,0,98027,47.467,-122.014,2740,36427
3960,3960,7173700524,20140924T000000,410000.0,2.0,1.5,1660,4000,1.0,0,0,3,7,1000,660,1950,0,98115,47.6832,-122.304,1570,5500
3961,3961,9828202215,20140905T000000,665000.0,4.0,3.0,2160,4400,1.0,0,0,5,7,1320,840,1921,0,98122,47.6163,-122.293,1430,4400
3962,3962,4113800300,20150414T000000,600000.0,4.0,2.5,2420,7744,2.0,0,0,3,9,2420,0,1994,0,98056,47.534,-122.18,2820,11129
3963,3963,6145600855,20150504T000000,502000.0,4.0,1.75,1920,3844,1.0,0,0,3,7,1170,750,1967,0,98133,47.7041,-122.353,1480,3844
3964,3964,2130702350,20140604T000000,364950.0,4.0,2.5,2310,8030,2.0,0,0,3,7,2310,0,1978,0,98019,47.7433,-121.982,1780,8041
3965,3965,8815400735,20140529T000000,680000.0,3.0,2.25,2330,4000,1.5,0,2,5,7,1520,810,1927,0,98115,47.6732,-122.29,1870,4000
3966,3966,5152600090,20140708T000000,235500.0,5.0,2.5,2340,13713,1.0,0,0,2,8,1670,670,1967,0,98003,47.3307,-122.324,2080,11000
3967,3967,7852090750,20140721T000000,576000.0,4.0,2.5,2590,5756,2.0,0,0,3,8,2590,0,2001,0,98065,47.5356,-121.875,2620,6109
3968,3968,2488200459,20140505T000000,405000.0,2.0,3.0,1410,1240,2.0,0,0,3,8,1140,270,2006,0,98136,47.5221,-122.39,1410,1273
3969,3969,8035600590,20140716T000000,335000.0,3.0,2.75,2850,8039,1.0,0,0,4,8,1540,1310,1989,0,98031,47.4141,-122.204,2240,7727
3970,3970,4438000165,20150420T000000,122000.0,2.0,1.0,730,6728,1.0,0,0,3,6,730,0,1953,0,98148,47.4275,-122.324,1170,7034
3971,3971,6744700423,20140606T000000,432000.0,3.0,1.75,1470,6250,1.0,0,3,4,7,1070,400,1939,0,98155,47.7394,-122.288,2630,7050
3972,3972,2473002100,20140827T000000,375000.0,4.0,2.25,2330,11400,1.0,0,0,4,8,2330,0,1974,0,98058,47.4495,-122.148,2640,10200
3973,3973,4399200245,20140625T000000,276000.0,4.0,2.25,2460,11250,1.0,0,0,4,8,2460,0,1959,0,98002,47.3182,-122.212,1630,10216
3974,3974,1326059085,20140721T000000,450000.0,3.0,2.25,2080,111513,1.5,0,0,3,8,1680,400,1977,0,98072,47.7403,-122.112,2440,107157
3975,3975,6324000090,20150511T000000,210000.0,2.0,1.0,990,8140,1.0,0,0,1,6,990,0,1910,0,98116,47.5828,-122.382,2150,5000
3976,3976,9542830600,20141121T000000,279000.0,3.0,2.5,1450,4106,2.0,0,0,3,7,1450,0,2011,0,98038,47.3655,-122.019,2000,4000
3977,3977,2767604580,20150223T000000,635000.0,3.0,1.75,1340,3900,2.0,0,0,5,7,1340,0,1900,0,98107,47.6711,-122.379,1470,1611
3978,3978,662310900,20150220T000000,350000.0,3.0,2.5,2730,7372,2.0,0,0,3,9,2730,0,1998,0,98023,47.2831,-122.346,2710,8343
3979,3979,1432600100,20140924T000000,218000.0,3.0,1.0,1140,7560,1.0,0,0,4,6,1140,0,1958,0,98058,47.4624,-122.185,1300,7560
3980,3980,8928100025,20150324T000000,750000.0,4.0,1.5,1950,6300,1.5,0,1,3,7,1650,300,1944,0,98115,47.6819,-122.271,1760,6300
3981,3981,1221039058,20150213T000000,310597.0,4.0,1.75,2000,25700,1.0,0,0,4,7,1150,850,1958,0,98023,47.32,-122.362,2420,27500
3982,3982,3840700600,20150401T000000,355000.0,3.0,1.0,900,37800,1.0,0,0,4,5,700,200,1923,0,98034,47.7146,-122.234,1750,11998
3983,3983,8691410100,20140527T000000,735000.0,5.0,2.75,3390,5211,2.0,0,0,3,9,3390,0,2004,0,98075,47.5977,-121.981,3210,5211
3984,3984,7883607645,20140602T000000,155000.0,1.0,1.0,720,6000,1.0,0,0,3,6,720,0,1940,0,98108,47.5266,-122.316,1040,6000
3985,3985,9435300051,20140611T000000,354000.0,3.0,1.0,940,10368,1.0,0,0,3,7,940,0,1965,0,98052,47.6608,-122.133,2090,9620
3986,3986,6179900090,20150507T000000,415000.0,3.0,1.75,1770,10513,1.0,0,0,4,7,1400,370,1982,0,98028,47.7726,-122.266,2070,9968
3987,3987,6840700165,20140701T000000,202000.0,1.0,1.0,590,833,1.0,0,0,4,7,590,0,1926,0,98122,47.6082,-122.299,780,1617
3988,3988,2768301217,20150506T000000,580000.0,3.0,2.5,1980,1873,2.0,0,0,3,7,1470,510,1996,0,98107,47.6659,-122.369,1500,1873
3989,3989,629000615,20141022T000000,1495000.0,4.0,3.25,3070,10375,2.0,0,0,3,10,2180,890,1962,2005,98004,47.5862,-122.198,2500,11194
3990,3990,7202360600,20141008T000000,790000.0,4.0,2.5,3500,7519,2.0,0,0,3,9,3500,0,2004,0,98053,47.6799,-122.024,3920,7982
3991,3991,7852020590,20150305T000000,499900.0,3.0,2.5,2100,5112,2.0,0,0,3,8,2100,0,1999,0,98065,47.5338,-121.867,2100,4370
3992,3992,2023039160,20150423T000000,525000.0,4.0,2.25,2620,98881,1.0,0,0,3,7,1820,800,1952,0,98070,47.4662,-122.453,1728,95832
3993,3993,2597520090,20140622T000000,810000.0,4.0,2.5,2810,10613,2.0,0,0,3,9,2810,0,1989,0,98006,47.5424,-122.141,2800,9933
3994,3994,8631600025,20150220T000000,425000.0,4.0,1.5,2290,8773,1.0,0,0,4,7,1330,960,1947,0,98133,47.7173,-122.33,1740,7058
3995,3995,8100000110,20141226T000000,241250.0,3.0,1.75,1350,7588,1.0,0,0,3,7,1350,0,1993,0,98010,47.3123,-122.023,1470,7341
3996,3996,5151800015,20141112T000000,318700.0,4.0,2.5,2770,19116,1.0,0,0,4,8,1600,1170,1961,0,98003,47.3386,-122.319,2730,18429
3997,3997,9521101055,20140827T000000,720000.0,4.0,1.75,2530,5000,1.5,0,2,5,8,2070,460,1917,0,98103,47.6624,-122.348,1950,3600
3998,3998,2475901105,20140715T000000,291000.0,3.0,1.0,1280,10500,1.5,0,0,4,5,1280,0,1941,0,98024,47.566,-121.894,1410,10500
3999,3999,1726069202,20140718T000000,420000.0,3.0,1.75,1060,38644,1.0,0,0,3,7,1060,0,1983,0,98077,47.7442,-122.072,1310,11416
4000,4000,3530450100,20140726T000000,210000.0,2.0,1.75,1000,3554,1.0,0,0,4,8,1000,0,1975,0,98198,47.3811,-122.32,1150,4000
4001,4001,8941800100,20150427T000000,645000.0,3.0,3.25,3870,11000,2.0,0,2,3,9,2970,900,1991,0,98106,47.5545,-122.354,2970,11000
4002,4002,809002215,20140519T000000,762000.0,5.0,2.0,3370,5000,1.5,0,0,4,7,2140,1230,1907,0,98109,47.6373,-122.35,1920,3200
4003,4003,6209000165,20140724T000000,247500.0,4.0,1.75,2290,7765,1.0,0,0,3,6,2290,0,1936,1953,98146,47.4997,-122.353,1240,8215
4004,4004,4178500100,20140723T000000,282500.0,3.0,2.25,1670,7150,2.0,0,0,4,7,1670,0,1990,0,98042,47.3603,-122.088,1570,7040
4005,4005,1523069086,20140605T000000,395000.0,3.0,1.75,1460,22651,1.0,0,0,4,7,1460,0,1961,0,98027,47.4861,-122.03,2030,49222
4006,4006,6121000090,20140616T000000,295000.0,3.0,1.75,1770,8235,1.0,0,0,3,7,1030,740,1960,0,98148,47.4323,-122.328,1560,8918
4007,4007,3342100785,20140826T000000,235000.0,2.0,1.0,820,5100,1.0,0,0,4,6,820,0,1954,0,98056,47.5175,-122.205,2270,5100
4008,4008,6012500100,20141001T000000,770000.0,3.0,1.75,1900,6334,1.0,0,2,3,8,1450,450,1948,0,98105,47.6675,-122.276,1530,6334
4009,4009,8682291720,20140508T000000,559950.0,2.0,2.0,1870,4950,1.0,0,0,3,8,1870,0,2006,0,98053,47.7195,-122.022,1670,4800
4010,4010,5041300100,20140710T000000,639000.0,4.0,2.0,1840,5419,1.0,0,0,4,7,920,920,1942,0,98199,47.6483,-122.404,1800,5419
4011,4011,2473101140,20150428T000000,314950.0,3.0,1.0,1590,8470,1.0,0,0,4,7,1140,450,1967,0,98058,47.4473,-122.159,1570,9375
4012,4012,8121100600,20150324T000000,525000.0,3.0,1.0,1640,6180,1.0,0,0,4,7,1640,0,1946,0,98118,47.5682,-122.284,1540,6180
4013,4013,724069059,20140509T000000,2400000.0,3.0,2.25,3000,11665,1.5,1,4,3,11,3000,0,2001,0,98075,47.5884,-122.086,3000,15959
4014,4014,2755200110,20140602T000000,820000.0,3.0,1.75,2160,6272,1.0,0,0,4,8,1390,770,1960,0,98115,47.6777,-122.306,1290,5376
4015,4015,6169901130,20140911T000000,1385000.0,3.0,3.0,2490,3600,2.0,0,3,4,8,1790,700,1911,0,98119,47.6313,-122.369,2490,3600
4016,4016,6385000025,20141017T000000,521450.0,3.0,2.0,1290,5700,1.0,0,0,5,7,1290,0,1950,0,98116,47.5713,-122.397,1160,5700
4017,4017,509000090,20141006T000000,760750.0,3.0,2.5,3190,49137,2.0,0,0,3,9,3190,0,1988,0,98074,47.6027,-122.043,3240,53143
4018,4018,622059031,20140604T000000,759600.0,4.0,1.0,1540,115434,1.5,0,0,4,7,1540,0,1923,0,98031,47.4163,-122.22,2027,23522
4019,4019,5358300100,20140619T000000,346150.0,3.0,2.0,2140,7200,1.0,0,0,4,8,1480,660,1966,0,98056,47.5084,-122.185,2070,7220
4020,4020,4459800100,20150422T000000,390000.0,2.0,1.0,980,3800,1.0,0,0,3,7,980,0,1926,0,98103,47.6903,-122.34,1520,5010
4021,4021,2473371780,20140924T000000,359950.0,5.0,2.25,2450,9432,2.0,0,0,3,8,2450,0,1973,0,98058,47.4519,-122.13,2310,9100
4022,4022,9393700110,20140603T000000,430000.0,3.0,2.0,1360,5120,1.5,0,0,4,6,910,450,1924,0,98116,47.5587,-122.393,1440,5120
4023,4023,8691360490,20150424T000000,960000.0,4.0,3.5,4610,11676,2.0,0,0,3,10,4610,0,2000,0,98075,47.6011,-121.983,3900,11164
4024,4024,9175600025,20141007T000000,800000.0,7.0,6.75,7480,41664,2.0,0,2,3,11,5080,2400,1953,0,98166,47.4643,-122.368,2810,33190
4025,4025,7605800090,20150108T000000,1010000.0,3.0,2.5,2860,5805,2.0,0,0,3,9,2860,0,1999,0,98005,47.6218,-122.16,2360,5832
4026,4026,7334500090,20150120T000000,290000.0,3.0,2.0,1810,11456,1.0,0,0,3,7,1810,0,1970,0,98045,47.4648,-121.756,1360,12931
4027,4027,8964800930,20150317T000000,1350000.0,4.0,2.0,2240,10296,1.0,0,0,5,8,2240,0,1948,0,98004,47.6177,-122.217,2500,10918
4028,4028,2260800110,20140513T000000,777000.0,3.0,3.25,3610,59677,2.0,0,0,3,10,2440,1170,2003,0,98027,47.5464,-122.088,3130,65775
4029,4029,7550800945,20141007T000000,526000.0,2.0,1.0,1450,4500,1.5,0,0,4,7,1450,0,1921,0,98107,47.6739,-122.396,1470,5000
4030,4030,1972205338,20150418T000000,550000.0,3.0,3.5,1450,1091,2.0,0,0,3,8,1200,250,2007,0,98119,47.6475,-122.359,1490,3017
4031,4031,2946000590,20141223T000000,276000.0,3.0,1.5,1820,8750,1.0,0,0,4,7,1200,620,1958,0,98198,47.4213,-122.322,1500,8000
4032,4032,5700003585,20141229T000000,2500000.0,5.0,3.25,5620,12672,2.0,0,0,4,11,4140,1480,1916,0,98144,47.5786,-122.287,4470,8050
4033,4033,7129302235,20150122T000000,325000.0,3.0,1.75,2080,6554,1.0,0,0,3,7,1040,1040,1950,0,98118,47.5135,-122.257,1230,5650
4034,4034,3278602490,20140926T000000,365000.0,3.0,2.5,1780,1754,3.0,0,0,3,8,1780,0,2007,0,98126,47.548,-122.373,1780,1607
4035,4035,685000115,20141007T000000,2150000.0,8.0,6.0,4340,9415,2.0,0,0,3,8,4340,0,1967,0,98004,47.6316,-122.202,2050,9100
4036,4036,3423600025,20150305T000000,825050.0,4.0,3.25,2860,3680,2.0,0,0,3,9,1980,880,1925,1993,98115,47.6752,-122.3,2010,3680
4037,4037,7173700518,20140721T000000,690000.0,3.0,1.5,2540,9520,1.0,0,0,3,8,1500,1040,1959,0,98115,47.6834,-122.306,1870,6800
4038,4038,3277801450,20150415T000000,390000.0,4.0,1.0,1140,6250,1.5,0,0,3,6,1140,0,1958,0,98126,47.5433,-122.375,1140,1370
4039,4039,1862400518,20150304T000000,385000.0,3.0,2.0,1320,1297,3.0,0,0,3,7,1320,0,1995,0,98117,47.6959,-122.376,1380,1503
4040,4040,8078350090,20150331T000000,619000.0,3.0,2.5,2040,7503,2.0,0,0,3,8,2040,0,1987,0,98029,47.5718,-122.021,2170,7503
4041,4041,1423089118,20150325T000000,494000.0,4.0,2.25,1790,42000,1.0,0,0,3,7,1170,620,1983,0,98045,47.4819,-121.744,2060,50094
4042,4042,7980900011,20150427T000000,412450.0,3.0,2.0,1910,13505,1.0,0,0,3,8,1910,0,1955,0,98034,47.7114,-122.23,2010,8000
4043,4043,5309100750,20150123T000000,580000.0,3.0,1.75,1460,2800,2.0,0,0,3,7,1460,0,1928,0,98117,47.6779,-122.371,1220,4062
4044,4044,322059097,20141105T000000,269900.0,3.0,1.5,1420,22100,1.0,0,0,5,7,1420,0,1957,0,98042,47.4193,-122.149,1540,21780
4045,4045,9834200165,20150406T000000,704300.0,4.0,1.5,1790,4080,1.5,0,0,5,7,1790,0,1928,0,98144,47.5749,-122.291,1710,4080
4046,4046,2420069201,20141107T000000,267000.0,3.0,2.0,1390,6005,2.0,0,0,3,8,1390,0,2005,0,98022,47.2117,-121.99,1264,5550
4047,4047,4167300300,20140813T000000,310000.0,4.0,1.75,1880,12150,1.0,0,0,3,7,1280,600,1976,0,98023,47.3272,-122.363,1980,9680
4048,4048,1105000745,20150123T000000,227064.0,3.0,1.5,1570,10824,2.0,0,0,3,7,1570,0,1908,0,98118,47.54,-122.275,1530,8125
4049,4049,8927600100,20140528T000000,925000.0,3.0,2.5,2690,7000,2.0,0,0,5,7,1840,850,1943,0,98115,47.6784,-122.277,1800,6435
4050,4050,8078490090,20150508T000000,245000.0,3.0,1.75,1670,11452,1.0,0,2,3,8,1670,0,1992,0,98022,47.1913,-122.015,1820,11152
4051,4051,1736100090,20141214T000000,339888.0,3.0,1.0,1040,7490,1.0,0,0,3,7,1040,0,1969,0,98034,47.7137,-122.213,1520,7410
4052,4052,3876200100,20140710T000000,439000.0,4.0,2.0,1560,7500,1.0,0,0,4,7,1560,0,1968,0,98034,47.7281,-122.181,1730,7500
4053,4053,6844702290,20140527T000000,400000.0,2.0,1.0,1470,6120,1.0,0,0,2,7,1470,0,1940,0,98115,47.6914,-122.287,1840,6120
4054,4054,4022906430,20140630T000000,560000.0,3.0,2.25,2070,15002,1.5,0,0,3,8,2070,0,1955,2013,98155,47.7635,-122.274,2070,15002
4055,4055,5040800015,20141001T000000,703011.0,2.0,1.0,1370,5922,1.0,0,2,3,8,1130,240,1941,0,98199,47.6473,-122.406,2460,6759
4056,4056,9297301055,20141209T000000,363000.0,2.0,1.0,1120,4800,1.0,0,0,3,7,770,350,1926,0,98126,47.5669,-122.372,1510,4800
4057,4057,318500300,20140919T000000,650000.0,4.0,2.75,2640,6240,2.0,0,0,3,9,2640,0,2001,0,98075,47.5788,-122.059,2640,5898
4058,4058,1839910300,20150106T000000,299950.0,3.0,1.0,1030,9916,1.0,0,0,4,7,1030,0,1972,0,98034,47.7218,-122.176,1470,9044
4059,4059,1446400785,20150422T000000,228950.0,3.0,1.0,1120,6625,1.0,0,0,3,6,1120,0,1942,0,98168,47.4879,-122.332,1120,6794
4060,4060,4036800015,20141001T000000,465000.0,4.0,1.75,1730,11700,1.0,0,0,3,7,880,850,1956,0,98008,47.6031,-122.13,1570,7820
4061,4061,8965500900,20150213T000000,725000.0,3.0,2.5,2090,9847,2.0,0,2,3,9,2090,0,1983,0,98006,47.5651,-122.114,2860,11483
4062,4062,3751603173,20140604T000000,212500.0,3.0,1.0,920,14400,1.0,0,0,4,7,920,0,1977,0,98001,47.2816,-122.269,1170,9600
4063,4063,3423059140,20140910T000000,526000.0,4.0,2.25,2970,54450,2.0,0,0,3,8,2970,0,1983,1998,98058,47.4338,-122.146,2260,6465
4064,4064,114101055,20141223T000000,383000.0,3.0,2.5,1720,10031,2.0,0,0,3,8,1720,0,1993,0,98028,47.7688,-122.238,2280,5845
4065,4065,2475200590,20150421T000000,244000.0,3.0,1.75,1460,4692,1.0,0,0,3,7,1460,0,1988,0,98055,47.472,-122.192,1600,4557
4066,4066,3856905010,20140805T000000,565000.0,3.0,1.5,1540,3570,1.5,0,0,5,7,1490,50,1930,0,98105,47.6692,-122.325,1620,4080
4067,4067,7226500100,20150219T000000,373000.0,8.0,3.0,2850,12714,1.0,0,0,3,7,2850,0,1959,0,98055,47.4859,-122.205,1480,4942
4068,4068,3580900090,20140902T000000,300000.0,3.0,2.0,1310,9855,1.0,0,0,3,7,1310,0,1962,0,98034,47.7296,-122.241,1310,8370
4069,4069,9558000100,20140520T000000,405000.0,5.0,2.5,2430,4781,2.0,0,0,3,9,2430,0,2001,0,98058,47.4487,-122.117,2420,4770
4070,4070,1872900076,20140620T000000,979000.0,3.0,1.5,1700,14133,1.0,0,1,4,8,1700,0,1954,0,98004,47.6166,-122.22,2630,17376
4071,4071,1221059112,20141116T000000,324888.0,4.0,1.75,2160,28750,2.0,0,0,4,8,2160,0,1978,0,98092,47.3212,-122.118,1790,53578
4072,4072,2877102495,20150429T000000,445000.0,3.0,1.5,860,3200,1.0,0,0,3,6,860,0,1929,0,98117,47.6791,-122.362,1220,4300
4073,4073,4400200057,20150221T000000,761000.0,3.0,3.5,2050,2020,2.0,0,0,3,8,1520,530,2006,0,98112,47.6235,-122.306,1230,3640
4074,4074,1049010300,20150427T000000,435000.0,4.0,2.0,1650,4745,1.0,0,0,3,7,1130,520,1972,0,98034,47.7359,-122.18,1650,5184
4075,4075,6802210090,20140822T000000,252000.0,3.0,2.25,1570,8410,1.0,0,0,3,7,1180,390,1991,0,98022,47.1942,-121.99,1540,8410
4076,4076,726049232,20140623T000000,350000.0,3.0,1.75,1660,10150,1.5,0,0,3,7,1660,0,1957,0,98133,47.7512,-122.342,1640,8906
4077,4077,3262300940,20141107T000000,875000.0,3.0,1.0,1220,8119,1.0,0,0,4,7,1220,0,1955,0,98039,47.6328,-122.236,1910,8119
4078,4078,3262300940,20150210T000000,940000.0,3.0,1.0,1220,8119,1.0,0,0,4,7,1220,0,1955,0,98039,47.6328,-122.236,1910,8119
4079,4079,1214700090,20140819T000000,280000.0,3.0,2.0,1780,11342,1.0,0,0,3,7,1780,0,1964,0,98148,47.4617,-122.327,2140,8449
4080,4080,8564950300,20140919T000000,450000.0,3.0,2.5,2180,4226,2.0,0,0,3,8,2180,0,2004,0,98011,47.7733,-122.226,2540,4607
4081,4081,3321069006,20141231T000000,905000.0,3.0,2.5,3520,237402,2.5,0,0,3,9,3520,0,2004,0,98092,47.2687,-122.056,2310,165963
4082,4082,3751601501,20140716T000000,382450.0,3.0,2.5,2220,20531,2.0,0,0,3,8,2220,0,1998,0,98001,47.2864,-122.264,2420,19249
4083,4083,1156000100,20141224T000000,246700.0,3.0,2.0,1610,13309,1.0,0,0,4,7,1610,0,1967,0,98042,47.3398,-122.133,1610,15725
4084,4084,3972900735,20140814T000000,220000.0,3.0,1.5,1070,9331,1.0,0,0,3,6,1070,0,1956,0,98155,47.7633,-122.313,1480,8400
4085,4085,6888900115,20150216T000000,555750.0,3.0,1.0,1060,4880,1.0,0,0,2,6,910,150,1913,0,98118,47.5545,-122.288,1200,4880
4086,4086,3031200165,20140611T000000,262500.0,3.0,1.5,1160,8906,1.0,0,0,3,7,1160,0,1962,0,98118,47.5362,-122.29,1160,8906
4087,4087,5683000033,20141201T000000,515000.0,2.0,1.0,910,4725,1.0,0,0,3,7,910,0,1949,0,98115,47.676,-122.281,1600,5200
4088,4088,7230000265,20140617T000000,499500.0,3.0,2.5,2970,21907,2.0,0,0,3,9,2970,0,1998,2006,98059,47.4741,-122.099,2040,27917
4089,4089,985001015,20140604T000000,135000.0,1.0,1.0,790,13062,1.0,0,0,3,6,790,0,1942,0,98168,47.4919,-122.311,1240,7137
4090,4090,2815600215,20141118T000000,462500.0,2.0,2.0,1540,7290,2.0,0,0,3,7,1540,0,1948,1983,98136,47.551,-122.395,1540,7072
4091,4091,3585900090,20150415T000000,937500.0,4.0,2.5,3130,21100,1.0,0,4,3,9,2530,600,1956,0,98177,47.7598,-122.372,3680,23000
4092,4092,5101407370,20150422T000000,458000.0,3.0,1.5,1470,9570,1.0,0,0,3,7,1280,190,1941,0,98125,47.7032,-122.306,1390,9570
4093,4093,871001105,20141022T000000,845000.0,4.0,2.75,3160,7143,1.5,0,0,3,8,2100,1060,1933,0,98199,47.6513,-122.406,2200,6122
4094,4094,424069233,20140531T000000,660000.0,3.0,2.25,2675,40910,2.0,0,0,3,8,2675,0,1984,0,98075,47.5916,-122.055,2300,39438
4095,4095,3830630090,20150417T000000,265000.0,3.0,2.0,1340,6783,1.0,0,0,4,7,1340,0,1987,0,98030,47.3504,-122.177,1630,6458
4096,4096,1997200215,20140507T000000,599999.0,9.0,4.5,3830,6988,2.5,0,0,3,7,2450,1380,1938,0,98103,47.6927,-122.338,1460,6291
4097,4097,1898310110,20141202T000000,280000.0,3.0,2.5,1800,8697,2.0,0,0,3,8,1800,0,1987,0,98023,47.3115,-122.4,1770,8390
4098,4098,3407700047,20141029T000000,1055000.0,3.0,3.25,2990,189852,2.0,0,0,4,10,2990,0,1974,0,98072,47.746,-122.138,3500,48760
4099,4099,9542100165,20141107T000000,875000.0,4.0,3.0,3720,14125,1.0,0,0,4,9,1930,1790,1960,0,98005,47.5911,-122.177,3160,15300
4100,4100,7140800100,20141014T000000,125000.0,3.0,1.0,920,7276,1.0,0,0,4,6,920,0,1961,0,98002,47.285,-122.211,1120,7276
4101,4101,7202340930,20141209T000000,634800.0,4.0,3.0,3280,4904,2.0,0,0,3,7,3280,0,2005,0,98053,47.6802,-122.033,2600,5004
4102,4102,9262800057,20150203T000000,269950.0,4.0,1.0,1440,9600,1.0,0,0,2,7,1440,0,1964,0,98001,47.3168,-122.264,1740,43560
4103,4103,1159100100,20140620T000000,359950.0,3.0,2.25,1940,11612,1.0,0,0,4,8,1100,840,1981,0,98178,47.5018,-122.23,2180,8954
4104,4104,7230900100,20141215T000000,417000.0,3.0,1.75,1590,11454,1.0,0,0,4,8,1590,0,1979,0,98056,47.5049,-122.186,1970,9960
4105,4105,8682301910,20140722T000000,389000.0,2.0,2.0,1340,4122,1.0,0,0,3,8,1340,0,2007,0,98053,47.7182,-122.022,1350,4273
4106,4106,7701450110,20140815T000000,1038000.0,4.0,2.5,3770,10893,2.0,0,2,3,11,3770,0,1997,0,98006,47.5646,-122.129,3710,9685
4107,4107,1725059209,20140929T000000,698000.0,6.0,2.5,2680,11250,1.0,0,0,5,7,1340,1340,1967,0,98033,47.6553,-122.19,2200,9875
4108,4108,4025300195,20150318T000000,685000.0,4.0,2.5,2820,10125,2.0,0,0,3,8,2820,0,2008,0,98155,47.7494,-122.304,1560,10125
4109,4109,985000900,20141105T000000,198500.0,3.0,1.75,1520,7137,1.0,0,0,3,5,1520,0,1932,0,98168,47.4924,-122.311,1240,8602
4110,4110,7140700850,20150326T000000,350000.0,4.0,2.5,2560,5428,2.0,0,0,3,8,2560,0,2012,0,98042,47.3835,-122.095,2620,5428
4111,4111,522079067,20150408T000000,649950.0,3.0,2.5,3310,387684,1.0,0,0,3,8,2160,1150,1919,1996,98038,47.4167,-121.936,2340,189050
4112,4112,1387300940,20150429T000000,441000.0,3.0,1.5,1540,7200,1.0,0,0,3,7,1540,0,1968,0,98011,47.7357,-122.195,1560,7500
4113,4113,8562700090,20141111T000000,462600.0,3.0,1.75,1430,11761,1.0,0,0,4,8,1430,0,1964,0,98052,47.6686,-122.157,2040,10035
4114,4114,2122059236,20150306T000000,365070.0,4.0,2.5,2506,6232,2.0,0,0,3,7,2506,0,2006,0,98030,47.3734,-122.182,2070,8260
4115,4115,514500090,20140513T000000,550000.0,4.0,2.0,2250,7500,1.0,0,0,5,7,1200,1050,1956,0,98005,47.5877,-122.157,1440,7500
4116,4116,5680001095,20150428T000000,470000.0,5.0,1.75,2740,9600,1.0,0,0,4,7,1370,1370,1945,0,98144,47.5738,-122.315,1990,4800
4117,4117,2475900855,20140827T000000,340000.0,3.0,1.75,1540,10400,1.0,0,0,3,6,1540,0,1977,0,98024,47.5651,-121.89,1090,7500
4118,4118,8669400100,20140805T000000,910000.0,4.0,2.75,4190,38912,1.0,0,0,4,9,2040,2150,1965,0,98005,47.6472,-122.157,3050,36884
4119,4119,3824100051,20150407T000000,405000.0,4.0,1.75,1690,8392,1.0,0,0,3,7,1190,500,1979,0,98028,47.773,-122.256,1880,9861
4120,4120,952004875,20140602T000000,661000.0,4.0,2.25,1990,4600,1.5,0,2,4,8,1420,570,1932,0,98126,47.5638,-122.38,1810,5750
4121,4121,9522350090,20141106T000000,635000.0,4.0,2.5,2410,7069,2.0,0,0,3,9,2410,0,1993,0,98034,47.7094,-122.234,2240,7184
4122,4122,1787600252,20150505T000000,282000.0,2.0,1.0,1150,6098,1.0,0,0,3,7,950,200,1948,0,98125,47.7259,-122.328,1790,8455
4123,4123,7148000315,20150211T000000,235000.0,4.0,1.75,1720,10137,2.0,0,0,3,7,1720,0,1956,0,98188,47.4424,-122.276,1350,10205
4124,4124,2180001080,20140819T000000,277500.0,3.0,2.0,1260,22100,2.0,0,0,4,7,1260,0,1981,0,98023,47.2772,-122.354,1430,13000
4125,4125,1328330590,20150420T000000,346500.0,5.0,2.5,2020,8250,1.0,0,0,4,8,1430,590,1978,0,98058,47.4432,-122.135,1680,8959
4126,4126,34001304,20150410T000000,480000.0,5.0,2.25,2240,5500,1.0,0,0,3,7,1490,750,1959,0,98136,47.5305,-122.391,2010,6050
4127,4127,1558500100,20140916T000000,360000.0,4.0,2.25,1930,6508,2.0,0,0,3,8,1930,0,1996,0,98019,47.7458,-121.977,2170,6548
4128,4128,2887950110,20141106T000000,245000.0,3.0,2.5,1820,6785,1.0,0,0,3,7,1420,400,1994,0,98092,47.3201,-122.177,1710,6055
4129,4129,6852700412,20140919T000000,625000.0,3.0,3.5,1560,1490,2.0,0,0,3,8,1240,320,1995,0,98102,47.6248,-122.319,1560,1662
4130,4130,1798000100,20140529T000000,750500.0,5.0,3.0,2170,2440,1.5,0,0,4,8,1450,720,1911,0,98115,47.6724,-122.317,2070,4000
4131,4131,9516500100,20150418T000000,525000.0,3.0,1.75,1600,9579,1.0,0,0,3,8,1180,420,1977,0,98072,47.7662,-122.159,1750,9829
4132,4132,203400090,20140729T000000,740000.0,4.0,3.5,3760,57063,2.0,0,0,3,9,2950,810,1998,0,98053,47.6328,-121.964,2870,28945
4133,4133,4036800805,20140513T000000,523000.0,3.0,1.5,1240,7735,1.0,0,0,4,7,1240,0,1957,0,98008,47.601000000000006,-122.122,1260,7500
4134,4134,7129302615,20150304T000000,292000.0,3.0,1.75,1090,4500,1.5,0,0,5,8,1090,0,1929,0,98118,47.5157,-122.256,1640,5225
4135,4135,7278700100,20150121T000000,625000.0,4.0,2.5,2740,9599,1.0,0,2,3,8,1820,920,1961,0,98177,47.7728,-122.385,2660,8280
4136,4136,7852070090,20150116T000000,700000.0,3.0,2.5,3110,11727,2.0,0,2,3,9,3110,0,2002,0,98065,47.5445,-121.871,4240,13353
4137,4137,1250200552,20150312T000000,399950.0,3.0,2.5,1610,1320,2.0,0,0,3,7,1280,330,2007,0,98144,47.6,-122.298,1480,1602
4138,4138,9126100608,20150225T000000,545000.0,4.0,3.5,1880,1341,3.0,0,0,3,8,1650,230,2007,0,98122,47.6053,-122.306,1740,1883
4139,4139,396100025,20140807T000000,339999.0,4.0,2.0,1740,6369,1.0,0,0,5,6,870,870,1954,0,98133,47.7461,-122.332,1560,7200
4140,4140,9184700600,20141201T000000,1210000.0,4.0,2.25,3270,6000,2.0,0,0,5,8,2180,1090,1909,0,98122,47.6101,-122.286,2880,6000
4141,4141,4221250090,20141113T000000,545000.0,3.0,2.5,1990,5149,2.0,0,0,3,8,1990,0,2003,0,98075,47.5895,-122.019,2280,4506
4142,4142,8731901810,20150309T000000,260000.0,4.0,1.75,1960,8400,1.0,0,0,4,8,1960,0,1967,0,98023,47.3111,-122.379,2080,8400
4143,4143,7977201707,20140523T000000,526000.0,3.0,1.75,1680,3420,1.0,0,0,3,7,960,720,1992,0,98115,47.6854,-122.291,1680,4080
4144,4144,3260350090,20141112T000000,701000.0,4.0,3.0,2910,8540,2.0,0,0,3,9,2910,0,2003,0,98059,47.5223,-122.156,3040,6091
4145,4145,7399300850,20141003T000000,290000.0,3.0,2.25,1500,7482,1.0,0,0,4,7,1210,290,1968,0,98055,47.4619,-122.187,1480,7308
4146,4146,461002551,20141004T000000,330600.0,1.0,1.0,580,1799,1.0,0,0,3,7,580,0,1908,2005,98117,47.6829,-122.375,1260,4000
4147,4147,9158100090,20150427T000000,550500.0,3.0,1.75,2540,8280,1.0,0,0,3,7,1270,1270,1949,0,98177,47.7219,-122.358,1950,8280
4148,4148,9358002305,20150313T000000,430000.0,2.0,1.0,950,6426,1.0,0,0,3,7,950,0,1949,0,98126,47.5653,-122.37,1360,2550
4149,4149,6447300265,20141014T000000,4000000.0,4.0,5.5,7080,16573,2.0,0,0,3,12,5760,1320,2008,0,98039,47.6151,-122.224,3140,15996
4150,4150,2235000015,20140804T000000,260600.0,2.0,1.0,810,4560,1.0,0,0,3,7,810,0,1928,0,98126,47.5425,-122.376,1490,4560
4151,4151,9523104345,20141218T000000,825000.0,5.0,3.0,4080,7500,2.0,0,2,4,8,2720,1360,1961,0,98103,47.6722,-122.349,2000,4545
4152,4152,6139100056,20141023T000000,378950.0,4.0,2.0,1820,8400,1.0,0,0,5,7,1300,520,1956,0,98155,47.7615,-122.329,1700,9450
4153,4153,808300090,20150116T000000,435000.0,4.0,2.5,2650,9065,2.0,0,0,3,7,2650,0,2000,0,98019,47.7258,-121.959,2590,13218
4154,4154,8077100031,20150422T000000,631000.0,3.0,2.25,1670,1396,2.0,0,0,3,9,1250,420,2015,0,98115,47.6814,-122.288,1610,5191
4155,4155,1402650110,20140518T000000,415000.0,3.0,2.5,2480,8342,2.0,0,0,3,8,2480,0,1986,0,98058,47.4381,-122.134,2300,8303
4156,4156,7985000100,20141021T000000,222000.0,3.0,1.75,1240,7560,1.0,0,0,3,8,1070,170,1967,0,98003,47.333,-122.3,1650,7560
4157,4157,1796350690,20140820T000000,245000.0,3.0,2.0,1390,8250,1.0,0,0,3,7,1390,0,1987,0,98042,47.3707,-122.094,1390,7875
4158,4158,7504110110,20150325T000000,720000.0,3.0,2.5,2880,10126,2.0,0,0,4,10,2880,0,1985,0,98074,47.6319,-122.037,2960,10514
4159,4159,4324500490,20141223T000000,215000.0,3.0,1.0,1060,9954,1.0,0,0,4,7,1060,0,1960,0,98032,47.3801,-122.289,1620,8760
4160,4160,1257202120,20141030T000000,579100.0,2.0,1.0,1070,2754,1.0,0,0,3,7,830,240,1924,0,98103,47.6755,-122.331,1760,4080
4161,4161,3987700115,20140728T000000,522500.0,4.0,1.75,1640,9299,1.5,0,0,4,7,870,770,1943,0,98056,47.5334,-122.168,2460,14326
4162,4162,9137101353,20140919T000000,489000.0,3.0,2.0,1510,3000,1.0,0,0,4,7,910,600,1972,0,98115,47.6804,-122.319,1620,4000
4163,4163,3298701066,20150506T000000,240000.0,3.0,1.0,1230,2353,1.5,0,0,4,6,1230,0,1925,0,98106,47.5177,-122.354,1280,1572
4164,4164,8682290100,20150421T000000,420250.0,3.0,2.0,1510,3657,1.0,0,0,3,8,1510,0,2007,0,98053,47.7225,-122.029,1510,3657
4165,4165,4055700778,20141114T000000,523000.0,4.0,2.5,3180,20870,2.0,0,0,3,8,2120,1060,1967,0,98034,47.7176,-122.241,2700,14190
4166,4166,438000025,20140513T000000,628000.0,4.0,2.0,2260,6000,1.0,0,0,3,8,1430,830,1958,0,98115,47.6876,-122.298,2030,5874
4167,4167,2474400300,20150506T000000,320000.0,4.0,2.5,1920,7277,2.0,0,0,4,8,1920,0,1990,0,98031,47.4058,-122.192,2300,7645
4168,4168,87000283,20141118T000000,359950.0,3.0,2.5,1980,7800,2.0,0,0,3,8,1980,0,1999,0,98055,47.4492,-122.199,1700,20580
4169,4169,2946001645,20140505T000000,232000.0,2.0,1.0,1200,8063,1.0,0,0,4,6,1200,0,1958,0,98198,47.4204,-122.324,1200,7500
4170,4170,9294300495,20141114T000000,810000.0,4.0,2.25,2020,5600,1.0,0,2,4,8,1210,810,1961,0,98115,47.6821,-122.267,2660,6050
4171,4171,492000475,20141211T000000,245000.0,4.0,1.5,2010,7561,1.5,0,0,4,7,1890,120,1921,0,98002,47.31100000000001,-122.227,1420,6564
4172,4172,3876540600,20150507T000000,273000.0,3.0,2.25,1930,8192,1.0,0,0,3,7,1470,460,1984,0,98003,47.2624,-122.299,1510,8192
4173,4173,4122500100,20150211T000000,1191000.0,5.0,2.5,2710,14989,1.0,0,0,3,8,1720,990,1959,0,98004,47.6411,-122.207,3180,16624
4174,4174,2461900945,20150421T000000,438000.0,5.0,1.0,1950,6250,1.5,0,0,4,7,1450,500,1917,0,98136,47.5511,-122.386,1950,6250
4175,4175,7221400495,20140717T000000,400000.0,3.0,1.75,2110,19600,1.0,0,0,4,8,2110,0,1959,0,98055,47.4742,-122.198,880,10077
4176,4176,2349300090,20140516T000000,340000.0,3.0,1.0,1250,4800,1.0,0,0,4,7,1250,0,1951,0,98126,47.5517,-122.381,1404,4800
4177,4177,9523100459,20140609T000000,552000.0,2.0,2.5,1380,951,3.0,0,0,3,9,1380,0,2006,0,98103,47.6654,-122.355,1430,3400
4178,4178,3856904580,20141125T000000,790000.0,3.0,1.75,2050,4080,2.0,0,0,3,8,2050,0,1991,0,98105,47.6698,-122.325,1890,4080
4179,4179,7345600755,20140707T000000,360000.0,3.0,1.5,1800,22000,2.0,0,0,3,8,1800,0,1931,0,98168,47.4889,-122.286,1440,16640
4180,4180,798000457,20150302T000000,235000.0,3.0,1.0,1310,15022,1.0,0,0,3,7,1310,0,1934,1984,98168,47.5008,-122.332,1530,13154
4181,4181,7986400945,20141010T000000,775000.0,2.0,1.0,1010,3600,1.0,0,0,3,7,1010,0,1913,0,98107,47.6641,-122.357,1540,3600
4182,4182,395300100,20140514T000000,489200.0,3.0,2.75,1850,9600,1.5,0,0,5,7,1850,0,1965,0,98034,47.7259,-122.226,1250,10500
4183,4183,2473510090,20140729T000000,341000.0,3.0,2.25,1750,8900,2.0,0,0,4,8,1750,0,1977,0,98058,47.4451,-122.136,1680,7910
4184,4184,1329300300,20141001T000000,335000.0,4.0,2.5,2154,6050,2.0,0,0,3,8,2154,0,2012,0,98030,47.3513,-122.174,2305,5769
4185,4185,952007069,20150121T000000,393500.0,3.0,1.75,1230,1441,2.0,0,0,3,8,1010,220,2004,0,98116,47.5626,-122.382,1170,1942
4186,4186,8073000265,20140918T000000,360000.0,3.0,2.0,1960,8846,1.0,0,3,4,6,980,980,1940,0,98178,47.5101,-122.246,2190,6363
4187,4187,952004745,20150304T000000,400800.0,4.0,1.0,1070,5750,1.0,0,0,3,6,870,200,1923,0,98126,47.56399999999999,-122.379,1270,5750
4188,4188,1376800115,20141103T000000,585000.0,3.0,1.0,1450,5378,1.0,0,0,3,7,1190,260,1939,0,98199,47.6436,-122.405,1810,5559
4189,4189,6613000750,20141001T000000,1600000.0,4.0,2.75,3680,5000,2.0,0,3,3,9,2480,1200,1936,0,98105,47.6599,-122.269,3200,5000
4190,4190,2303900090,20140729T000000,2880500.0,4.0,2.5,5760,32033,2.0,0,4,4,12,4390,1370,1994,0,98177,47.7288,-122.37,3420,28475
4191,4191,6713700025,20140515T000000,300000.0,3.0,1.0,1220,13000,1.0,0,0,4,7,1220,0,1955,0,98133,47.7608,-122.353,1510,12600
4192,4192,4083304535,20141114T000000,1045000.0,4.0,2.75,2950,4560,2.0,0,0,5,7,1810,1140,1912,0,98103,47.6525,-122.333,2000,4560
4193,4193,3626039403,20140922T000000,360000.0,3.0,1.5,1340,1110,2.0,0,0,3,7,1040,300,1999,0,98117,47.698,-122.366,1220,1110
4194,4194,254000100,20140620T000000,665900.0,4.0,2.25,2870,5453,2.0,0,1,4,8,2220,650,1926,0,98146,47.5129,-122.388,1660,4800
4195,4195,2724049076,20140822T000000,470000.0,4.0,1.0,2590,18224,1.5,0,0,4,7,2000,590,1911,0,98118,47.5318,-122.286,1800,7080
4196,4196,8562500690,20140513T000000,581000.0,4.0,1.75,2090,8164,1.0,0,0,4,8,1070,1020,1963,0,98052,47.6715,-122.155,1310,7975
4197,4197,3834500195,20140707T000000,527000.0,6.0,3.5,3000,8401,1.0,0,0,3,8,1500,1500,1979,0,98125,47.7226,-122.299,1400,8403
4198,4198,2207100405,20150506T000000,423000.0,4.0,1.75,1730,7245,1.0,0,0,4,7,880,850,1955,0,98007,47.5995,-122.144,1550,7245
4199,4199,9482700475,20140927T000000,875000.0,4.0,3.5,2850,4416,1.5,0,0,3,7,2040,810,1926,0,98103,47.6835,-122.342,1860,4416
4200,4200,7905200386,20140729T000000,410000.0,3.0,1.0,1020,6903,1.0,0,0,3,7,1020,0,1951,0,98116,47.571000000000005,-122.392,1440,6678
4201,4201,8680500090,20150316T000000,606000.0,3.0,2.5,2200,6005,2.0,0,0,3,9,2200,0,1997,0,98072,47.7408,-122.169,2320,6098
4202,4202,3424089119,20150501T000000,654000.0,3.0,2.5,3240,60840,2.0,0,0,3,7,3240,0,1997,0,98045,47.5192,-121.764,2570,204732
4203,4203,1437500015,20140709T000000,150000.0,3.0,0.75,490,38500,1.5,0,0,4,5,490,0,1959,0,98014,47.7112,-121.315,800,18297
4204,4204,3298700110,20141109T000000,373000.0,3.0,2.5,2990,6771,1.0,0,0,3,7,1550,1440,2003,0,98106,47.5237,-122.353,1800,6771
4205,4205,6300000337,20140529T000000,550000.0,5.0,2.0,2450,9488,1.0,0,0,4,7,1240,1210,1900,1955,98133,47.7056,-122.34,1310,5693
4206,4206,8561200110,20140521T000000,512500.0,3.0,2.5,1900,7604,2.0,0,0,3,8,1900,0,1990,0,98033,47.7002,-122.188,1980,9583
4207,4207,2781250110,20150428T000000,360000.0,4.0,2.5,2640,7388,2.0,0,0,3,7,2640,0,2003,0,98038,47.3505,-122.027,2640,6383
4208,4208,4442800008,20140926T000000,369000.0,3.0,2.0,1340,1480,3.0,0,0,3,8,1340,0,1997,0,98117,47.6904,-122.393,1340,1321
4209,4209,2619920110,20141230T000000,825000.0,4.0,2.5,3220,5262,2.0,0,0,3,9,3220,0,2003,0,98033,47.6878,-122.162,3220,4921
4210,4210,7334501130,20141201T000000,255000.0,3.0,2.0,930,11475,1.0,0,0,3,7,930,0,1978,0,98045,47.4644,-121.745,1280,11250
4211,4211,9471200115,20140528T000000,1285000.0,4.0,2.5,3240,10800,1.0,0,0,3,10,2260,980,1946,0,98105,47.6709,-122.262,3490,10800
4212,4212,2597500090,20140808T000000,270000.0,5.0,2.5,2630,8470,1.5,0,0,4,8,2630,0,1968,0,98002,47.2863,-122.196,1780,8575
4213,4213,8665050490,20140924T000000,480680.0,3.0,2.5,1730,4924,2.0,0,0,3,8,1730,0,1996,0,98029,47.5672,-122.005,1610,4313
4214,4214,1736800740,20150303T000000,525000.0,4.0,1.75,2120,7725,1.0,0,0,3,8,1220,900,1965,0,98007,47.6003,-122.144,2160,7725
4215,4215,6163901751,20140623T000000,291500.0,3.0,1.0,880,9238,1.5,0,0,5,6,880,0,1946,0,98155,47.7494,-122.319,1170,9238
4216,4216,2323059184,20141230T000000,305000.0,4.0,2.0,1800,13551,1.0,0,0,4,7,1800,0,1974,0,98059,47.4721,-122.128,1730,13551
4217,4217,7349650490,20150507T000000,285000.0,3.0,1.75,1600,7500,1.0,0,0,3,7,1600,0,1998,0,98002,47.2831,-122.199,1620,7461
4218,4218,1025039086,20140916T000000,1875000.0,3.0,2.5,3280,29111,2.0,1,3,3,11,3280,0,1925,0,98199,47.6699,-122.416,3530,21074
4219,4219,274100090,20150108T000000,329500.0,5.0,1.75,3290,8000,1.0,0,0,3,7,1790,1500,1968,0,98030,47.3733,-122.214,2380,7000
4220,4220,3342104046,20140708T000000,1570000.0,4.0,2.25,2890,18226,3.0,1,4,3,10,2890,0,1984,0,98056,47.5169,-122.209,2870,11151
4221,4221,7893801862,20140811T000000,379260.0,3.0,2.5,1730,7202,1.0,0,0,3,7,1330,400,1991,0,98198,47.4099,-122.329,2100,8125
4222,4222,7852060490,20140709T000000,356000.0,3.0,2.5,1590,3411,2.0,0,0,3,7,1590,0,2000,0,98065,47.5303,-121.878,1590,3411
4223,4223,7923300115,20141201T000000,571900.0,4.0,1.75,1710,8947,1.0,0,0,4,7,1710,0,1956,0,98007,47.5947,-122.135,1360,10133
4224,4224,2868300115,20140821T000000,271500.0,3.0,1.75,1995,18360,2.0,0,0,3,7,1995,0,1957,0,98198,47.4129,-122.322,1980,13640
4225,4225,9477001270,20150316T000000,390000.0,3.0,1.75,1300,10030,1.0,0,0,4,7,1300,0,1967,0,98034,47.7359,-122.192,1520,7713
4226,4226,522069119,20150512T000000,550000.0,3.0,2.5,2720,62310,1.0,0,0,3,8,2040,680,1985,0,98038,47.4168,-122.074,2770,204296
4227,4227,2025049175,20150105T000000,755000.0,2.0,2.5,1360,2070,2.0,0,0,3,8,1360,0,1999,0,98102,47.6423,-122.329,1920,2092
4228,4228,2771604226,20141118T000000,509500.0,2.0,2.5,1590,1485,2.0,0,0,3,8,1300,290,1994,0,98199,47.6375,-122.387,1880,3675
4229,4229,2917200615,20150325T000000,486700.0,2.0,1.0,1200,6278,1.0,0,0,3,7,1080,120,1942,0,98103,47.7001,-122.351,1200,6211
4230,4230,9551201295,20140728T000000,527500.0,2.0,1.0,1170,3000,1.5,0,0,3,7,1170,0,1910,0,98103,47.6697,-122.338,1530,4000
4231,4231,7443000985,20140815T000000,475000.0,5.0,2.5,2010,3600,1.5,0,0,3,6,1510,500,1912,0,98119,47.6522,-122.366,1780,3600
4232,4232,3395041194,20140827T000000,268000.0,3.0,2.75,1880,1793,2.0,0,0,3,7,1810,70,2001,0,98108,47.5405,-122.293,1800,2537
4233,4233,1024069162,20150416T000000,562000.0,3.0,2.0,3250,50529,2.0,0,0,4,8,3250,0,1978,0,98075,47.5849,-122.016,2370,47480
4234,4234,5452800735,20140722T000000,780000.0,4.0,2.5,2270,13449,1.0,0,0,4,9,1310,960,1975,0,98040,47.5416,-122.232,2810,13475
4235,4235,2902200015,20150106T000000,700000.0,9.0,3.0,3680,4400,2.0,0,0,3,7,2830,850,1908,0,98102,47.6374,-122.324,1960,2450
4236,4236,1698900195,20140902T000000,710000.0,3.0,2.0,1880,3000,1.0,0,0,4,8,1040,840,1931,0,98109,47.6418,-122.351,1790,3000
4237,4237,442000015,20140612T000000,445000.0,3.0,1.0,1050,5664,1.0,0,0,4,7,910,140,1947,0,98115,47.6897,-122.285,1500,5664
4238,4238,222069058,20140915T000000,729000.0,3.0,3.25,2250,60548,1.0,0,0,3,9,2250,0,2005,0,98038,47.4246,-122.014,2760,84070
4239,4239,2926049449,20140618T000000,384400.0,3.0,3.25,1689,1388,3.0,0,0,3,8,1689,0,2008,0,98125,47.7174,-122.317,1459,1384
4240,4240,6071800100,20150327T000000,815000.0,6.0,3.0,2860,17853,1.0,0,0,3,8,1430,1430,1962,2015,98006,47.54600000000001,-122.175,1920,13452
4241,4241,4003000110,20141029T000000,865000.0,4.0,2.5,2710,4069,3.0,0,0,4,10,2710,0,1990,0,98122,47.604,-122.288,1810,3586
4242,4242,925059198,20140828T000000,514000.0,3.0,2.0,1770,7200,1.0,0,0,4,7,1770,0,1967,0,98033,47.6642,-122.173,2250,11250
4243,4243,6072700110,20140520T000000,615000.0,4.0,2.75,2820,13193,1.0,0,0,3,8,1860,960,1965,0,98006,47.5579,-122.174,2580,13193
4244,4244,1926069143,20141016T000000,865000.0,4.0,3.25,3400,99170,1.0,0,0,4,8,2000,1400,1980,0,98072,47.7293,-122.099,3460,47920
4245,4245,2871000300,20141013T000000,755000.0,4.0,2.5,3110,6930,2.0,0,0,3,9,3110,0,2004,0,98052,47.7011,-122.112,3090,7000
4246,4246,6163900301,20150427T000000,425000.0,4.0,1.0,1480,8321,1.0,0,0,3,7,1080,400,1953,0,98155,47.7629,-122.318,1580,8502
4247,4247,4318200090,20140618T000000,375000.0,2.0,1.0,940,9839,1.0,0,0,3,6,940,0,1910,0,98136,47.5379,-122.386,1330,8740
4248,4248,9526600090,20150424T000000,750000.0,4.0,2.5,2680,4548,2.0,0,0,3,8,2680,0,2009,0,98052,47.7073,-122.114,2750,4548
4249,4249,629420100,20140926T000000,722000.0,4.0,2.75,3190,5408,2.0,0,0,3,9,3190,0,2005,0,98075,47.5903,-121.988,3160,5773
4250,4250,6905200215,20150331T000000,1011000.0,3.0,2.5,1920,4480,2.0,0,1,3,9,1920,0,1949,1997,98119,47.6472,-122.373,1790,4500
4251,4251,7202430110,20140625T000000,725000.0,3.0,2.5,2610,7510,2.0,0,0,3,9,2610,0,1996,0,98052,47.6648,-122.137,2610,8458
4252,4252,87000245,20140930T000000,170000.0,3.0,0.75,1040,42180,1.0,0,0,2,6,1040,0,1947,0,98055,47.4518,-122.199,1270,24090
4253,4253,6667400090,20150501T000000,845000.0,4.0,3.25,2880,35315,1.0,0,0,3,11,2270,610,1982,0,98005,47.6587,-122.163,1910,167378
4254,4254,6802200100,20150115T000000,271900.0,3.0,2.0,1450,8771,2.0,0,0,4,7,1450,0,1991,0,98022,47.1947,-121.989,1450,8653
4255,4255,913000315,20140605T000000,1300000.0,6.0,4.5,3902,3880,3.0,0,4,4,9,2782,1120,1977,0,98116,47.5837,-122.399,1100,3870
4256,4256,8732030490,20141222T000000,261500.0,4.0,2.5,2460,7800,1.0,0,0,3,8,1500,960,1977,0,98023,47.3081,-122.384,2210,7800
4257,4257,3629920600,20140516T000000,619500.0,3.0,2.5,2170,5000,2.0,0,0,3,9,2170,0,2003,0,98029,47.5458,-121.996,2170,5000
4258,4258,1524079156,20140610T000000,435000.0,5.0,2.25,1970,15247,1.0,0,0,3,7,1450,520,1986,0,98024,47.5669,-121.905,1300,10800
4259,4259,6450301690,20141003T000000,210000.0,3.0,1.0,1000,5454,1.0,0,0,3,7,1000,0,1954,0,98133,47.7339,-122.337,1320,5250
4260,4260,5309101050,20141126T000000,489950.0,3.0,2.0,1580,4010,1.0,0,0,4,7,790,790,1909,0,98117,47.6769,-122.371,1350,5350
4261,4261,8857600820,20140508T000000,260000.0,4.0,1.5,2130,8800,1.0,0,0,3,7,1100,1030,1962,0,98032,47.383,-122.288,1480,8120
4262,4262,3500100025,20140628T000000,300000.0,4.0,1.0,1370,8499,1.0,0,0,3,7,1370,0,1949,0,98155,47.736,-122.301,1370,8187
4263,4263,5152100110,20150422T000000,530000.0,4.0,2.0,2150,14161,1.0,0,2,3,8,1330,820,1966,0,98003,47.3376,-122.323,2310,14034
4264,4264,3298600850,20141216T000000,235000.0,3.0,1.75,1370,14030,1.0,0,0,4,8,1370,0,1977,0,98092,47.2969,-122.163,2100,15260
4265,4265,3856902250,20150105T000000,593500.0,3.0,1.0,1370,4000,2.0,0,0,4,8,1370,0,1918,0,98105,47.6711,-122.324,1370,4000
4266,4266,8887001140,20140723T000000,562000.0,3.0,3.0,3290,80471,2.0,0,2,4,8,2330,960,1975,0,98070,47.504,-122.464,1830,30494
4267,4267,2621069066,20150427T000000,585000.0,3.0,2.0,3190,207346,2.0,0,0,3,9,3190,0,1994,0,98022,47.2737,-122.015,2930,206474
4268,4268,251620090,20140530T000000,2400000.0,4.0,3.25,4140,20734,1.0,0,1,3,10,3300,840,1977,2005,98004,47.6344,-122.215,4020,20008
4269,4269,3546000090,20150224T000000,199500.0,3.0,1.75,1690,8901,1.0,0,0,3,7,1690,0,1986,0,98030,47.3546,-122.176,1690,7532
4270,4270,3359500755,20140902T000000,544500.0,5.0,1.0,1690,3240,1.5,0,0,3,7,1690,0,1914,0,98115,47.6746,-122.325,1230,4500
4271,4271,3579800485,20150218T000000,394900.0,3.0,1.0,1430,13370,1.0,0,0,3,7,1430,0,1962,0,98034,47.7317,-122.241,1670,10075
4272,4272,2919201335,20140731T000000,912000.0,4.0,3.75,1980,4095,2.0,0,0,3,9,1980,0,2009,0,98103,47.6901,-122.356,1480,3840
4273,4273,1796370930,20140710T000000,260000.0,3.0,2.5,1490,8102,2.0,0,0,4,7,1490,0,1990,0,98042,47.3712,-122.092,1640,7943
4274,4274,3864000090,20150219T000000,858000.0,5.0,3.0,3620,12778,1.0,0,2,5,8,1900,1720,1964,0,98006,47.5512,-122.191,2930,10669
4275,4275,8651100110,20141209T000000,1275000.0,4.0,2.5,2720,16454,1.0,0,1,5,9,1870,850,1963,0,98040,47.5489,-122.216,3560,15993
4276,4276,8731730590,20150513T000000,242150.0,4.0,1.75,1490,8544,1.0,0,0,4,7,1490,0,1970,0,98031,47.3894,-122.166,1180,8372
4277,4277,1761100300,20141030T000000,220000.0,3.0,1.75,1230,7200,1.0,0,0,3,7,1230,0,1986,0,98023,47.2881,-122.363,1540,7210
4278,4278,9542800820,20150430T000000,235000.0,3.0,2.0,1900,7980,1.0,0,0,4,7,1340,560,1977,0,98023,47.305,-122.373,1690,7840
4279,4279,2644900110,20141021T000000,370000.0,3.0,1.75,1530,10300,1.0,0,0,4,7,1530,0,1978,0,98133,47.7767,-122.356,1940,9883
4280,4280,1626069198,20141003T000000,450000.0,3.0,1.75,2290,44866,1.0,0,0,3,8,1390,900,1981,0,98077,47.7398,-122.041,2410,44866
4281,4281,5101408593,20140711T000000,534950.0,5.0,1.5,2240,6337,1.0,0,0,3,8,1280,960,1956,0,98125,47.7046,-122.316,1870,6380
4282,4282,7853270100,20150315T000000,730000.0,4.0,2.5,3470,14271,2.0,0,0,3,9,3470,0,2005,0,98065,47.5423,-121.877,3450,9380
4283,4283,3308030100,20140925T000000,465000.0,4.0,2.5,3050,32450,1.0,0,0,4,8,1550,1500,1983,0,98030,47.3626,-122.209,2350,15390
4284,4284,1330280100,20140801T000000,178000.0,3.0,1.0,1100,5734,1.0,0,0,4,7,1100,0,1955,0,98030,47.3632,-122.174,1770,6050
4285,4285,2212200090,20150209T000000,215000.0,3.0,1.0,1610,7140,1.0,0,0,3,7,1080,530,1976,0,98031,47.3943,-122.189,1800,7600
4286,4286,9264921140,20150312T000000,300000.0,3.0,2.75,1910,15508,1.0,0,0,3,8,1210,700,1984,0,98023,47.3128,-122.345,2450,7989
4287,4287,8902000068,20140515T000000,430000.0,3.0,2.0,1510,7066,1.0,0,2,3,7,1230,280,1973,0,98125,47.7053,-122.303,1950,8089
4288,4288,7338000850,20140731T000000,183000.0,3.0,1.5,1280,4366,2.0,0,0,4,6,1280,0,1985,0,98002,47.335,-122.215,1280,4366
4289,4289,2770600853,20140612T000000,585000.0,3.0,2.5,1910,1501,2.5,0,0,3,8,1530,380,2007,0,98199,47.6441,-122.385,1760,1750
4290,4290,4239400740,20140716T000000,192950.0,3.0,1.0,1170,3330,2.0,0,0,4,6,1170,0,1969,0,98092,47.3155,-122.182,1090,3330
4291,4291,6184700100,20140926T000000,599000.0,2.0,1.0,1550,7713,1.0,0,0,3,7,1550,0,1930,1979,98117,47.7005,-122.358,1340,6350
4292,4292,3157600615,20140708T000000,326500.0,3.0,1.0,1060,7920,1.0,0,0,4,7,1060,0,1968,0,98106,47.5649,-122.358,1060,7457
4293,4293,6145601810,20140718T000000,358803.0,2.0,1.0,1040,5765,1.0,0,0,3,7,1040,0,1944,0,98133,47.7024,-122.346,1040,3844
4294,4294,1235700042,20140528T000000,537000.0,3.0,2.5,1550,12920,2.0,0,0,5,7,1550,0,1999,0,98033,47.6973,-122.194,2610,10800
4295,4295,7781600025,20141023T000000,1155000.0,3.0,2.5,2490,24691,1.0,1,4,4,9,1580,910,1961,0,98146,47.488,-122.364,2800,24121
4296,4296,7116500705,20150129T000000,156000.0,2.0,1.0,920,5889,1.0,0,0,4,6,920,0,1950,0,98002,47.3012,-122.218,1210,6180
4297,4297,2320069206,20150325T000000,219000.0,3.0,1.0,1250,8276,1.5,0,0,5,6,1250,0,1939,0,98022,47.2092,-121.997,1250,8792
4298,4298,1794501390,20150501T000000,1190000.0,3.0,1.5,2540,2700,2.0,0,0,4,8,1630,910,1922,0,98119,47.637,-122.361,2520,5400
4299,4299,2122059160,20150427T000000,248000.0,5.0,1.75,2190,16788,1.0,0,2,3,8,1380,810,1978,0,98030,47.3764,-122.176,1920,8366
4300,4300,2421069039,20150209T000000,340000.0,3.0,1.75,1340,196020,1.0,0,0,4,7,1340,0,1987,0,98010,47.2931,-121.992,2250,232230
4301,4301,5452800495,20150422T000000,899100.0,5.0,2.5,2410,15300,1.0,0,0,4,8,1400,1010,1975,0,98040,47.5416,-122.231,2440,15300
4302,4302,4024100961,20140728T000000,346950.0,3.0,1.75,1830,10954,1.0,0,0,3,7,1830,0,1963,0,98155,47.7554,-122.306,1850,8624
4303,4303,7857001560,20140917T000000,330000.0,3.0,1.0,1850,5775,2.0,0,0,3,6,1740,110,1928,0,98108,47.5446,-122.296,1520,3578
4304,4304,9540100025,20140731T000000,325000.0,3.0,1.0,1410,8250,1.0,0,0,3,7,1410,0,1954,0,98177,47.7621,-122.36,1580,8250
4305,4305,2473410740,20141027T000000,315000.0,3.0,1.75,1460,7884,1.0,0,0,3,8,1460,0,1975,0,98058,47.4457,-122.128,2050,7210
4306,4306,2770604365,20140623T000000,649950.0,3.0,2.5,1500,1375,2.0,0,0,3,9,1200,300,2014,0,98119,47.6451,-122.375,1680,1627
4307,4307,173000025,20140825T000000,316000.0,3.0,1.0,1130,7200,1.5,0,0,4,6,1130,0,1942,0,98133,47.7298,-122.355,1350,1358
4308,4308,7853340490,20140617T000000,386000.0,2.0,2.5,1620,3196,2.0,0,0,3,8,1620,0,2008,0,98065,47.5167,-121.878,1750,2828
4309,4309,239000115,20150408T000000,535000.0,2.0,1.75,2330,7280,1.0,0,0,3,7,1450,880,1982,0,98188,47.4282,-122.28,1830,12178
4310,4310,9528101032,20150325T000000,600000.0,3.0,3.0,1520,1800,3.0,0,0,3,7,1520,0,2003,0,98115,47.6822,-122.326,1520,1500
4311,4311,5416100110,20141118T000000,339000.0,4.0,2.5,2840,8746,2.0,0,0,3,8,2840,0,2001,0,98022,47.19,-122.013,2630,9900
4312,4312,4331000265,20140926T000000,167000.0,3.0,2.0,1520,7456,1.0,0,0,3,7,1520,0,1949,0,98166,47.4745,-122.343,1740,8464
4313,4313,5249803885,20141215T000000,430000.0,3.0,1.0,1740,4800,1.0,0,0,3,8,1740,0,1952,0,98118,47.5596,-122.27,1600,4800
4314,4314,7853301390,20140821T000000,688000.0,4.0,4.0,4000,9309,2.0,0,0,3,9,4000,0,2007,0,98065,47.5421,-121.888,3920,8048
4315,4315,1376800025,20140908T000000,834500.0,3.0,2.25,2780,6000,1.0,0,3,4,9,1670,1110,1948,0,98199,47.6442,-122.406,2780,6000
4316,4316,7639900025,20140628T000000,1075000.0,4.0,4.25,3500,8750,1.0,0,4,5,9,2140,1360,1951,0,98177,47.7222,-122.367,3110,8750
4317,4317,2822059262,20141201T000000,250000.0,3.0,1.0,1060,52272,1.0,0,0,3,7,1060,0,1960,0,98030,47.36,-122.178,1900,5971
4318,4318,8113100850,20150410T000000,402500.0,3.0,1.0,1290,4000,1.5,0,0,3,7,1290,0,1926,0,98118,47.5462,-122.277,1160,5040
4319,4319,565300110,20141216T000000,432500.0,3.0,2.5,2390,6435,1.0,0,0,3,8,1600,790,1978,0,98034,47.726000000000006,-122.194,2020,7300
4320,4320,1887000100,20140814T000000,485000.0,5.0,1.75,2460,14100,1.0,0,0,3,7,1380,1080,1972,0,98028,47.7452,-122.224,2028,11078
4321,4321,8731990090,20140820T000000,560000.0,4.0,2.75,2930,22000,1.0,0,3,4,9,1580,1350,1978,0,98023,47.3227,-122.384,2930,9758
4322,4322,3432500705,20141021T000000,410000.0,4.0,2.25,2200,8292,2.0,0,0,3,7,2200,0,1990,0,98155,47.7456,-122.315,1090,8290
4323,4323,1015500300,20140515T000000,455000.0,3.0,2.5,1870,7344,1.0,0,0,3,8,1470,400,1980,0,98034,47.7265,-122.206,1930,7344
4324,4324,3972300100,20141229T000000,459500.0,4.0,2.5,2060,8968,1.0,0,0,4,7,1190,870,1975,0,98155,47.7686,-122.317,1350,8972
4325,4325,3876300600,20141212T000000,371000.0,4.0,1.75,1610,11305,1.0,0,0,3,7,1610,0,1968,0,98034,47.727,-122.176,1870,11850
4326,4326,2111010940,20150220T000000,289500.0,3.0,2.25,2120,3400,2.0,0,0,3,7,2120,0,2002,0,98092,47.3364,-122.17,2420,3400
4327,4327,2771102158,20141021T000000,395000.0,3.0,3.5,1450,1263,2.0,0,0,3,8,1160,290,2007,0,98199,47.6508,-122.383,1390,1282
4328,4328,1498304065,20140614T000000,496752.0,2.0,1.0,1980,5000,1.0,0,0,4,7,1090,890,1923,0,98144,47.586000000000006,-122.295,1720,5000
4329,4329,6150200375,20141001T000000,227000.0,2.0,1.0,860,6800,1.0,0,0,3,6,860,0,1943,0,98133,47.7274,-122.337,1220,6800
4330,4330,3343901340,20140804T000000,330000.0,3.0,1.75,1460,9261,1.0,0,0,3,7,1460,0,1985,0,98056,47.5155,-122.189,1550,8800
4331,4331,4037800015,20150123T000000,480000.0,5.0,2.0,2590,8610,1.0,0,0,4,7,1340,1250,1958,0,98008,47.6112,-122.126,1750,8610
4332,4332,1626079066,20140806T000000,290000.0,2.0,1.0,1120,217800,1.0,0,0,3,6,1120,0,1976,0,98019,47.7378,-121.912,1480,217800
4333,4333,6200017,20141112T000000,281000.0,3.0,1.0,1340,21336,1.5,0,0,4,5,1340,0,1945,0,98032,47.4023,-122.273,1340,37703
4334,4334,5249805090,20150407T000000,705000.0,4.0,1.5,1780,3120,1.5,0,3,3,8,1780,0,1926,0,98118,47.5589,-122.264,1710,3600
4335,4335,4217401055,20140502T000000,1400000.0,4.0,2.5,2920,4000,1.5,0,0,5,8,1910,1010,1909,0,98105,47.6578,-122.28,2470,4000
4336,4336,7738500475,20141212T000000,485000.0,4.0,3.25,2820,6611,1.0,0,0,3,7,1410,1410,1958,0,98155,47.7473,-122.285,2320,6611
4337,4337,2767603250,20150309T000000,622000.0,3.0,2.25,1550,1919,3.0,0,0,3,8,1550,0,2003,0,98107,47.6729,-122.379,1550,2918
4338,4338,2620069113,20140902T000000,380000.0,3.0,2.25,1600,39848,1.0,0,3,4,8,1600,0,1958,0,98022,47.1991,-122.013,1600,39848
4339,4339,3760500336,20141126T000000,2125000.0,4.0,2.75,3190,19513,2.0,0,4,4,10,3190,0,1982,0,98034,47.6991,-122.235,2750,13496
4340,4340,5101404563,20140627T000000,561500.0,3.0,1.75,1960,6380,1.0,0,0,4,7,980,980,1939,0,98115,47.6975,-122.316,1480,6380
4341,4341,9407000600,20140916T000000,242000.0,3.0,1.0,970,9600,1.0,0,0,3,7,970,0,1972,0,98045,47.4451,-121.768,1110,9600
4342,4342,9353300600,20140624T000000,348500.0,3.0,1.5,1360,10726,1.0,0,0,4,7,1360,0,1966,0,98059,47.4948,-122.134,1650,10726
4343,4343,9353300600,20150326T000000,370000.0,3.0,1.5,1360,10726,1.0,0,0,4,7,1360,0,1966,0,98059,47.4948,-122.134,1650,10726
4344,4344,993000090,20150414T000000,752000.0,6.0,3.75,3810,6663,2.0,0,0,4,8,3810,0,1977,0,98103,47.6938,-122.34,1610,4561
4345,4345,1796361140,20141031T000000,230000.0,3.0,1.75,1340,8250,1.0,0,0,3,7,1100,240,1985,0,98042,47.3668,-122.09,1540,7860
4346,4346,1112000031,20150318T000000,715000.0,3.0,2.25,1990,4977,3.0,0,0,3,9,1990,0,2012,0,98118,47.5404,-122.268,1280,5000
4347,4347,2822049160,20150417T000000,240415.0,3.0,1.75,1120,10187,1.0,0,0,3,7,1120,0,1968,0,98198,47.3694,-122.311,1900,8736
4348,4348,3856904560,20141125T000000,562000.0,4.0,1.75,2060,4080,1.5,0,0,3,7,1460,600,1922,1996,98105,47.6698,-122.325,1620,4080
4349,4349,2492200956,20140805T000000,360000.0,3.0,1.5,1170,4080,1.0,0,0,5,6,1170,0,1917,0,98126,47.5338,-122.381,920,4242
4350,4350,2770604079,20141029T000000,659950.0,3.0,2.5,1610,1246,2.0,0,1,3,9,1080,530,2014,0,98119,47.6423,-122.375,1610,1249
4351,4351,2719100042,20140623T000000,458500.0,3.0,2.0,1890,1599,2.0,0,0,3,9,1430,460,2012,0,98136,47.5438,-122.385,1780,1562
4352,4352,7899800864,20150305T000000,259950.0,2.0,2.0,1070,649,2.0,0,0,3,9,720,350,2008,0,98106,47.5213,-122.357,1070,928
4353,4353,9485750110,20140918T000000,366000.0,3.0,1.75,1680,6108,1.0,0,0,3,8,1680,0,1989,0,98055,47.4501,-122.208,2220,5664
4354,4354,2024059058,20150428T000000,978000.0,4.0,2.75,2890,7821,2.0,0,0,3,9,2890,0,2014,0,98006,47.554,-122.189,2890,10108
4355,4355,7977201865,20150421T000000,525000.0,2.0,1.0,1360,6120,1.0,0,0,3,7,1060,300,1947,0,98115,47.6841,-122.291,1800,5100
4356,4356,4232900940,20140522T000000,926300.0,3.0,1.5,1660,4800,2.0,0,0,3,8,1660,0,1907,0,98119,47.6352,-122.358,1690,4000
4357,4357,3364900375,20150423T000000,750000.0,2.0,1.0,1620,6120,1.0,0,0,3,7,1620,0,1951,0,98115,47.6731,-122.326,1650,4590
4358,4358,4151800375,20141204T000000,660000.0,2.0,1.0,960,6263,1.0,0,1,4,6,960,0,1942,0,98033,47.6646,-122.202,1460,6054
4359,4359,2610100015,20140813T000000,305000.0,4.0,1.75,1000,7200,1.5,0,0,4,6,1000,0,1947,0,98155,47.742,-122.324,1280,7200
4360,4360,8682230590,20150426T000000,800000.0,2.0,2.5,2395,6143,1.0,0,0,3,8,2395,0,2003,0,98053,47.7114,-122.029,2170,6162
4361,4361,3876100940,20150427T000000,600000.0,4.0,1.75,3050,9440,1.0,0,0,3,8,1800,1250,1966,0,98034,47.7228,-122.183,2020,8660
4362,4362,1221079058,20140827T000000,435000.0,2.0,1.0,1120,88327,1.5,0,0,4,6,1120,0,1972,0,98010,47.3205,-121.867,1640,136662
4363,4363,2770605550,20150310T000000,1135000.0,4.0,3.25,2960,4296,2.0,0,0,3,9,2190,770,2007,0,98119,47.6526,-122.372,2150,6000
4364,4364,4468400214,20141010T000000,318000.0,3.0,2.25,1250,1017,3.0,0,0,3,8,1250,0,2008,0,98133,47.7099,-122.333,1250,1017
4365,4365,2767705010,20141006T000000,639000.0,4.0,2.0,1940,5000,1.0,0,0,4,7,980,960,1910,0,98107,47.6719,-122.369,1940,5000
4366,4366,5422560930,20150316T000000,453000.0,3.0,2.5,1750,3900,2.0,0,0,3,8,1750,0,1977,0,98052,47.6638,-122.129,1750,5700
4367,4367,824059211,20141117T000000,800000.0,4.0,1.75,2150,9148,1.0,0,0,4,7,2150,0,1955,0,98004,47.5828,-122.197,2370,9148
4368,4368,6825100015,20140604T000000,437000.0,2.0,1.75,1500,6800,1.0,0,0,4,7,910,590,1942,0,98117,47.7004,-122.371,1450,6800
4369,4369,4166600115,20141121T000000,1150000.0,3.0,2.75,3230,75889,2.0,1,4,3,7,3230,0,1925,1993,98023,47.3344,-122.37,2560,72229
4370,4370,3574801500,20140926T000000,490000.0,4.0,2.5,3000,8645,2.0,0,0,3,8,3000,0,1985,0,98034,47.7315,-122.224,1930,8866
4371,4371,9477001140,20140710T000000,499950.0,4.0,1.75,1520,7700,1.0,0,0,4,7,1520,0,1967,0,98034,47.7356,-122.191,1520,7500
4372,4372,3384300100,20141226T000000,160134.0,3.0,1.5,1190,10116,1.0,0,0,3,7,1190,0,1968,0,98042,47.385,-122.085,1190,9905
4373,4373,6123600100,20141215T000000,191000.0,3.0,1.0,990,8255,1.0,0,0,3,7,990,0,1953,0,98148,47.425,-122.331,1180,9750
4374,4374,1311300100,20150115T000000,221000.0,3.0,1.0,1250,7280,1.0,0,0,3,7,1250,0,1965,0,98001,47.3414,-122.286,1450,7350
4375,4375,3812400854,20141028T000000,352800.0,4.0,2.0,2080,6360,1.0,0,0,3,7,1330,750,1960,0,98118,47.5392,-122.278,2080,6741
4376,4376,1326069188,20150511T000000,350000.0,3.0,2.5,1640,10424,2.0,0,0,3,7,1640,0,1988,0,98019,47.7345,-121.977,1560,10101
4377,4377,3131201865,20140617T000000,458000.0,4.0,1.5,1550,3000,1.5,0,0,3,7,1350,200,1918,0,98105,47.6604,-122.324,1710,5535
4378,4378,321059059,20140519T000000,359950.0,3.0,1.0,1290,189486,1.0,0,0,4,7,1290,0,1960,0,98092,47.3356,-122.157,2370,98881
4379,4379,223039330,20150407T000000,1050000.0,3.0,3.0,3250,5093,2.0,0,3,3,10,3250,0,2004,0,98146,47.5123,-122.39,2820,7752
4380,4380,7857000900,20140724T000000,353000.0,3.0,1.75,1260,11775,1.0,0,0,5,6,1260,0,1942,0,98108,47.5501,-122.296,1270,5480
4381,4381,8109800110,20140801T000000,717550.0,3.0,3.5,2840,4468,3.0,0,0,3,10,2840,0,2006,0,98052,47.7069,-122.117,3040,5400
4382,4382,5422560900,20140807T000000,450000.0,3.0,2.25,1960,6500,2.0,0,0,4,8,1960,0,1977,0,98052,47.6642,-122.129,1860,6160
4383,4383,3332000195,20140924T000000,167500.0,3.0,1.0,760,3090,1.0,0,0,2,5,760,0,1903,0,98118,47.5513,-122.275,1020,5356
4384,4384,2423029245,20140617T000000,550000.0,3.0,1.75,2240,78225,2.0,0,0,5,8,2240,0,1976,0,98070,47.4638,-122.484,2030,202554
4385,4385,8651600110,20150421T000000,939000.0,4.0,2.25,2240,9684,2.0,0,0,4,9,2240,0,1970,0,98040,47.5489,-122.225,2440,9618
4386,4386,7902200015,20150429T000000,700000.0,3.0,1.75,1820,15570,1.0,0,2,3,8,1820,0,1948,0,98146,47.5068,-122.386,2490,9480
4387,4387,3523089019,20140519T000000,480000.0,4.0,3.5,3370,435600,2.0,0,3,3,9,3370,0,2005,0,98045,47.4398,-121.738,2790,114868
4388,4388,8827900015,20140829T000000,501000.0,3.0,1.0,1160,4360,1.0,0,0,4,8,1160,0,1929,0,98105,47.6718,-122.291,1810,4360
4389,4389,9237800100,20150204T000000,580000.0,3.0,2.25,1640,8625,1.0,0,0,3,8,1320,320,1987,0,98052,47.6772,-122.153,1770,9476
4390,4390,2724089019,20140523T000000,527550.0,1.0,0.75,820,59677,1.0,0,0,3,5,820,0,1999,0,98065,47.5316,-121.764,1590,14163
4391,4391,5416501030,20141124T000000,399000.0,4.0,2.5,2800,4687,2.0,0,0,3,9,2800,0,2005,0,98038,47.3594,-122.04,2750,4750
4392,4392,7211402305,20150415T000000,240000.0,3.0,1.75,1780,5000,1.5,0,0,3,6,1080,700,1957,0,98146,47.5105,-122.36,1500,5000
4393,4393,1221059176,20150311T000000,353000.0,4.0,2.75,2200,268329,1.0,0,0,3,7,1410,790,1989,0,98092,47.3224,-122.122,2240,58806
4394,4394,7549802600,20140528T000000,335000.0,4.0,2.0,1480,3132,1.0,0,0,5,6,740,740,1910,0,98108,47.55,-122.312,1480,6420
4395,4395,4112100165,20150317T000000,475000.0,3.0,3.0,2010,2554,2.0,0,0,3,7,1860,150,2001,0,98118,47.5525,-122.269,1370,5100
4396,4396,7518506595,20140826T000000,660000.0,3.0,2.0,2880,5100,1.5,0,0,4,7,2080,800,1926,0,98117,47.6805,-122.385,1820,5100
4397,4397,2767602490,20140724T000000,551000.0,3.0,1.0,940,1948,1.0,0,0,5,6,940,0,1900,0,98107,47.6733,-122.383,1700,5000
4398,4398,3821000100,20150320T000000,249950.0,4.0,1.75,1620,10530,1.0,0,0,3,7,1620,0,1968,0,98030,47.3808,-122.211,1890,9975
4399,4399,524069019,20141120T000000,1150000.0,4.0,3.25,4400,262666,2.0,0,0,3,11,4400,0,1988,0,98075,47.5927,-122.064,3240,9791
4400,4400,1492800296,20140703T000000,575000.0,3.0,1.75,1530,6743,1.0,0,0,3,7,1410,120,1955,0,98116,47.5745,-122.396,2040,6000
4401,4401,7855900110,20140718T000000,1088890.0,4.0,2.75,3460,11350,1.0,0,4,4,9,1780,1680,1974,0,98006,47.568000000000005,-122.153,3200,13874
4402,4402,7853290090,20141118T000000,515000.0,4.0,2.5,2890,7306,2.0,0,0,3,7,2890,0,2006,0,98065,47.5447,-121.883,2850,6687
4403,4403,2123049175,20141210T000000,235000.0,3.0,1.5,1980,11214,1.0,0,0,3,7,1980,0,1959,0,98168,47.4696,-122.298,1510,9072
4404,4404,2025049064,20140915T000000,796000.0,3.0,1.0,1980,3243,1.5,0,0,3,8,1980,0,1912,0,98102,47.6429,-122.327,1380,1249
4405,4405,6046401105,20150423T000000,450000.0,2.0,1.5,1450,2550,1.0,0,0,3,7,820,630,1984,0,98103,47.6911,-122.348,1450,5100
4406,4406,3505100756,20141106T000000,2050000.0,4.0,3.0,4280,18834,1.0,0,4,5,11,2180,2100,1971,0,98116,47.5811,-122.4,2490,8858
4407,4407,5468730110,20140508T000000,270000.0,4.0,2.5,1810,6509,2.0,0,0,3,7,1810,0,1994,0,98042,47.3531,-122.143,1760,7417
4408,4408,5154200015,20150414T000000,1705000.0,3.0,3.0,2490,27702,2.0,1,4,3,10,2490,0,2000,0,98116,47.5596,-122.403,2580,12119
4409,4409,9285800590,20150309T000000,565000.0,3.0,1.0,1610,4108,1.5,0,0,5,7,1610,0,1928,0,98126,47.5704,-122.376,1680,4467
4410,4410,4083304190,20140804T000000,680000.0,1.0,2.5,1820,3008,2.0,0,0,3,7,1090,730,1910,2004,98103,47.6529,-122.339,1860,3420
4411,4411,2470100110,20140804T000000,5570000.0,5.0,5.75,9200,35069,2.0,0,0,3,13,6200,3000,2001,0,98039,47.6289,-122.233,3560,24345
4412,4412,7574910490,20141114T000000,864500.0,4.0,2.5,3520,35991,2.0,0,0,4,10,3520,0,1992,0,98077,47.7437,-122.035,3210,35991
4413,4413,868001030,20140915T000000,1150000.0,4.0,2.25,3740,18000,1.0,0,0,4,9,1870,1870,1951,0,98177,47.7027,-122.378,2610,10902
4414,4414,8108600464,20140515T000000,335000.0,3.0,2.25,2150,30476,2.0,0,0,3,7,2150,0,1991,0,98188,47.4605,-122.277,2010,10800
4415,4415,3295610490,20150504T000000,911000.0,4.0,3.25,3526,15958,2.0,0,0,3,10,3526,0,1997,0,98075,47.567,-122.033,3639,15090
4416,4416,5013500110,20141112T000000,425000.0,2.0,1.0,1070,6625,1.0,0,0,3,7,830,240,1950,0,98116,47.5736,-122.393,1310,6625
4417,4417,3223069019,20141029T000000,299950.0,3.0,1.0,1410,81021,1.0,0,0,3,7,1410,0,1949,1981,98058,47.4303,-122.067,2000,81021
4418,4418,2725069085,20141208T000000,864000.0,4.0,2.5,3190,49658,2.0,0,0,3,10,3190,0,1999,0,98074,47.6216,-122.015,3040,49658
4419,4419,6821600265,20150305T000000,425000.0,2.0,1.0,1270,6000,1.0,0,0,3,7,1270,0,1939,0,98199,47.6482,-122.393,1770,6000
4420,4420,1471701780,20140814T000000,374950.0,4.0,1.5,1970,14490,1.5,0,0,4,7,1970,0,1963,0,98059,47.4612,-122.069,1880,14880
4421,4421,9835800750,20141203T000000,247000.0,3.0,2.25,1640,7630,1.0,0,0,4,8,1180,460,1968,0,98032,47.3739,-122.29,1930,7630
4422,4422,8835900015,20141212T000000,475000.0,3.0,1.0,1600,7161,1.0,0,0,3,8,1600,0,1953,0,98118,47.5507,-122.261,1760,8280
4423,4423,806800110,20140801T000000,275000.0,3.0,2.5,3020,5868,2.0,0,0,3,7,3020,0,2003,0,98092,47.3361,-122.175,2710,5470
4424,4424,826069002,20141029T000000,355000.0,2.0,1.0,1350,368517,1.0,0,0,3,6,1350,0,1947,0,98077,47.7617,-122.061,2330,104108
4425,4425,2222059064,20150318T000000,285000.0,4.0,1.75,1870,22072,1.0,0,0,3,7,1070,800,1959,0,98042,47.3775,-122.165,2100,10185
4426,4426,7781600100,20140905T000000,1338750.0,3.0,2.75,2730,38869,1.5,1,4,3,9,1940,790,1963,2001,98146,47.4857,-122.361,2630,28188
4427,4427,4047200265,20140811T000000,325000.0,2.0,1.0,1100,17817,1.0,0,0,3,7,620,480,1980,0,98019,47.7728,-121.9,1790,20009
4428,4428,2125059013,20150420T000000,1670000.0,5.0,3.5,4320,40816,2.0,0,0,4,11,4320,0,1997,0,98004,47.644,-122.185,4320,44584
4429,4429,2011400583,20140606T000000,402000.0,3.0,2.5,2700,9994,1.0,0,3,4,7,1350,1350,1959,0,98198,47.397,-122.321,2470,10664
4430,4430,3526039160,20140814T000000,1100000.0,3.0,3.0,3700,16857,1.0,0,0,3,10,2170,1530,2000,0,98117,47.6956,-122.392,2320,12000
4431,4431,8718500495,20140730T000000,375000.0,4.0,1.75,2190,9225,1.0,0,0,4,7,1250,940,1959,0,98028,47.7396,-122.256,2190,9225
4432,4432,3815500165,20140911T000000,396000.0,5.0,2.75,2840,12253,1.0,0,0,3,7,1420,1420,1960,0,98028,47.7618,-122.253,2210,11620
4433,4433,5104450690,20140716T000000,320000.0,4.0,2.75,2610,9077,1.0,0,0,4,8,1310,1300,1987,0,98058,47.4612,-122.147,1900,10500
4434,4434,7202260300,20140709T000000,610000.0,3.0,2.5,2630,5827,2.0,0,0,3,8,2630,0,2001,0,98053,47.688,-122.038,2330,4715
4435,4435,1423600300,20141117T000000,249950.0,3.0,1.5,1090,7698,1.0,0,0,5,7,1090,0,1966,0,98058,47.4553,-122.174,1540,7624
4436,4436,1796100015,20150423T000000,675000.0,4.0,3.5,3090,100835,2.0,0,0,3,9,3090,0,1999,0,98092,47.3087,-122.088,2400,50543
4437,4437,3874900090,20150326T000000,448000.0,2.0,2.0,1670,7772,1.0,0,0,4,6,860,810,1919,0,98126,47.5461,-122.377,1300,7770
4438,4438,4232902615,20150428T000000,819000.0,3.0,1.0,1300,3600,2.0,0,0,3,7,1300,0,1900,0,98119,47.6345,-122.366,2510,4800
4439,4439,3585900495,20141110T000000,1250000.0,3.0,2.5,3670,18505,1.0,0,4,3,10,2530,1140,1983,0,98177,47.7588,-122.376,2920,20000
4440,4440,3790700110,20141201T000000,225000.0,4.0,2.5,1700,6031,2.0,0,0,3,8,1700,0,1994,0,98030,47.3582,-122.191,1930,6035
4441,4441,3626079040,20140730T000000,790000.0,2.0,3.0,2560,982278,1.0,0,0,3,8,2560,0,2004,0,98014,47.6955,-121.861,1620,40946
4442,4442,2461900375,20150414T000000,685000.0,4.0,2.5,2770,6000,2.0,0,0,3,8,2400,370,1993,0,98136,47.5536,-122.383,2120,6000
4443,4443,8651611690,20140620T000000,812000.0,3.0,3.25,3240,8338,2.0,0,0,3,9,3240,0,2001,0,98074,47.6321,-122.064,3420,8405
4444,4444,8682301050,20141202T000000,705000.0,2.0,2.5,2300,6400,1.0,0,0,3,8,2300,0,2007,0,98053,47.7196,-122.02,2300,6400
4445,4445,1858600042,20150429T000000,360000.0,4.0,3.0,2483,6870,2.0,0,0,3,8,2483,0,2005,0,98030,47.3627,-122.199,1943,6434
4446,4446,2767604252,20150112T000000,344000.0,1.0,1.5,760,779,3.0,0,0,3,8,760,0,2006,0,98107,47.6715,-122.382,1290,1189
4447,4447,1954700615,20141022T000000,825000.0,4.0,1.5,2040,6900,2.0,0,0,3,9,2040,0,1903,0,98112,47.6188,-122.285,3150,8220
4448,4448,6844702690,20150427T000000,476500.0,3.0,1.0,1200,6120,1.0,0,0,4,7,950,250,1945,0,98115,47.6929,-122.287,1550,6120
4449,4449,2695600195,20141124T000000,379500.0,2.0,1.0,960,5096,1.0,0,0,5,7,960,0,1949,0,98126,47.5314,-122.378,1760,4488
4450,4450,426059055,20141003T000000,620000.0,3.0,1.75,2410,35236,1.0,0,0,3,8,2410,0,1980,2001,98072,47.7651,-122.166,2110,16980
4451,4451,1769600147,20140731T000000,477590.0,3.0,3.25,2260,7701,2.0,0,0,3,8,1760,500,2000,0,98146,47.5053,-122.377,1880,7529
4452,4452,9268200300,20140520T000000,490000.0,3.0,1.0,1910,8190,1.0,0,0,4,7,1010,900,1946,0,98117,47.697,-122.365,1600,5042
4453,4453,3052700855,20140628T000000,470000.0,3.0,1.5,1500,5000,1.5,0,0,4,7,1140,360,1927,0,98117,47.679,-122.373,1500,5000
4454,4454,9828702262,20140724T000000,500000.0,3.0,2.25,1360,1236,2.0,0,0,3,8,1140,220,2006,0,98112,47.6198,-122.299,1620,1231
4455,4455,1568100386,20140630T000000,370000.0,3.0,1.0,1320,7341,1.0,0,0,3,7,1320,0,1982,0,98155,47.7367,-122.295,1160,7573
4456,4456,4385700735,20150311T000000,790000.0,2.0,1.5,1940,4400,1.0,0,0,3,7,970,970,1923,0,98112,47.6371,-122.279,1480,3080
4457,4457,3425059206,20140624T000000,725000.0,4.0,2.5,2650,18295,2.0,0,0,3,8,2650,0,1986,0,98005,47.6075,-122.154,2230,19856
4458,4458,6848200018,20140528T000000,840000.0,4.0,2.75,3040,2800,2.0,0,0,3,9,2100,940,1906,2014,98102,47.6245,-122.327,1260,2178
4459,4459,3023049256,20140604T000000,390000.0,3.0,1.0,1240,11108,1.0,0,0,4,7,1240,0,1952,0,98166,47.4465,-122.354,2220,16533
4460,4460,4019301500,20140828T000000,507000.0,3.0,2.25,2210,11585,1.0,0,0,4,7,1510,700,1958,0,98155,47.7574,-122.279,1870,14092
4461,4461,402000115,20141122T000000,263500.0,3.0,1.75,1540,6273,1.0,0,0,4,6,770,770,1951,0,98118,47.5305,-122.277,1140,5512
4462,4462,9206950110,20140712T000000,369000.0,3.0,2.5,1320,1683,2.0,0,0,3,8,1270,50,2004,0,98106,47.5357,-122.365,1320,2206
4463,4463,8106300820,20140814T000000,500000.0,3.0,2.5,3040,5326,2.0,0,0,3,9,3040,0,2008,0,98055,47.4472,-122.207,3040,5442
4464,4464,8082400011,20150406T000000,570000.0,2.0,1.0,910,4301,1.0,0,0,4,7,910,0,1923,0,98117,47.6814,-122.399,1810,4301
4465,4465,7137960110,20150306T000000,284000.0,4.0,3.0,2040,7145,1.0,0,0,3,8,1490,550,1994,0,98092,47.3275,-122.171,1940,7145
4466,4466,546000820,20141110T000000,415000.0,2.0,1.0,980,4108,1.0,0,0,3,7,980,0,1947,0,98117,47.687,-122.381,1500,4046
4467,4467,3330500705,20140515T000000,197500.0,3.0,1.0,980,3090,1.5,0,0,3,6,980,0,1903,0,98118,47.5525,-122.277,980,3090
4468,4468,1454600266,20141027T000000,925000.0,4.0,3.75,4420,9492,2.0,0,1,3,9,3420,1000,1962,2005,98125,47.7211,-122.283,2880,9900
4469,4469,3335000025,20141112T000000,468000.0,3.0,2.0,1570,6300,1.0,0,0,3,7,820,750,1953,2005,98118,47.5565,-122.275,1510,4281
4470,4470,1454100056,20140715T000000,355000.0,3.0,1.0,1600,5001,1.5,0,0,5,6,1080,520,1930,0,98125,47.7232,-122.289,1340,5001
4471,4471,5035300090,20140812T000000,639000.0,4.0,1.75,1830,6000,1.0,0,0,4,7,930,900,1939,0,98199,47.6536,-122.41,1540,6000
4472,4472,7504050090,20150412T000000,720000.0,3.0,2.5,2820,14250,2.0,0,0,3,11,2820,0,1991,0,98074,47.6396,-122.054,2820,12600
4473,4473,408100110,20140612T000000,381000.0,3.0,1.75,1800,6000,1.0,0,0,5,6,900,900,1950,0,98155,47.7505,-122.317,1060,6628
4474,4474,5701700011,20140523T000000,1050000.0,3.0,4.0,4380,42769,2.0,0,0,5,11,4380,0,1983,0,98052,47.7167,-122.109,3630,35425
4475,4475,3629970930,20141111T000000,670000.0,3.0,3.0,2980,3730,2.0,0,0,3,9,2980,0,2005,0,98029,47.5533,-121.995,2710,3640
4476,4476,7017200110,20141028T000000,400000.0,3.0,1.0,1690,6658,1.0,0,0,3,7,1690,0,1942,1982,98133,47.7099,-122.35,1080,5925
4477,4477,4054500590,20140626T000000,910000.0,4.0,3.5,4040,50479,2.0,0,0,3,11,4040,0,1987,0,98077,47.7196,-122.048,3770,40899
4478,4478,2126059048,20150402T000000,294000.0,3.0,1.0,1250,9427,1.0,0,0,3,6,1250,0,1931,0,98034,47.7254,-122.175,1590,8250
4479,4479,984200590,20150310T000000,315001.0,3.0,1.75,1500,10230,1.0,0,0,2,7,1500,0,1968,0,98058,47.4349,-122.168,1770,8374
4480,4480,9353300090,20140731T000000,360000.0,3.0,2.0,1630,10723,1.0,0,0,5,7,1630,0,1959,0,98059,47.4898,-122.133,1450,10723
4481,4481,7600057,20140805T000000,520000.0,3.0,2.0,1410,2700,2.0,0,0,4,7,1410,0,1902,0,98122,47.6029,-122.302,1750,4000
4482,4482,2919701944,20141010T000000,474000.0,3.0,1.0,1140,4560,1.0,0,0,4,6,770,370,1944,0,98117,47.6889,-122.362,1340,3980
4483,4483,7202341110,20150313T000000,702000.0,4.0,2.5,3280,5876,2.0,0,0,3,7,3280,0,2004,0,98053,47.6802,-122.034,2600,5000
4484,4484,1122069019,20140826T000000,728000.0,4.0,3.5,3490,87497,2.0,0,0,3,9,3490,0,2001,0,98038,47.4028,-122.002,2400,55657
4485,4485,1565950090,20150305T000000,308000.0,4.0,2.5,2020,7277,2.0,0,0,3,8,2020,0,1993,0,98055,47.4318,-122.19,2820,7284
4486,4486,1724069059,20140524T000000,2000000.0,5.0,4.0,4580,4443,3.0,1,4,3,10,4580,0,2004,0,98075,47.5682,-122.059,2710,4443
4487,4487,4137000110,20140725T000000,340000.0,3.0,2.5,2270,7917,2.0,0,0,3,8,2270,0,1986,0,98092,47.2643,-122.22,2160,7917
4488,4488,7849200945,20150401T000000,306500.0,2.0,1.75,1310,10200,1.0,0,0,4,6,1310,0,1947,0,98065,47.5231,-121.82,1500,7200
4489,4489,2397101270,20150126T000000,716000.0,3.0,2.0,1420,3600,1.5,0,0,4,7,1420,0,1904,0,98119,47.6367,-122.364,1250,3600
4490,4490,2726059100,20140909T000000,950000.0,4.0,3.0,2980,44431,2.0,0,0,2,10,2640,340,1981,0,98034,47.7154,-122.161,2010,7332
4491,4491,7202331500,20140829T000000,673200.0,5.0,3.0,4180,8561,2.0,0,0,3,7,4180,0,2003,0,98053,47.6833,-122.04,3425,6591
4492,4492,439000090,20150323T000000,564500.0,4.0,2.25,1950,6000,1.0,0,0,3,7,1350,600,1961,0,98115,47.6909,-122.301,1980,6000
4493,4493,7788000100,20150206T000000,393000.0,4.0,1.75,1790,11801,1.0,0,0,4,8,1790,0,1974,0,98056,47.5172,-122.17,2000,12988
4494,4494,8658300315,20150312T000000,425000.0,5.0,1.75,1400,5071,1.0,0,0,3,5,1400,0,1916,0,98014,47.6499,-121.908,1200,7500
4495,4495,1723049567,20140730T000000,150000.0,3.0,1.0,1320,24684,1.0,0,0,3,7,1320,0,1979,0,98168,47.4771,-122.322,1120,21214
4496,4496,621069039,20150220T000000,327000.0,4.0,2.25,1620,106722,1.0,0,0,3,8,1200,420,1980,0,98042,47.3394,-122.091,1620,38400
4497,4497,6806300750,20150318T000000,444900.0,4.0,2.5,3120,7448,2.0,0,0,3,9,3120,0,1998,0,98042,47.3645,-122.126,2980,8102
4498,4498,1898900100,20140722T000000,305000.0,4.0,2.5,2100,14773,2.0,0,0,3,8,2100,0,1998,0,98023,47.3045,-122.391,2370,15440
4499,4499,2767603931,20140818T000000,469000.0,3.0,3.25,1370,1194,3.0,0,0,3,8,1370,0,2004,0,98107,47.6718,-122.388,1800,2678
4500,4500,6072400820,20140926T000000,525000.0,3.0,1.75,1520,7875,1.0,0,0,5,8,1520,0,1969,0,98006,47.5569,-122.176,2150,9428
4501,4501,1922059396,20150404T000000,330000.0,3.0,2.5,2410,17424,1.0,0,0,3,7,1630,780,1978,0,98030,47.3741,-122.218,1530,11761
4502,4502,8818900300,20141002T000000,618000.0,4.0,1.0,1260,4080,1.0,0,0,4,7,1260,0,1911,0,98105,47.6644,-122.324,1340,4080
4503,4503,9264910900,20141117T000000,295500.0,4.0,2.5,2830,7350,1.0,0,0,3,8,1690,1140,1982,0,98023,47.3088,-122.341,2350,7768
4504,4504,3223039013,20140718T000000,567035.0,3.0,2.0,2064,46173,2.0,0,0,5,7,2064,0,1903,0,98070,47.4469,-122.455,1640,21780
4505,4505,5561300750,20140725T000000,518000.0,4.0,2.25,2640,34870,1.0,0,0,3,8,1770,870,1977,0,98027,47.4688,-122.009,2500,35580
4506,4506,9407111220,20150504T000000,303000.0,2.0,1.0,1020,9200,1.0,0,0,3,7,1020,0,1978,0,98045,47.4461,-121.769,1520,9600
4507,4507,1332200110,20140708T000000,300000.0,4.0,2.5,2200,8065,2.0,0,0,3,7,2200,0,1998,0,98031,47.4042,-122.213,2641,8535
4508,4508,2207200820,20141015T000000,413107.0,3.0,1.5,1420,7520,1.0,0,0,4,7,1420,0,1956,0,98007,47.601000000000006,-122.134,2000,7520
4509,4509,3362400615,20140820T000000,400000.0,3.0,1.0,1350,3090,1.5,0,0,5,6,1350,0,1914,0,98103,47.682,-122.348,1350,3090
4510,4510,3013300017,20150408T000000,535000.0,3.0,1.0,1290,6859,1.0,0,0,4,7,1290,0,1941,0,98136,47.5317,-122.387,1560,6369
4511,4511,1982200015,20140919T000000,555000.0,4.0,2.0,1680,2600,1.0,0,0,5,7,840,840,1915,0,98107,47.6648,-122.363,1680,3340
4512,4512,7140700300,20141119T000000,312000.0,3.0,2.5,2280,6386,2.0,0,0,3,8,2280,0,2008,0,98042,47.3861,-122.096,2550,4835
4513,4513,9363600457,20140603T000000,785200.0,3.0,2.25,1840,3500,1.5,0,0,5,8,1540,300,1910,0,98122,47.6063,-122.292,1800,3300
4514,4514,1245001220,20141016T000000,749000.0,4.0,2.0,2040,11850,1.0,0,2,3,7,1020,1020,1959,0,98033,47.6891,-122.208,2040,8504
4515,4515,723049333,20150405T000000,285000.0,3.0,1.5,1490,10367,1.0,0,0,3,7,1010,480,1957,0,98146,47.4973,-122.347,1000,8254
4516,4516,7853301220,20140910T000000,425000.0,4.0,2.5,2440,5088,2.0,0,0,3,7,2440,0,2007,0,98065,47.5406,-121.889,2440,5762
4517,4517,8665900336,20140717T000000,360000.0,3.0,2.0,1930,15540,1.0,0,0,3,8,1260,670,1958,0,98155,47.7675,-122.307,1900,12123
4518,4518,1591000015,20150505T000000,260000.0,3.0,1.0,1200,6615,1.0,0,0,4,7,1200,0,1954,0,98106,47.5168,-122.351,1230,6615
4519,4519,7972601270,20140530T000000,369000.0,3.0,2.0,1550,8509,1.0,0,0,3,7,1150,400,1959,0,98106,47.5299,-122.344,1840,7620
4520,4520,1221039156,20140815T000000,275000.0,4.0,2.5,2180,11132,1.0,0,0,4,8,1620,560,1978,0,98023,47.3187,-122.367,1950,13801
4521,4521,993001332,20140903T000000,407000.0,3.0,2.25,1430,1448,3.0,0,0,3,8,1430,0,2005,0,98103,47.6916,-122.341,1430,1383
4522,4522,7748000025,20150412T000000,575000.0,2.0,1.75,1230,5418,1.0,0,0,3,8,990,240,1949,0,98117,47.6839,-122.376,1330,5074
4523,4523,7871500485,20150427T000000,1236000.0,3.0,1.5,1670,3852,2.0,0,3,4,8,1670,0,1928,0,98119,47.6411,-122.371,2320,4572
4524,4524,1370802540,20150108T000000,875000.0,2.0,2.5,2720,4913,1.0,0,1,4,8,1700,1020,1936,0,98199,47.6384,-122.404,2520,5303
4525,4525,1839500115,20140712T000000,320000.0,4.0,1.5,2220,6811,1.0,0,0,4,7,1270,950,1961,0,98056,47.5059,-122.193,1800,7350
4526,4526,4389201064,20140703T000000,810000.0,3.0,1.5,1520,9041,1.0,0,0,4,7,1520,0,1954,0,98004,47.6158,-122.213,3260,10020
4527,4527,1545805820,20150414T000000,274000.0,3.0,1.75,1590,7620,1.0,0,0,4,7,1090,500,1984,0,98038,47.3655,-122.048,1590,7620
4528,4528,273800100,20141219T000000,239900.0,4.0,1.75,1480,9523,1.0,0,0,3,7,1120,360,1959,0,98030,47.3732,-122.217,1590,8300
4529,4529,7663700654,20141214T000000,450000.0,4.0,1.5,1860,7808,1.0,0,0,3,7,1080,780,1953,0,98125,47.7314,-122.3,1530,7884
4530,4530,3751606513,20140630T000000,263400.0,4.0,2.0,1360,60548,1.0,0,0,3,6,960,400,1960,0,98001,47.2718,-122.265,1930,28800
4531,4531,399000025,20150415T000000,265000.0,3.0,1.0,1360,5967,1.0,0,0,3,6,1360,0,1954,0,98178,47.4973,-122.256,1360,6052
4532,4532,7130300785,20140616T000000,418000.0,4.0,3.0,2360,6250,1.0,0,2,3,7,1460,900,1960,0,98118,47.512,-122.249,2500,6250
4533,4533,3818700123,20140813T000000,390000.0,3.0,2.0,2360,5737,2.0,0,0,3,8,2360,0,2003,0,98028,47.7633,-122.262,1600,9163
4534,4534,7891600245,20150422T000000,430000.0,3.0,2.0,1860,7500,1.0,0,0,3,7,930,930,1909,1950,98106,47.5662,-122.364,1000,5000
4535,4535,5556300076,20150423T000000,1442500.0,3.0,2.25,2630,9705,2.5,0,2,4,8,2630,0,1987,0,98052,47.6485,-122.121,2640,14284
4536,4536,3421069118,20141120T000000,297000.0,2.0,1.75,1280,37373,1.0,0,0,4,7,1280,0,1996,0,98022,47.2631,-122.019,2180,48351
4537,4537,7280300042,20150401T000000,650000.0,4.0,2.25,2330,7220,2.0,0,1,3,8,1600,730,1988,0,98177,47.7764,-122.386,2220,9100
4538,4538,9368700031,20140509T000000,195000.0,2.0,1.0,720,18000,1.0,0,0,3,6,720,0,1950,0,98178,47.5054,-122.261,1250,7925
4539,4539,3223069118,20140616T000000,554000.0,3.0,3.5,3380,108900,2.0,0,0,3,9,2700,680,1999,0,98058,47.4316,-122.075,2250,130680
4540,4540,2522029039,20140929T000000,550000.0,3.0,2.0,3650,843309,2.0,0,0,4,7,3650,0,1991,0,98070,47.3627,-122.496,1870,273992
4541,4541,7977200590,20150219T000000,700000.0,3.0,1.75,1640,4590,1.5,0,0,5,7,1640,0,1951,0,98115,47.6846,-122.294,1760,5100
4542,4542,3124089086,20141002T000000,300000.0,4.0,1.0,1730,177657,1.5,0,0,3,5,1730,0,1948,0,98065,47.5163,-121.829,1400,45175
4543,4543,1568100215,20141007T000000,315000.0,2.0,1.0,1030,8576,1.5,0,0,5,6,1030,0,1952,0,98155,47.7352,-122.295,1310,8504
4544,4544,5364200649,20141008T000000,603000.0,3.0,1.0,1790,5250,1.0,0,0,3,7,1400,390,1943,0,98105,47.6627,-122.276,1790,5250
4545,4545,2771601730,20140629T000000,530000.0,2.0,1.0,840,3400,1.0,0,2,4,7,840,0,1924,0,98119,47.6403,-122.372,2000,4000
4546,4546,7201800300,20140909T000000,397500.0,3.0,1.75,1300,8480,1.0,0,0,3,7,1300,0,1969,0,98052,47.6991,-122.13,1740,7280
4547,4547,7224500300,20150325T000000,221000.0,3.0,1.0,1240,5250,1.5,0,0,4,6,1240,0,1904,0,98055,47.4917,-122.206,1240,5250
4548,4548,3876312350,20141202T000000,466000.0,4.0,2.25,2170,8050,1.0,0,0,3,7,1220,950,1976,0,98072,47.7354,-122.174,1820,7700
4549,4549,853000261,20140619T000000,197500.0,3.0,1.0,1330,5412,2.0,0,0,5,7,1330,0,1905,0,98022,47.2053,-121.993,1710,10825
4550,4550,7165700110,20150507T000000,280000.0,3.0,3.0,1390,1080,2.0,0,0,3,7,1140,250,2006,0,98118,47.5325,-122.282,1450,1461
4551,4551,5708500208,20141003T000000,412000.0,2.0,1.5,1240,3873,1.0,0,0,4,6,860,380,1909,0,98116,47.5752,-122.388,1240,4336
4552,4552,5014000215,20140818T000000,454000.0,2.0,1.0,880,6731,1.0,0,0,4,7,880,0,1950,0,98116,47.5694,-122.395,1240,6731
4553,4553,2126079014,20140512T000000,540000.0,4.0,2.25,2540,228254,1.0,0,0,3,8,1450,1090,1990,0,98019,47.719,-121.912,1780,59241
4554,4554,5595900090,20140609T000000,250000.0,5.0,1.5,2520,5753,1.5,0,0,4,7,1510,1010,1928,0,98022,47.2058,-121.997,1620,6875
4555,4555,1445500100,20150511T000000,900000.0,5.0,2.25,2510,35691,1.0,0,0,3,9,2510,0,1967,0,98005,47.6435,-122.154,3160,35037
4556,4556,4270600025,20140513T000000,245000.0,5.0,1.75,2020,7902,1.0,0,0,3,7,1220,800,1962,0,98168,47.51,-122.327,2220,8819
4557,4557,3546000490,20141007T000000,290000.0,3.0,1.75,2060,7251,1.0,0,0,3,7,1350,710,1987,0,98030,47.3569,-122.175,1520,7582
4558,4558,423049067,20150205T000000,160000.0,2.0,1.0,930,7742,1.0,0,0,3,6,930,0,1933,0,98168,47.507,-122.302,2240,8723
4559,4559,9272201250,20150330T000000,1260000.0,2.0,1.5,2700,7225,1.5,0,4,3,8,1660,1040,1910,2008,98116,47.5892,-122.383,2970,5150
4560,4560,3226049184,20150327T000000,325000.0,2.0,1.0,1060,6050,1.0,0,0,3,7,940,120,1939,0,98125,47.7028,-122.321,1540,5279
4561,4561,5381000082,20150108T000000,185000.0,2.0,1.0,670,6750,1.0,0,0,4,5,670,0,1947,0,98188,47.4521,-122.283,1700,11520
4562,4562,475000750,20140925T000000,477000.0,3.0,2.0,1750,4990,1.0,0,0,3,7,950,800,1916,0,98107,47.6667,-122.361,1700,5000
4563,4563,1900000195,20140630T000000,100000.0,2.0,1.0,930,7623,1.0,0,0,2,6,930,0,1942,0,98166,47.467,-122.349,1300,7641
4564,4564,5162100820,20150504T000000,345000.0,4.0,2.5,2420,11481,1.0,0,0,3,8,1370,1050,1985,0,98003,47.341,-122.318,2290,8985
4565,4565,6113400047,20150331T000000,530000.0,4.0,2.25,2410,14985,1.0,0,1,4,7,1950,460,1965,0,98166,47.4278,-122.343,2510,15256
4566,4566,7460000015,20140620T000000,203000.0,3.0,1.0,1150,7156,1.0,0,0,4,6,1150,0,1953,0,98168,47.4864,-122.317,1210,7156
4567,4567,7202340820,20141028T000000,599000.0,4.0,2.5,2480,5000,2.0,0,0,3,7,2480,0,2004,0,98053,47.6811,-122.035,2410,5000
4568,4568,5393601690,20140720T000000,370000.0,4.0,1.0,1310,6000,1.5,0,0,3,7,1310,0,1940,0,98144,47.5822,-122.295,1630,6000
4569,4569,7686203275,20150227T000000,140000.0,3.0,1.0,1240,8000,1.0,0,0,4,6,1040,200,1954,0,98198,47.4204,-122.316,1240,8000
4570,4570,2490200165,20140623T000000,500000.0,3.0,1.0,1150,5100,2.0,0,0,3,8,1150,0,1911,2005,98136,47.5349,-122.384,1440,5100
4571,4571,597000195,20150203T000000,527200.0,3.0,1.75,1460,4000,1.0,0,2,4,7,730,730,1929,0,98144,47.5768,-122.307,1360,4000
4572,4572,5119010090,20140510T000000,549900.0,5.0,2.75,3060,7015,1.0,0,0,5,8,1600,1460,1979,0,98146,47.5052,-122.372,2190,7600
4573,4573,1873100490,20150502T000000,760000.0,4.0,2.5,3520,8095,2.0,0,0,3,9,3520,0,2006,0,98052,47.7065,-122.109,2460,4676
4574,4574,3336001911,20140728T000000,319000.0,2.0,1.0,960,4400,1.0,0,0,4,7,960,0,1951,0,98118,47.5269,-122.264,1520,5000
4575,4575,1922059445,20140623T000000,362300.0,3.0,2.5,2430,15264,2.0,0,0,3,8,2430,0,1997,0,98030,47.3805,-122.208,2260,10416
4576,4576,7203600750,20150427T000000,421000.0,3.0,2.5,1930,4505,1.0,0,3,4,7,1440,490,1973,0,98198,47.3459,-122.326,1550,4505
4577,4577,6021503740,20150304T000000,690000.0,3.0,1.0,1090,4000,1.5,0,0,4,7,1090,0,1945,0,98117,47.6846,-122.386,1520,4000
4578,4578,3324069058,20140828T000000,640000.0,3.0,2.5,2790,31798,1.0,0,0,5,8,1650,1140,1953,0,98027,47.5241,-122.039,1400,14849
4579,4579,7345310100,20141208T000000,238000.0,4.0,1.75,1650,6900,1.0,0,0,3,7,910,740,1978,1993,98002,47.2802,-122.211,1540,7645
4580,4580,6398000011,20140602T000000,789000.0,3.0,3.0,3740,39640,2.0,0,2,3,10,3740,0,1991,0,98070,47.4036,-122.462,2930,26136
4581,4581,5460600110,20150423T000000,1050000.0,6.0,4.0,5310,12741,2.0,0,2,3,10,3600,1710,1967,0,98040,47.5696,-122.213,4190,12632
4582,4582,9478500590,20150408T000000,302500.0,3.0,2.5,1690,4476,2.0,0,0,3,7,1690,0,2008,0,98042,47.3663,-122.114,2250,4488
4583,4583,8645501091,20150311T000000,259950.0,4.0,1.75,1400,7920,1.0,0,0,3,7,1400,0,1963,0,98058,47.4658,-122.184,1910,7700
4584,4584,8099800590,20140620T000000,456000.0,3.0,1.5,1440,28516,1.0,0,0,4,7,1440,0,1975,0,98075,47.5829,-122.005,2080,27049
4585,4585,339600090,20140925T000000,369950.0,3.0,2.5,1360,3718,2.0,0,0,3,7,1360,0,1987,0,98052,47.6827,-122.097,1090,3718
4586,4586,3522029031,20140516T000000,363750.0,3.0,1.75,1726,197326,2.0,0,0,4,7,1726,0,1982,0,98070,47.3484,-122.505,2114,99316
4587,4587,725079058,20140811T000000,585000.0,3.0,1.75,2220,216493,1.0,0,2,3,8,2220,0,1989,0,98014,47.6624,-121.951,2900,169884
4588,4588,104530110,20141008T000000,268000.0,3.0,2.5,1850,6676,2.0,0,0,3,7,1850,0,1986,0,98023,47.3103,-122.36,1700,6663
4589,4589,6852700246,20140923T000000,1200000.0,5.0,2.5,2860,4000,2.0,0,0,4,8,2160,700,1910,0,98102,47.6225,-122.318,1340,1224
4590,4590,2124700015,20140716T000000,345000.0,3.0,1.0,1120,10176,1.0,0,0,3,6,920,200,1905,0,98118,47.5235,-122.277,1350,7500
4591,4591,8665900291,20150225T000000,539000.0,4.0,2.5,2340,19850,2.0,0,0,3,9,2340,0,1993,0,98155,47.7672,-122.306,1930,15439
4592,4592,8965500820,20140702T000000,851000.0,5.0,3.25,3760,9792,2.0,0,0,3,9,2550,1210,1984,0,98006,47.5654,-122.115,2960,16500
4593,4593,1024000100,20150408T000000,900000.0,3.0,2.5,1920,7200,2.0,0,2,3,10,1780,140,1997,0,98116,47.5709,-122.408,2080,5000
4594,4594,6132600165,20140703T000000,850000.0,3.0,2.5,3230,5000,2.0,0,2,5,8,2430,800,1945,0,98117,47.7011,-122.389,1820,5000
4595,4595,4040800090,20140506T000000,390000.0,3.0,1.75,1260,6500,1.0,0,0,4,7,1260,0,1966,0,98008,47.6224,-122.116,1500,7700
4596,4596,3432500215,20140610T000000,345000.0,3.0,1.75,1540,6909,1.0,0,0,4,7,920,620,1955,0,98155,47.7451,-122.313,1130,6908
4597,4597,3630030110,20140616T000000,534500.0,3.0,2.5,1700,3150,2.0,0,0,3,8,1700,0,2005,0,98029,47.5505,-121.998,1700,3600
4598,4598,9297300740,20141118T000000,643500.0,6.0,5.25,3600,3960,2.0,0,0,3,7,2400,1200,1971,0,98126,47.5656,-122.372,1450,4600
4599,4599,3592500866,20150402T000000,1206500.0,3.0,2.75,3150,5520,1.5,0,0,4,8,2130,1020,1925,0,98112,47.6345,-122.302,3160,6200
4600,4600,5019500215,20150115T000000,495000.0,2.0,1.75,1280,4000,1.0,0,0,4,7,730,550,1929,0,98116,47.5798,-122.383,2250,5382
4601,4601,3290800215,20140730T000000,535000.0,2.0,1.0,980,4120,1.0,0,0,3,7,830,150,1950,2014,98115,47.6815,-122.291,1760,4120
4602,4602,7853230590,20141029T000000,435000.0,4.0,2.5,2190,6578,2.0,0,0,3,7,2190,0,2004,0,98065,47.5305,-121.847,2190,5416
4603,4603,1221000490,20141113T000000,305000.0,4.0,2.0,2470,1831,2.0,0,0,3,7,1970,500,2009,0,98166,47.4645,-122.337,1310,7500
4604,4604,5210200077,20140619T000000,799000.0,4.0,2.5,2590,7910,2.0,0,0,3,9,2590,0,2001,0,98115,47.6978,-122.284,1700,7488
4605,4605,3275880100,20141113T000000,700000.0,4.0,2.5,2580,15031,2.0,0,0,3,9,2580,0,1999,0,98052,47.6895,-122.094,3030,10361
4606,4606,2767704345,20140520T000000,467000.0,3.0,2.25,1270,1213,2.0,0,0,3,8,1040,230,2005,0,98107,47.6736,-122.375,1410,1265
4607,4607,1432701380,20150407T000000,263000.0,3.0,1.0,1250,7560,1.0,0,0,3,6,1250,0,1959,0,98058,47.4493,-122.173,1270,7615
4608,4608,1564000740,20140820T000000,760000.0,4.0,2.5,4660,7157,2.0,0,0,3,9,3020,1640,2003,0,98059,47.5352,-122.156,3300,7047
4609,4609,8141300300,20150207T000000,293000.0,4.0,2.5,2019,4435,2.0,0,3,3,8,2019,0,2008,0,98022,47.1958,-121.974,1950,4800
4610,4610,1388600110,20140821T000000,245000.0,3.0,2.0,1490,7929,1.0,0,0,3,7,1490,0,1989,0,98002,47.2875,-122.218,1650,7929
4611,4611,3523029059,20140731T000000,181000.0,2.0,1.5,1560,10807,1.0,0,0,2,7,1560,0,1949,0,98070,47.4444,-122.509,1660,196591
4612,4612,1061500110,20150423T000000,240000.0,3.0,1.0,1030,15264,1.0,0,0,4,7,1030,0,1962,0,98056,47.5016,-122.168,1430,14840
4613,4613,7555210100,20141117T000000,880000.0,4.0,2.75,2560,7961,1.0,0,2,4,8,1450,1110,1975,0,98033,47.6499,-122.199,2500,9009
4614,4614,9407150100,20140625T000000,285000.0,3.0,2.0,1460,6377,1.0,0,0,3,7,1460,0,1995,0,98038,47.3679,-122.02,1600,6250
4615,4615,6414100721,20150416T000000,407500.0,2.0,1.0,770,6017,1.0,0,0,3,7,770,0,1950,0,98125,47.7223,-122.321,1670,7500
4616,4616,4307340490,20140812T000000,325000.0,4.0,2.5,1960,3543,2.0,0,0,3,7,1960,0,2004,0,98056,47.4849,-122.184,2420,3646
4617,4617,4022900569,20141017T000000,405000.0,3.0,1.75,1900,10454,1.0,0,0,3,7,1390,510,1978,0,98155,47.7748,-122.291,2000,12000
4618,4618,2114700115,20150407T000000,291700.0,3.0,2.5,1970,4120,1.5,0,0,3,6,1230,740,1927,0,98106,47.5328,-122.346,1470,4080
4619,4619,2320069364,20141016T000000,370000.0,3.0,2.5,2490,18525,2.0,0,3,3,8,2490,0,1995,0,98022,47.2119,-122.001,1850,9516
4620,4620,4331400090,20140528T000000,270000.0,3.0,1.5,1430,8960,1.0,0,0,4,6,1430,0,1953,0,98166,47.4759,-122.349,1560,10125
4621,4621,3886902870,20140527T000000,800000.0,4.0,2.5,2680,7200,1.0,0,0,3,8,1380,1300,1952,2013,98033,47.6835,-122.187,1950,8520
4622,4622,9136102680,20140923T000000,626500.0,3.0,1.75,1610,3210,1.0,0,0,5,7,910,700,1928,0,98103,47.6656,-122.335,1420,3210
4623,4623,2581900165,20141021T000000,1130000.0,4.0,3.5,4300,8406,2.0,0,1,3,11,3580,720,1987,0,98040,47.5396,-122.214,2770,10006
4624,4624,3793501050,20140822T000000,399950.0,4.0,2.5,3200,7545,2.0,0,0,3,7,3200,0,2003,0,98038,47.3666,-122.03,2840,7137
4625,4625,619000100,20140724T000000,419000.0,3.0,1.75,2140,15030,1.0,0,0,4,7,1570,570,1958,0,98166,47.4181,-122.338,2170,15030
4626,4626,4178700100,20140715T000000,1160000.0,4.0,2.5,4240,43995,2.0,0,0,3,10,4240,0,1989,0,98075,47.6008,-122.044,3720,59522
4627,4627,3225059223,20140519T000000,1405000.0,4.0,3.5,3410,10769,2.0,0,0,3,10,3410,0,2008,0,98004,47.6081,-122.198,2650,10058
4628,4628,3885805325,20140731T000000,710000.0,4.0,2.75,2090,8064,2.0,0,0,5,7,2090,0,1967,0,98033,47.6829,-122.195,1460,8400
4629,4629,4151800195,20150330T000000,650000.0,3.0,1.0,1410,4840,1.0,0,2,4,6,1230,180,1942,0,98033,47.6646,-122.204,1410,5400
4630,4630,1137300690,20150220T000000,369900.0,4.0,2.5,2820,33750,2.0,0,0,4,9,2820,0,1984,0,98072,47.7387,-122.096,2510,36180
4631,4631,203600590,20140627T000000,641000.0,4.0,2.5,2770,63118,2.0,0,0,3,9,2770,0,1997,0,98014,47.6622,-121.961,2770,44224
4632,4632,7745500015,20150318T000000,403000.0,3.0,1.0,1400,6879,1.0,0,0,3,7,1400,0,1951,0,98155,47.7508,-122.286,1950,7400
4633,4633,1370802600,20140703T000000,1015000.0,3.0,3.25,3620,4000,2.0,0,0,3,10,2730,890,2005,0,98199,47.6393,-122.403,1910,5000
4634,4634,5452800645,20140922T000000,865000.0,4.0,2.5,2260,13600,1.0,0,0,4,8,1770,490,1974,0,98040,47.5436,-122.233,2630,13995
4635,4635,1324049015,20141111T000000,2485000.0,4.0,2.5,3440,23954,1.5,1,3,5,10,2260,1180,1931,0,98040,47.5636,-122.231,4230,18723
4636,4636,7645900165,20141016T000000,810000.0,4.0,1.0,2150,3588,2.0,0,3,4,8,1850,300,1926,0,98126,47.5767,-122.378,1950,3588
4637,4637,6798100652,20140715T000000,316750.0,3.0,2.5,1256,1154,3.0,0,0,3,7,1256,0,2005,0,98125,47.7146,-122.311,1309,1232
4638,4638,1023079147,20140820T000000,652500.0,4.0,2.25,2220,130244,2.0,0,0,3,8,2220,0,1989,0,98027,47.4989,-121.9,2680,130680
4639,4639,7972601250,20150204T000000,360000.0,6.0,2.75,2850,15240,1.0,0,0,3,7,1850,1000,1962,0,98106,47.5288,-122.345,2090,7620
4640,4640,421000215,20150416T000000,208000.0,2.0,1.0,700,5100,1.0,0,0,4,5,700,0,1953,0,98056,47.4957,-122.168,970,5811
4641,4641,4054520100,20150210T000000,898000.0,4.0,2.5,3700,63991,2.0,0,0,3,10,3700,0,1992,0,98077,47.7319,-122.051,3210,47215
4642,4642,3579700015,20150227T000000,295000.0,4.0,1.75,1400,11934,1.0,0,0,3,7,1050,350,1961,0,98028,47.7346,-122.244,2080,10400
4643,4643,9310300215,20150506T000000,652500.0,4.0,1.75,3130,18253,2.0,0,0,3,7,3130,0,1978,0,98133,47.7402,-122.348,1850,12220
4644,4644,3905081800,20140725T000000,560000.0,4.0,3.0,2170,5764,2.0,0,0,3,8,2170,0,1992,0,98029,47.5673,-121.999,2010,5681
4645,4645,7236100025,20150504T000000,280000.0,3.0,1.0,1020,8400,1.0,0,0,4,7,1020,0,1957,0,98056,47.4905,-122.18,1690,8030
4646,4646,2023049206,20140630T000000,289950.0,3.0,2.5,1760,8584,1.5,0,0,5,7,1760,0,1937,0,98148,47.4612,-122.325,2160,8584
4647,4647,3223059015,20150410T000000,397500.0,3.0,2.5,1860,44093,1.0,0,0,3,7,1860,0,1978,0,98055,47.4381,-122.188,1900,6130
4648,4648,1726069064,20150324T000000,380000.0,2.0,1.0,1140,75132,1.0,0,0,3,7,1140,0,1956,0,98077,47.7349,-122.074,2570,35200
4649,4649,1423089162,20141031T000000,415900.0,3.0,2.5,1670,22703,1.0,0,0,3,7,1310,360,1988,0,98045,47.4708,-121.756,1510,16817
4650,4650,8024201503,20140716T000000,475000.0,2.0,1.75,1710,8645,1.0,0,0,4,7,1510,200,1923,0,98115,47.7005,-122.313,1280,5366
4651,4651,859000110,20141002T000000,125000.0,1.0,1.0,500,7440,1.0,0,0,1,5,500,0,1928,0,98106,47.5252,-122.362,1350,7440
4652,4652,2322059039,20140821T000000,238000.0,3.0,1.0,1470,32670,1.0,0,0,3,7,1020,450,1958,0,98042,47.3811,-122.144,2640,24100
4653,4653,2023049245,20140820T000000,296000.0,4.0,1.5,1370,9750,1.0,0,0,3,7,1070,300,1953,0,98168,47.4718,-122.323,1540,9789
4654,4654,114100745,20140506T000000,475000.0,6.0,3.0,3470,117612,1.5,0,0,3,7,3470,0,1924,0,98028,47.7663,-122.234,2120,17100
4655,4655,2391601380,20150223T000000,390000.0,3.0,2.25,1650,6250,1.5,0,0,3,7,1650,0,1910,0,98116,47.5639,-122.4,2060,6250
4656,4656,2313900740,20141119T000000,425000.0,3.0,1.0,1180,3750,1.0,0,0,3,6,1030,150,1940,0,98116,47.5726,-122.382,1280,3750
4657,4657,9521101015,20140626T000000,725000.0,6.0,3.0,3110,5000,1.5,0,0,5,7,1810,1300,1921,0,98103,47.6631,-122.348,1600,4000
4658,4658,1036400110,20140702T000000,605000.0,3.0,2.25,2080,12134,1.0,0,0,4,8,1530,550,1973,0,98052,47.6315,-122.102,2320,12400
4659,4659,2572400100,20141105T000000,302000.0,3.0,1.0,1600,1950,2.0,0,0,2,7,1600,0,1906,0,98122,47.6028,-122.312,1310,1138
4660,4660,6821600300,20150318T000000,886000.0,3.0,2.25,2380,6000,2.0,0,0,5,9,1650,730,1931,0,98199,47.6472,-122.393,2000,6000
4661,4661,9547205225,20140814T000000,540000.0,4.0,1.75,1630,6120,1.0,0,0,5,7,980,650,1918,0,98115,47.6821,-122.31,1630,4080
4662,4662,3876312490,20150414T000000,435000.0,4.0,2.25,1910,8400,2.0,0,0,3,7,1910,0,1975,0,98072,47.7352,-122.175,1910,8400
4663,4663,1591600044,20141010T000000,409000.0,4.0,3.25,3140,10752,2.0,0,0,3,7,2300,840,1992,0,98146,47.5022,-122.363,1300,9920
4664,4664,7201800090,20150106T000000,405000.0,3.0,1.0,1250,7280,1.0,0,0,3,7,1250,0,1975,0,98052,47.6986,-122.129,1690,7280
4665,4665,4221270100,20140611T000000,560200.0,3.0,2.5,1990,3984,2.0,0,0,3,8,1990,0,2004,0,98075,47.5914,-122.017,2320,3984
4666,4666,2473410690,20140623T000000,324000.0,4.0,1.75,2110,7208,1.0,0,0,3,8,1170,940,1975,0,98058,47.4464,-122.129,1820,7208
4667,4667,7300410110,20140519T000000,390000.0,4.0,2.5,2490,8290,2.0,0,0,3,9,2490,0,1999,0,98092,47.3305,-122.171,2690,7008
4668,4668,7224500090,20150407T000000,414000.0,2.0,1.0,800,5000,1.0,0,0,3,6,800,0,1938,0,98055,47.4914,-122.204,1220,5000
4669,4669,7852000110,20140903T000000,441500.0,3.0,2.5,2360,4670,2.0,0,0,3,7,2360,0,1998,0,98065,47.537,-121.871,2420,5620
4670,4670,4302200590,20150309T000000,375000.0,3.0,2.5,1770,5146,2.0,0,0,3,7,1770,0,1992,0,98106,47.5263,-122.356,1230,5160
4671,4671,8635750090,20140602T000000,668500.0,4.0,2.5,2710,5500,2.0,0,0,3,9,2710,0,1999,0,98074,47.6027,-122.023,2710,6242
4672,4672,1133000100,20141007T000000,540000.0,5.0,1.5,1940,10202,1.5,0,0,4,7,1940,0,1940,0,98125,47.7213,-122.31,1900,8000
4673,4673,7631800025,20140606T000000,1035000.0,4.0,3.25,3450,11240,2.0,0,3,4,10,2430,1020,1960,2001,98166,47.4556,-122.372,2412,19499
4674,4674,2998800110,20150325T000000,1345000.0,4.0,3.25,3440,4920,2.0,0,4,3,10,2520,920,2014,0,98116,47.5727,-122.409,2350,5166
4675,4675,2432000110,20140507T000000,758000.0,4.0,2.75,2410,9549,1.0,0,0,4,7,1780,630,1956,0,98033,47.6503,-122.197,2090,9549
4676,4676,824059140,20140527T000000,949880.0,4.0,2.25,2290,10687,2.0,0,0,3,9,2290,0,1978,0,98004,47.5878,-122.202,2290,10300
4677,4677,4229400015,20150507T000000,570000.0,3.0,1.0,1030,4089,1.5,0,0,3,7,1030,0,1927,0,98116,47.574,-122.385,1440,4917
4678,4678,7805450110,20140506T000000,736000.0,4.0,2.5,2290,12047,2.0,0,0,4,9,2290,0,1988,0,98006,47.5599,-122.105,3130,15666
4679,4679,9839301055,20140626T000000,670000.0,3.0,1.5,1490,4400,1.5,0,0,4,7,1490,0,1906,0,98122,47.6113,-122.292,1560,4400
4680,4680,9471201110,20150406T000000,1130000.0,4.0,1.75,2370,8400,1.0,0,0,5,9,1270,1100,1949,0,98105,47.6716,-122.264,2370,8400
4681,4681,1189000645,20141022T000000,650000.0,4.0,2.0,1930,3976,1.5,0,0,4,8,1930,0,1914,0,98122,47.6117,-122.297,1470,4080
4682,4682,6788201015,20140616T000000,690000.0,2.0,1.75,1600,4000,1.0,0,0,5,7,850,750,1918,0,98112,47.6408,-122.3,1860,4000
4683,4683,425069147,20150313T000000,610000.0,4.0,2.25,2240,45738,2.0,0,0,3,7,2240,0,1988,0,98053,47.687,-122.047,3180,45738
4684,4684,9268200600,20140519T000000,413500.0,2.0,1.0,770,4000,1.0,0,0,5,5,770,0,1924,0,98117,47.6959,-122.364,1420,5040
4685,4685,9201000100,20150414T000000,765000.0,3.0,2.5,2300,9752,2.0,0,2,3,8,2300,0,1968,2003,98075,47.5825,-122.076,2640,10764
4686,4686,4140930110,20141210T000000,828200.0,4.0,2.75,3400,7081,2.0,0,0,3,9,3400,0,2001,0,98006,47.5661,-122.123,3060,7081
4687,4687,7226000110,20140726T000000,205000.0,2.0,1.0,900,4397,1.0,0,0,3,6,900,0,1918,0,98055,47.4851,-122.205,1430,4500
4688,4688,4358700100,20141202T000000,465000.0,3.0,2.5,1450,5175,1.0,0,0,3,8,1030,420,1995,0,98133,47.7082,-122.338,1740,9250
4689,4689,2228900195,20150311T000000,556000.0,4.0,2.5,2240,5402,2.0,0,0,3,8,2240,0,2005,0,98133,47.772,-122.35,2240,7560
4690,4690,3905100740,20140608T000000,540000.0,4.0,2.5,1780,4169,2.0,0,0,3,8,1780,0,1994,0,98029,47.5695,-122.006,1830,4164
4691,4691,3295900490,20140729T000000,423000.0,4.0,2.5,2320,4254,2.0,0,0,3,8,2320,0,2004,0,98059,47.48,-122.137,2330,4602
4692,4692,7379700051,20150410T000000,375000.0,3.0,1.75,1590,14766,1.0,0,0,3,8,1590,0,1963,0,98007,47.5902,-122.147,2040,10190
4693,4693,7348200195,20141209T000000,173250.0,3.0,1.0,990,12696,1.5,0,0,3,7,990,0,1936,0,98168,47.4776,-122.279,1260,8937
4694,4694,4047200300,20150205T000000,599900.0,3.0,1.5,2605,12030,1.0,0,0,3,8,1355,1250,2003,0,98019,47.7725,-121.899,1590,15242
4695,4695,4242900215,20140618T000000,646000.0,5.0,2.75,2870,4461,1.0,0,0,3,7,1650,1220,1976,0,98107,47.675,-122.39,1890,4196
4696,4696,7851980100,20140605T000000,1075000.0,5.0,4.75,5180,17811,2.0,0,2,3,11,4070,1110,2001,0,98065,47.5405,-121.868,3960,15103
4697,4697,9126101645,20140610T000000,558000.0,4.0,2.0,2180,3870,1.0,0,0,3,7,1020,1160,1900,0,98122,47.6089,-122.303,1520,2580
4698,4698,2695600375,20141110T000000,354000.0,2.0,1.0,850,5225,1.0,0,0,3,7,850,0,1949,0,98126,47.5311,-122.38,1230,5225
4699,4699,6648150090,20150108T000000,1195000.0,4.0,4.0,4050,9517,2.0,0,0,3,11,3360,690,1990,0,98040,47.5769,-122.215,3330,9436
4700,4700,1189000245,20150331T000000,670000.0,4.0,2.0,2250,4200,1.5,0,0,3,7,1650,600,1909,0,98122,47.6136,-122.297,1200,3360
4701,4701,1169000057,20141006T000000,1125000.0,6.0,4.25,3100,9378,3.0,0,2,3,11,3100,0,1978,0,98112,47.6381,-122.314,3270,6334
4702,4702,4013800131,20140807T000000,267500.0,2.0,1.0,1747,12250,2.5,0,0,4,6,1747,0,1948,0,98001,47.3282,-122.285,1620,10300
4703,4703,1787270090,20150225T000000,299800.0,4.0,2.5,2410,4708,2.0,0,0,3,8,2410,0,2002,0,98092,47.3229,-122.182,2517,5290
4704,4704,4037200735,20150414T000000,430000.0,4.0,1.75,2070,9120,1.0,0,0,4,7,1250,820,1958,0,98008,47.6045,-122.123,1650,8400
4705,4705,4083302370,20150313T000000,775000.0,5.0,1.0,1860,3040,1.5,0,0,3,7,1530,330,1921,0,98103,47.6559,-122.339,1910,3600
4706,4706,4319200820,20150122T000000,333000.0,3.0,1.0,950,5214,1.0,0,0,3,7,830,120,1944,0,98126,47.5362,-122.379,1490,7636
4707,4707,7663700551,20150407T000000,336000.0,3.0,2.0,1060,11765,1.0,0,0,4,6,1060,0,1951,0,98125,47.7333,-122.302,1500,9151
4708,4708,6821102350,20150109T000000,323000.0,2.0,1.0,880,1712,2.0,0,0,4,7,880,0,1945,0,98199,47.6475,-122.397,1360,1748
4709,4709,723069089,20140715T000000,575000.0,4.0,2.5,2550,56628,2.0,0,0,3,9,2550,0,2001,0,98027,47.4913,-122.081,1870,56628
4710,4710,8165500110,20141205T000000,328000.0,2.0,2.25,1550,2079,2.0,0,0,3,8,1550,0,2008,0,98106,47.54,-122.368,1420,1977
4711,4711,8081900195,20141210T000000,572500.0,3.0,1.0,1590,4600,1.5,0,0,4,7,1290,300,1926,0,98117,47.6807,-122.399,1770,4350
4712,4712,2878601425,20140522T000000,600000.0,3.0,1.75,1650,5100,1.0,0,0,5,7,1040,610,1908,0,98115,47.6873,-122.321,1540,5100
4713,4713,5104512070,20150420T000000,412000.0,4.0,3.0,2430,7242,2.0,0,0,3,8,2430,0,2003,0,98038,47.3533,-122.015,2430,7242
4714,4714,3885802970,20141203T000000,827500.0,3.0,2.5,1810,7200,1.0,0,0,5,7,1310,500,1960,0,98033,47.6885,-122.211,2050,7200
4715,4715,3021049140,20150325T000000,300000.0,4.0,2.5,2890,17349,2.0,0,0,3,8,2890,0,1994,0,98023,47.2822,-122.34,2330,22356
4716,4716,5249801720,20141113T000000,415000.0,3.0,2.5,1280,5040,2.0,0,0,4,7,1280,0,1985,0,98118,47.5611,-122.276,1500,5040
4717,4717,2025049006,20141112T000000,750000.0,7.0,2.75,3410,4056,1.5,0,0,4,8,2130,1280,1906,0,98102,47.6454,-122.316,2510,4056
4718,4718,7575700015,20140710T000000,800000.0,3.0,2.75,2220,4000,2.0,0,0,3,8,1700,520,1914,2000,98122,47.617,-122.291,1800,4000
4719,4719,2724049146,20150317T000000,420000.0,3.0,1.0,1060,6000,1.0,0,0,3,8,1060,0,1954,0,98118,47.5427,-122.275,1240,7874
4720,4720,8074200100,20141015T000000,266000.0,3.0,1.5,1120,8250,1.0,0,0,4,7,1120,0,1957,0,98056,47.4905,-122.179,1320,8400
4721,4721,1517900100,20141021T000000,499000.0,4.0,2.5,2680,10590,2.0,0,0,3,8,2680,0,2004,0,98019,47.7377,-121.97,2330,5566
4722,4722,2391602250,20140626T000000,440000.0,4.0,1.5,1770,5750,2.0,0,0,3,7,1770,0,1947,0,98116,47.5621,-122.394,970,5750
4723,4723,7635801311,20140623T000000,495000.0,3.0,2.0,2950,12196,2.0,0,0,4,7,2310,640,1918,0,98166,47.4702,-122.365,2320,19844
4724,4724,3362401295,20150330T000000,630000.0,2.0,1.75,1260,5300,1.0,0,0,4,7,840,420,1951,0,98103,47.6809,-122.348,1280,3000
4725,4725,3303230110,20140804T000000,424000.0,3.0,1.75,1430,6818,1.0,0,0,5,7,1430,0,1972,0,98034,47.7271,-122.196,1480,7210
4726,4726,1522600100,20140604T000000,760000.0,4.0,2.5,2730,36183,2.0,0,0,3,9,2730,0,1986,0,98052,47.7036,-122.127,2710,5964
4727,4727,6646200090,20140819T000000,650000.0,4.0,3.5,3270,15704,2.0,0,0,3,9,2110,1160,1990,0,98074,47.6256,-122.042,3020,8582
4728,4728,2522059112,20140507T000000,248500.0,4.0,1.75,1720,10018,1.0,0,0,5,7,1720,0,1960,0,98042,47.3614,-122.119,1220,10018
4729,4729,3205100110,20150421T000000,379600.0,3.0,1.75,1270,12420,1.0,0,0,4,7,1270,0,1962,0,98056,47.5387,-122.179,1560,9910
4730,4730,6414100025,20140721T000000,538000.0,4.0,2.5,3260,10032,1.0,0,0,3,8,1960,1300,1978,0,98125,47.7203,-122.323,1802,7249
4731,4731,3529000930,20140616T000000,530000.0,4.0,2.5,2050,6360,2.0,0,0,3,8,2050,0,1988,0,98029,47.5641,-122.011,2070,7541
4732,4732,4141400100,20150120T000000,545000.0,4.0,2.25,2050,9720,2.0,0,0,3,8,2050,0,1967,0,98008,47.5911,-122.119,2310,9680
4733,4733,9562200090,20140624T000000,925000.0,4.0,3.0,3580,35261,1.5,0,0,3,10,3580,0,1985,0,98072,47.7577,-122.134,3540,36750
4734,4734,7399800110,20141209T000000,565000.0,4.0,2.75,1960,48787,1.5,0,0,4,9,1960,0,1983,0,98072,47.7484,-122.111,1970,36425
4735,4735,6917700356,20140514T000000,405100.0,2.0,1.0,840,3522,1.0,0,0,3,6,840,0,1947,0,98199,47.6575,-122.395,1390,4800
4736,4736,4040800600,20140609T000000,502000.0,3.0,1.75,1300,8800,1.0,0,0,4,8,1300,0,1963,0,98008,47.6199,-122.116,1350,8800
4737,4737,3629920300,20141103T000000,425000.0,3.0,2.25,1260,3000,2.0,0,0,3,7,1260,0,2003,0,98029,47.5454,-121.997,1630,3042
4738,4738,8944290090,20140623T000000,233500.0,3.0,2.25,1650,2958,2.0,0,0,3,7,1650,0,1985,0,98031,47.3916,-122.167,1510,3788
4739,4739,8091410930,20150323T000000,287000.0,3.0,2.5,1710,10341,2.0,0,2,3,7,1710,0,1986,0,98030,47.3494,-122.171,1830,9358
4740,4740,3313600266,20150213T000000,190000.0,3.0,1.0,1180,8775,1.0,0,0,3,7,1180,0,1966,0,98002,47.2848,-122.223,1300,8100
4741,4741,9508850100,20141103T000000,666000.0,3.0,2.25,2780,31510,2.0,0,0,3,8,2780,0,1979,0,98053,47.67,-122.024,2890,36400
4742,4742,3330501545,20141201T000000,330000.0,2.0,1.0,950,3090,1.0,0,0,4,6,950,0,1909,0,98118,47.551,-122.276,1230,4120
4743,4743,31000165,20140911T000000,1490000.0,5.0,3.5,3620,7821,2.0,0,2,3,10,2790,830,1958,2010,98040,47.5738,-122.215,2690,9757
4744,4744,4123810090,20140909T000000,393000.0,3.0,2.25,2140,10256,2.0,0,0,3,8,2140,0,1987,0,98038,47.3751,-122.044,2040,11717
4745,4745,1180500100,20140924T000000,353000.0,4.0,2.75,1920,4627,1.0,0,0,3,8,1010,910,1998,0,98178,47.5003,-122.23,1910,7210
4746,4746,7549801140,20141020T000000,260000.0,2.0,1.0,750,6720,1.0,0,0,3,6,750,0,1916,0,98108,47.552,-122.31,920,6720
4747,4747,7254000100,20141215T000000,680000.0,3.0,2.5,2060,2551,2.0,0,0,3,8,1900,160,2001,0,98005,47.5881,-122.165,2060,2936
4748,4748,644200090,20140715T000000,921000.0,3.0,2.25,2380,11200,1.0,0,0,4,8,2380,0,1963,0,98004,47.5873,-122.193,2010,11200
4749,4749,5101407305,20141218T000000,319000.0,2.0,1.0,750,6380,1.0,0,0,3,7,750,0,1949,0,98125,47.7033,-122.308,1690,6495
4750,4750,6817801030,20150422T000000,280000.0,3.0,1.0,1160,10881,1.0,0,0,2,7,920,240,1983,0,98074,47.6339,-122.033,1280,10843
4751,4751,7454001280,20140611T000000,220000.0,3.0,1.0,1050,6300,1.0,0,0,3,6,1050,0,1942,0,98146,47.5128,-122.374,740,6300
4752,4752,8651440740,20150121T000000,219000.0,3.0,1.5,1740,5200,1.0,0,0,4,7,1060,680,1977,0,98042,47.3657,-122.094,1540,5200
4753,4753,1954430190,20140808T000000,528000.0,4.0,2.75,2050,7171,1.0,0,0,3,8,1540,510,1988,0,98074,47.6194,-122.042,1960,7110
4754,4754,4292300010,20140527T000000,405000.0,3.0,1.75,1980,8100,1.0,0,0,4,7,1310,670,1949,0,98133,47.7353,-122.331,1450,8212
4755,4755,8929000290,20140514T000000,372977.0,3.0,2.5,1690,1618,2.0,0,0,3,8,1150,540,2014,0,98029,47.5518,-121.998,1690,1618
4756,4756,1250201680,20150507T000000,934550.0,4.0,3.25,2320,5900,1.5,0,2,4,9,2320,0,1910,0,98144,47.597,-122.292,2320,6240
4757,4757,868001705,20150206T000000,1465000.0,3.0,1.5,2480,9900,2.0,0,3,3,10,2130,350,1940,0,98177,47.7018,-122.381,2860,9288
4758,4758,1370801585,20140603T000000,975000.0,4.0,2.25,2290,5350,2.0,0,0,4,9,2120,170,1958,0,98199,47.6428,-122.411,2910,5350
4759,4759,7501000130,20140505T000000,800866.0,5.0,2.5,3180,13806,2.0,0,0,4,10,3180,0,1990,0,98033,47.652,-122.182,3180,13798
4760,4760,4178300130,20150413T000000,950000.0,7.0,3.5,3470,16264,2.0,0,0,4,9,3470,0,1980,0,98007,47.6203,-122.149,3040,13500
4761,4761,7550801206,20140904T000000,624000.0,4.0,3.0,1540,4140,1.5,0,0,5,7,1540,0,1902,0,98107,47.6728,-122.396,1460,5000
4762,4762,9201300050,20140814T000000,1850000.0,5.0,2.25,2800,8442,2.0,1,4,3,9,2800,0,1963,2001,98075,47.5784,-122.076,3220,9156
4763,4763,3816300095,20140514T000000,310000.0,3.0,1.0,1050,9876,1.0,0,0,3,7,1050,0,1953,0,98028,47.7635,-122.262,1760,9403
4764,4764,7399301100,20141204T000000,315000.0,3.0,1.75,1480,6800,1.0,0,0,4,7,1480,0,1968,0,98055,47.4633,-122.188,1500,7900
4765,4765,4151800470,20140820T000000,675000.0,3.0,2.0,1010,5973,1.0,0,0,5,6,1010,0,1942,0,98033,47.6652,-122.202,1920,6015
4766,4766,7811000020,20141113T000000,490000.0,3.0,1.75,1660,8208,1.0,0,0,4,8,1660,0,1965,0,98005,47.5919,-122.154,2210,11000
4767,4767,5166700050,20150211T000000,600000.0,5.0,2.25,2760,6350,1.0,0,0,3,7,1380,1380,1958,0,98126,47.5561,-122.379,2060,6342
4768,4768,4045500130,20140909T000000,154000.0,2.0,1.0,1040,20524,1.0,0,3,3,6,1040,0,1949,1989,98014,47.6981,-121.875,1880,38996
4769,4769,2927600675,20140609T000000,480000.0,4.0,1.75,2220,6500,2.0,0,3,4,8,2220,0,1964,0,98166,47.4519,-122.375,2430,11600
4770,4770,7686202580,20150213T000000,196900.0,3.0,1.0,1270,7500,1.0,0,0,3,6,1270,0,1954,0,98198,47.4214,-122.316,1250,8000
4771,4771,5690500095,20140826T000000,735000.0,3.0,3.25,2960,39370,2.0,0,0,3,10,2960,0,1989,0,98011,47.7452,-122.202,2960,56628
4772,4772,3876540630,20150227T000000,205500.0,3.0,2.0,1330,8748,1.0,0,0,3,7,1330,0,1986,0,98003,47.2619,-122.298,1510,8584
4773,4773,8929000170,20140616T000000,357186.0,2.0,1.75,1210,1040,2.0,0,0,3,8,1210,0,2014,0,98029,47.5519,-121.999,1210,1090
4774,4774,2621400080,20150128T000000,275000.0,4.0,2.5,2120,6754,2.0,0,0,3,7,2120,0,1998,0,98030,47.3629,-122.184,2120,6937
4775,4775,8154100020,20140906T000000,248500.0,3.0,1.75,2090,12026,1.0,0,0,4,7,2090,0,1948,0,98002,47.3095,-122.217,1700,9496
4776,4776,8097000190,20140602T000000,350000.0,3.0,2.5,2680,7836,2.0,0,0,3,8,2680,0,1990,2009,98092,47.3203,-122.185,2340,8040
4777,4777,2624089181,20140812T000000,390000.0,4.0,2.75,1790,47250,1.0,0,0,3,7,1220,570,1987,0,98045,47.5302,-121.746,1250,43791
4778,4778,8718500275,20140715T000000,390000.0,3.0,2.75,1950,12240,1.0,0,0,3,7,1250,700,1956,0,98028,47.7401,-122.258,1880,12000
4779,4779,3575305495,20150413T000000,660000.0,5.0,2.25,3740,14913,1.5,0,0,4,9,3740,0,1979,0,98074,47.6234,-122.059,2180,7600
4780,4780,411100020,20141117T000000,310000.0,3.0,1.75,1140,8263,1.0,0,0,5,7,1140,0,1950,0,98155,47.7407,-122.327,1140,6770
4781,4781,9113200020,20140612T000000,717000.0,3.0,2.5,2480,5137,2.0,0,0,3,9,2480,0,2000,0,98052,47.684,-122.164,2480,6023
4782,4782,2011400019,20141230T000000,260000.0,5.0,2.5,2580,11250,1.0,0,0,3,7,1410,1170,1964,0,98198,47.397,-122.313,2240,11780
4783,4783,3912000020,20150430T000000,745000.0,3.0,2.0,2290,5001,1.0,0,0,4,7,1490,800,1960,0,98103,47.6909,-122.339,1230,5001
4784,4784,8078370010,20150218T000000,470000.0,4.0,2.5,2320,12042,1.0,0,0,4,7,1320,1000,1975,0,98072,47.763000000000005,-122.16,2160,7054
4785,4785,5104650020,20150505T000000,429000.0,3.0,2.5,2530,8820,2.0,0,0,3,8,2530,0,1997,0,98031,47.42,-122.205,2340,9472
4786,4786,7417700664,20150408T000000,220000.0,4.0,2.0,1400,7140,1.0,0,0,3,7,1400,0,1969,0,98155,47.7719,-122.309,1610,10500
4787,4787,2770604920,20140903T000000,497000.0,3.0,3.0,2060,1850,2.0,0,0,3,8,1400,660,2007,0,98119,47.6543,-122.373,1910,2951
4788,4788,1930300190,20140714T000000,716100.0,3.0,1.0,1640,4000,1.5,0,0,5,7,1640,0,1909,0,98103,47.6563,-122.351,2140,4000
4789,4789,3024079069,20140911T000000,371000.0,4.0,1.0,1960,94525,1.5,0,0,3,6,1960,0,1979,0,98027,47.5418,-121.962,2430,188564
4790,4790,723069049,20140724T000000,379000.0,5.0,2.75,3000,25175,1.0,0,0,4,7,1500,1500,1961,0,98027,47.497,-122.088,2170,40523
4791,4791,2210500019,20150324T000000,937500.0,3.0,1.0,1320,8500,1.0,0,0,4,7,1320,0,1954,0,98039,47.6187,-122.226,2790,10800
4792,4792,3856901435,20141027T000000,720000.0,4.0,2.0,1760,4500,1.5,0,0,5,7,1760,0,1906,0,98103,47.6711,-122.331,1740,4220
4793,4793,3948900050,20150427T000000,616000.0,3.0,3.25,2130,2306,2.0,0,1,5,7,1420,710,1924,0,98136,47.5424,-122.391,1560,4500
4794,4794,5412400170,20150414T000000,259000.0,3.0,2.0,1390,7120,1.0,0,0,3,7,1390,0,1988,0,98030,47.3786,-122.179,1530,7688
4795,4795,2856102280,20140514T000000,538000.0,3.0,1.75,1400,3825,1.5,0,0,4,6,1100,300,1904,0,98117,47.6793,-122.393,1720,5100
4796,4796,3288100290,20150507T000000,605000.0,3.0,2.75,3230,9576,1.5,0,0,4,8,3230,0,1966,0,98034,47.7307,-122.183,2820,9576
4797,4797,5145000190,20141103T000000,369950.0,3.0,1.0,1110,7603,1.0,0,0,3,7,1110,0,1967,0,98034,47.7262,-122.224,1260,8094
4798,4798,6679000170,20150414T000000,310000.0,3.0,2.5,1670,4220,2.0,0,0,3,7,1670,0,2002,0,98038,47.3834,-122.028,1670,4238
4799,4799,9536601045,20150428T000000,227500.0,3.0,1.0,1540,9450,1.0,0,0,4,7,1540,0,1960,0,98198,47.3612,-122.315,1210,9450
4800,4800,8731981410,20141121T000000,274000.0,4.0,2.25,2090,7400,1.0,0,0,3,9,1670,420,1973,0,98023,47.3178,-122.38,2260,8000
4801,4801,3574801350,20141120T000000,410000.0,3.0,2.0,1410,8088,1.0,0,0,3,7,1410,0,1987,0,98034,47.7303,-122.227,1770,7401
4802,4802,1922069099,20140523T000000,354800.0,3.0,2.0,1370,78408,1.0,0,0,5,7,1370,0,1964,0,98042,47.3867,-122.081,1620,9690
4803,4803,871001735,20140911T000000,650000.0,4.0,2.25,1910,5120,1.0,0,0,3,8,1300,610,1954,0,98199,47.6534,-122.409,1810,5153
4804,4804,2022059308,20150505T000000,353000.0,3.0,2.0,1678,13862,1.0,0,0,3,7,1678,0,1994,0,98030,47.3744,-122.19,1550,11753
4805,4805,2525300480,20150304T000000,224975.0,3.0,1.0,960,12745,1.0,0,0,4,6,960,0,1977,0,98038,47.3617,-122.03,1160,10488
4806,4806,7979900440,20150512T000000,600000.0,2.0,1.75,2080,13054,1.0,0,1,3,7,2080,0,1951,0,98155,47.7435,-122.292,2440,13054
4807,4807,2558660290,20150218T000000,437500.0,3.0,2.25,1790,7700,1.0,0,0,4,7,1340,450,1976,0,98034,47.7205,-122.168,1610,7350
4808,4808,8650300190,20140521T000000,567000.0,3.0,2.5,2540,6093,2.0,0,0,3,9,2540,0,1999,0,98034,47.7042,-122.236,2540,5924
4809,4809,8643000225,20150506T000000,225000.0,5.0,1.5,1790,11656,2.0,0,0,3,7,1790,0,1963,0,98198,47.3961,-122.308,2040,9790
4810,4810,1105000233,20140906T000000,255000.0,2.0,1.0,940,9330,1.0,0,0,3,6,940,0,1941,0,98118,47.5445,-122.273,1900,6145
4811,4811,9831200500,20150304T000000,2479000.0,5.0,3.75,6810,7500,2.5,0,0,3,13,6110,700,1922,0,98102,47.6285,-122.322,2660,7500
4812,4812,945000250,20140613T000000,370000.0,2.0,1.0,900,4600,1.0,0,0,3,6,900,0,1951,0,98117,47.6918,-122.361,1060,4600
4813,4813,4101410050,20150421T000000,675000.0,4.0,1.75,1900,8800,1.0,0,0,3,8,1140,760,1975,0,98033,47.6579,-122.197,2280,8800
4814,4814,1571100130,20140904T000000,285000.0,3.0,1.0,1440,4268,1.0,0,0,3,7,1040,400,1953,0,98108,47.5468,-122.293,1370,4268
4815,4815,7932000078,20140507T000000,310000.0,3.0,1.75,2070,37904,1.0,0,0,4,7,1420,650,1973,0,98058,47.425,-122.186,2011,19110
4816,4816,2592400170,20141202T000000,475000.0,4.0,2.5,2240,7245,1.0,0,0,4,7,1140,1100,1972,0,98034,47.7161,-122.17,1740,7350
4817,4817,2517010630,20150508T000000,410000.0,4.0,2.5,3320,5034,2.0,0,0,4,7,3320,0,2006,0,98042,47.4011,-122.164,2580,4950
4818,4818,6926700225,20140702T000000,895000.0,4.0,2.25,1950,5950,1.0,0,0,3,8,1330,620,1947,0,98109,47.639,-122.347,2600,5593
4819,4819,8820902905,20140822T000000,375000.0,3.0,1.5,1240,7733,1.0,0,0,3,6,790,450,1941,0,98125,47.714,-122.283,1130,7733
4820,4820,5104510190,20150427T000000,349000.0,4.0,2.5,1830,4694,2.0,0,0,3,7,1830,0,2003,0,98038,47.3573,-122.016,1830,5175
4821,4821,9839301060,20150406T000000,650500.0,3.0,1.75,1740,4400,1.5,0,0,3,8,1740,0,1903,0,98122,47.6115,-122.292,1740,4400
4822,4822,2425700005,20150428T000000,760000.0,3.0,1.75,1410,15120,1.0,0,0,4,7,1410,0,1950,0,98004,47.5974,-122.195,1880,15120
4823,4823,9276201190,20140520T000000,480000.0,4.0,2.75,2050,3960,1.0,0,0,4,7,1180,870,1986,0,98116,47.5808,-122.394,1440,5040
4824,4824,8644210050,20140926T000000,689000.0,4.0,2.75,3220,16145,2.0,0,0,3,10,3220,0,1993,0,98075,47.5786,-121.995,3200,12921
4825,4825,2741100280,20140513T000000,415000.0,3.0,1.75,1960,5000,1.0,0,0,5,6,980,980,1911,0,98108,47.5576,-122.317,1790,5000
4826,4826,2891000680,20150427T000000,195000.0,3.0,1.75,1070,6110,1.0,0,0,4,7,1070,0,1968,0,98002,47.3249,-122.207,1350,6148
4827,4827,7366100080,20140731T000000,318000.0,5.0,2.5,2820,9956,1.0,0,0,4,7,1410,1410,1967,0,98168,47.4715,-122.33,2700,9956
4828,4828,3211270170,20140523T000000,404000.0,4.0,3.0,4060,35621,1.0,0,0,3,9,2030,2030,1989,0,98092,47.3059,-122.108,2950,35259
4829,4829,3330500920,20141030T000000,339950.0,2.0,1.0,800,3090,1.0,0,0,4,6,800,0,1925,0,98118,47.5518,-122.277,1400,3090
4830,4830,5437820080,20141124T000000,215000.0,3.0,1.0,1260,7897,1.0,0,0,3,7,1260,0,1979,0,98022,47.1946,-122.003,1560,8285
4831,4831,8097000380,20140818T000000,339900.0,3.0,2.5,2420,7423,2.0,0,0,3,8,2420,0,1990,0,98092,47.3199,-122.186,2260,7629
4832,4832,2591010290,20140519T000000,285000.0,1.0,1.5,810,3211,2.0,0,0,4,7,810,0,1982,0,98033,47.6939,-122.184,1320,3298
4833,4833,1324300380,20140716T000000,550000.0,3.0,1.0,1600,5000,1.5,0,0,3,7,1110,490,1947,0,98107,47.655,-122.358,1380,5000
4834,4834,3226049478,20140725T000000,430000.0,4.0,1.0,1350,9000,1.5,0,0,4,7,1350,0,1964,0,98103,47.6953,-122.332,1940,8000
4835,4835,7941500170,20141202T000000,219000.0,3.0,1.0,970,7790,1.0,0,0,3,6,970,0,1967,0,98003,47.3165,-122.325,1150,8160
4836,4836,7522500005,20140815T000000,555000.0,2.0,1.5,1780,4750,1.0,0,0,4,7,1080,700,1947,0,98117,47.6859,-122.395,1690,5962
4837,4837,1545801630,20140721T000000,233000.0,3.0,2.0,1350,7686,1.0,0,0,3,7,1350,0,1989,0,98038,47.3609,-122.053,1470,7686
4838,4838,5151600480,20150402T000000,248000.0,3.0,1.75,1840,19501,1.0,0,0,4,8,1270,570,1972,0,98003,47.3364,-122.318,1910,12000
4839,4839,2731600080,20150422T000000,454000.0,5.0,2.25,2550,9200,1.0,0,0,4,8,1580,970,1975,0,98166,47.4673,-122.363,2090,9200
4840,4840,2804600010,20150331T000000,950000.0,4.0,2.5,1700,4418,2.0,0,0,3,8,1700,0,1931,2000,98112,47.6434,-122.3,2090,4174
4841,4841,8899210680,20140915T000000,359000.0,3.0,2.5,2430,7857,2.0,0,0,5,8,1730,700,1980,0,98055,47.4546,-122.211,2160,8740
4842,4842,6649300190,20140903T000000,407500.0,5.0,2.0,2740,8230,1.5,0,0,3,7,2210,530,1962,0,98155,47.7352,-122.297,2130,8232
4843,4843,1312200080,20140528T000000,224000.0,3.0,1.5,1560,7300,1.0,0,0,4,7,1040,520,1964,0,98001,47.3427,-122.281,1460,7910
4844,4844,1721801025,20140718T000000,210000.0,2.0,1.0,1040,4590,1.0,0,0,3,7,1040,0,1954,0,98146,47.5078,-122.337,1040,6120
4845,4845,7942200050,20150123T000000,261000.0,4.0,1.75,1820,9824,1.0,0,0,5,7,1820,0,1968,0,98042,47.3833,-122.093,1410,11013
4846,4846,9528100963,20140806T000000,719000.0,3.0,3.0,1833,1706,3.0,0,0,3,9,1833,0,1998,0,98115,47.6827,-122.325,1466,1455
4847,4847,9297301495,20150203T000000,440000.0,3.0,2.5,2160,3738,2.0,0,0,3,8,2160,0,1994,0,98126,47.5661,-122.375,1500,4000
4848,4848,192300020,20140521T000000,525000.0,3.0,2.75,2100,10362,2.0,0,0,3,9,1510,590,1998,0,98045,47.4347,-121.417,2240,11842
4849,4849,9477100170,20140721T000000,375000.0,3.0,1.5,1370,9720,2.0,0,0,3,7,1370,0,1968,0,98034,47.7302,-122.197,1510,8775
4850,4850,6705120280,20150331T000000,428000.0,2.0,2.5,1414,1960,2.0,0,0,3,8,1414,0,1986,0,98006,47.5423,-122.189,1414,2511
4851,4851,7203220050,20141118T000000,988830.0,5.0,3.25,4115,7910,2.0,0,0,3,9,4115,0,2014,0,98053,47.6847,-122.016,3950,6765
4852,4852,6858700225,20141004T000000,199950.0,3.0,1.75,1550,6225,1.0,0,0,4,7,1550,0,1949,0,98002,47.3098,-122.218,1760,9496
4853,4853,8712100605,20141028T000000,840000.0,4.0,2.25,2100,3671,1.5,0,0,3,8,1750,350,1929,0,98112,47.6359,-122.3,1800,4560
4854,4854,5702380500,20140908T000000,285000.0,3.0,1.75,1160,7006,1.0,0,0,4,7,1160,0,1992,0,98022,47.1937,-121.98,1670,7750
4855,4855,6181430280,20140915T000000,330000.0,5.0,2.5,3597,4972,2.0,0,0,3,7,3597,0,2006,0,98001,47.3002,-122.282,3193,6000
4856,4856,7138000170,20150102T000000,147500.0,3.0,1.5,1230,10125,1.0,0,0,3,7,1230,0,1960,0,98198,47.397,-122.299,1970,10125
4857,4857,6669010290,20141107T000000,320000.0,4.0,2.5,2190,7125,2.0,0,0,5,8,2190,0,1978,0,98032,47.3709,-122.285,2190,8075
4858,4858,5706200280,20140701T000000,382500.0,3.0,1.75,1040,9000,1.0,0,0,4,7,1040,0,1967,0,98027,47.5253,-122.043,1750,10878
4859,4859,1338300170,20150324T000000,2048000.0,5.0,4.0,4690,8208,2.0,0,0,3,9,3040,1650,1926,0,98112,47.6321,-122.304,3300,8001
4860,4860,8562800250,20140814T000000,596000.0,4.0,2.25,2270,10000,1.0,0,0,5,8,1720,550,1974,0,98006,47.5599,-122.142,2270,10148
4861,4861,109210280,20141111T000000,220000.0,4.0,2.25,1950,7280,2.0,0,0,4,8,1950,0,1979,0,98023,47.2957,-122.37,1910,7280
4862,4862,3216900080,20140925T000000,325000.0,3.0,2.5,1880,6818,2.0,0,0,3,8,1880,0,1993,0,98031,47.4206,-122.183,1970,7000
4863,4863,629500170,20150326T000000,679950.0,4.0,2.5,2850,5664,2.0,0,0,3,9,2850,0,2001,0,98075,47.5835,-121.996,2850,5475
4864,4864,5272200005,20150218T000000,175000.0,2.0,1.0,1160,6911,1.0,0,0,3,7,1160,0,1947,0,98125,47.7149,-122.318,1120,6948
4865,4865,7205000080,20141201T000000,268000.0,3.0,1.75,1370,10050,1.0,0,1,4,7,1370,0,1966,0,98023,47.3338,-122.341,1720,10050
4866,4866,1117200170,20140919T000000,715000.0,4.0,3.5,3260,110579,2.0,0,0,3,10,3260,0,1997,0,98053,47.6436,-121.997,3470,97895
4867,4867,5561300480,20150408T000000,600000.0,7.0,2.25,3170,36384,2.0,0,0,3,8,3170,0,1969,0,98027,47.4654,-122.003,2460,38370
4868,4868,6896300380,20141002T000000,228000.0,3.37287037037037,1.0,390,5900,1.0,0,0,2,4,390,0,1953,0,98118,47.526,-122.261,2170,6000
4869,4869,3293400010,20150304T000000,950000.0,5.0,2.5,3450,35880,2.0,0,0,3,11,3450,0,1992,0,98052,47.7173,-122.099,3450,26820
4870,4870,3421059049,20140610T000000,475000.0,2.0,1.75,1490,224334,1.0,0,2,3,8,1490,0,1983,0,98092,47.2645,-122.163,2350,213879
4871,4871,524069049,20150402T000000,700000.0,3.0,1.5,1460,78408,1.0,0,0,4,7,1460,0,1963,0,98075,47.59,-122.058,3320,7787
4872,4872,1524079093,20140827T000000,275000.0,3.0,1.75,1300,20700,1.0,0,0,3,7,1300,0,1962,0,98024,47.5587,-121.904,1930,37638
4873,4873,1524079093,20150318T000000,369500.0,3.0,1.75,1300,20700,1.0,0,0,3,7,1300,0,1962,0,98024,47.5587,-121.904,1930,37638
4874,4874,3832710680,20140721T000000,215000.0,4.0,2.0,1540,7575,1.0,0,0,4,7,1040,500,1978,0,98032,47.3664,-122.279,1720,7575
4875,4875,686200840,20150422T000000,593450.0,4.0,2.25,2130,7172,2.0,0,0,4,8,2130,0,1964,0,98008,47.6271,-122.112,1910,7653
4876,4876,8682310460,20140709T000000,498800.0,2.0,1.75,1350,4614,1.0,0,0,3,8,1350,0,2008,0,98053,47.7091,-122.015,1680,4775
4877,4877,446000190,20141208T000000,849000.0,5.0,3.25,2450,6534,2.0,0,0,3,8,1770,680,1951,2014,98115,47.688,-122.281,1620,6534
4878,4878,8805900430,20141229T000000,1151250.0,4.0,2.5,1940,4875,2.0,0,0,4,9,1940,0,1925,0,98112,47.6427,-122.304,1790,4875
4879,4879,3629921060,20140715T000000,825000.0,5.0,2.5,2890,5110,2.0,0,2,3,9,2890,0,2003,0,98029,47.5453,-121.995,3010,5110
4880,4880,8856890020,20150224T000000,265000.0,3.0,1.75,1680,9769,1.0,0,0,3,8,1340,340,1989,0,98058,47.4631,-122.126,1730,9686
4881,4881,2115510470,20141223T000000,285000.0,4.0,2.25,1960,10400,1.0,0,0,4,8,1220,740,1985,0,98023,47.3199,-122.392,1650,8660
4882,4882,1545803890,20141231T000000,240000.0,3.0,1.75,1590,7931,1.0,0,0,3,7,1190,400,1979,0,98038,47.3628,-122.05,1680,7931
4883,4883,3322049126,20140721T000000,261000.0,4.0,1.0,1390,17739,1.0,0,0,3,7,1390,0,1958,0,98003,47.3457,-122.302,1230,7840
4884,4884,6669020500,20140627T000000,330000.0,4.0,1.75,2440,7350,1.0,0,0,3,8,1610,830,1978,0,98032,47.3743,-122.285,2180,7680
4885,4885,3832710840,20140602T000000,250000.0,4.0,2.0,1850,7560,1.0,0,0,4,7,1540,310,1978,0,98032,47.3666,-122.277,1620,7658
4886,4886,7212651950,20140710T000000,350000.0,4.0,2.5,2800,9538,2.0,0,0,3,8,2800,0,1993,0,98003,47.2675,-122.307,1970,7750
4887,4887,1331900020,20140925T000000,930000.0,3.0,2.5,3780,35273,1.5,0,0,3,10,3780,0,1986,0,98072,47.7499,-122.119,3450,35273
4888,4888,7140200380,20141030T000000,275000.0,3.0,2.0,1910,8050,1.0,0,0,4,7,1000,910,1980,0,98030,47.37,-122.17,1780,7344
4889,4889,7972601235,20150223T000000,325000.0,4.0,2.25,2460,7620,1.0,0,0,3,7,1230,1230,1969,0,98106,47.5285,-122.345,2090,7620
4890,4890,2848700585,20150424T000000,255000.0,1.0,1.0,810,5000,1.0,0,1,3,7,590,220,1936,0,98106,47.5696,-122.36,1920,5000
4891,4891,6132600380,20150320T000000,562200.0,3.0,1.5,1900,5250,1.0,0,0,4,7,1500,400,1943,0,98117,47.6991,-122.392,1810,5250
4892,4892,2424059127,20140820T000000,952000.0,2.0,1.75,3490,88909,1.0,0,3,3,10,2320,1170,1980,0,98006,47.5462,-122.112,3490,40185
4893,4893,2591830130,20140504T000000,365000.0,3.0,2.5,2200,7350,1.0,0,0,5,8,1570,630,1988,0,98058,47.4395,-122.161,2350,7557
4894,4894,1771100130,20150316T000000,332900.0,3.0,1.5,1190,11996,1.0,0,0,4,7,1190,0,1969,0,98077,47.7561,-122.071,1190,9756
4895,4895,8856700190,20150423T000000,721000.0,3.0,2.25,2040,18360,2.0,0,0,4,8,2040,0,1983,0,98052,47.6976,-122.137,2590,21315
4896,4896,7852040080,20150421T000000,487275.0,4.0,2.5,2400,3986,2.0,0,0,3,8,2400,0,1999,0,98065,47.5344,-121.877,2070,3986
4897,4897,5648600190,20150429T000000,310000.0,3.0,2.5,1670,5791,2.0,0,0,3,7,1670,0,1995,0,98055,47.4424,-122.188,1610,6034
4898,4898,4154300275,20150115T000000,245000.0,2.0,1.0,990,4800,1.0,0,0,3,6,990,0,1908,0,98118,47.5615,-122.28,1700,5400
4899,4899,5438000280,20150415T000000,325000.0,3.0,1.75,2920,10573,1.0,0,0,4,7,2920,0,1964,0,98055,47.4429,-122.195,1560,10572
4900,4900,9201000480,20141112T000000,550000.0,3.0,1.75,1840,9401,1.0,0,0,3,8,1840,0,1971,0,98075,47.5847,-122.075,2850,14323
4901,4901,1604600660,20140512T000000,350000.0,2.0,1.0,910,4500,1.5,0,0,4,7,910,0,1906,0,98118,47.5633,-122.289,1270,3500
4902,4902,522069022,20140714T000000,599000.0,5.0,2.5,2950,72309,2.0,0,0,3,8,2950,0,2006,0,98058,47.4186,-122.079,1480,56192
4903,4903,4331400190,20141112T000000,259950.0,3.0,1.5,1240,9500,1.0,0,0,4,7,1240,0,1955,0,98166,47.4756,-122.35,1845,10125
4904,4904,9407150130,20141201T000000,240000.0,4.0,2.5,1980,7264,2.0,0,0,3,7,1980,0,1996,0,98038,47.3678,-122.019,1600,6380
4905,4905,2212900470,20150211T000000,186000.0,3.0,1.0,1200,10080,1.0,0,0,4,7,1200,0,1969,0,98042,47.3261,-122.135,1230,9800
4906,4906,6600220080,20150204T000000,395000.0,3.0,1.5,1280,15028,1.0,0,0,3,7,1280,0,1982,0,98074,47.6304,-122.035,1470,13698
4907,4907,9558050020,20140915T000000,475000.0,4.0,2.5,3150,5757,2.0,0,0,3,9,3150,0,2004,0,98058,47.4568,-122.117,3100,5757
4908,4908,8691300420,20140804T000000,815000.0,5.0,3.5,3500,10794,2.0,0,0,3,10,3500,0,1996,0,98075,47.5887,-121.974,3110,10837
4909,4909,5450300010,20140902T000000,572000.0,3.0,1.5,1680,13751,1.0,0,0,4,7,1680,0,1951,0,98040,47.5716,-122.227,1760,13500
4910,4910,339600460,20141017T000000,419500.0,3.0,2.5,1360,3188,2.0,0,0,3,7,1360,0,1986,0,98052,47.6831,-122.096,1090,3188
4911,4911,9264910920,20140903T000000,298700.0,3.0,2.25,2110,7350,1.0,0,0,3,8,1530,580,1980,0,98023,47.3088,-122.341,2640,7777
4912,4912,121029034,20140624T000000,549000.0,2.0,1.0,2034,13392,1.0,1,4,5,7,1159,875,1947,0,98070,47.3312,-122.503,1156,15961
4913,4913,2123049420,20150422T000000,278000.0,3.0,1.5,1900,9994,1.0,0,0,3,7,1120,780,1960,0,98168,47.4729,-122.301,1900,9994
4914,4914,7950302890,20141230T000000,455000.0,4.0,2.0,2380,4500,1.5,0,0,3,6,1470,910,1926,2014,98118,47.5652,-122.281,1300,4500
4915,4915,6117500430,20140819T000000,925000.0,5.0,3.5,4050,13495,1.0,0,2,4,9,2230,1820,1988,0,98166,47.4384,-122.352,3210,13495
4916,4916,1972200660,20150415T000000,465000.0,2.0,1.5,1120,1201,3.0,0,0,3,8,1120,0,1999,0,98103,47.6524,-122.353,1370,1298
4917,4917,3629830050,20141001T000000,620000.0,4.0,4.0,2850,2970,2.0,0,0,3,8,2120,730,1999,0,98029,47.547,-122.01,2380,3559
4918,4918,9257900010,20150422T000000,499900.0,4.0,2.25,2360,7650,1.0,0,0,3,8,1640,720,1963,0,98155,47.75,-122.292,2320,11060
4919,4919,6072000440,20150206T000000,620000.0,5.0,3.0,2540,11422,1.0,0,0,3,8,1270,1270,1962,2014,98006,47.5459,-122.176,2090,10741
4920,4920,6844702630,20141108T000000,450000.0,3.0,1.75,1160,6120,1.0,0,0,3,7,1040,120,1941,0,98115,47.6926,-122.287,1530,6120
4921,4921,3630090050,20150220T000000,690000.0,4.0,3.5,2710,2147,2.0,0,0,3,10,2220,490,2007,0,98029,47.5468,-121.994,2650,2252
4922,4922,9809000020,20140513T000000,1895000.0,5.0,2.25,3120,16672,2.0,0,0,4,9,3120,0,1969,0,98004,47.6458,-122.219,3740,17853
4923,4923,9809000020,20150313T000000,1940000.0,5.0,2.25,3120,16672,2.0,0,0,4,9,3120,0,1969,0,98004,47.6458,-122.219,3740,17853
4924,4924,5021900050,20140818T000000,832500.0,3.0,2.0,1870,9527,1.0,0,0,4,7,1870,0,1951,1997,98040,47.5777,-122.224,1970,11904
4925,4925,1003600080,20141107T000000,245000.0,3.0,1.0,1010,9678,1.0,0,0,5,7,1010,0,1955,0,98188,47.4396,-122.285,1010,9375
4926,4926,7701960130,20141017T000000,820000.0,3.0,2.5,2980,18935,1.5,0,0,3,11,2980,0,1990,0,98077,47.7133,-122.079,3670,18225
4927,4927,2395710020,20140807T000000,369000.0,4.0,2.75,2420,6495,2.0,0,0,3,8,2420,0,2005,0,98038,47.3771,-122.029,2420,6200
4928,4928,7203230010,20141015T000000,1050000.0,4.0,3.25,3830,8331,2.0,0,0,3,9,3830,0,2014,0,98053,47.6906,-122.019,4080,8425
4929,4929,9830200380,20140917T000000,653000.0,3.0,3.0,3040,5067,3.0,0,2,3,10,3040,0,1993,0,98118,47.5409,-122.267,1820,5998
4930,4930,9407111100,20150422T000000,220650.0,2.0,1.75,1460,10500,1.0,0,0,3,7,1460,0,1980,0,98045,47.4461,-121.768,1340,9600
4931,4931,9572000080,20140616T000000,300000.0,5.0,3.0,1940,6355,1.0,0,0,3,8,1200,740,2007,0,98168,47.498000000000005,-122.322,1940,5033
4932,4932,3629870420,20140912T000000,970000.0,4.0,3.5,3780,20023,2.0,0,2,3,10,3780,0,2001,0,98029,47.5491,-122.006,2150,3675
4933,4933,2459970020,20141124T000000,360000.0,4.0,2.5,1950,5451,2.0,0,0,3,7,1950,0,2004,0,98058,47.4341,-122.144,2240,6221
4934,4934,5547700190,20150330T000000,672500.0,3.0,2.5,2450,5760,2.0,0,0,3,9,2450,0,2000,0,98074,47.6145,-122.026,2450,5762
4935,4935,421000285,20150423T000000,268000.0,4.0,1.5,1730,7020,1.5,0,0,4,5,1730,0,1953,0,98056,47.4939,-122.167,1110,7020
4936,4936,3277801640,20141202T000000,440000.0,4.0,1.5,1690,3245,1.5,0,0,3,8,1690,0,1929,0,98126,47.5445,-122.375,1380,1590
4937,4937,1250203070,20140514T000000,1400000.0,3.0,2.5,2550,7200,2.0,0,2,3,10,2550,0,1981,2013,98144,47.5996,-122.288,2030,3500
4938,4938,8077200470,20140718T000000,590000.0,4.0,2.5,2290,11072,2.0,0,0,3,9,2290,0,1986,0,98074,47.6283,-122.03,2340,9774
4939,4939,302000545,20150127T000000,359000.0,4.0,2.25,2710,22860,1.0,0,0,4,7,1850,860,1962,0,98001,47.3207,-122.266,1700,22860
4940,4940,9542801990,20140529T000000,266500.0,4.0,1.75,1880,7632,1.0,0,0,4,7,1180,700,1978,0,98023,47.3068,-122.372,1840,8528
4941,4941,3343901403,20141216T000000,635000.0,4.0,2.5,2930,8679,2.0,0,0,3,8,2930,0,2014,0,98056,47.5164,-122.19,2030,7264
4942,4942,1121059030,20141013T000000,559000.0,3.0,2.5,3110,217800,2.0,0,0,3,9,3110,0,2001,0,98092,47.3281,-122.124,2220,217800
4943,4943,9290850950,20141218T000000,895000.0,4.0,2.5,3480,38985,2.0,0,0,3,10,3480,0,1989,0,98053,47.6895,-122.052,3630,36290
4944,4944,1136100006,20150127T000000,625000.0,2.0,1.5,1110,118047,1.0,0,0,3,7,1110,0,1961,0,98072,47.7467,-122.128,2970,43500
4945,4945,7923300285,20150312T000000,650000.0,4.0,2.25,2440,9320,1.0,0,0,4,7,1880,560,1957,0,98007,47.5933,-122.135,1530,9335
4946,4946,1823059028,20150224T000000,312500.0,4.0,1.75,2280,7840,1.0,0,0,3,7,1280,1000,1957,0,98055,47.4809,-122.224,2120,7260
4947,4947,8864000440,20140925T000000,225000.0,3.0,1.0,900,6099,1.0,0,0,3,6,790,110,1944,0,98168,47.4807,-122.289,1240,6099
4948,4948,9512500680,20141119T000000,425000.0,4.0,1.75,1980,8400,1.0,0,0,3,7,1330,650,1968,0,98052,47.6721,-122.152,1920,8400
4949,4949,3421069120,20150219T000000,329999.0,3.0,2.75,3360,41250,1.0,0,0,4,7,1820,1540,1988,0,98022,47.2604,-122.023,2580,98881
4950,4950,4376700430,20140716T000000,572000.0,5.0,2.25,2340,9225,2.0,0,0,3,8,2340,0,1973,0,98052,47.6369,-122.098,2140,9348
4951,4951,8562890430,20150407T000000,386500.0,4.0,2.5,3110,5048,2.0,0,0,3,8,3110,0,2002,0,98042,47.3782,-122.125,3110,5190
4952,4952,452002005,20150121T000000,452000.0,2.0,1.0,980,5000,1.0,0,0,3,6,980,0,1904,0,98107,47.6744,-122.369,1270,4500
4953,4953,7228500094,20141212T000000,278000.0,4.0,2.0,1480,6324,1.0,0,0,3,7,1480,0,1943,0,98122,47.6147,-122.302,1480,3600
4954,4954,8078700020,20140603T000000,474900.0,3.0,2.25,1800,43647,1.0,0,0,4,8,1800,0,1976,0,98072,47.7757,-122.132,2480,25608
4955,4955,5035300255,20150414T000000,450000.0,2.0,1.75,2130,6574,1.0,0,0,3,8,1500,630,1946,0,98199,47.6529,-122.411,2130,6275
4956,4956,9528104985,20141104T000000,611000.0,2.0,1.0,1270,5100,1.0,0,0,3,7,1100,170,1900,0,98115,47.6771,-122.328,1670,3900
4957,4957,7237590010,20140605T000000,214100.0,2.0,2.5,1150,2064,2.0,0,0,3,7,1150,0,2004,0,98001,47.3516,-122.292,1880,2855
4958,4958,3158500250,20140514T000000,317000.0,3.0,2.5,1840,5011,2.0,0,0,3,8,1840,0,2012,0,98038,47.3555,-122.054,2000,4793
4959,4959,868001402,20150305T000000,1000000.0,4.0,3.5,3180,12528,2.0,0,1,4,9,2060,1120,1979,0,98177,47.7058,-122.379,2850,11410
4960,4960,5606000233,20150424T000000,1000000.0,5.0,2.75,1510,5700,2.0,0,1,4,7,1510,0,1946,0,98105,47.6653,-122.27,2190,5700
4961,4961,5214500660,20150505T000000,525000.0,4.0,2.5,3070,7200,2.0,0,0,3,8,3070,0,2005,0,98059,47.4899,-122.138,2590,7200
4962,4962,3578110020,20141001T000000,436000.0,3.0,2.25,1800,6680,2.0,0,0,3,8,1800,0,1983,0,98034,47.7293,-122.223,1630,8621
4963,4963,3578401330,20140718T000000,450000.0,3.0,1.75,1540,9154,1.0,0,0,3,8,1540,0,1983,0,98074,47.6207,-122.042,1990,10273
4964,4964,7525000080,20140502T000000,588500.0,3.0,1.75,2330,14892,1.0,0,0,3,8,1970,360,1980,0,98074,47.6267,-122.046,2570,14217
4965,4965,4273000095,20150511T000000,340000.0,4.0,1.75,1400,8374,1.0,0,0,3,7,1400,0,1953,0,98166,47.4735,-122.344,1420,8360
4966,4966,4014400190,20140714T000000,482000.0,4.0,2.5,2846,85377,1.5,0,0,3,8,1976,870,2000,0,98001,47.317,-122.281,1696,57934
4967,4967,8678500020,20141213T000000,1575000.0,4.0,3.5,5830,131116,2.0,0,0,3,11,5830,0,2005,0,98024,47.5986,-121.949,5340,207206
4968,4968,6918700130,20140811T000000,749000.0,3.0,2.5,3380,7126,2.0,0,0,3,8,3380,0,1965,2003,98008,47.6276,-122.122,1810,7308
4969,4969,2473350470,20150511T000000,330000.0,3.0,1.5,1440,7875,1.0,0,0,4,8,1440,0,1968,0,98058,47.4561,-122.148,1800,8964
4970,4970,9274200314,20140821T000000,568000.0,3.0,2.5,1740,1279,3.0,0,0,3,8,1740,0,2008,0,98116,47.5891,-122.387,1740,1280
4971,4971,2938100010,20140924T000000,239000.0,3.0,1.75,1470,8925,1.0,0,0,4,7,1470,0,1957,0,98022,47.2026,-122.0,1430,9282
4972,4972,8564950250,20150107T000000,528000.0,3.0,2.5,2810,4932,2.0,0,0,3,8,2810,0,2003,0,98011,47.7739,-122.227,2470,4919
4973,4973,3438502715,20140730T000000,385000.0,4.0,3.0,2090,5102,1.0,0,0,3,7,1350,740,1994,0,98106,47.5427,-122.356,2090,5102
4974,4974,280610020,20140902T000000,825000.0,4.0,3.25,4110,14219,2.0,0,2,4,10,2570,1540,1979,0,98028,47.7382,-122.264,2760,12283
4975,4975,2487200938,20141126T000000,815000.0,5.0,3.25,3230,5000,2.0,0,1,3,9,2350,880,2002,0,98136,47.5202,-122.393,1520,5000
4976,4976,1775500362,20141013T000000,625000.0,4.0,2.5,2601,34335,2.0,0,0,3,9,2601,0,1995,0,98072,47.742,-122.087,2080,32336
4977,4977,2483200010,20141007T000000,690000.0,3.0,1.75,2070,6000,1.0,0,3,3,8,1340,730,1955,0,98136,47.5226,-122.382,2200,6000
4978,4978,4365700130,20150325T000000,210000.0,3.0,1.0,1660,7440,1.0,0,0,3,7,1270,390,1957,0,98106,47.5242,-122.362,1540,7440
4979,4979,9136101271,20150416T000000,599000.0,4.0,1.0,1590,4280,1.5,0,0,3,7,1590,0,1924,0,98103,47.667,-122.335,2230,4280
4980,4980,1370804295,20150212T000000,860000.0,3.0,1.75,1860,5584,1.0,0,0,3,8,1310,550,1951,0,98199,47.637,-122.4,1630,6022
4981,4981,422049178,20150212T000000,147200.0,3.0,1.0,1420,9600,1.0,0,0,4,6,1420,0,1954,0,98188,47.4232,-122.292,1400,8415
4982,4982,9161100795,20150506T000000,476900.0,3.0,1.0,1240,5758,1.5,0,0,4,6,960,280,1910,0,98116,47.5675,-122.396,1460,5750
4983,4983,5561300380,20140807T000000,450000.0,4.0,2.5,2500,36254,1.0,0,0,4,8,1590,910,1978,0,98027,47.4685,-122.004,2360,36254
4984,4984,1443550020,20150506T000000,570000.0,4.0,2.5,2640,11816,2.0,0,0,3,8,2640,0,1999,0,98019,47.733,-121.968,2400,11816
4985,4985,9547201155,20141016T000000,567500.0,3.0,1.0,1440,3060,1.5,0,0,4,7,1440,0,1910,0,98115,47.6769,-122.307,1440,3570
4986,4986,3625059120,20141023T000000,790000.0,5.0,3.25,3030,20446,2.0,0,2,3,9,2130,900,1976,0,98008,47.6133,-122.106,2890,20908
4987,4987,644000185,20140707T000000,875000.0,3.0,1.5,1820,12686,1.0,0,0,4,7,1820,0,1952,0,98004,47.5886,-122.195,3020,11550
4988,4988,5710500010,20140610T000000,490000.0,3.0,2.0,2220,10275,2.0,0,0,3,9,1640,580,1980,0,98027,47.5304,-122.055,2300,9975
4989,4989,2482410130,20140610T000000,335000.0,3.0,1.75,2430,9133,1.0,0,0,4,7,1410,1020,1978,0,98059,47.5116,-122.157,1980,9592
4990,4990,6071900130,20150415T000000,550000.0,3.0,1.75,1670,10798,1.0,0,0,4,8,1670,0,1962,0,98006,47.549,-122.17,2290,10798
4991,4991,6817800630,20140516T000000,385000.0,3.0,1.75,1180,10541,1.0,0,0,4,7,940,240,1981,0,98074,47.6348,-122.032,1230,10879
4992,4992,6204400130,20140718T000000,395000.0,3.0,1.75,1620,8085,1.0,0,0,3,7,1210,410,1976,0,98011,47.7349,-122.197,1700,8085
4993,4993,9274203190,20140611T000000,650000.0,2.0,1.0,1030,5750,1.0,0,0,5,8,1030,0,1928,0,98116,47.5861,-122.391,1570,5750
4994,4994,293610020,20150304T000000,637000.0,4.0,2.75,2900,5803,2.0,0,0,3,9,2900,0,2007,0,98028,47.7368,-122.232,2900,6212
4995,4995,3583400130,20141014T000000,692500.0,3.0,2.25,3420,9900,1.0,0,0,3,9,1710,1710,1963,2004,98028,47.7412,-122.256,2290,10700
4996,4996,7230400430,20140930T000000,322400.0,3.0,1.75,1710,15844,1.0,0,0,4,8,1710,0,1964,0,98059,47.4706,-122.1,1990,20359
4997,4997,7140600190,20140905T000000,233500.0,3.0,1.5,1580,10517,1.0,0,0,4,6,1580,0,1957,0,98002,47.2903,-122.214,1400,10658
4998,4998,6817801410,20140624T000000,400000.0,3.0,2.0,1230,11413,1.0,0,0,3,7,990,240,1984,0,98074,47.6321,-122.034,1570,11517
4999,4999,6430500010,20140620T000000,547000.0,5.0,2.5,2200,4080,1.5,0,0,5,7,1420,780,1916,0,98103,47.6872,-122.35,1300,4080
5000,5000,3023049215,20140702T000000,519000.0,5.0,2.25,2570,13054,1.0,0,1,3,8,1470,1100,1950,1992,98166,47.4487,-122.352,2570,19807
5001,5001,3625710080,20140626T000000,1025000.0,4.0,3.5,3320,19850,1.0,0,2,4,10,2040,1280,1977,0,98040,47.527,-122.228,3240,15470
5002,5002,3390600010,20140502T000000,365000.0,3.0,1.0,1090,6435,1.0,0,0,4,7,1090,0,1955,0,98106,47.5334,-122.365,1340,6435
5003,5003,9238480020,20150319T000000,699000.0,5.0,2.75,2970,36817,2.0,0,0,4,8,2970,0,1978,0,98072,47.7731,-122.139,2730,29150
5004,5004,1036000080,20141009T000000,525000.0,3.0,1.75,1970,8000,1.0,0,0,4,8,1970,0,1968,0,98052,47.6324,-122.1,1910,8000
5005,5005,1561930020,20140522T000000,430000.0,4.0,3.0,3220,8936,2.0,0,0,3,9,2450,770,1990,0,98031,47.4208,-122.213,2810,10500
5006,5006,3876100080,20141215T000000,325000.0,3.0,1.0,1600,7500,1.0,0,0,3,7,1600,0,1966,0,98034,47.7198,-122.182,2050,7200
5007,5007,7454000605,20140710T000000,279000.0,2.0,1.0,670,6300,1.0,0,0,5,6,670,0,1942,0,98126,47.5161,-122.374,760,6300
5008,5008,1870400635,20150311T000000,805000.0,4.0,1.75,2360,4750,2.0,0,0,5,7,1660,700,1911,0,98115,47.6729,-122.293,1810,4750
5009,5009,8820900299,20150204T000000,419950.0,3.0,3.0,2150,3962,1.5,0,0,3,7,1540,610,1949,0,98125,47.7183,-122.285,1730,4609
5010,5010,8132700185,20150416T000000,425000.0,2.0,1.0,620,4455,1.0,0,0,3,6,620,0,1927,0,98117,47.6877,-122.395,1180,5000
5011,5011,6413600275,20140724T000000,446000.0,4.0,1.75,1730,5922,2.0,0,0,5,7,1730,0,1949,0,98125,47.7188,-122.321,1700,6127
5012,5012,2888000020,20150302T000000,455000.0,5.0,2.0,2500,7860,1.0,0,0,3,7,1040,1460,1963,0,98034,47.7212,-122.226,2060,9684
5013,5013,3298700426,20140709T000000,226550.0,3.0,1.0,990,4440,1.0,0,0,3,6,990,0,1943,0,98106,47.522,-122.354,990,6771
5014,5014,3362401815,20140930T000000,764000.0,3.0,2.0,1420,4080,1.5,0,0,5,8,1420,0,1904,0,98103,47.6801,-122.348,1220,3060
5015,5015,5469500020,20150505T000000,439950.0,3.0,2.25,2170,15000,2.0,0,0,4,8,2170,0,1978,0,98042,47.3863,-122.158,2430,14256
5016,5016,6430000280,20141216T000000,453000.0,4.0,2.0,1880,5100,1.0,0,0,3,8,1880,0,1952,0,98103,47.6872,-122.349,1610,4590
5017,5017,1140000190,20150206T000000,219950.0,3.0,1.0,1300,9620,1.0,0,0,3,7,1300,0,1971,0,98003,47.282,-122.331,1420,9620
5018,5018,8021700715,20140514T000000,702500.0,3.0,1.5,2360,6750,2.0,0,0,5,7,1930,430,1926,0,98103,47.6923,-122.332,1320,4500
5019,5019,5151600170,20141016T000000,285000.0,3.0,1.5,1780,12231,1.0,0,0,4,8,1780,0,1956,0,98003,47.335,-122.321,2460,12663
5020,5020,8129700255,20150213T000000,798750.0,2.0,2.25,2160,2578,3.0,0,0,3,8,2160,0,2005,0,98103,47.6607,-122.354,1800,2142
5021,5021,9285800345,20140626T000000,320000.0,2.0,1.0,950,5316,1.0,0,2,3,7,950,0,1948,0,98126,47.57,-122.38,1620,6085
5022,5022,5706200170,20141216T000000,425000.0,3.0,1.75,1680,14630,1.5,0,0,3,8,1680,0,1985,0,98027,47.5272,-122.044,1920,14630
5023,5023,5536500020,20140716T000000,540000.0,4.0,2.5,2290,4450,2.0,0,0,3,9,2290,0,2004,0,98072,47.7385,-122.169,2570,5096
5024,5024,98000950,20141210T000000,1060000.0,4.0,5.25,4140,14757,2.0,0,2,3,11,4140,0,2005,0,98075,47.5871,-121.969,4440,15523
5025,5025,3362401611,20150325T000000,1165000.0,4.0,3.75,3920,4500,3.0,0,0,3,8,3920,0,2013,0,98103,47.6805,-122.346,2040,3000
5026,5026,6205500280,20150421T000000,576000.0,3.0,1.75,1500,13891,1.0,0,0,4,7,1500,0,1951,0,98005,47.5866,-122.175,2020,13891
5027,5027,7199330010,20150417T000000,525000.0,3.0,1.75,1720,7200,1.0,0,0,3,7,1140,580,1977,0,98052,47.6977,-122.132,1700,8400
5028,5028,1332200130,20140822T000000,324950.0,4.0,2.5,2641,8615,2.0,0,0,3,7,2641,0,1998,0,98031,47.4038,-122.213,2641,8091
5029,5029,3244500078,20140822T000000,600000.0,3.0,2.5,4930,77536,2.0,0,0,3,9,3930,1000,1981,0,98072,47.7634,-122.139,2760,7351
5030,5030,3342102880,20140811T000000,464000.0,3.0,2.5,2460,5400,1.0,0,0,4,8,1520,940,2001,0,98056,47.5231,-122.202,1745,5400
5031,5031,2557000630,20140707T000000,266000.0,4.0,2.25,1995,7102,2.0,0,0,4,8,1995,0,1981,0,98023,47.2986,-122.37,1880,7950
5032,5032,1117200190,20140804T000000,775000.0,3.0,2.5,3010,74390,2.0,0,0,3,10,3010,0,1998,0,98053,47.6442,-121.999,3240,109771
5033,5033,8122100130,20140618T000000,415000.0,3.0,1.75,1270,4800,1.0,0,0,3,7,1270,0,1952,2014,98126,47.5362,-122.376,1220,4800
5034,5034,9558040050,20140919T000000,550000.0,4.0,2.75,3080,6731,2.0,0,3,3,9,3080,0,2003,0,98058,47.4522,-122.118,3080,6731
5035,5035,5702380630,20150114T000000,235000.0,3.0,2.25,1670,7606,2.0,0,0,3,7,1670,0,1990,0,98022,47.1949,-121.982,1670,7433
5036,5036,3300790670,20140620T000000,280000.0,3.0,2.0,1470,8089,1.0,0,0,3,7,1470,0,1987,0,98198,47.3878,-122.316,1530,7721
5037,5037,2558660190,20141030T000000,459000.0,3.0,1.75,1730,7807,1.0,0,0,3,7,1260,470,1976,0,98034,47.7211,-122.169,1800,7650
5038,5038,4388000460,20141014T000000,195000.0,3.0,1.0,1070,7615,1.0,0,0,4,7,1070,0,1969,0,98023,47.3189,-122.373,1240,6906
5039,5039,3224800010,20141112T000000,235000.0,3.0,1.5,1660,8738,1.0,0,0,4,7,1080,580,1959,0,98002,47.3117,-122.208,1500,8466
5040,5040,1672000020,20141126T000000,711800.0,4.0,2.25,2410,16650,1.0,0,0,4,8,2410,0,1965,0,98006,47.5706,-122.163,2720,11141
5041,5041,2767701416,20150116T000000,440000.0,3.0,2.5,1040,1032,3.0,0,0,3,7,1040,0,2007,0,98107,47.6673,-122.377,1290,1275
5042,5042,7821200307,20150217T000000,515000.0,2.0,1.0,970,3300,1.0,0,0,4,7,970,0,1916,0,98103,47.6609,-122.343,1060,3600
5043,5043,4219400290,20140502T000000,1200000.0,5.0,2.75,2910,9480,1.5,0,0,3,8,2910,0,1939,0,98105,47.6552,-122.278,2940,6600
5044,5044,6072650290,20150406T000000,560000.0,3.0,1.75,2340,12443,1.5,0,0,4,8,2340,0,1965,0,98006,47.5432,-122.177,1970,9600
5045,5045,5647900670,20140620T000000,340000.0,3.0,1.75,1880,11249,1.0,0,0,3,7,1330,550,1985,0,98001,47.3295,-122.257,1870,14547
5046,5046,1965200010,20141110T000000,600000.0,2.0,1.0,1110,3500,1.5,0,0,3,6,970,140,1912,0,98102,47.6453,-122.327,1884,1778
5047,5047,319500080,20140618T000000,764000.0,4.0,2.5,2790,7938,2.0,0,0,3,9,2790,0,1997,0,98074,47.6223,-122.026,2780,7779
5048,5048,9526500080,20140729T000000,337000.0,4.0,2.0,1590,8779,1.0,0,0,3,8,1590,0,2001,0,98019,47.7408,-121.974,2090,9600
5049,5049,7856410430,20140530T000000,1385000.0,6.0,2.75,5700,20000,1.0,0,4,4,10,2850,2850,1977,0,98006,47.5601,-122.16,3690,15700
5050,5050,8128700005,20141119T000000,249000.0,4.0,1.0,1200,7552,1.0,0,0,3,6,1060,140,1919,0,98126,47.5317,-122.37,1580,7680
5051,5051,3444910020,20140715T000000,350000.0,3.0,3.0,3200,35782,1.0,0,0,3,8,2360,840,1978,0,98042,47.4121,-122.154,3090,37887
5052,5052,2025700130,20150129T000000,269950.0,3.0,2.25,1510,6000,1.0,0,0,4,7,1150,360,1993,0,98038,47.3484,-122.036,1510,6000
5053,5053,224069134,20150225T000000,735000.0,3.0,1.75,1880,108900,1.0,0,0,3,7,1880,0,1978,0,98075,47.5913,-122.01,2730,37731
5054,5054,4217400305,20150331T000000,1295000.0,4.0,2.5,3070,4000,2.0,0,0,4,8,2070,1000,1940,0,98105,47.659,-122.281,2560,4000
5055,5055,3288301410,20140911T000000,475000.0,4.0,2.25,2110,7560,2.0,0,0,4,8,2110,0,1974,0,98034,47.7331,-122.183,2110,7560
5056,5056,9264950660,20150310T000000,339000.0,3.0,2.0,2350,8459,1.5,0,0,3,9,2350,0,1989,0,98023,47.3043,-122.349,2430,8459
5057,5057,6744700285,20150311T000000,600000.0,4.0,3.5,3270,15160,1.0,0,2,3,8,1660,1610,1997,0,98155,47.7437,-122.287,2790,15160
5058,5058,7750500275,20140807T000000,397500.0,4.0,1.75,2220,4760,1.0,0,0,3,7,1320,900,1918,0,98106,47.5215,-122.348,940,4760
5059,5059,1125069153,20140822T000000,1525000.0,4.0,3.5,5990,111078,2.0,0,0,3,11,5990,0,2004,0,98053,47.667,-121.994,4690,118918
5060,5060,1425059178,20140507T000000,460000.0,3.0,2.0,1760,9055,2.0,0,0,4,7,1760,0,1985,0,98052,47.6534,-122.128,2010,9383
5061,5061,6671900130,20141216T000000,370000.0,4.0,2.75,2200,5207,1.0,0,0,5,7,1120,1080,1951,0,98133,47.74,-122.343,1210,6008
5062,5062,3172600151,20150325T000000,250000.0,4.0,1.0,1550,7296,1.5,0,0,3,6,1550,0,1957,0,98106,47.5184,-122.366,1370,7680
5063,5063,7237550020,20140703T000000,1100000.0,4.0,3.75,5070,60123,2.0,0,0,3,11,5070,0,2000,0,98053,47.6567,-122.004,4920,101930
5064,5064,1934800078,20140930T000000,430000.0,2.0,2.25,1040,1516,2.0,0,0,3,8,1040,0,2008,0,98122,47.6037,-122.307,1560,1920
5065,5065,4385700660,20140807T000000,1085000.0,3.0,1.5,2560,4000,1.5,0,0,5,8,1660,900,1927,0,98112,47.6384,-122.279,2560,4000
5066,5066,923000414,20150419T000000,670000.0,3.0,1.75,1850,8160,1.0,0,0,3,8,1850,0,1952,0,98177,47.7241,-122.363,1600,8160
5067,5067,2624049167,20150423T000000,461550.0,3.0,1.5,2090,11895,1.0,0,0,3,7,1790,300,1954,0,98118,47.5362,-122.267,2180,11072
5068,5068,8929000380,20140805T000000,479990.0,3.0,2.5,2010,2386,2.0,0,0,3,8,1390,620,2014,0,98029,47.5525,-121.998,1690,1870
5069,5069,4221250010,20150414T000000,643000.0,4.0,2.5,2518,4663,2.0,0,0,3,8,2518,0,2005,0,98075,47.5894,-122.017,2280,4525
5070,5070,8861500080,20140930T000000,607000.0,3.0,2.75,2810,12813,2.0,0,0,3,8,2040,770,1988,0,98052,47.6796,-122.114,1890,10336
5071,5071,1592000780,20140523T000000,625000.0,3.0,2.5,2600,10092,1.0,0,0,3,9,2600,0,1984,0,98074,47.6223,-122.032,2440,9298
5072,5072,2484200080,20140729T000000,731100.0,3.0,2.5,2060,8778,1.0,0,0,3,8,1160,900,1953,2010,98136,47.5245,-122.384,1990,7560
5073,5073,2322059136,20150309T000000,859000.0,3.0,2.5,2920,434728,2.0,0,3,4,8,2920,0,1999,0,98042,47.3809,-122.13,3150,55216
5074,5074,2591820080,20141103T000000,435000.0,4.0,2.5,2130,10375,2.0,0,0,4,8,2130,0,1986,0,98058,47.4381,-122.16,2220,8508
5075,5075,5729000080,20141029T000000,465000.0,3.0,3.0,2290,15600,1.0,0,0,3,8,1420,870,1948,1990,98001,47.3558,-122.29,1890,14143
5076,5076,5100402764,20150415T000000,740000.0,3.0,1.0,1230,6380,1.5,0,0,3,7,1230,0,1927,0,98115,47.6947,-122.315,1250,6380
5077,5077,5454000010,20141210T000000,740000.0,3.0,1.75,2020,9478,1.0,0,0,4,9,2020,0,1961,0,98040,47.5383,-122.238,3050,15594
5078,5078,5412300130,20141119T000000,250000.0,3.0,2.0,1430,7280,1.0,0,0,3,7,990,440,1980,0,98030,47.3742,-122.18,1430,7280
5079,5079,6873000190,20150311T000000,656000.0,2.0,2.5,2270,1763,3.0,0,0,3,7,1820,450,2009,0,98052,47.6757,-122.121,2180,1763
5080,5080,9485300190,20141009T000000,300000.0,4.0,2.5,1910,8058,2.0,0,0,3,8,1910,0,1992,0,98031,47.3891,-122.172,1910,6500
5081,5081,326069132,20150220T000000,643000.0,3.0,1.5,1780,214315,1.0,0,0,3,7,1780,0,1954,0,98077,47.7631,-122.028,2740,133419
5082,5082,3832061060,20140807T000000,311000.0,4.0,2.5,2690,6124,2.0,0,0,3,7,2690,0,2007,0,98042,47.3343,-122.058,2300,6002
5083,5083,6918730130,20140721T000000,360000.0,3.0,1.75,1330,7482,1.0,0,0,4,7,1330,0,1975,0,98034,47.7322,-122.207,1480,8096
5084,5084,7952800010,20140519T000000,475000.0,4.0,2.5,3060,10043,1.0,0,0,4,8,1700,1360,1968,0,98133,47.7387,-122.337,1630,8296
5085,5085,3834500417,20140809T000000,469950.0,3.0,3.25,1760,1778,3.0,0,0,3,8,1760,0,2008,0,98125,47.7201,-122.301,1520,1615
5086,5086,5071700020,20140703T000000,240000.0,3.0,1.75,1570,8750,1.0,0,0,3,7,1570,0,1960,0,98148,47.4425,-122.333,1890,8825
5087,5087,3826000470,20140929T000000,232000.0,2.0,1.0,960,8100,1.0,0,0,3,6,810,150,1936,0,98168,47.494,-122.304,960,12150
5088,5088,921059132,20140813T000000,350000.0,3.0,2.0,1680,81893,1.0,0,0,3,7,1680,0,1991,0,98092,47.3248,-122.179,2480,38637
5089,5089,1926059027,20150109T000000,803000.0,2.0,1.0,1440,33747,1.5,0,0,3,7,1440,0,1928,0,98034,47.7223,-122.209,1980,8400
5090,5090,1328320440,20141210T000000,355000.0,3.0,2.25,1960,7000,1.0,0,0,3,8,1600,360,1980,0,98058,47.4427,-122.126,1980,7140
5091,5091,1972202005,20140521T000000,475000.0,4.0,2.0,1790,2250,1.0,0,2,4,7,840,950,1909,0,98103,47.6526,-122.345,1440,1545
5092,5092,2592201350,20150324T000000,823000.0,3.0,2.5,2560,9825,2.0,0,0,4,9,2560,0,1988,0,98006,47.5497,-122.145,2710,12034
5093,5093,6430500293,20141112T000000,395000.0,2.0,1.5,1010,3060,1.0,0,0,4,7,1010,0,1918,0,98103,47.6897,-122.354,1160,4080
5094,5094,6450300840,20150427T000000,499000.0,4.0,3.75,2560,5250,2.0,0,0,3,7,1900,660,1963,2006,98133,47.7326,-122.342,1400,5250
5095,5095,1189000225,20150402T000000,420000.0,2.0,1.75,1200,3136,1.0,0,0,3,7,800,400,1904,2005,98122,47.6132,-122.297,1330,3164
5096,5096,7804700020,20140812T000000,961500.0,3.0,2.5,3910,14000,2.0,0,0,3,10,3910,0,1999,0,98008,47.6374,-122.12,2280,14000
5097,5097,9542300430,20150331T000000,833000.0,4.0,1.75,2260,12238,1.0,0,0,3,9,2260,0,1967,0,98005,47.5976,-122.178,2430,10204
5098,5098,1775930440,20140623T000000,479000.0,3.0,2.25,2110,11319,2.0,0,0,4,8,2110,0,1978,0,98072,47.742,-122.105,1860,11319
5099,5099,1725059182,20140701T000000,1150000.0,4.0,2.5,3340,10422,2.0,0,0,3,10,3340,0,1996,0,98033,47.6515,-122.197,1770,9490
5100,5100,3992700130,20140708T000000,267000.0,3.0,1.0,1400,8100,1.5,0,0,3,6,1400,0,1944,0,98125,47.7124,-122.289,1420,8100
5101,5101,824069193,20140911T000000,555000.0,4.0,1.75,1760,94525,1.5,0,0,3,7,1760,0,1988,0,98075,47.5882,-122.07,3030,34848
5102,5102,3904910480,20140731T000000,490000.0,3.0,2.5,2010,9725,2.0,0,0,4,8,2010,0,1987,0,98029,47.568000000000005,-122.018,1850,6858
5103,5103,2877102651,20140529T000000,619000.0,4.0,2.0,2300,3400,1.5,0,0,5,8,1550,750,1915,0,98117,47.678,-122.361,1670,4200
5104,5104,9289100170,20141031T000000,569950.0,5.0,2.75,2510,28185,1.0,0,0,4,7,1600,910,1963,0,98155,47.7719,-122.282,2910,14880
5105,5105,3797000680,20141125T000000,549000.0,3.0,2.0,1340,3000,2.0,0,0,5,7,1340,0,1905,0,98103,47.6857,-122.349,1120,3000
5106,5106,3378900020,20141023T000000,422500.0,3.0,1.75,1560,7245,1.5,0,0,3,7,1560,0,1962,1985,98052,47.6868,-122.119,2220,8502
5107,5107,4180300050,20140801T000000,400000.0,4.0,3.5,3350,9681,1.0,0,1,3,7,2140,1210,1980,0,98198,47.3978,-122.322,2580,9681
5108,5108,7852010670,20140709T000000,692500.0,4.0,2.75,3710,7984,2.0,0,0,3,9,3710,0,1999,0,98065,47.5352,-121.868,2950,7984
5109,5109,8562890280,20140626T000000,310000.0,4.0,2.5,2430,5499,2.0,0,0,3,8,2430,0,2002,0,98042,47.3779,-122.125,2890,5190
5110,5110,3991400080,20141216T000000,499900.0,3.0,1.75,2430,8820,1.0,0,2,3,8,1630,800,1977,0,98178,47.4972,-122.233,2390,10050
5111,5111,8651510020,20140827T000000,492000.0,3.0,2.25,2100,7335,2.0,0,0,3,8,2100,0,1983,0,98074,47.647,-122.061,2050,8930
5112,5112,3924500130,20150506T000000,460000.0,2.0,2.5,1880,40575,1.0,0,0,3,9,1880,0,1987,0,98024,47.5614,-121.899,1930,32935
5113,5113,2533300130,20140716T000000,800000.0,3.0,2.5,1630,2640,2.0,0,0,5,8,1630,0,1919,0,98119,47.6452,-122.371,1630,3000
5114,5114,510002995,20150407T000000,832600.0,4.0,1.0,1640,4200,1.5,0,0,3,7,1640,0,1925,0,98103,47.6601,-122.332,1730,3990
5115,5115,3825500080,20150318T000000,470000.0,4.0,2.75,2310,7350,1.0,0,0,3,8,1670,640,1989,0,98011,47.7505,-122.182,2600,6077
5116,5116,8682231190,20141021T000000,542000.0,2.0,2.0,1930,4500,1.0,0,0,3,8,1930,0,2003,0,98053,47.7104,-122.031,1670,5200
5117,5117,9412400185,20140619T000000,1309500.0,4.0,4.5,4750,13912,2.0,0,2,3,10,3600,1150,2005,0,98118,47.5332,-122.265,3600,22124
5118,5118,7893804790,20141010T000000,308130.0,4.0,2.5,2300,7500,1.0,0,3,2,7,1650,650,1959,0,98198,47.4125,-122.33,2300,7500
5119,5119,3630070010,20150311T000000,310000.0,2.0,1.0,1050,2699,1.0,0,0,3,7,1050,0,2005,0,98029,47.5471,-121.996,1240,2671
5120,5120,723049132,20141022T000000,235000.0,2.0,1.0,1500,8015,1.0,0,0,3,6,1500,0,1947,0,98146,47.5027,-122.348,1130,8015
5121,5121,1432600415,20140919T000000,215000.0,3.0,1.0,1150,7560,1.0,0,0,4,6,1150,0,1958,0,98058,47.4613,-122.184,1230,7560
5122,5122,3306200010,20140605T000000,210000.0,4.0,1.5,1920,10403,1.0,0,0,3,7,1370,550,1959,0,98023,47.2987,-122.366,1550,9619
5123,5123,425069102,20141126T000000,730000.0,4.0,2.75,3660,150282,2.0,0,0,3,10,3660,0,1990,0,98053,47.6813,-122.048,3090,53578
5124,5124,1683600130,20141210T000000,245000.0,3.0,1.75,1720,9342,1.0,0,0,4,7,1140,580,1981,0,98092,47.3177,-122.182,1330,7540
5125,5125,3741600020,20140915T000000,540000.0,3.0,2.25,2100,20018,1.0,0,4,3,8,1470,630,1948,0,98166,47.4544,-122.366,2410,17196
5126,5126,5412101150,20150203T000000,299000.0,4.0,2.5,2400,6078,2.0,0,0,3,8,2400,0,2001,0,98001,47.2606,-122.285,2406,7642
5127,5127,509000020,20141118T000000,510000.0,3.0,2.5,2540,40106,2.0,0,0,3,10,2540,0,1991,0,98074,47.6037,-122.043,3190,71797
5128,5128,1311500020,20140703T000000,198000.0,4.0,1.75,2080,7200,1.0,0,0,4,7,1050,1030,1966,0,98001,47.3385,-122.282,1500,7350
5129,5129,662350050,20140523T000000,950000.0,5.0,3.25,3400,7452,2.0,0,0,3,10,3400,0,1999,0,98007,47.6141,-122.136,2650,8749
5130,5130,3327020290,20150220T000000,300000.0,4.0,1.75,2200,7600,2.0,0,0,3,8,2200,0,1978,0,98092,47.3131,-122.191,1910,7600
5131,5131,1086100130,20140904T000000,528000.0,5.0,1.75,2140,8580,1.0,0,0,3,7,1200,940,1962,0,98033,47.6625,-122.178,1600,9206
5132,5132,2111011060,20140618T000000,507000.0,5.0,3.25,3850,16249,2.0,0,2,3,9,3030,820,2002,0,98092,47.3324,-122.168,2640,7393
5133,5133,7852090280,20150219T000000,770000.0,4.0,3.25,4270,6384,2.0,0,0,3,9,3060,1210,2001,0,98065,47.5362,-121.874,2850,6285
5134,5134,2873000780,20150220T000000,255000.0,3.0,1.75,1340,7210,1.0,0,0,4,7,1340,0,1975,0,98031,47.4182,-122.167,1370,7210
5135,5135,3530470190,20150505T000000,220000.0,1.0,1.5,1100,3451,1.5,0,0,4,8,1100,0,1978,0,98198,47.3829,-122.322,1400,4560
5136,5136,5014600440,20150223T000000,690700.0,5.0,2.75,2870,5349,2.0,0,0,3,9,2870,0,2005,0,98059,47.5405,-122.187,2800,5000
5137,5137,5049800005,20140627T000000,447000.0,2.0,1.0,1320,8380,1.0,0,0,3,7,1320,0,1953,0,98177,47.705,-122.367,1290,8025
5138,5138,7443001470,20140520T000000,755000.0,6.0,2.0,2150,4505,1.0,0,0,3,7,1270,880,1952,0,98119,47.6514,-122.369,1740,4505
5139,5139,2771604640,20150313T000000,700000.0,4.0,1.5,2470,6000,1.5,0,0,3,7,1480,990,1940,0,98199,47.6365,-122.391,2140,4000
5140,5140,7140200280,20140715T000000,250000.0,4.0,2.75,1910,7700,1.0,0,0,4,7,1000,910,1980,0,98030,47.369,-122.17,1880,7875
5141,5141,3793500780,20140510T000000,320000.0,3.0,2.5,2130,6969,2.0,0,0,3,7,2130,0,2003,0,98038,47.3655,-122.027,1670,9545
5142,5142,5525400420,20140514T000000,565000.0,4.0,2.5,2240,14667,2.0,0,0,4,9,2240,0,1989,0,98059,47.5276,-122.161,2410,11243
5143,5143,7986400305,20150424T000000,754300.0,5.0,2.75,1800,4500,2.0,0,0,4,7,1680,120,1939,0,98107,47.6648,-122.358,1730,4500
5144,5144,3619600143,20140505T000000,650000.0,3.0,1.5,2160,9000,1.0,0,2,4,8,1400,760,1949,0,98177,47.7241,-122.369,3010,9000
5145,5145,7787890050,20150218T000000,529888.0,4.0,2.5,3140,8455,2.0,0,0,3,8,3140,0,2003,0,98059,47.4866,-122.147,3140,7391
5146,5146,2780700050,20141106T000000,432000.0,3.0,2.5,1920,9812,2.0,0,0,3,8,1920,0,2000,0,98028,47.7633,-122.243,1830,10534
5147,5147,5595900280,20150318T000000,235000.0,3.0,1.0,1050,7670,1.5,0,0,5,7,1050,0,1955,0,98022,47.2046,-121.996,1220,7670
5148,5148,7203220130,20150127T000000,994900.0,4.0,3.5,3695,6556,2.0,0,0,3,9,3695,0,2014,0,98053,47.683,-122.015,4160,6786
5149,5149,9406540130,20150403T000000,489000.0,4.0,2.5,3910,8442,2.0,0,0,3,9,2710,1200,2000,0,98038,47.3766,-122.027,2650,7576
5150,5150,9526600250,20150420T000000,800000.0,4.0,2.75,3010,7427,2.0,0,0,3,8,3010,0,2010,0,98052,47.7068,-122.112,3000,4929
5151,5151,9542900190,20140516T000000,370000.0,4.0,1.5,1370,9957,1.0,0,0,3,7,900,470,1972,0,98034,47.7237,-122.181,1510,8088
5152,5152,3840700653,20141212T000000,436000.0,4.0,2.75,2080,9600,1.0,0,0,3,8,1240,840,1979,0,98034,47.7149,-122.235,1880,9525
5153,5153,6084200080,20140528T000000,395000.0,3.0,2.5,2250,3757,2.0,0,0,3,7,2250,0,2006,0,98059,47.4787,-122.129,2250,4556
5154,5154,3705900130,20140523T000000,377691.0,5.0,1.75,2120,8399,1.0,0,0,4,7,1320,800,1942,0,98133,47.7621,-122.335,2120,8398
5155,5155,3333002385,20150417T000000,370000.0,5.0,3.0,2220,5185,2.0,0,3,3,7,2220,0,2003,0,98118,47.543,-122.29,2340,6316
5156,5156,3904910050,20141023T000000,515000.0,3.0,2.5,1440,4394,1.0,0,0,5,8,1440,0,1987,0,98029,47.5688,-122.019,1900,5893
5157,5157,5556900080,20140926T000000,169000.0,3.0,1.0,910,7686,1.0,0,0,3,7,910,0,1969,0,98001,47.3405,-122.288,1020,7686
5158,5158,4443800415,20150321T000000,475000.0,3.0,1.0,1270,4268,1.0,0,0,3,7,1270,0,1921,0,98117,47.6848,-122.392,1310,4080
5159,5159,3791400250,20150425T000000,420000.0,3.0,2.5,2480,6180,2.0,0,0,3,9,2480,0,1999,0,98031,47.4044,-122.208,2870,6180
5160,5160,9551201585,20140701T000000,1297000.0,6.0,2.75,2630,9420,2.0,0,0,5,9,2510,120,1900,0,98103,47.6695,-122.337,1540,4969
5161,5161,7856620050,20150225T000000,822000.0,3.0,2.0,2410,13300,2.0,0,0,3,9,1840,570,1985,0,98006,47.5632,-122.148,2930,10900
5162,5162,9320200050,20141216T000000,1500000.0,4.0,2.75,2930,25697,1.0,0,0,4,9,2310,620,1964,0,98004,47.6264,-122.226,3810,20681
5163,5163,1954420380,20150330T000000,485000.0,3.0,2.25,1570,6810,1.0,0,0,3,8,1180,390,1988,0,98074,47.6176,-122.044,1620,6584
5164,5164,740500010,20140807T000000,270000.0,4.0,1.0,1900,8505,1.0,0,0,3,7,1200,700,1956,0,98055,47.4406,-122.196,1440,8505
5165,5165,6673050020,20150401T000000,300000.0,6.0,2.5,2590,11250,1.0,0,0,4,8,1390,1200,1978,0,98055,47.4608,-122.196,2270,8360
5166,5166,1853081060,20150416T000000,878000.0,4.0,2.5,3810,7728,2.0,0,0,3,9,3810,0,2007,0,98074,47.5925,-122.058,3290,7728
5167,5167,6308000020,20150403T000000,590000.0,3.0,2.5,2290,4203,2.0,0,0,3,9,2290,0,2001,0,98006,47.5441,-122.172,2290,5089
5168,5168,1720800305,20141119T000000,611900.0,1.0,2.25,1220,2100,2.0,0,2,4,8,1220,0,1946,1979,98033,47.6703,-122.204,3150,6000
5169,5169,1682000280,20150319T000000,240000.0,3.0,1.75,1100,7373,1.0,0,0,4,7,1100,0,1968,0,98092,47.3124,-122.183,1430,8415
5170,5170,3814800280,20150417T000000,395000.0,4.0,2.5,2810,10951,2.0,0,0,3,8,2810,0,2003,0,98092,47.3249,-122.187,1680,6625
5171,5171,3352402195,20140716T000000,169000.0,3.0,1.0,890,7110,1.0,0,0,3,6,890,0,1957,0,98178,47.4971,-122.261,1100,8375
5172,5172,9320600170,20150324T000000,200500.0,3.0,2.0,1280,14972,1.0,0,0,3,7,1280,0,1963,0,98031,47.4129,-122.209,1800,9698
5173,5173,5205000250,20150410T000000,308000.0,3.0,2.5,2320,7140,2.0,0,0,3,8,2320,0,1990,0,98003,47.275,-122.295,2360,7955
5174,5174,9264920250,20140710T000000,290256.0,3.0,2.25,1720,7885,2.0,0,0,3,8,1720,0,1983,0,98023,47.3136,-122.344,2340,7885
5175,5175,2473101190,20150427T000000,279950.0,3.0,1.75,1530,8800,1.0,0,0,4,7,1040,490,1967,0,98058,47.4483,-122.158,1530,8690
5176,5176,5437820020,20140807T000000,195000.0,3.0,1.75,1580,7875,1.0,0,0,3,7,1580,0,1979,0,98022,47.1958,-122.003,1560,8314
5177,5177,4067600275,20140826T000000,630000.0,3.0,1.0,1360,13000,1.0,0,0,5,6,1360,0,1945,0,98010,47.3359,-122.033,1890,19650
5178,5178,6447300345,20150406T000000,1160000.0,4.0,3.0,2680,15438,2.0,0,2,3,8,2680,0,1902,1956,98039,47.6109,-122.226,4480,14406
5179,5179,3905100280,20140701T000000,478000.0,3.0,2.25,1640,3896,2.0,0,0,3,8,1640,0,1994,0,98029,47.5689,-122.006,1780,3999
5180,5180,9285800275,20140814T000000,835000.0,3.0,2.25,2520,6690,2.0,0,2,5,8,1700,820,1944,1990,98126,47.5705,-122.381,1990,5792
5181,5181,1891100130,20150417T000000,639000.0,3.0,2.25,1400,2421,2.0,0,0,3,9,1400,0,2005,0,98034,47.695,-122.169,1500,2743
5182,5182,1592000250,20141013T000000,623000.0,4.0,2.75,2300,12633,2.0,0,0,3,9,2300,0,1984,0,98074,47.6218,-122.032,2240,9246
5183,5183,2328800130,20141217T000000,220000.0,3.0,1.75,1900,7680,1.0,0,0,3,7,1260,640,1959,0,98178,47.5081,-122.266,2000,7740
5184,5184,6067910130,20150325T000000,526000.0,3.0,2.25,2000,18099,1.0,0,0,4,8,1250,750,1978,0,98006,47.5443,-122.18,2060,12000
5185,5185,3333002790,20150123T000000,243500.0,2.0,1.0,900,5016,1.0,0,0,3,6,900,0,1948,0,98118,47.542,-122.282,1420,5184
5186,5186,9478400080,20140512T000000,750000.0,4.0,2.5,2980,4930,2.0,0,0,3,9,2890,90,2000,0,98006,47.5445,-122.12,2980,6099
5187,5187,3450300020,20150318T000000,329000.0,4.0,2.0,1850,9126,1.0,0,0,5,7,1850,0,1963,0,98059,47.5009,-122.164,1730,9110
5188,5188,2663000050,20140926T000000,525000.0,4.0,1.0,1570,4000,1.5,0,0,3,7,1570,0,1920,0,98102,47.6275,-122.321,1610,4000
5189,5189,3145600250,20150317T000000,190000.0,2.0,1.0,670,3101,1.0,0,0,4,6,670,0,1948,0,98118,47.5546,-122.274,1660,4100
5190,5190,6206100130,20140626T000000,772650.0,4.0,2.5,2660,10800,1.0,0,0,3,7,2660,0,1955,2014,98005,47.5894,-122.172,2640,10800
5191,5191,8944320420,20140710T000000,355000.0,3.0,2.5,2110,4038,2.0,0,0,4,8,2110,0,1989,0,98042,47.3875,-122.153,2110,3727
5192,5192,224069145,20150401T000000,650000.0,3.0,1.75,1970,54450,1.0,0,0,3,8,1570,400,1980,0,98075,47.5936,-122.012,2460,36677
5193,5193,3363900280,20150311T000000,678500.0,3.0,2.75,1210,3600,1.5,0,2,5,7,1210,0,1910,0,98103,47.6798,-122.354,1630,3910
5194,5194,7504110050,20140626T000000,669950.0,4.0,2.5,2670,11877,2.0,0,0,3,9,2670,0,1996,0,98074,47.6327,-122.036,2430,11333
5195,5195,624100950,20150311T000000,850000.0,3.0,2.25,3000,18450,1.0,0,0,3,10,3000,0,1983,0,98077,47.7274,-122.062,2980,12304
5196,5196,9416400020,20140827T000000,572000.0,3.0,2.75,2200,3885,2.0,0,0,3,8,2200,0,2002,0,98074,47.6171,-122.028,2710,6000
5197,5197,3578400950,20140801T000000,492450.0,3.0,1.75,1540,13002,1.0,0,0,2,8,1200,340,1984,0,98074,47.6231,-122.044,1620,10098
5198,5198,4100000050,20141030T000000,813000.0,3.0,1.75,2080,11866,1.0,0,0,3,8,2080,0,1960,0,98005,47.5872,-122.173,2240,10696
5199,5199,3475000080,20140828T000000,710000.0,3.0,2.0,1780,9732,1.0,0,0,3,8,1780,0,1967,0,98040,47.5796,-122.229,1900,10200
5200,5200,7871500345,20141202T000000,792500.0,3.0,1.5,1960,2400,2.0,0,0,3,8,1330,630,1911,0,98119,47.6423,-122.37,2090,4000
5201,5201,8857600680,20150313T000000,285900.0,5.0,1.5,1690,7725,1.5,0,0,4,7,1690,0,1961,0,98032,47.3859,-122.288,1690,7739
5202,5202,2817100430,20150511T000000,389000.0,3.0,2.0,2080,12972,1.0,0,0,4,7,1250,830,1981,0,98070,47.3733,-122.432,1530,10089
5203,5203,7649400170,20141205T000000,675000.0,3.0,2.25,2070,2833,2.0,0,2,3,8,1490,580,1966,0,98136,47.5543,-122.398,1940,3794
5204,5204,4048400185,20141022T000000,352000.0,2.0,0.75,760,33801,1.0,0,0,4,4,760,0,1931,0,98059,47.4703,-122.076,1100,39504
5205,5205,3303960250,20150507T000000,1050000.0,4.0,3.25,4020,11588,2.0,0,0,3,11,4020,0,2000,0,98059,47.5217,-122.155,3190,8066
5206,5206,2785000480,20150108T000000,768500.0,4.0,1.75,3620,10400,1.0,0,0,4,8,1820,1800,1965,0,98005,47.6069,-122.167,2410,10400
5207,5207,2926049400,20141226T000000,500000.0,4.0,2.0,2330,7778,1.0,0,0,3,7,1230,1100,1961,0,98125,47.7109,-122.323,1250,8160
5208,5208,5452302195,20141230T000000,685000.0,3.0,2.5,1460,8800,1.0,0,0,4,7,1460,0,1956,0,98040,47.5895,-122.232,2200,8800
5209,5209,3528900980,20140523T000000,648475.0,4.0,2.75,2250,5700,1.0,0,0,3,8,1200,1050,1951,0,98109,47.6406,-122.344,1720,3850
5210,5210,3886901795,20150422T000000,655000.0,6.0,5.0,2850,6600,2.0,0,0,3,7,2850,0,1994,0,98033,47.6813,-122.187,1870,9900
5211,5211,1868900675,20140912T000000,895000.0,4.0,2.75,2640,4000,2.0,0,0,5,8,1730,910,1925,0,98115,47.6727,-122.297,1530,3740
5212,5212,4031000290,20150408T000000,195000.0,3.0,1.0,1310,9554,1.0,0,0,3,7,960,350,1962,0,98001,47.2949,-122.285,1310,9845
5213,5213,9264960480,20141208T000000,368000.0,4.0,2.5,2720,7350,2.0,0,0,3,9,2720,0,1989,0,98023,47.3028,-122.35,2570,8336
5214,5214,3303980680,20150228T000000,997000.0,4.0,3.5,3430,13609,2.0,0,0,3,11,3430,0,2001,0,98059,47.5196,-122.151,3880,11614
5215,5215,1775930010,20141222T000000,335000.0,3.0,2.75,1990,19991,1.0,0,0,3,7,1340,650,1977,0,98072,47.7434,-122.106,1750,9775
5216,5216,3329520170,20140521T000000,250000.0,3.0,2.0,1170,7258,1.0,0,0,3,7,1170,0,1984,0,98001,47.3333,-122.266,1410,7750
5217,5217,9321010130,20150312T000000,278500.0,3.0,1.75,1390,8980,1.0,0,0,4,8,1390,0,1985,0,98022,47.2015,-122.005,1770,9085
5218,5218,7696600020,20150128T000000,260000.0,4.0,1.5,1540,7300,2.0,0,0,3,7,1540,0,1973,0,98001,47.3317,-122.276,1580,7650
5219,5219,2690600005,20141001T000000,162500.0,2.0,1.0,760,6141,1.0,0,0,2,6,760,0,1920,0,98118,47.5469,-122.277,900,4120
5220,5220,923049323,20140714T000000,239000.0,4.0,1.0,1280,8316,1.0,0,0,3,6,1280,0,1950,0,98168,47.4989,-122.302,1310,7830
5221,5221,6705870080,20141121T000000,600000.0,4.0,2.5,2990,5122,2.0,0,0,3,8,2990,0,2004,0,98075,47.5773,-122.055,3140,7875
5222,5222,3797710010,20150428T000000,350000.0,4.0,2.25,1770,7778,2.0,0,0,3,7,1770,0,1998,0,98031,47.4192,-122.201,1770,7591
5223,5223,98030630,20141215T000000,852500.0,5.0,3.75,3830,8131,2.0,0,0,3,10,3830,0,2005,0,98075,47.5837,-121.971,3570,7290
5224,5224,8106300840,20140721T000000,485000.0,3.0,2.5,2870,5490,2.0,0,0,3,9,2870,0,2008,0,98055,47.4471,-122.207,3040,5442
5225,5225,1074100020,20141007T000000,299000.0,3.0,1.0,1520,8320,1.0,0,0,3,6,1520,0,1953,0,98133,47.7699,-122.335,1500,8320
5226,5226,418000010,20150422T000000,227450.0,2.0,1.0,660,6509,1.0,0,0,4,5,660,0,1952,0,98056,47.4938,-122.171,970,5713
5227,5227,1782000130,20140523T000000,383000.0,3.0,1.0,1800,5612,1.0,0,0,4,7,1200,600,1942,0,98126,47.525,-122.378,1450,5250
5228,5228,2124079093,20150112T000000,835000.0,2.0,3.25,3570,392475,1.0,0,0,3,9,2370,1200,1998,0,98024,47.5448,-121.93,3190,217800
5229,5229,9828702890,20150211T000000,760000.0,5.0,1.5,3050,2992,1.5,0,0,4,8,1920,1130,1931,0,98112,47.621,-122.302,1200,1209
5230,5230,3797001815,20150217T000000,532500.0,2.0,1.0,820,3000,1.0,0,0,4,7,820,0,1924,0,98103,47.6842,-122.348,1490,3000
5231,5231,6979900080,20141125T000000,635000.0,3.0,2.5,3610,26359,1.0,0,0,3,8,1950,1660,1998,0,98053,47.6306,-121.968,2620,26427
5232,5232,7319900345,20140825T000000,438500.0,3.0,2.0,1490,3072,1.0,0,0,5,7,770,720,1912,0,98144,47.5772,-122.307,1320,3072
5233,5233,4346300010,20140618T000000,545500.0,3.0,2.5,1560,9361,1.5,0,0,4,7,1360,200,1936,0,98108,47.5591,-122.295,1670,6244
5234,5234,2432000130,20150414T000000,675000.0,3.0,1.75,1660,9549,1.0,0,0,3,7,1660,0,1956,0,98033,47.6503,-122.198,2090,9549
5235,5235,9165100130,20140618T000000,450000.0,3.0,1.75,1180,4080,1.0,0,0,4,6,760,420,1928,0,98117,47.6825,-122.391,1490,4080
5236,5236,844000425,20141223T000000,199999.0,3.0,1.0,960,10815,1.0,0,0,5,5,960,0,1900,0,98010,47.3091,-122.006,1330,10815
5237,5237,6076500364,20140910T000000,375000.0,3.0,1.5,1630,16170,1.0,0,0,3,7,1630,0,1988,0,98034,47.7104,-122.235,1630,9931
5238,5238,9238430430,20150430T000000,600000.0,4.0,2.25,2260,43847,2.0,0,0,3,8,2260,0,1982,0,98072,47.7713,-122.129,2470,37304
5239,5239,2854800095,20140708T000000,292600.0,3.0,1.5,1520,7123,1.0,0,0,4,7,1520,0,1959,0,98056,47.4991,-122.176,1450,8023
5240,5240,31200020,20150319T000000,1038000.0,5.0,2.75,3050,8904,1.0,0,0,4,8,1650,1400,1956,0,98040,47.5709,-122.214,2920,8904
5241,5241,5364200381,20141010T000000,610000.0,3.0,1.0,1000,4959,1.0,0,0,3,8,1000,0,1945,0,98105,47.6629,-122.277,2240,4959
5242,5242,1515910290,20140825T000000,397450.0,4.0,2.5,2650,9451,2.0,0,0,4,8,2650,0,1993,0,98042,47.3693,-122.129,2510,8850
5243,5243,3459000020,20150414T000000,382000.0,3.0,2.25,1750,15528,1.0,0,0,3,8,1270,480,1963,0,98155,47.7739,-122.274,2170,12000
5244,5244,3303000130,20150116T000000,370000.0,3.0,2.25,1770,7667,1.0,0,0,3,8,1270,500,1966,0,98177,47.7724,-122.362,2180,8103
5245,5245,3303000130,20150428T000000,520000.0,3.0,2.25,1770,7667,1.0,0,0,3,8,1270,500,1966,0,98177,47.7724,-122.362,2180,8103
5246,5246,3235100080,20140701T000000,260000.0,2.0,1.0,770,7906,1.0,0,0,4,6,770,0,1948,0,98155,47.766000000000005,-122.32,990,7906
5247,5247,7284900460,20141120T000000,890000.0,4.0,2.5,3370,7200,2.0,0,0,3,8,3370,0,2014,0,98177,47.7698,-122.384,1880,7200
5248,5248,6332940020,20140826T000000,344000.0,5.0,2.0,2130,8412,1.0,0,0,3,7,1440,690,1946,2000,98155,47.7403,-122.318,2310,7474
5249,5249,8802400415,20140625T000000,205000.0,3.0,1.0,1050,8498,1.0,0,0,3,7,1050,0,1958,0,98031,47.4038,-122.203,1340,8498
5250,5250,4131500190,20150507T000000,379000.0,5.0,2.5,2803,8550,1.0,0,0,3,8,2803,0,1963,2011,98003,47.3032,-122.306,1810,8550
5251,5251,7524400250,20140822T000000,424240.0,3.0,2.0,2080,12094,2.0,0,0,4,8,2080,0,1982,0,98052,47.7035,-122.164,2230,12204
5252,5252,7524400250,20141124T000000,589950.0,3.0,2.0,2080,12094,2.0,0,0,4,8,2080,0,1982,0,98052,47.7035,-122.164,2230,12204
5253,5253,4441300440,20140512T000000,582000.0,4.0,1.75,2120,4650,1.0,0,1,3,7,1190,930,1951,0,98117,47.6964,-122.4,2070,6487
5254,5254,1898200080,20150312T000000,349000.0,3.0,2.5,2550,7709,2.0,0,0,3,9,2550,0,1989,0,98023,47.3081,-122.391,2410,9250
5255,5255,1245003375,20150408T000000,658000.0,3.0,1.0,1290,12005,1.0,0,0,4,7,1290,0,1966,0,98033,47.6835,-122.199,1930,8000
5256,5256,3574300250,20141029T000000,294000.0,5.0,2.75,1790,5000,1.5,0,0,4,7,1060,730,1915,0,98106,47.5655,-122.363,1400,5000
5257,5257,5071400104,20140626T000000,690000.0,5.0,3.5,2720,7598,2.0,0,0,3,8,1860,860,1993,0,98115,47.6931,-122.283,2430,7728
5258,5258,9287801150,20150423T000000,600000.0,3.0,1.0,1040,5000,1.5,0,2,3,7,1040,0,1912,0,98107,47.6754,-122.359,1440,4400
5259,5259,8651431100,20150116T000000,199990.0,3.0,1.0,840,5200,1.0,0,0,3,6,840,0,1969,2014,98042,47.3685,-122.077,870,5200
5260,5260,236500010,20141209T000000,220000.0,3.0,1.75,1650,8850,1.0,0,0,3,7,1650,0,1959,0,98188,47.4331,-122.291,1400,8800
5261,5261,1441800250,20150126T000000,440000.0,4.0,2.25,2080,15750,1.0,0,0,3,8,1460,620,1976,0,98034,47.7225,-122.2,1960,10500
5262,5262,8929000050,20140904T000000,439990.0,4.0,2.5,1540,1994,2.0,0,0,3,8,1540,0,2014,0,98029,47.5526,-121.999,1540,1689
5263,5263,98030660,20150311T000000,815000.0,4.0,2.5,3880,7208,2.0,0,0,3,10,3880,0,2006,0,98075,47.5841,-121.971,3280,7221
5264,5264,3905100380,20150421T000000,535000.0,4.0,2.25,1860,3766,2.0,0,0,3,8,1860,0,1995,0,98029,47.5699,-122.006,1860,4169
5265,5265,1140000050,20141126T000000,215000.0,3.0,1.75,1280,10016,1.0,0,0,4,7,1280,0,1975,0,98003,47.2823,-122.333,1670,9764
5266,5266,5561000010,20150223T000000,605000.0,3.0,2.5,3200,35012,1.5,0,0,3,8,2100,1100,1965,0,98027,47.4651,-121.993,2690,35100
5267,5267,8856920250,20140530T000000,349900.0,3.0,2.5,2200,7278,2.0,0,0,3,8,2200,0,1990,0,98058,47.4624,-122.132,2190,8580
5268,5268,5100402668,20150218T000000,495000.0,3.0,1.0,1570,5510,1.0,0,0,4,7,1070,500,1940,0,98115,47.6942,-122.319,1770,6380
5269,5269,2426049180,20141014T000000,515100.0,3.0,2.5,2074,4900,2.0,0,0,3,8,2074,0,1997,0,98034,47.7327,-122.233,1840,7382
5270,5270,205000010,20140624T000000,620000.0,4.0,2.5,2450,55387,2.0,0,0,3,9,2450,0,1994,0,98053,47.6323,-121.985,2730,38827
5271,5271,7504060020,20150122T000000,657500.0,4.0,2.25,2520,10370,2.0,0,0,3,9,2520,0,1980,0,98074,47.6377,-122.049,2848,12682
5272,5272,4204400098,20150119T000000,250000.0,5.0,1.75,2190,8250,1.0,0,2,3,7,1190,1000,1963,0,98055,47.4887,-122.223,2570,8250
5273,5273,4204400098,20150421T000000,385000.0,5.0,1.75,2190,8250,1.0,0,2,3,7,1190,1000,1963,0,98055,47.4887,-122.223,2570,8250
5274,5274,2131200766,20140522T000000,307000.0,3.0,1.5,2320,7500,1.0,0,0,3,7,2320,0,1976,0,98019,47.7413,-121.979,1480,10000
5275,5275,7760400480,20150513T000000,288000.0,3.0,2.5,1370,9253,1.0,0,0,3,7,1090,280,1994,0,98042,47.3717,-122.073,1470,9253
5276,5276,1863900225,20141028T000000,226450.0,3.0,1.75,1730,7200,1.5,0,0,4,6,1730,0,1944,0,98032,47.3774,-122.236,860,7200
5277,5277,1787600224,20150310T000000,390000.0,3.0,2.5,1640,6991,1.0,0,0,3,7,1110,530,1967,0,98125,47.7255,-122.327,1860,7342
5278,5278,323089134,20140930T000000,350000.0,3.0,1.0,1300,10236,1.0,0,0,4,6,1300,0,1971,0,98045,47.5028,-121.77,1380,11325
5279,5279,7663700759,20141201T000000,368000.0,3.0,1.5,1560,7884,1.0,0,0,3,7,1060,500,1969,0,98125,47.7312,-122.298,1820,9000
5280,5280,3856904970,20140818T000000,469000.0,2.0,1.0,1120,4284,1.0,0,0,3,6,730,390,1921,0,98105,47.6688,-122.324,2050,4160
5281,5281,1126059007,20150323T000000,865000.0,3.0,2.25,2670,150270,2.0,0,0,3,9,2670,0,1985,0,98072,47.7601,-122.134,3080,81054
5282,5282,2473002850,20150113T000000,515000.0,5.0,2.5,3810,15916,1.5,0,0,5,8,3810,0,1967,0,98058,47.4521,-122.14,2470,11662
5283,5283,1112700130,20150123T000000,410000.0,3.0,1.75,1440,8560,1.0,0,0,4,7,1440,0,1979,0,98034,47.7296,-122.232,1460,7560
5284,5284,121059007,20140808T000000,210000.0,4.0,1.0,1200,43560,1.0,0,0,3,5,1200,0,1968,0,98042,47.3375,-122.123,1400,54450
5285,5285,2896600020,20150325T000000,460000.0,3.0,1.75,1520,7700,1.0,0,0,3,7,820,700,1969,0,98034,47.7226,-122.219,1420,7674
5286,5286,9264900660,20140919T000000,241500.0,4.0,2.5,2500,9654,1.0,0,0,3,8,1830,670,1979,0,98023,47.3137,-122.343,2500,8839
5287,5287,7754900280,20140623T000000,322200.0,4.0,2.25,2010,19000,2.0,0,0,4,8,2010,0,1975,0,98042,47.3734,-122.119,1950,19626
5288,5288,9282801950,20140818T000000,279000.0,4.0,1.0,1210,6000,1.5,0,2,3,7,1210,0,1943,0,98178,47.5026,-122.234,1470,6000
5289,5289,3123039063,20140908T000000,303000.0,2.0,1.0,1100,27007,1.0,0,0,4,6,1100,0,1943,0,98070,47.4471,-122.473,1746,91476
5290,5290,2770606915,20141020T000000,420000.0,3.0,1.5,1050,6615,1.0,0,0,4,6,800,250,1950,0,98199,47.6578,-122.39,1530,5250
5291,5291,5379804690,20140813T000000,249000.0,3.0,1.75,2120,18335,1.0,0,0,3,7,1380,740,1961,0,98188,47.451,-122.273,2050,18333
5292,5292,6855700080,20140714T000000,294950.0,3.0,1.0,1240,8840,1.0,0,0,3,6,1240,0,1952,0,98125,47.7277,-122.308,1250,8840
5293,5293,3856900507,20140512T000000,1315000.0,4.0,3.5,3460,3997,2.0,0,0,3,10,2560,900,2004,0,98103,47.6718,-122.329,1860,4000
5294,5294,3501600185,20140915T000000,335000.0,3.0,1.75,1270,4800,1.0,0,0,3,7,1270,0,1953,0,98117,47.693000000000005,-122.361,1490,4800
5295,5295,1068000235,20140605T000000,1155000.0,4.0,2.25,2980,8051,1.5,0,2,4,10,2020,960,1935,0,98199,47.6426,-122.409,2760,5499
5296,5296,7519000585,20150311T000000,520000.0,2.0,1.0,1250,3708,1.5,0,0,3,7,1250,0,1926,0,98117,47.685,-122.363,1430,3708
5297,5297,1562200380,20140916T000000,560000.0,4.0,1.75,1740,8800,1.0,0,0,4,8,1740,0,1965,0,98007,47.6232,-122.142,2180,8436
5298,5298,7523700305,20141012T000000,243400.0,4.0,1.5,1730,7464,2.0,0,0,4,7,1730,0,1959,0,98032,47.3782,-122.304,1370,7860
5299,5299,8807810050,20140529T000000,405000.0,3.0,2.0,1240,14404,1.0,0,0,3,7,1240,0,1988,0,98053,47.6614,-122.06,1350,9990
5300,5300,3699100130,20141002T000000,495000.0,2.0,1.0,1670,14695,1.5,0,0,5,7,1670,0,1930,0,98033,47.7001,-122.2,1800,11355
5301,5301,2215901650,20150402T000000,350000.0,4.0,2.5,2140,7095,2.0,0,0,3,8,2140,0,1992,0,98038,47.3528,-122.057,1600,7182
5302,5302,1099900020,20141211T000000,368500.0,5.0,2.75,2530,7601,1.0,0,0,3,7,1520,1010,1992,0,98188,47.4683,-122.263,2400,7776
5303,5303,5128000010,20150105T000000,99000.0,2.0,1.0,960,8236,1.0,0,0,2,6,960,0,1948,0,98058,47.4698,-122.166,1260,8236
5304,5304,3303980660,20140603T000000,1070000.0,4.0,3.75,4130,12320,2.0,0,0,3,11,4130,0,2001,0,98059,47.5194,-122.151,3690,11227
5305,5305,1155640050,20140826T000000,430000.0,4.0,1.75,1710,7724,1.0,0,0,3,8,1710,0,1983,0,98155,47.7721,-122.293,1940,7724
5306,5306,8087800020,20140515T000000,412500.0,3.0,1.5,1490,8475,1.0,0,0,4,7,1490,0,1963,0,98052,47.6571,-122.133,1490,8540
5307,5307,3293200190,20141213T000000,1122500.0,4.0,3.25,4750,62365,2.0,0,0,3,11,4750,0,1988,0,98052,47.7149,-122.099,3300,31866
5308,5308,1862000010,20140828T000000,915000.0,4.0,2.5,3400,35062,2.0,0,0,4,11,3400,0,1988,0,98052,47.7168,-122.113,2880,9705
5309,5309,5711200170,20140523T000000,535000.0,3.0,2.5,2210,7620,2.0,0,0,3,8,2210,0,1994,0,98052,47.6938,-122.13,1920,7440
5310,5310,8690800130,20141104T000000,390000.0,3.0,1.5,1650,8676,1.0,0,0,4,8,1130,520,1979,0,98133,47.7471,-122.352,1400,8499
5311,5311,2768100545,20140908T000000,499000.0,3.0,1.5,1260,3135,1.0,0,0,4,7,780,480,1944,0,98107,47.6693,-122.371,1540,3025
5312,5312,2596400050,20140730T000000,375000.0,3.0,1.0,1960,7955,1.0,0,0,4,7,1260,700,1963,0,98177,47.7641,-122.364,1850,8219
5313,5313,2641400290,20141028T000000,349000.0,4.0,2.5,1800,7620,2.0,0,0,3,8,1800,0,1995,0,98055,47.4346,-122.201,1800,6879
5314,5314,3210600010,20141031T000000,635000.0,3.0,2.25,1940,7482,1.0,0,0,4,7,1240,700,1964,0,98004,47.6004,-122.195,2340,9310
5315,5315,8691370290,20141215T000000,682000.0,4.0,2.75,2820,8009,2.0,0,0,3,9,2820,0,2001,0,98075,47.6,-121.977,2820,7398
5316,5316,1790000080,20150203T000000,321027.0,4.0,2.25,2820,16770,1.0,0,0,4,8,1920,900,1966,0,98023,47.3186,-122.364,2320,13850
5317,5317,7116000425,20141125T000000,150000.0,2.0,1.0,720,4120,1.0,0,0,5,5,720,0,1915,0,98002,47.303,-122.217,940,6180
5318,5318,8143100500,20141213T000000,410000.0,3.0,1.75,1640,17583,1.0,0,0,3,7,1110,530,1969,0,98034,47.726000000000006,-122.203,1420,11680
5319,5319,3735900545,20140523T000000,449950.0,3.0,2.0,1560,4080,2.0,0,0,3,7,1560,0,1923,1982,98115,47.6892,-122.319,1900,4080
5320,5320,1443500305,20141013T000000,194990.0,6.0,2.5,1560,7144,1.0,0,0,3,6,1060,500,1913,0,98118,47.5335,-122.272,1300,6232
5321,5321,3649100103,20150102T000000,475000.0,4.0,1.75,1910,8775,1.0,0,0,3,7,1210,700,1956,0,98028,47.7396,-122.247,2210,8778
5322,5322,6746700605,20150128T000000,530000.0,5.0,1.75,1570,3000,2.0,0,0,4,7,1570,0,1908,0,98105,47.6677,-122.316,1610,3000
5323,5323,7999950020,20140722T000000,319950.0,4.0,2.5,2038,7643,2.0,0,0,3,8,2038,0,2011,0,98092,47.3296,-122.18,2634,6824
5324,5324,9211500010,20150327T000000,210000.0,3.0,2.25,1720,9435,1.0,0,0,4,7,1220,500,1978,0,98023,47.2979,-122.377,1690,7215
5325,5325,1324300290,20141226T000000,485000.0,3.0,2.75,1670,3330,1.5,0,0,4,7,1670,0,1925,0,98107,47.6551,-122.36,1370,5000
5326,5326,8691310380,20150128T000000,774000.0,4.0,2.75,2830,10240,2.0,0,0,4,9,2830,0,1998,0,98075,47.5903,-121.986,3490,10240
5327,5327,4037400430,20141015T000000,478000.0,4.0,2.0,1690,8208,1.0,0,0,4,7,1210,480,1958,0,98008,47.6052,-122.126,1620,8496
5328,5328,254000545,20141023T000000,385000.0,4.0,2.5,1620,5280,2.0,0,0,4,7,1620,0,1924,1971,98146,47.5132,-122.384,1590,5280
5329,5329,7214780020,20150417T000000,595000.0,4.0,2.5,2360,43017,2.0,0,0,3,9,2360,0,1989,0,98077,47.774,-122.077,2750,40334
5330,5330,114100314,20150318T000000,285000.0,3.0,1.5,1480,7117,1.0,0,0,3,7,1170,310,1960,0,98028,47.7766,-122.248,2230,14775
5331,5331,3629930170,20140514T000000,723000.0,4.0,2.5,2700,4004,2.0,0,0,3,9,2700,0,2004,0,98029,47.5521,-121.995,2260,4459
5332,5332,2946002140,20140812T000000,279000.0,3.0,1.5,1780,16000,1.0,0,0,2,7,1240,540,1960,0,98198,47.419,-122.322,1860,9775
5333,5333,1432400525,20150306T000000,195000.0,3.0,1.5,1430,7560,1.0,0,0,5,6,1430,0,1958,0,98058,47.4518,-122.179,1150,7560
5334,5334,7011201470,20141015T000000,625000.0,2.0,1.0,2160,2192,1.0,0,0,5,8,1170,990,1925,0,98119,47.6364,-122.371,1150,2152
5335,5335,7697800170,20150428T000000,270000.0,3.0,1.75,1800,9314,2.0,0,0,3,8,1800,0,1979,0,98011,47.7762,-122.198,2100,9658
5336,5336,8682291630,20141007T000000,559000.0,2.0,2.0,1930,5520,1.0,0,0,3,8,1930,0,2006,0,98053,47.7191,-122.022,1640,4533
5337,5337,1775800420,20150202T000000,474000.0,4.0,2.25,1960,14834,1.0,0,0,4,8,1330,630,1976,0,98072,47.7434,-122.095,1540,15000
5338,5338,2215901310,20141114T000000,303500.0,4.0,2.5,1920,7345,2.0,0,0,3,8,1920,0,1992,0,98038,47.3526,-122.055,1860,7364
5339,5339,1440500020,20141226T000000,350000.0,3.0,1.75,1470,8645,1.0,0,0,3,6,1470,0,1949,0,98155,47.7524,-122.323,1470,7680
5340,5340,6632900574,20140806T000000,367500.0,5.0,3.0,2980,10064,1.0,0,0,3,7,1680,1300,1940,0,98155,47.7372,-122.316,1590,7800
5341,5341,6632900574,20150225T000000,595000.0,5.0,3.0,2980,10064,1.0,0,0,3,7,1680,1300,1940,0,98155,47.7372,-122.316,1590,7800
5342,5342,7933510080,20141006T000000,589000.0,3.0,2.0,2360,118483,1.0,0,0,3,8,2360,0,1981,0,98024,47.5595,-121.867,2660,91476
5343,5343,1926069063,20150306T000000,585000.0,3.0,1.75,1790,87213,1.0,0,0,4,7,1790,0,1974,0,98077,47.732,-122.077,3270,39586
5344,5344,973600020,20141002T000000,482975.0,3.0,2.25,2130,8801,1.0,0,0,3,8,1370,760,1976,0,98155,47.7462,-122.29,2820,8801
5345,5345,9558010190,20141119T000000,365500.0,4.0,2.5,2030,4499,2.0,0,0,3,8,2030,0,2003,0,98058,47.4511,-122.119,2030,4539
5346,5346,267010020,20140711T000000,570000.0,4.0,2.0,1790,7800,1.0,0,0,5,8,1790,0,1972,0,98008,47.6266,-122.103,2150,7838
5347,5347,8097000170,20150202T000000,335000.0,3.0,2.5,2260,8040,2.0,0,0,3,8,2260,0,1990,0,98092,47.3203,-122.184,2390,8040
5348,5348,9136100420,20150408T000000,767500.0,4.0,2.0,2350,4815,1.5,0,0,4,7,1450,900,1914,0,98103,47.6681,-122.338,1640,4013
5349,5349,8929000280,20140519T000000,386591.0,3.0,2.5,1690,1613,2.0,0,0,3,8,1150,540,2014,0,98029,47.5518,-121.998,1690,1662
5350,5350,7883603190,20140722T000000,279000.0,3.0,1.0,1320,5750,1.5,0,0,3,7,1320,0,1913,0,98108,47.5288,-122.325,1010,5700
5351,5351,203600470,20150409T000000,620000.0,4.0,2.5,2690,32780,2.0,0,0,3,9,2690,0,1998,0,98014,47.6612,-121.955,2840,36555
5352,5352,8643200020,20140506T000000,407000.0,4.0,2.25,2810,23400,1.0,0,1,3,7,1710,1100,1958,0,98198,47.395,-122.311,1860,14900
5353,5353,322069153,20140827T000000,364250.0,3.0,2.5,2280,213879,2.0,0,0,3,8,2280,0,1994,0,98038,47.4213,-122.033,2380,178160
5354,5354,2473450430,20140527T000000,399000.0,4.0,2.5,2870,9292,2.0,0,0,3,8,2540,330,1979,0,98058,47.4522,-122.123,2590,7533
5355,5355,7574910780,20140514T000000,766950.0,3.0,2.5,3030,30007,1.5,0,0,4,10,3030,0,1992,0,98077,47.743,-122.036,3360,34983
5356,5356,3629980780,20140918T000000,710000.0,4.0,2.75,2940,4232,2.0,0,0,3,9,2940,0,2004,0,98029,47.5529,-121.99,2410,4000
5357,5357,3332000091,20150224T000000,320000.0,3.0,1.0,1190,4120,1.0,0,0,3,6,1190,0,1929,0,98118,47.5513,-122.272,1360,4635
5358,5358,3395041236,20141023T000000,300000.0,3.0,2.5,1800,3253,2.0,0,0,3,7,1800,0,2001,0,98108,47.5401,-122.292,1800,3081
5359,5359,2310030500,20140710T000000,263000.0,3.0,1.75,1580,9187,1.0,0,0,3,8,1180,400,1993,0,98038,47.3538,-122.047,1620,6397
5360,5360,8665050080,20141010T000000,445000.0,3.0,2.5,1730,4408,2.0,0,0,3,8,1730,0,1996,0,98029,47.5683,-122.005,1730,4408
5361,5361,4037000840,20150406T000000,554000.0,3.0,2.0,1910,9001,1.0,0,0,4,7,1910,0,1957,0,98008,47.6037,-122.119,2040,8700
5362,5362,2856101845,20140724T000000,335000.0,2.0,1.75,1000,5100,1.0,0,0,3,6,940,60,1906,0,98117,47.6787,-122.391,1900,5100
5363,5363,8078550250,20141229T000000,307000.0,4.0,2.75,2520,6964,1.0,0,0,4,7,1260,1260,1987,0,98031,47.4038,-122.175,1930,6949
5364,5364,1837000010,20150302T000000,404000.0,3.0,1.0,1420,8160,1.0,0,0,3,7,970,450,1947,0,98125,47.7164,-122.306,1340,8160
5365,5365,8691390280,20140731T000000,775000.0,4.0,3.5,3080,5250,2.0,0,0,3,9,3080,0,2003,0,98075,47.5992,-121.972,2980,5509
5366,5366,2372800050,20140521T000000,220000.0,3.0,1.0,1060,9126,1.0,0,2,5,7,1060,0,1956,0,98022,47.201,-121.999,1300,9126
5367,5367,6600250050,20140903T000000,518000.0,4.0,2.5,2160,9750,2.0,0,0,3,8,2160,0,1983,0,98028,47.7438,-122.246,2840,10535
5368,5368,7215900020,20141209T000000,1600000.0,4.0,3.5,4060,9486,2.0,0,0,3,10,4060,0,2005,0,98033,47.6634,-122.2,2410,9486
5369,5369,6450304600,20141023T000000,315000.0,1.0,2.25,1940,2550,2.0,0,0,4,7,1100,840,1979,0,98133,47.7313,-122.343,1580,5100
5370,5370,2541100050,20140731T000000,572650.0,4.0,2.5,2250,11349,2.0,0,0,3,8,2250,0,1991,0,98034,47.7111,-122.239,2110,9964
5371,5371,1853200080,20140619T000000,350000.0,2.0,1.0,1620,9205,1.0,0,0,5,6,850,770,1921,0,98034,47.7119,-122.23,2460,5469
5372,5372,3058600050,20140919T000000,285000.0,2.0,1.0,920,5850,1.0,0,0,4,6,920,0,1900,0,98108,47.5441,-122.304,1640,5476
5373,5373,3148750050,20150325T000000,231000.0,3.0,2.5,1370,7247,2.0,0,0,3,7,1370,0,1995,0,98032,47.3767,-122.303,1720,8085
5374,5374,8651400680,20140813T000000,179000.0,3.0,1.0,920,5200,1.0,0,0,4,6,920,0,1969,0,98042,47.3603,-122.085,920,5200
5375,5375,4359100050,20150330T000000,244000.0,3.0,1.5,1360,9625,1.0,0,0,3,7,1360,0,1963,0,98030,47.3799,-122.211,1890,9625
5376,5376,5379806185,20150306T000000,185850.0,3.0,1.5,1630,11662,1.0,0,0,3,7,1630,0,1943,1963,98188,47.4455,-122.278,1700,11662
5377,5377,1737300130,20141222T000000,610000.0,6.0,2.5,3610,12033,2.0,0,0,3,8,3210,400,1970,0,98011,47.7692,-122.219,2210,8577
5378,5378,2781200010,20141010T000000,419000.0,4.0,2.5,3010,9155,2.0,0,0,3,9,3010,0,2005,0,98038,47.3542,-122.027,3010,5762
5379,5379,269000221,20140826T000000,779000.0,3.0,1.75,2320,6400,1.0,0,2,4,8,1420,900,1957,0,98199,47.6449,-122.389,2540,7680
5380,5380,6421100502,20140915T000000,695000.0,5.0,3.0,3290,14134,1.0,0,0,3,7,1870,1420,2004,0,98052,47.6708,-122.14,1970,11470
5381,5381,4136900190,20150320T000000,319900.0,3.0,2.5,2040,7580,2.0,0,2,3,8,2040,0,1998,0,98092,47.2618,-122.209,1960,7820
5382,5382,8731980680,20150112T000000,329000.0,3.0,2.75,1920,7700,1.0,0,0,4,8,1320,600,1978,0,98023,47.3213,-122.378,2040,8000
5383,5383,2095800250,20140827T000000,475226.0,3.0,2.5,2120,4512,2.0,0,0,3,8,2120,0,1988,0,98011,47.75,-122.183,2000,4553
5384,5384,3629920630,20150325T000000,638000.0,3.0,2.5,2170,5000,2.0,0,0,3,9,2170,0,2003,0,98029,47.5453,-121.996,2170,5000
5385,5385,6817800840,20150325T000000,440000.0,2.0,1.5,1330,15873,1.0,0,0,3,7,900,430,1984,0,98074,47.6359,-122.033,1610,12043
5386,5386,7520000440,20150209T000000,214000.0,3.0,2.0,1580,5080,1.0,0,0,4,6,800,780,1942,0,98146,47.4963,-122.35,1580,7114
5387,5387,587550470,20150429T000000,600000.0,3.0,2.75,3580,14217,2.0,0,3,4,10,2210,1370,1989,0,98023,47.3244,-122.379,3990,14674
5388,5388,6851700381,20150414T000000,935000.0,4.0,2.0,2580,4500,2.0,0,0,4,9,1850,730,1905,0,98102,47.6245,-122.316,2590,4100
5389,5389,4077800029,20141027T000000,630000.0,4.0,1.75,1930,10210,1.5,0,2,3,8,1670,260,1941,0,98125,47.7078,-122.277,2730,6600
5390,5390,7202350480,20140930T000000,575000.0,3.0,2.5,2120,4780,2.0,0,0,3,7,2120,0,2004,0,98053,47.681,-122.032,1690,2650
5391,5391,1021079099,20141106T000000,345000.0,3.0,2.5,1990,20466,1.5,0,0,4,8,1410,580,1987,0,98010,47.3259,-121.896,1660,93393
5392,5392,6075000050,20140716T000000,323000.0,4.0,1.75,1310,9690,1.0,0,0,4,7,1310,0,1967,0,98011,47.7559,-122.226,2280,9618
5393,5393,5467910020,20140516T000000,425000.0,3.0,2.5,2670,13218,1.0,0,0,4,10,2670,0,1988,0,98042,47.3683,-122.153,1960,13130
5394,5394,322069109,20150505T000000,411000.0,2.0,2.25,1910,108900,1.0,0,0,4,7,1010,900,1972,0,98038,47.4206,-122.023,2050,108900
5395,5395,8658300480,20140721T000000,299800.0,4.0,1.5,1530,9000,1.0,0,0,4,6,1530,0,1976,0,98014,47.6492,-121.908,1520,8500
5396,5396,9187200285,20140505T000000,823000.0,6.0,1.75,2920,5000,2.5,0,0,4,9,2780,140,1908,0,98122,47.6024,-122.295,2020,5000
5397,5397,3670500605,20140908T000000,200000.0,3.0,1.0,1010,8108,1.0,0,0,3,7,1010,0,1955,0,98155,47.735,-122.309,1110,8108
5398,5398,2141330050,20140520T000000,760000.0,4.0,1.75,2450,13300,1.0,0,2,4,9,1630,820,1987,0,98006,47.5564,-122.13,3150,15500
5399,5399,3820350020,20150428T000000,359950.0,4.0,2.5,1820,3899,2.0,0,0,3,7,1820,0,1999,0,98019,47.735,-121.985,1820,3899
5400,5400,3291800780,20150203T000000,375000.0,4.0,2.5,2090,8325,1.0,0,0,4,7,1470,620,1983,0,98056,47.4888,-122.184,1700,8025
5401,5401,2423069120,20140508T000000,295000.0,2.0,1.75,2200,89298,1.0,0,0,3,7,1100,1100,1973,0,98027,47.4633,-121.976,2590,89298
5402,5402,6918100170,20150319T000000,250000.0,4.0,3.0,2250,7882,2.0,0,0,3,8,1570,680,1986,0,98198,47.3703,-122.314,1550,7508
5403,5403,7169200221,20141023T000000,497000.0,3.0,2.25,1450,1387,3.0,0,0,3,8,1450,0,2000,0,98115,47.6765,-122.302,1450,1429
5404,5404,3579000440,20140813T000000,520000.0,4.0,2.5,2280,8798,2.0,0,0,4,8,2280,0,1987,0,98028,47.7471,-122.247,2180,8632
5405,5405,8860500130,20140717T000000,365000.0,4.0,3.5,2720,6781,2.0,0,0,3,8,2100,620,1999,0,98055,47.4612,-122.215,2280,5942
5406,5406,1441800010,20141208T000000,459900.0,3.0,2.25,2250,8000,1.0,0,0,3,8,1460,790,1976,0,98034,47.7229,-122.202,1930,9000
5407,5407,7129300595,20150506T000000,158000.0,3.0,2.0,1090,6090,1.0,0,0,3,7,940,150,1940,0,98118,47.5118,-122.259,1840,6090
5408,5408,4322300010,20140606T000000,294700.0,3.0,2.0,1970,9600,1.0,0,0,4,7,1300,670,1967,0,98003,47.2824,-122.301,1710,7703
5409,5409,7229800066,20140819T000000,439950.0,4.0,2.25,2780,15075,2.0,0,0,3,7,2780,0,1985,0,98059,47.477,-122.116,1650,25542
5410,5410,3625059071,20150108T000000,899000.0,4.0,2.25,2290,40946,1.0,0,3,4,8,1550,740,1960,0,98008,47.61600000000001,-122.103,2790,20076
5411,5411,9517200480,20140702T000000,535000.0,3.0,1.75,2330,12141,1.0,0,0,3,7,1390,940,1983,0,98072,47.7607,-122.146,1850,12141
5412,5412,240000269,20150124T000000,530000.0,4.0,4.5,4060,10800,2.0,0,0,3,10,4060,0,2007,0,98188,47.4241,-122.29,1830,9768
5413,5413,9835800840,20150204T000000,215000.0,4.0,2.0,1470,7000,1.0,0,0,4,8,1470,0,1967,0,98032,47.3742,-122.289,1640,7000
5414,5414,8058500005,20150203T000000,290000.0,2.0,1.0,1620,5400,1.0,0,0,3,6,920,700,1926,0,98125,47.7069,-122.299,1540,7245
5415,5415,2568200170,20150311T000000,798000.0,5.0,2.75,3220,5934,2.0,0,0,3,9,3220,0,2006,0,98052,47.7076,-122.101,3100,5934
5416,5416,9545250010,20141107T000000,785000.0,4.0,2.5,3270,9578,2.0,0,0,3,9,3270,0,1993,0,98027,47.5373,-122.051,3120,8784
5417,5417,4140090420,20150318T000000,433000.0,3.0,1.75,2160,8565,1.0,0,0,3,8,1730,430,1971,0,98028,47.7664,-122.262,2910,9570
5418,5418,3334000050,20140721T000000,425000.0,2.0,1.0,1150,6835,1.0,0,1,3,7,1010,140,1922,0,98118,47.5567,-122.273,1150,6561
5419,5419,5101404144,20140724T000000,654000.0,4.0,2.5,2240,7540,1.0,0,0,3,8,1540,700,1962,0,98115,47.6965,-122.308,1960,7250
5420,5420,7338001190,20141017T000000,215000.0,3.0,1.5,1280,5065,2.0,0,0,4,6,1280,0,1983,0,98002,47.3343,-122.217,1070,4491
5421,5421,1865810290,20150318T000000,232000.0,3.0,1.0,840,6540,1.0,0,0,3,6,840,0,1970,2014,98042,47.3743,-122.116,1010,6600
5422,5422,2785000290,20140507T000000,675000.0,3.0,1.75,1680,10500,1.0,0,0,4,8,1680,0,1959,0,98005,47.6098,-122.169,2250,10400
5423,5423,7955040080,20141104T000000,665000.0,5.0,2.75,2330,8000,1.0,0,0,4,7,1550,780,1972,0,98052,47.6651,-122.144,1750,8419
5424,5424,5480900010,20140623T000000,835000.0,4.0,2.5,3030,29163,2.0,0,0,3,10,3030,0,1998,0,98053,47.6569,-122.02,2780,40669
5425,5425,6362900080,20140814T000000,525000.0,6.0,3.0,2880,7560,2.0,0,0,3,7,2880,0,1980,0,98144,47.5959,-122.3,1470,1815
5426,5426,4078300050,20150504T000000,780000.0,3.0,2.75,2910,3094,2.0,0,2,5,7,2010,900,1939,0,98125,47.7071,-122.276,2400,7530
5427,5427,3528000545,20140815T000000,844000.0,4.0,3.25,3090,67518,2.0,0,0,3,10,3090,0,1988,0,98053,47.6674,-122.046,3200,65775
5428,5428,710300010,20150127T000000,680000.0,4.0,2.75,2720,54048,2.0,0,0,3,8,2720,0,1985,0,98072,47.7181,-122.089,2580,37721
5429,5429,3764800630,20140825T000000,290000.0,3.0,1.5,1310,8100,1.0,0,0,3,7,1310,0,1965,0,98034,47.7328,-122.201,1330,8100
5430,5430,6383000825,20150325T000000,560000.0,2.0,1.0,1790,15783,1.0,0,0,4,8,1360,430,1959,0,98117,47.691,-122.387,1790,7494
5431,5431,9465900500,20140617T000000,605500.0,3.0,2.5,2830,6536,2.0,0,0,3,9,2830,0,1989,0,98072,47.7462,-122.172,2710,6954
5432,5432,2568200290,20140826T000000,762500.0,4.0,2.5,3150,5979,2.0,0,0,3,9,3150,0,2005,0,98052,47.7082,-122.101,3150,6595
5433,5433,3885808005,20150305T000000,1740000.0,5.0,3.25,3930,5500,2.0,0,0,3,9,2910,1020,2014,0,98033,47.6802,-122.208,2040,5115
5434,5434,3723800086,20140624T000000,665000.0,6.0,2.75,2840,8346,1.0,0,0,5,8,1420,1420,1961,0,98118,47.5518,-122.266,2250,8346
5435,5435,6840701150,20150311T000000,540000.0,5.0,1.0,2480,4400,1.5,0,0,3,7,1640,840,1919,0,98122,47.6046,-122.3,1940,4400
5436,5436,7301300050,20141119T000000,375000.0,3.0,2.5,1930,6180,1.0,0,0,3,7,1330,600,1961,0,98155,47.7481,-122.327,1940,6180
5437,5437,6381500635,20140516T000000,342000.0,3.0,1.0,1260,6826,1.0,0,0,3,6,720,540,1944,0,98125,47.731,-122.303,1300,6826
5438,5438,3980300020,20150310T000000,340000.0,3.0,1.0,670,23522,1.0,0,0,4,6,670,0,1968,0,98024,47.5329,-121.89,1880,20270
5439,5439,1923000050,20150330T000000,1250000.0,5.0,3.25,3930,12719,2.0,0,2,4,10,2540,1390,1974,0,98040,47.5631,-122.213,3600,15909
5440,5440,7215720250,20141210T000000,693000.0,4.0,2.5,3160,13063,2.0,0,0,3,10,3160,0,1999,0,98075,47.5996,-122.021,3350,14213
5441,5441,3123049230,20150420T000000,638500.0,4.0,1.75,1770,12462,1.0,0,2,4,8,1770,0,1962,0,98166,47.4355,-122.338,2310,14810
5442,5442,8163000020,20150126T000000,805000.0,5.0,3.0,2240,18265,2.0,0,0,4,8,2240,0,1963,0,98027,47.5171,-122.029,1990,18265
5443,5443,7893808220,20140709T000000,250000.0,3.0,1.0,990,8062,1.0,0,0,4,7,990,0,1960,0,98198,47.4151,-122.334,1420,8790
5444,5444,538000440,20150501T000000,325000.0,3.0,2.5,1580,4698,2.0,0,0,3,7,1580,0,1998,0,98038,47.3539,-122.025,2070,4698
5445,5445,7883603390,20150401T000000,270000.0,4.0,1.75,1560,4290,2.0,0,0,3,7,1560,0,1994,0,98108,47.5292,-122.323,1250,6000
5446,5446,7645900235,20140710T000000,880000.0,6.0,2.5,2640,3680,2.0,0,0,5,8,1760,880,1922,0,98126,47.5771,-122.38,1960,3680
5447,5447,9232900050,20140806T000000,300000.0,2.0,1.75,2120,6350,1.0,0,0,4,6,1440,680,1924,0,98103,47.6974,-122.356,1590,6350
5448,5448,7305300500,20141215T000000,290000.0,2.0,1.0,1200,8750,1.0,0,0,3,6,1200,0,1948,0,98155,47.7548,-122.327,1100,8408
5449,5449,6065300840,20150501T000000,2850000.0,4.0,4.0,5040,17208,1.0,0,0,5,10,2870,2170,1976,0,98006,47.5701,-122.188,4050,18647
5450,5450,7227500020,20150123T000000,259950.0,3.0,1.0,1460,5825,1.0,0,0,5,5,1260,200,1942,0,98056,47.4958,-122.191,1150,5926
5451,5451,7237501190,20141010T000000,1780000.0,4.0,3.25,4890,13402,2.0,0,0,3,13,4890,0,2004,0,98059,47.5303,-122.131,5790,13539
5452,5452,422000010,20141106T000000,299950.0,3.0,1.0,1580,5250,1.0,0,0,5,7,1580,0,1954,0,98056,47.4964,-122.168,1180,5940
5453,5453,826069127,20150406T000000,483000.0,3.0,2.25,2100,43560,1.0,0,0,4,8,1330,770,1977,0,98077,47.7511,-122.072,2100,43560
5454,5454,9413600420,20140612T000000,890000.0,3.0,2.25,2060,8640,1.0,0,0,4,8,2060,0,1966,0,98033,47.6534,-122.195,2030,9000
5455,5455,9151600541,20140508T000000,719000.0,3.0,2.5,1690,4500,1.5,0,1,4,8,1690,0,1928,0,98116,47.5841,-122.383,2140,7200
5456,5456,3423059153,20141008T000000,785000.0,4.0,3.0,3370,100681,1.0,0,0,5,8,1920,1450,1977,0,98058,47.4319,-122.148,2440,43705
5457,5457,3630120190,20150326T000000,660000.0,3.0,2.5,2330,3995,2.0,0,0,3,9,2330,0,2006,0,98029,47.5542,-122.001,2330,3740
5458,5458,2787320430,20140618T000000,264000.0,4.0,1.75,1820,8118,1.0,0,0,4,7,1080,740,1980,0,98031,47.4104,-122.172,1810,8050
5459,5459,1672000170,20140908T000000,575000.0,3.0,1.75,1890,11141,1.0,0,0,4,8,1890,0,1968,0,98006,47.5697,-122.163,2720,11144
5460,5460,2050000020,20140624T000000,1215000.0,4.0,3.75,3820,53574,1.0,0,0,3,10,3820,0,1994,0,98072,47.7337,-122.121,3140,54014
5461,5461,3221079069,20140815T000000,475000.0,3.0,2.5,2770,98881,2.0,0,0,3,9,2770,0,1991,0,98022,47.2568,-121.952,1830,74923
5462,5462,7501000080,20141121T000000,845800.0,4.0,3.5,3020,12750,2.0,0,0,3,10,3020,0,1990,0,98033,47.6524,-122.184,3120,14351
5463,5463,3500100078,20140611T000000,352500.0,3.0,1.75,1170,8182,1.0,0,0,3,7,1170,0,1962,0,98155,47.7368,-122.298,1610,8183
5464,5464,9493200010,20140623T000000,347000.0,3.0,1.0,1270,8400,1.0,0,0,3,7,1270,0,1955,0,98011,47.7604,-122.198,1390,8400
5465,5465,3905081350,20150109T000000,560000.0,4.0,2.75,1950,6192,2.0,0,0,3,8,1950,0,1992,0,98029,47.5698,-121.999,2040,5441
5466,5466,6061000010,20150504T000000,323000.0,4.0,2.75,2230,50094,1.0,0,2,4,7,1330,900,1977,0,98092,47.2576,-122.099,2230,40770
5467,5467,7635801350,20150306T000000,595000.0,3.0,1.75,2220,22081,1.5,0,0,4,7,2220,0,1922,0,98166,47.4693,-122.364,2010,12360
5468,5468,7806210380,20150220T000000,257500.0,4.0,2.0,2060,6400,1.0,0,0,3,7,1170,890,1977,0,98002,47.2924,-122.197,1890,8736
5469,5469,7577700440,20140528T000000,450000.0,3.0,1.0,1100,4600,1.0,0,0,3,7,1100,0,1917,0,98116,47.5686,-122.385,1200,5175
5470,5470,3876810190,20141113T000000,410000.0,4.0,1.0,1140,7208,1.0,0,0,3,7,900,240,1970,0,98072,47.742,-122.173,1300,7991
5471,5471,1224059049,20140613T000000,810000.0,3.0,1.75,1980,13503,1.0,0,2,4,9,1320,660,1952,0,98008,47.5867,-122.111,2450,10890
5472,5472,3348401319,20140512T000000,372500.0,5.0,3.0,2480,10090,1.0,0,0,3,7,1300,1180,2004,0,98178,47.4964,-122.263,2290,9900
5473,5473,5589300585,20141203T000000,325000.0,3.0,1.0,1050,9083,1.0,0,0,3,7,1050,0,1951,0,98155,47.7533,-122.307,1440,9071
5474,5474,3293700221,20141021T000000,280000.0,3.0,1.0,1260,7660,1.0,0,0,3,6,1260,0,1947,0,98133,47.7476,-122.35,1990,7861
5475,5475,2013300050,20140711T000000,258000.0,3.0,2.0,1680,19978,1.0,0,0,3,6,880,800,1948,0,98198,47.3924,-122.308,2150,11588
5476,5476,408100050,20140827T000000,329950.0,4.0,1.0,1360,5900,1.5,0,0,4,7,1360,0,1949,0,98155,47.7512,-122.318,1050,5900
5477,5477,4178300080,20141212T000000,836000.0,4.0,2.5,2450,12987,1.0,0,0,4,9,2030,420,1980,0,98007,47.6197,-122.15,2730,13685
5478,5478,2310040020,20150409T000000,365000.0,5.0,2.5,2260,7040,2.0,0,0,3,8,2260,0,1999,0,98038,47.352,-122.038,2180,6910
5479,5479,8698100170,20150211T000000,111300.0,2.0,1.0,1060,6000,1.0,0,0,4,5,1060,0,1908,0,98002,47.3066,-122.223,940,6000
5480,5480,1330910280,20150427T000000,864000.0,4.0,2.5,3720,105850,2.0,0,0,4,10,3720,0,1984,0,98053,47.655,-122.029,2830,88256
5481,5481,9413600670,20140623T000000,725000.0,3.0,1.75,1610,8613,1.0,0,0,5,7,1610,0,1962,0,98033,47.6527,-122.195,2010,8670
5482,5482,3825500020,20150218T000000,550000.0,4.0,2.5,3350,6605,2.0,0,0,3,8,2670,680,1990,0,98011,47.7498,-122.181,2730,5962
5483,5483,2500600289,20150416T000000,130000.0,2.0,1.0,790,7500,1.0,0,0,3,7,790,0,1951,0,98198,47.4007,-122.294,1560,7794
5484,5484,4385701440,20140926T000000,765000.0,2.0,1.75,1660,4000,1.0,0,0,3,7,990,670,1940,0,98112,47.6394,-122.28,2070,4000
5485,5485,8645501330,20150421T000000,255000.0,3.0,1.5,1420,7480,1.0,0,0,4,7,1420,0,1963,0,98058,47.4651,-122.184,1720,7700
5486,5486,2323069073,20140622T000000,439500.0,3.0,2.5,2050,40003,1.0,0,0,4,8,1570,480,1977,0,98027,47.47,-122.0,2700,46769
5487,5487,2475200080,20140908T000000,268000.0,3.0,1.75,1250,5546,1.0,0,0,4,7,1250,0,1987,0,98055,47.4725,-122.187,1640,4791
5488,5488,9533600185,20150401T000000,985000.0,3.0,1.75,1700,8534,1.0,0,0,4,7,1700,0,1953,0,98004,47.6276,-122.205,2100,10443
5489,5489,4139440460,20141118T000000,751305.0,4.0,2.5,2660,8469,2.0,0,0,3,10,2660,0,1994,0,98006,47.5529,-122.12,2920,10697
5490,5490,1443500725,20150423T000000,280000.0,3.0,1.0,1350,7553,1.5,0,0,3,6,1350,0,1914,0,98118,47.5345,-122.274,1380,7470
5491,5491,984000780,20140616T000000,304000.0,4.0,2.0,1810,8750,1.0,0,0,2,7,1110,700,1967,0,98058,47.4307,-122.17,1810,8750
5492,5492,7575610170,20150423T000000,200000.0,4.0,2.75,2210,13235,2.0,0,0,3,8,1730,480,1988,0,98003,47.3541,-122.303,1750,7542
5493,5493,2025800080,20150220T000000,325000.0,3.0,1.5,2120,41325,1.0,0,0,4,7,1420,700,1973,0,98092,47.2906,-122.055,1780,42000
5494,5494,1425059180,20150324T000000,736000.0,3.0,2.25,2470,11603,2.0,0,2,3,8,1540,930,1988,0,98052,47.6569,-122.123,2850,11250
5495,5495,1310440280,20140710T000000,426500.0,4.0,2.5,2700,6515,2.0,0,0,3,9,2700,0,1998,0,98058,47.4356,-122.11,2900,6710
5496,5496,2264500425,20140620T000000,640000.0,2.0,1.75,1760,4400,1.0,0,0,4,7,880,880,1930,0,98103,47.65,-122.34,1330,4180
5497,5497,1721800470,20140521T000000,230000.0,5.0,2.0,1930,6120,1.5,0,0,3,6,1930,0,1941,1969,98146,47.5073,-122.337,1130,6120
5498,5498,2589300170,20150324T000000,366350.0,4.0,1.0,1680,5043,1.5,0,0,4,6,1680,0,1911,0,98118,47.5354,-122.273,1560,5765
5499,5499,2338800161,20150106T000000,365000.0,2.0,1.0,1390,8336,1.0,0,0,4,6,910,480,1946,0,98166,47.4646,-122.361,1610,7847
5500,5500,855700170,20150225T000000,482000.0,4.0,2.25,2240,8322,2.0,0,0,3,8,2240,0,1979,0,98034,47.728,-122.206,2240,6448
5501,5501,1431700250,20140516T000000,345000.0,4.0,1.0,1980,7991,1.5,0,0,3,7,1980,0,1962,0,98058,47.4604,-122.17,1730,7700
5502,5502,7942601410,20140514T000000,682000.0,3.0,1.75,1830,5120,1.5,0,2,5,8,1830,0,1903,0,98122,47.6051,-122.311,2120,5120
5503,5503,4151800420,20140815T000000,657500.0,3.0,1.75,980,6002,1.0,0,0,4,6,980,0,1942,0,98033,47.6643,-122.203,1150,6054
5504,5504,5700003280,20150419T000000,895000.0,6.0,2.5,3550,6533,2.0,0,0,3,8,3550,0,1925,0,98144,47.5719,-122.284,3140,6234
5505,5505,1105000780,20150403T000000,425000.0,3.0,1.5,1660,5665,1.0,0,0,5,7,920,740,1918,0,98118,47.5391,-122.274,1530,5665
5506,5506,4046400440,20140806T000000,532500.0,4.0,2.5,2490,8750,2.0,0,0,3,8,2040,450,1976,0,98008,47.5931,-122.116,2120,10240
5507,5507,1089700010,20141008T000000,540000.0,4.0,2.5,2329,9436,2.0,0,0,3,9,2329,0,1995,0,98011,47.7366,-122.204,2660,10252
5508,5508,2600040130,20140711T000000,578000.0,3.0,2.25,1790,9580,2.0,0,0,3,8,1790,0,1984,0,98006,47.5541,-122.162,2060,9995
5509,5509,8121100715,20150209T000000,1086000.0,3.0,3.0,2830,6041,2.0,0,3,3,8,1840,990,1915,0,98118,47.5694,-122.283,3420,6360
5510,5510,1771000440,20140904T000000,322500.0,3.0,1.0,1160,9750,1.0,0,0,3,7,1160,0,1968,0,98077,47.7429,-122.072,1160,10565
5511,5511,7875200005,20150115T000000,140000.0,3.0,1.0,1000,10560,1.0,0,0,3,7,1000,0,1955,0,98003,47.3217,-122.317,1190,9375
5512,5512,1822069109,20140910T000000,485000.0,3.0,2.5,2540,51836,1.0,0,0,4,8,1820,720,1976,0,98042,47.389,-122.088,1650,51836
5513,5513,9283800050,20140819T000000,575000.0,2.0,1.5,1750,19709,1.5,0,0,4,8,1440,310,1978,0,98010,47.3351,-122.044,1950,21075
5514,5514,238000244,20140617T000000,421000.0,3.0,2.5,2890,21780,2.0,0,0,3,8,2890,0,2000,0,98188,47.4326,-122.286,2120,8117
5515,5515,7972600430,20150311T000000,355000.0,4.0,2.0,1870,3497,1.0,0,0,3,7,1200,670,1954,0,98106,47.5309,-122.347,1270,3497
5516,5516,6204200470,20150318T000000,515000.0,4.0,2.25,2200,6967,2.0,0,0,3,8,2200,0,1986,0,98011,47.7355,-122.202,1970,7439
5517,5517,123039420,20150428T000000,309000.0,3.0,1.0,1300,7200,1.0,0,0,4,7,1300,0,1952,0,98146,47.5063,-122.369,1740,7100
5518,5518,1525059215,20150224T000000,815000.0,5.0,2.25,3410,35536,2.0,0,0,3,10,2530,880,1974,0,98005,47.65,-122.155,3140,43453
5519,5519,1787600094,20141106T000000,285000.0,3.0,1.0,1160,7875,1.0,0,0,3,7,1160,0,1953,0,98125,47.724,-122.323,1600,7875
5520,5520,2877101100,20141110T000000,700000.0,3.0,1.75,2100,5000,1.5,0,0,3,8,2100,0,1916,0,98117,47.6776,-122.36,1830,4200
5521,5521,9406550050,20150330T000000,289000.0,3.0,2.5,1490,8628,2.0,0,0,3,7,1490,0,1994,0,98038,47.3643,-122.041,1640,8514
5522,5522,826069016,20141212T000000,458000.0,4.0,3.0,3280,62726,1.5,0,0,3,7,3280,0,1979,0,98077,47.7509,-122.056,3210,73616
5523,5523,8732030080,20140818T000000,230000.0,3.0,1.75,1450,8378,1.0,0,0,4,8,1450,0,1978,0,98023,47.3093,-122.385,1860,8496
5524,5524,2231000020,20140812T000000,432500.0,3.0,2.5,1930,7120,1.0,0,0,4,7,1420,510,1961,0,98133,47.7715,-122.34,1600,8352
5525,5525,9407000840,20140731T000000,288000.0,3.0,1.75,1660,10440,1.0,0,0,3,7,1040,620,1978,0,98045,47.4448,-121.77,1240,10380
5526,5526,1775800290,20140801T000000,354000.0,3.0,1.75,1260,12330,1.0,0,0,3,7,1260,0,1968,0,98072,47.7412,-122.095,1320,12800
5527,5527,3821200050,20140604T000000,119500.0,3.0,1.0,1170,11000,1.0,0,0,2,6,1170,0,1980,0,98019,47.7346,-121.983,1590,10894
5528,5528,3224510080,20141120T000000,805000.0,4.0,3.0,3350,23781,1.0,0,0,4,9,2020,1330,1979,0,98006,47.56,-122.132,2870,12036
5529,5529,3626039415,20140611T000000,435000.0,3.0,2.5,1420,2581,3.0,0,0,3,7,1420,0,2004,0,98133,47.7027,-122.357,1420,2509
5530,5530,9262800294,20140922T000000,260000.0,3.0,1.75,2170,10018,1.0,0,0,4,7,1630,540,1978,0,98001,47.3087,-122.264,2049,15263
5531,5531,127100005,20150401T000000,377000.0,4.0,1.75,1800,8385,1.0,0,0,5,6,900,900,1950,0,98133,47.7744,-122.338,1770,8385
5532,5532,3905040170,20150320T000000,602000.0,4.0,2.5,2000,7376,2.0,0,0,3,8,2000,0,1990,0,98029,47.5719,-121.999,1950,5218
5533,5533,148000680,20141027T000000,530000.0,3.0,1.75,1660,4800,1.0,0,0,3,7,960,700,1941,1996,98116,47.5734,-122.412,1510,4800
5534,5534,458000235,20150325T000000,525000.0,4.0,2.0,1540,3740,1.0,0,0,4,7,770,770,1946,0,98117,47.6886,-122.375,1090,5080
5535,5535,1445200050,20141110T000000,250000.0,2.0,1.5,1160,1086,2.0,0,0,3,7,890,270,2006,0,98155,47.768,-122.315,1160,1086
5536,5536,7950300005,20140528T000000,681000.0,3.0,1.0,1700,6356,1.5,0,0,3,7,1700,0,1907,0,98118,47.5677,-122.281,2080,6000
5537,5537,2726049169,20140905T000000,625000.0,3.0,1.75,1580,20588,1.0,0,0,3,8,1580,0,1970,0,98125,47.706,-122.29,2080,7800
5538,5538,8944550050,20150508T000000,448500.0,3.0,2.5,2080,3920,2.0,0,0,3,8,2080,0,2010,0,98118,47.5412,-122.286,2110,3710
5539,5539,623049341,20141022T000000,260000.0,3.0,2.0,1030,7260,1.0,0,0,3,6,1030,0,1947,0,98146,47.5113,-122.347,1380,8100
5540,5540,7922900380,20141030T000000,538000.0,3.0,1.75,1770,8050,1.0,0,0,4,7,1020,750,1963,0,98008,47.5862,-122.118,2000,7875
5541,5541,2248000080,20140521T000000,385500.0,3.0,2.0,1540,7947,1.0,0,0,3,7,1120,420,1961,0,98011,47.7605,-122.217,1910,7950
5542,5542,9406540050,20140905T000000,428400.0,4.0,2.5,2650,6000,2.0,0,0,3,9,2650,0,2000,0,98038,47.3768,-122.028,2630,6381
5543,5543,5416100190,20140729T000000,346290.0,4.0,2.75,2690,9240,2.0,0,0,3,8,2690,0,1998,0,98022,47.1896,-122.014,2640,9240
5544,5544,7215720680,20150203T000000,587000.0,4.0,2.75,2210,8430,2.0,0,0,3,9,2210,0,1999,0,98075,47.5994,-122.017,2460,8069
5545,5545,4307330280,20140820T000000,355000.0,4.0,2.5,2390,6775,2.0,0,0,3,7,2390,0,2003,0,98056,47.4811,-122.182,2560,6346
5546,5546,1562000050,20150428T000000,650000.0,5.0,2.75,2580,7865,1.0,0,0,4,8,1480,1100,1964,0,98007,47.6208,-122.139,2140,8400
5547,5547,4307320280,20140730T000000,340000.0,4.0,2.5,2160,5455,2.0,0,0,3,7,2160,0,2003,0,98056,47.4799,-122.183,2160,5257
5548,5548,569000050,20140703T000000,565000.0,4.0,2.5,2230,8624,1.0,0,0,4,8,1430,800,1969,0,98052,47.6623,-122.152,1970,8402
5549,5549,5700000595,20150219T000000,630000.0,4.0,2.0,2000,5000,1.5,0,0,5,7,2000,0,1925,0,98144,47.5787,-122.293,2200,5000
5550,5550,8029200190,20141107T000000,227000.0,3.0,1.0,1280,7198,1.0,0,0,5,6,1280,0,1916,1983,98022,47.2094,-121.996,1260,7198
5551,5551,2896000680,20140729T000000,600000.0,4.0,2.75,2810,17674,1.0,0,0,4,8,1640,1170,1978,0,98052,47.6745,-122.144,2400,11240
5552,5552,9328500680,20150202T000000,540400.0,4.0,1.75,1680,6758,1.0,0,0,3,8,1680,0,1974,0,98008,47.641000000000005,-122.113,1910,7000
5553,5553,3295730050,20141001T000000,569000.0,3.0,2.5,2150,8060,2.0,0,0,3,8,2150,0,1995,0,98033,47.6952,-122.188,2150,7172
5554,5554,3629970130,20140710T000000,735000.0,3.0,2.5,2820,8159,2.0,0,0,3,9,2820,0,2004,0,98029,47.5527,-121.992,2910,5000
5555,5555,3574801310,20141216T000000,434000.0,3.0,2.25,1750,9353,1.0,0,0,3,7,1210,540,1987,0,98034,47.7305,-122.225,1930,8545
5556,5556,4083802195,20150319T000000,578888.0,2.0,2.0,1060,4000,1.0,0,0,2,7,1000,60,1914,0,98103,47.6626,-122.337,1310,4000
5557,5557,9238500480,20140523T000000,465425.0,4.0,2.75,2430,20720,1.0,0,0,3,7,2430,0,1967,0,98072,47.775,-122.139,2580,26950
5558,5558,9264910280,20150422T000000,280500.0,4.0,2.75,2660,7754,1.5,0,0,3,8,1590,1070,1986,0,98023,47.3078,-122.337,2250,7754
5559,5559,3630120380,20150205T000000,539950.0,2.0,2.0,1670,3507,1.0,0,0,3,9,1670,0,2007,0,98029,47.5545,-122.003,2330,3889
5560,5560,424069088,20140904T000000,406430.0,3.0,2.0,1380,15426,1.0,0,0,4,7,1380,0,1968,0,98075,47.5951,-122.036,1380,15426
5561,5561,2954400020,20150205T000000,1150000.0,4.0,3.75,4160,35000,2.0,0,0,3,11,4160,0,1991,0,98053,47.669,-122.067,5330,36446
5562,5562,2154550020,20141111T000000,250000.0,3.0,2.5,1790,6191,2.0,0,0,3,8,1790,0,1992,0,98031,47.4102,-122.195,1790,6758
5563,5563,5420800010,20140508T000000,266000.0,3.0,2.5,1940,8547,1.0,0,0,3,7,1460,480,1989,0,98030,47.3491,-122.177,1750,7803
5564,5564,2459950010,20140722T000000,258000.0,3.0,2.0,1390,7200,1.0,0,0,3,7,1390,0,1996,0,98058,47.434,-122.154,1630,7340
5565,5565,4019301300,20141223T000000,472000.0,3.0,2.0,2200,21890,1.0,0,2,3,8,1200,1000,1961,0,98155,47.7584,-122.271,2600,15162
5566,5566,3179100480,20140806T000000,530000.0,3.0,2.25,1264,1536,2.0,0,0,3,8,1264,0,2003,0,98105,47.6694,-122.279,1264,2067
5567,5567,7942601155,20140722T000000,302282.0,2.0,1.0,1095,5120,1.5,0,0,3,7,1095,0,1901,0,98122,47.6058,-122.313,1310,5120
5568,5568,2493200235,20150311T000000,370000.0,2.0,1.0,850,6213,1.0,0,0,3,6,750,100,1916,0,98136,47.5282,-122.384,1880,5500
5569,5569,6338000014,20141013T000000,625000.0,4.0,2.0,1760,5307,1.5,0,0,4,7,1170,590,1948,0,98105,47.6714,-122.28,1850,6600
5570,5570,1735800050,20150409T000000,142500.0,1.0,1.0,690,6825,1.0,0,0,4,5,690,0,1917,0,98002,47.3109,-122.225,1330,5381
5571,5571,2783100050,20150121T000000,334000.0,3.0,1.75,1400,7405,1.0,0,0,3,7,1400,0,1961,0,98133,47.7569,-122.334,1820,7440
5572,5572,1604600095,20140708T000000,362000.0,5.0,3.0,1810,3000,2.0,0,0,3,7,1810,0,1998,0,98118,47.5622,-122.291,1670,3000
5573,5573,3080000005,20150417T000000,181000.0,2.0,1.0,1310,4000,1.0,0,0,3,7,950,360,1942,0,98144,47.5798,-122.306,1310,4000
5574,5574,2268000470,20141231T000000,241500.0,3.0,1.0,1400,10425,1.0,0,0,4,7,1400,0,1968,0,98003,47.2738,-122.301,1440,10425
5575,5575,807800190,20150204T000000,245000.0,3.0,1.75,2350,12720,1.0,0,0,4,7,1180,1170,1964,0,98030,47.3594,-122.175,1680,10400
5576,5576,1274500170,20150506T000000,227500.0,3.0,1.0,1150,8848,1.0,0,0,3,7,1150,0,1968,0,98042,47.3626,-122.111,1220,9576
5577,5577,8857600780,20141003T000000,158550.0,5.0,1.5,1710,8100,1.5,0,0,4,7,1710,0,1961,0,98032,47.3839,-122.288,1480,8025
5578,5578,5145000130,20140925T000000,450000.0,3.0,2.25,1660,10247,1.0,0,0,5,7,1130,530,1968,0,98034,47.7262,-122.222,1680,7637
5579,5579,3288200470,20150204T000000,485000.0,3.0,1.75,1950,10080,1.0,0,0,4,7,1950,0,1967,0,98034,47.7282,-122.186,2340,8800
5580,5580,1771000950,20141106T000000,353000.0,4.0,1.75,1780,9794,1.0,0,0,3,7,1780,0,1967,0,98077,47.7419,-122.073,1160,9750
5581,5581,3818400050,20150406T000000,500000.0,4.0,3.0,2450,4668,2.0,0,0,3,8,2450,0,2004,0,98028,47.7721,-122.235,2460,4895
5582,5582,537000130,20140908T000000,360000.0,1.0,2.25,2060,10600,1.5,0,0,3,7,1560,500,1927,1983,98003,47.3291,-122.304,2060,11880
5583,5583,5127000420,20150223T000000,357500.0,3.0,1.5,1540,11858,1.0,0,0,4,7,1540,0,1966,0,98059,47.4755,-122.157,1550,11473
5584,5584,8656300380,20140506T000000,272000.0,3.0,2.5,1650,13816,2.0,0,0,3,7,1650,0,1998,0,98014,47.6553,-121.912,1650,15144
5585,5585,6632300161,20150428T000000,422000.0,3.0,1.0,1160,7854,1.0,0,0,3,7,1160,0,1960,0,98125,47.7304,-122.308,1300,8317
5586,5586,622100130,20140917T000000,365000.0,2.0,2.0,1440,15000,1.0,0,0,3,7,1440,0,1985,0,98072,47.7648,-122.159,1780,15000
5587,5587,4028900048,20140821T000000,450000.0,3.0,1.75,2150,13789,1.0,0,0,4,8,1610,540,1966,0,98155,47.7591,-122.295,2150,15480
5588,5588,411100005,20140922T000000,275053.0,2.0,1.0,1060,6504,1.0,0,0,3,6,1060,0,1950,0,98155,47.7412,-122.327,1100,7200
5589,5589,6447300225,20141106T000000,1880000.0,3.0,2.75,2620,17919,1.0,0,1,4,9,2620,0,1949,0,98039,47.6144,-122.228,3400,14400
5590,5590,5739600427,20150311T000000,725000.0,3.0,1.75,1630,9000,1.0,0,0,3,7,960,670,1955,0,98004,47.6023,-122.205,1880,9000
5591,5591,5412310080,20140612T000000,235000.0,3.0,1.75,1840,9697,1.0,0,0,4,7,1500,340,1985,0,98030,47.3764,-122.179,1430,8079
5592,5592,2726049071,20141211T000000,510000.0,2.0,1.0,820,4206,1.0,0,0,3,5,820,0,1949,0,98125,47.7076,-122.284,1810,7200
5593,5593,2726049071,20150408T000000,489950.0,2.0,1.0,820,4206,1.0,0,0,3,5,820,0,1949,0,98125,47.7076,-122.284,1810,7200
5594,5594,3764650050,20140730T000000,463000.0,3.0,2.5,2010,4195,2.0,0,0,3,8,2010,0,1998,0,98034,47.732,-122.197,2010,5779
5595,5595,3905030480,20140617T000000,536000.0,4.0,2.25,1990,5948,2.0,0,0,3,8,1990,0,1991,0,98029,47.5712,-121.995,2150,6459
5596,5596,2345700500,20141021T000000,375000.0,4.0,2.5,2990,6145,2.0,0,0,3,8,2990,0,2003,0,98003,47.2612,-122.294,2590,6512
5597,5597,8650300130,20140908T000000,630000.0,4.0,2.5,2540,4727,2.0,0,0,3,9,2540,0,1999,0,98034,47.7034,-122.236,3640,5129
5598,5598,2923049372,20140506T000000,362000.0,3.0,2.25,1640,14374,1.0,0,0,4,7,1140,500,1963,0,98148,47.4476,-122.332,2020,10500
5599,5599,5437200080,20150204T000000,350000.0,4.0,2.75,2500,11659,1.0,0,2,3,9,1490,1010,1979,0,98003,47.3381,-122.332,2830,9915
5600,5600,9808100185,20141003T000000,1691000.0,4.0,3.5,4020,13515,2.0,0,0,3,11,4020,0,2001,0,98004,47.6462,-122.212,3930,13515
5601,5601,4337000285,20150224T000000,255000.0,3.0,2.0,1500,8775,1.0,0,0,3,6,1390,110,1943,0,98166,47.4809,-122.335,1310,8775
5602,5602,2891000010,20140806T000000,269000.0,4.0,2.5,1594,7665,1.0,0,0,5,7,1088,506,1975,0,98002,47.3262,-122.211,1536,6000
5603,5603,7224000545,20140825T000000,370000.0,4.0,3.0,2130,4838,1.5,0,0,4,7,2130,0,1930,0,98055,47.4871,-122.203,1070,4838
5604,5604,3243100080,20150501T000000,270000.0,3.0,1.0,1130,7920,1.0,0,0,3,7,1130,0,1961,0,98059,47.4852,-122.125,1390,8580
5605,5605,3925000020,20150224T000000,265000.0,3.0,2.0,1690,9516,1.0,0,0,3,7,1690,0,1997,0,98022,47.2132,-122.001,1850,9516
5606,5606,546000020,20150429T000000,487000.0,2.0,1.0,1440,4046,1.0,0,0,3,7,960,480,1946,0,98117,47.6901,-122.382,1400,4046
5607,5607,8651611060,20140804T000000,835000.0,4.0,3.25,3270,6027,2.0,0,0,3,10,3270,0,2001,0,98074,47.6346,-122.063,3270,6546
5608,5608,3024079063,20140701T000000,850000.0,4.0,3.25,4350,112750,1.0,0,0,3,9,2200,2150,2006,0,98027,47.5435,-121.966,2180,223027
5609,5609,3039000050,20141201T000000,575000.0,4.0,2.75,1610,11201,1.0,0,0,5,7,1020,590,1982,0,98033,47.7024,-122.198,1610,9000
5610,5610,1839900080,20140712T000000,335000.0,3.0,1.0,950,8000,1.0,0,0,3,7,950,0,1968,0,98034,47.7193,-122.184,2270,8540
5611,5611,4024101434,20140808T000000,318000.0,3.0,1.0,1010,7200,1.0,0,0,5,6,1010,0,1948,0,98155,47.7601,-122.307,1590,7663
5612,5612,2824069142,20150409T000000,510000.0,3.0,2.0,1420,11325,1.0,0,0,3,7,1420,0,1980,0,98027,47.5356,-122.046,2330,3474
5613,5613,2618300080,20140502T000000,242500.0,3.0,1.5,1200,9720,1.0,0,0,4,7,1200,0,1965,0,98042,47.4225,-122.153,1380,10284
5614,5614,7785000010,20141204T000000,750000.0,5.0,2.25,2020,8400,1.0,0,0,4,7,1010,1010,1963,0,98040,47.5763,-122.219,1890,9233
5615,5615,4307330050,20140721T000000,439900.0,5.0,3.5,3390,7950,2.0,0,2,3,7,3390,0,2003,0,98056,47.4792,-122.181,2580,6900
5616,5616,2867100005,20150407T000000,710000.0,2.0,1.0,1700,3040,1.5,0,0,3,8,1460,240,1914,0,98119,47.6442,-122.369,1620,3230
5617,5617,3880900010,20140604T000000,2400000.0,5.0,3.25,3410,9088,2.0,0,3,3,9,2760,650,1912,0,98119,47.6285,-122.361,3540,7100
5618,5618,5255710010,20141215T000000,435000.0,3.0,1.75,2030,13700,1.0,0,0,3,8,1630,400,1976,0,98011,47.7726,-122.197,2120,11200
5619,5619,3213200314,20141226T000000,874000.0,4.0,2.75,2860,6867,1.0,0,1,5,7,1560,1300,1946,0,98115,47.6723,-122.263,2290,5350
5620,5620,9834200950,20140616T000000,385000.0,4.0,1.75,1690,4080,1.0,0,0,4,7,870,820,1984,0,98144,47.572,-122.289,1320,4080
5621,5621,3806000005,20141030T000000,110000.0,2.0,1.0,760,4746,1.0,0,0,3,5,760,0,1930,0,98055,47.4836,-122.214,1360,7810
5622,5622,6204400170,20140620T000000,477000.0,3.0,1.75,1780,8085,1.0,0,0,3,7,1210,570,1976,0,98011,47.7357,-122.197,1780,8085
5623,5623,2491200675,20140912T000000,500000.0,3.0,2.0,1550,6394,1.5,0,0,5,8,1550,0,1918,0,98126,47.5222,-122.379,1440,6387
5624,5624,98020480,20140828T000000,885000.0,4.0,2.5,4090,11225,2.0,0,0,3,10,4090,0,2005,0,98075,47.581,-121.971,3510,8762
5625,5625,8068000585,20140827T000000,235000.0,2.0,1.0,880,5600,1.0,0,0,5,7,880,0,1955,0,98178,47.5071,-122.265,1240,7015
5626,5626,4345000170,20150504T000000,210000.0,3.0,2.75,1320,15236,1.0,0,0,3,7,880,440,1995,0,98030,47.365,-122.184,1490,8351
5627,5627,3101500010,20150420T000000,320000.0,2.0,1.0,950,4000,1.0,0,0,3,6,950,0,1910,0,98144,47.5728,-122.312,1480,4000
5628,5628,3291800660,20150313T000000,406000.0,3.0,1.75,1390,7904,1.0,0,0,3,7,1390,0,1985,0,98056,47.4892,-122.181,1910,7904
5629,5629,3541600235,20141028T000000,350000.0,3.0,1.75,1900,10225,1.0,0,0,4,8,1220,680,1963,0,98166,47.4781,-122.357,1850,12630
5630,5630,2923039217,20140610T000000,350000.0,2.0,0.75,1392,43710,1.5,0,0,4,7,1392,0,1978,0,98070,47.4491,-122.453,1640,99316
5631,5631,7852010290,20140710T000000,720000.0,4.0,2.5,3340,8930,2.0,0,2,3,10,3340,0,1999,0,98065,47.535,-121.867,3160,7865
5632,5632,7695450010,20140522T000000,604700.0,4.0,2.75,2750,14982,1.0,0,3,3,9,1720,1030,1981,0,98198,47.3566,-122.32,2860,16344
5633,5633,3424069145,20140925T000000,343000.0,3.0,1.0,1400,5662,1.5,0,0,5,5,1400,0,1920,0,98027,47.5271,-122.036,1250,14375
5634,5634,3578400500,20141209T000000,558000.0,3.0,2.25,2220,15757,1.0,0,0,3,8,1280,940,1982,0,98074,47.6212,-122.043,2020,14098
5635,5635,4365200895,20150417T000000,364000.0,4.0,1.0,1210,7740,1.5,0,0,3,7,1210,0,1922,0,98126,47.5216,-122.374,1100,7740
5636,5636,4027700321,20141028T000000,420000.0,3.0,1.75,2390,11242,1.0,0,0,3,7,1290,1100,1959,0,98155,47.7759,-122.272,2270,9650
5637,5637,7923600250,20150515T000000,450000.0,5.0,2.0,1870,7344,1.5,0,0,3,7,1870,0,1960,0,98007,47.5951,-122.144,1870,7650
5638,5638,8122100290,20140813T000000,392000.0,2.0,1.5,940,5000,1.0,0,0,4,7,810,130,1925,0,98126,47.5375,-122.374,940,5026
5639,5639,7224000980,20140610T000000,100000.0,4.0,1.0,1120,2685,1.0,0,0,3,5,860,260,1939,0,98055,47.4904,-122.203,1120,4838
5640,5640,9521100280,20140612T000000,480000.0,3.0,2.5,1250,1103,3.0,0,2,3,8,1250,0,2005,0,98103,47.6619,-122.352,1250,1188
5641,5641,7875400050,20140827T000000,212000.0,3.0,1.5,1060,9225,1.0,0,0,4,7,1060,0,1955,0,98003,47.3217,-122.318,1270,9375
5642,5642,6204420290,20141203T000000,560000.0,5.0,2.5,2410,8960,1.0,0,0,5,7,1600,810,1978,0,98011,47.7372,-122.2,2410,11514
5643,5643,1041440050,20150428T000000,359950.0,5.0,2.75,2844,3990,2.0,0,0,3,8,2844,0,2013,0,98092,47.3259,-122.167,2273,3900
5644,5644,1626069178,20140910T000000,535000.0,4.0,2.5,2200,110642,1.0,0,0,5,7,1330,870,1979,0,98077,47.7409,-122.052,2290,51400
5645,5645,3342101937,20150410T000000,980000.0,5.0,4.0,3460,5400,2.0,0,0,3,10,2830,630,2012,0,98056,47.5201,-122.204,1890,5400
5646,5646,9178601630,20141113T000000,720000.0,2.0,1.0,1580,2199,2.0,0,2,3,8,1580,0,1921,1995,98103,47.6541,-122.329,2170,4405
5647,5647,5273200080,20140929T000000,619950.0,2.0,1.0,1520,5400,1.0,0,0,3,7,920,600,1951,0,98115,47.6796,-122.279,1600,5400
5648,5648,7701930010,20140530T000000,489000.0,3.0,2.5,2260,19821,2.0,0,0,3,9,2260,0,1994,0,98058,47.448,-122.088,2750,22718
5649,5649,6820100010,20140616T000000,415000.0,4.0,2.0,1800,2970,1.0,0,0,4,7,1000,800,1923,0,98115,47.6833,-122.312,1690,3801
5650,5650,3066400130,20150415T000000,672500.0,4.0,2.5,2650,11108,2.0,0,0,3,10,2650,0,1987,0,98074,47.6304,-122.051,2650,11585
5651,5651,339600010,20141017T000000,352500.0,3.0,1.0,1000,4171,1.0,0,0,3,7,1000,0,1985,0,98052,47.6834,-122.097,1090,3479
5652,5652,3391900130,20140903T000000,258750.0,4.0,2.0,2300,8400,1.0,0,0,4,6,1150,1150,1962,0,98003,47.3282,-122.332,1230,8400
5653,5653,7283900010,20150223T000000,350000.0,3.0,1.0,1080,7000,1.0,0,0,4,6,1080,0,1916,0,98133,47.7637,-122.351,1410,7214
5654,5654,1113000430,20140729T000000,152000.0,3.0,1.0,902,10464,1.0,0,0,3,7,902,0,1965,0,98198,47.363,-122.308,1510,7210
5655,5655,5101405276,20140609T000000,378500.0,2.0,1.0,730,7528,1.0,0,0,3,7,730,0,1946,0,98115,47.6997,-122.305,1620,7528
5656,5656,7796100050,20140730T000000,1017000.0,4.0,1.75,2600,41041,1.5,0,0,4,8,2600,0,1965,0,98033,47.6634,-122.172,2750,37318
5657,5657,2207200675,20140502T000000,419000.0,3.0,1.5,1570,6700,1.0,0,0,4,7,1570,0,1956,0,98007,47.6022,-122.134,1570,7300
5658,5658,3622910190,20140521T000000,895000.0,5.0,3.0,2876,13927,1.0,0,2,4,9,1970,906,1973,0,98040,47.5528,-122.229,3500,14454
5659,5659,9346930250,20140926T000000,668500.0,4.0,2.25,2290,9546,1.0,0,0,4,8,1780,510,1976,0,98006,47.5617,-122.13,2360,8864
5660,5660,3886000010,20140821T000000,487000.0,2.0,2.5,1470,2533,2.0,0,0,3,8,1470,0,2005,0,98033,47.6874,-122.165,1470,6511
5661,5661,6326000130,20141202T000000,538000.0,3.0,3.5,2620,10137,2.0,0,0,3,8,1970,650,1992,0,98146,47.4979,-122.371,1960,7680
5662,5662,686900010,20140528T000000,898000.0,5.0,1.5,2680,28014,1.0,0,0,4,8,1450,1230,1963,0,98004,47.6348,-122.196,2900,22180
5663,5663,1310000130,20140924T000000,315000.0,4.0,2.0,2020,7767,1.0,0,0,3,8,2020,0,1995,0,98003,47.3391,-122.309,1940,8239
5664,5664,139000185,20150428T000000,800000.0,3.0,2.5,2100,4440,2.0,0,4,3,7,2100,0,1945,0,98116,47.5865,-122.397,2100,6000
5665,5665,4039000050,20140714T000000,516130.0,3.0,1.75,1510,8250,1.0,0,0,4,8,1510,0,1962,0,98008,47.6183,-122.113,1770,8250
5666,5666,9253900417,20150128T000000,1600000.0,3.0,2.5,2850,19593,1.5,1,4,3,10,1790,1060,1978,0,98008,47.5894,-122.111,2850,18782
5667,5667,4128500380,20150427T000000,1200000.0,4.0,2.5,4280,12796,2.0,0,0,3,11,3400,880,1999,0,98006,47.5588,-122.124,3520,9593
5668,5668,8159300050,20150312T000000,355425.0,4.0,2.5,3238,9112,1.0,0,2,4,8,1678,1560,1979,0,98198,47.4005,-122.311,3056,9668
5669,5669,1338600185,20140624T000000,1157400.0,3.0,2.5,2740,5925,2.0,0,2,3,10,2740,0,1913,1992,98112,47.6313,-122.303,2740,5948
5670,5670,7625703900,20140926T000000,689000.0,4.0,2.5,2020,9600,2.0,0,0,4,7,2020,0,1954,0,98136,47.5434,-122.395,2250,8550
5671,5671,2767700022,20150113T000000,500000.0,3.0,3.25,1520,1500,3.0,0,0,3,7,1520,0,2000,0,98107,47.67,-122.389,1520,1323
5672,5672,3914000095,20140718T000000,430000.0,5.0,2.5,3860,42733,1.0,0,3,4,8,2300,1560,1955,0,98001,47.3117,-122.254,2520,19353
5673,5673,7334501410,20141121T000000,299500.0,4.0,2.25,1600,15312,1.0,0,0,4,7,1080,520,1979,0,98045,47.4629,-121.743,1620,12375
5674,5674,2597710050,20140624T000000,349950.0,4.0,2.5,2090,5289,2.0,0,0,3,8,2090,0,1989,0,98058,47.4289,-122.164,2080,7109
5675,5675,7933250050,20141028T000000,1419000.0,5.0,3.25,4020,4500,2.0,0,0,3,9,3120,900,2010,0,98004,47.6349,-122.204,3550,5775
5676,5676,2600140500,20141216T000000,998000.0,4.0,2.25,2910,10189,2.0,0,0,3,9,2910,0,1988,0,98006,47.5465,-122.155,2780,10125
5677,5677,3876810170,20150505T000000,329000.0,3.0,1.0,900,9600,1.0,0,0,4,7,900,0,1970,0,98072,47.7423,-122.173,1220,8240
5678,5678,3740000010,20141009T000000,575000.0,3.0,1.75,1720,5956,2.0,0,0,3,8,1720,0,1981,0,98033,47.6875,-122.202,1620,9324
5679,5679,6895300050,20141002T000000,529900.0,5.0,2.25,3030,9430,2.0,0,0,4,8,2600,430,1961,0,98133,47.7515,-122.353,2230,8425
5680,5680,6645900010,20141120T000000,1470000.0,4.0,2.5,3030,10189,1.0,0,0,3,9,2380,650,2003,0,98004,47.6367,-122.206,1940,10189
5681,5681,9413600380,20140801T000000,725000.0,4.0,1.75,2190,9400,1.0,0,0,4,7,1450,740,1962,0,98033,47.6531,-122.196,1980,9000
5682,5682,2115720500,20141023T000000,286000.0,3.0,2.5,1680,5000,2.0,0,0,3,8,1680,0,1987,0,98023,47.3196,-122.395,1720,5000
5683,5683,2202500255,20150305T000000,335000.0,3.0,2.0,1210,9926,1.0,0,0,4,7,1210,0,1954,2015,98006,47.5731,-122.135,1690,9737
5684,5684,2207100255,20140515T000000,395300.0,3.0,1.5,1120,7000,1.0,0,0,3,7,1120,0,1955,0,98007,47.5987,-122.146,1470,7950
5685,5685,8035350010,20140715T000000,510000.0,4.0,2.75,3180,13348,2.0,0,0,3,8,3020,160,2004,0,98019,47.7439,-121.977,3020,10029
5686,5686,1555300010,20150206T000000,203000.0,3.0,1.0,920,7500,1.0,0,0,4,7,920,0,1970,0,98032,47.3791,-122.289,1660,8000
5687,5687,6135300010,20141204T000000,248000.0,2.0,1.0,700,8301,1.0,0,0,3,6,700,0,1953,0,98155,47.7712,-122.323,1250,8304
5688,5688,1321730470,20150127T000000,265000.0,3.0,2.25,2540,7216,2.0,0,0,3,8,2540,0,1991,0,98023,47.2906,-122.349,2140,7531
5689,5689,4083306345,20150504T000000,1000000.0,4.0,1.5,2100,4560,1.5,0,0,4,8,2100,0,1912,0,98103,47.6497,-122.336,1930,4560
5690,5690,1453602360,20150406T000000,1000000.0,3.0,1.0,1540,24500,1.5,0,0,3,7,1540,0,1949,0,98125,47.7213,-122.29,1540,7250
5691,5691,2025600280,20150406T000000,241400.0,3.0,2.0,1420,9828,1.0,0,0,4,7,1420,0,1990,0,98010,47.3287,-122.011,1550,7227
5692,5692,1423800380,20150312T000000,309950.0,4.0,1.75,1450,10074,1.0,0,0,4,7,1450,0,1966,0,98058,47.4546,-122.182,1340,8023
5693,5693,2113701100,20140826T000000,294010.0,3.0,1.75,1550,4057,1.0,0,0,3,6,830,720,1945,0,98106,47.5291,-122.351,1100,4116
5694,5694,3578401060,20141216T000000,345000.0,3.0,2.25,1920,9672,2.0,0,0,4,8,1920,0,1984,0,98074,47.6233,-122.046,1950,10125
5695,5695,3578401060,20150504T000000,625000.0,3.0,2.25,1920,9672,2.0,0,0,4,8,1920,0,1984,0,98074,47.6233,-122.046,1950,10125
5696,5696,7691800020,20140709T000000,660000.0,4.0,2.5,2510,4543,2.0,0,0,3,8,2510,0,2002,0,98075,47.5962,-122.039,2550,4675
5697,5697,8682230950,20150317T000000,559000.0,2.0,2.0,1660,4500,1.0,0,0,3,8,1660,0,2003,0,98053,47.7094,-122.031,1670,5580
5698,5698,7202360010,20140707T000000,866000.0,4.0,3.25,3990,9786,2.0,0,0,3,9,3990,0,2004,0,98053,47.6784,-122.026,3920,8200
5699,5699,2125049120,20140505T000000,770000.0,3.0,2.0,2350,5700,1.5,0,0,4,8,1810,540,1939,0,98112,47.639,-122.31,2170,6000
5700,5700,5540000010,20140815T000000,259950.0,3.0,1.5,1350,7827,1.0,0,0,4,7,1350,0,1968,0,98030,47.3786,-122.219,1900,7827
5701,5701,1552800010,20150311T000000,352000.0,5.0,2.75,2980,9838,1.0,0,0,3,7,1710,1270,1968,0,98030,47.3807,-122.222,2240,9838
5702,5702,1118002000,20140624T000000,2466350.0,5.0,4.75,6390,13180,2.0,0,0,3,10,4560,1830,1940,0,98112,47.6312,-122.291,4010,8137
5703,5703,8564600080,20141106T000000,395000.0,3.0,2.0,1590,10229,1.0,0,0,3,7,1590,0,1966,0,98034,47.7239,-122.227,1320,10222
5704,5704,1446800660,20150316T000000,276500.0,4.0,1.75,1400,6650,1.5,0,0,4,6,1400,0,1942,0,98168,47.4888,-122.332,1120,8645
5705,5705,2624079022,20141020T000000,530000.0,3.0,2.25,1880,100623,1.5,0,0,3,8,1880,0,1987,2007,98024,47.5342,-121.883,2520,21689
5706,5706,5051800130,20140724T000000,798000.0,4.0,3.25,3500,10260,2.0,0,0,3,10,3500,0,1987,0,98008,47.5902,-122.13,3500,10658
5707,5707,7940700190,20140813T000000,380000.0,2.0,2.0,1370,5756,1.0,0,0,3,8,1370,0,1986,0,98034,47.714,-122.205,1380,5444
5708,5708,5422810010,20140819T000000,350000.0,4.0,2.5,2810,10433,2.0,0,0,3,8,2810,0,2001,0,98022,47.1895,-122.015,2640,9240
5709,5709,3529200190,20140514T000000,325000.0,3.0,2.5,2220,6049,2.0,0,0,4,8,2220,0,1990,0,98031,47.3972,-122.182,1980,7226
5710,5710,8944320280,20150402T000000,336000.0,3.0,2.5,2110,4549,2.0,0,0,4,8,2110,0,1989,0,98042,47.3885,-122.154,2110,4030
5711,5711,3222069153,20141024T000000,286900.0,3.0,2.25,1720,17235,1.0,0,0,4,7,1440,280,1974,0,98042,47.3438,-122.073,1990,35048
5712,5712,7211300050,20140930T000000,472000.0,5.0,2.25,1780,7245,1.0,0,0,4,8,1330,450,1976,0,98052,47.6946,-122.12,1780,7653
5713,5713,1545806980,20140630T000000,263000.0,3.0,1.75,1410,8100,2.0,0,0,3,7,1410,0,1985,0,98038,47.3617,-122.046,1560,8100
5714,5714,9297300255,20140716T000000,565000.0,3.0,3.0,2110,4000,1.0,0,2,4,7,1110,1000,1965,0,98126,47.5696,-122.375,1730,4000
5715,5715,4139400280,20141008T000000,765000.0,3.0,2.5,2700,8444,2.0,0,0,3,10,2700,0,1992,0,98006,47.5597,-122.113,2840,9165
5716,5716,9201300020,20140811T000000,1517000.0,3.0,2.25,2610,9409,1.0,1,4,4,8,2610,0,1963,0,98075,47.5789,-122.076,2970,9156
5717,5717,8663280080,20141223T000000,405000.0,3.0,2.0,1660,8174,1.0,0,0,3,7,830,830,1981,0,98034,47.7103,-122.199,1610,9318
5718,5718,98000980,20150427T000000,1098000.0,4.0,3.5,4570,16219,2.0,0,0,3,11,4570,0,2002,0,98075,47.5859,-121.968,4700,16500
5719,5719,1796100010,20140911T000000,555000.0,3.0,3.0,3760,188760,1.0,0,0,4,10,2640,1120,1979,0,98092,47.308,-122.087,2820,50543
5720,5720,2781280290,20150427T000000,305000.0,3.0,2.5,1610,3516,2.0,0,0,3,8,1610,0,2006,0,98055,47.4491,-122.188,1610,3056
5721,5721,1448800010,20140901T000000,289950.0,3.0,2.25,1740,9370,1.0,0,0,3,7,1390,350,1992,0,98198,47.391000000000005,-122.316,1740,7555
5722,5722,1526079026,20140813T000000,487500.0,5.0,3.5,3530,218472,2.0,0,0,3,7,2380,1150,1999,0,98019,47.7309,-121.905,2110,211404
5723,5723,1788800630,20141029T000000,96500.0,3.0,1.0,840,12091,1.0,0,0,3,6,840,0,1959,0,98023,47.3281,-122.343,840,9324
5724,5724,1788800630,20150225T000000,185000.0,3.0,1.0,840,12091,1.0,0,0,3,6,840,0,1959,0,98023,47.3281,-122.343,840,9324
5725,5725,8864000250,20140827T000000,150550.0,4.0,1.0,1470,6061,1.5,0,0,3,7,1470,0,1945,0,98168,47.4819,-122.289,1230,6175
5726,5726,7972600670,20140624T000000,339000.0,4.0,2.0,2470,5080,1.5,0,0,3,6,1970,500,1948,1988,98106,47.5308,-122.348,1060,5080
5727,5727,4077800094,20150202T000000,675000.0,4.0,1.75,2220,7230,1.0,0,1,3,8,1280,940,1950,0,98125,47.7065,-122.279,2210,7230
5728,5728,9834200440,20140624T000000,615000.0,3.0,1.75,1720,4080,1.0,0,0,4,7,960,760,1924,0,98144,47.5747,-122.287,1660,4080
5729,5729,1245002125,20140604T000000,837500.0,4.0,2.5,2700,9320,2.0,0,0,4,8,2700,0,1994,0,98033,47.6861,-122.198,2120,8056
5730,5730,5634500170,20140819T000000,250000.0,2.0,1.0,950,11835,1.0,0,0,3,5,950,0,1932,0,98028,47.7494,-122.237,1690,12586
5731,5731,1954400500,20140625T000000,583000.0,3.0,2.5,1790,8144,2.0,0,0,3,8,1790,0,1989,0,98074,47.6169,-122.045,1800,7503
5732,5732,9528102771,20140904T000000,499000.0,3.0,2.5,1610,1728,3.0,0,0,3,8,1610,0,2000,0,98115,47.6776,-122.318,1540,3090
5733,5733,2895600095,20140716T000000,550000.0,3.0,2.5,2290,6328,2.0,0,0,3,8,2290,0,2001,0,98146,47.5103,-122.382,1600,6180
5734,5734,2921079027,20140924T000000,400000.0,4.0,2.5,2170,204296,1.0,0,0,4,7,2170,0,1980,0,98022,47.281000000000006,-121.933,1760,154202
5735,5735,524059323,20150219T000000,990400.0,3.0,2.5,2100,4097,2.0,0,0,3,9,2100,0,2008,0,98004,47.5983,-122.2,1820,4764
5736,5736,824069173,20140821T000000,600000.0,3.0,2.5,2320,52272,1.5,0,0,3,8,2320,0,1974,0,98075,47.587,-122.068,2200,52272
5737,5737,2678100005,20150212T000000,325000.0,2.0,1.0,1120,6236,1.0,0,0,4,6,1120,0,1954,0,98155,47.763000000000005,-122.291,1340,7784
5738,5738,2025700080,20140710T000000,265000.0,3.0,2.5,1530,6000,2.0,0,0,4,7,1530,0,1991,0,98038,47.3487,-122.036,1360,6000
5739,5739,6613000585,20150108T000000,1620500.0,3.0,2.5,3490,9362,1.0,0,3,5,9,1770,1720,1960,0,98105,47.6605,-122.27,3640,7425
5740,5740,2597000006,20150309T000000,347500.0,3.0,1.5,1180,8353,1.0,0,0,3,7,1180,0,1960,0,98155,47.7652,-122.274,1710,8748
5741,5741,1923300170,20150109T000000,629000.0,5.0,2.0,2050,3000,1.5,0,0,3,7,1470,580,1912,1984,98103,47.6864,-122.352,1560,4500
5742,5742,1224049005,20140708T000000,1087500.0,2.0,2.0,2360,11340,1.5,0,0,3,9,2360,0,1997,0,98040,47.5835,-122.227,3030,11340
5743,5743,4123840050,20140630T000000,397500.0,4.0,2.5,2570,7859,2.0,0,0,3,8,2570,0,1992,0,98038,47.3736,-122.045,2150,7284
5744,5744,1937300280,20141030T000000,404500.0,2.0,1.0,1270,3700,1.5,0,0,3,7,1270,0,1909,0,98144,47.5949,-122.307,1980,3200
5745,5745,9183703376,20140513T000000,225000.0,3.0,1.5,1250,7500,1.0,0,0,3,7,1250,0,1967,0,98030,47.3719,-122.215,1260,7563
5746,5746,9542801310,20150513T000000,267000.0,3.0,2.25,2510,9900,1.0,0,0,3,8,1610,900,1978,0,98023,47.2988,-122.374,1940,8510
5747,5747,2771104830,20140611T000000,800000.0,4.0,3.75,2690,4000,2.0,0,3,4,9,2120,570,1909,1989,98119,47.6418,-122.372,2830,4000
5748,5748,7967650010,20150210T000000,339000.0,4.0,2.5,2900,6918,2.0,0,0,3,8,2900,0,2001,0,98001,47.3504,-122.284,2720,10376
5749,5749,6744701310,20150415T000000,1850000.0,4.0,2.5,3830,11972,1.0,1,4,3,11,2370,1460,1981,0,98155,47.7404,-122.284,3080,12297
5750,5750,3131201310,20140930T000000,525000.0,5.0,1.0,1280,3876,1.5,0,0,3,7,1280,0,1923,0,98105,47.6605,-122.324,1420,3825
5751,5751,3630180500,20141006T000000,1150000.0,5.0,3.5,4350,6218,2.0,0,2,3,10,3520,830,2007,0,98027,47.5396,-121.997,3260,5989
5752,5752,7624700050,20141223T000000,565000.0,1.0,1.0,1370,6250,1.5,0,0,4,7,1370,0,1921,0,98136,47.5571,-122.385,1450,6250
5753,5753,3274800460,20140520T000000,387000.0,2.0,2.25,1230,1280,2.0,0,0,3,8,960,270,2012,0,98144,47.5942,-122.298,1130,1357
5754,5754,1939000010,20140619T000000,720000.0,4.0,2.5,2440,34290,2.0,0,0,3,9,2440,0,1987,0,98053,47.6685,-122.044,2860,38119
5755,5755,4139490190,20140711T000000,1500000.0,4.0,3.5,4410,12426,2.0,0,2,3,12,3420,990,1996,0,98006,47.5518,-122.107,4090,12127
5756,5756,6381500170,20140826T000000,235000.0,2.0,1.0,910,7617,1.0,0,0,3,6,910,0,1936,0,98125,47.7332,-122.305,1310,6624
5757,5757,6381500170,20150116T000000,365000.0,2.0,1.0,910,7617,1.0,0,0,3,6,910,0,1936,0,98125,47.7332,-122.305,1310,6624
5758,5758,1954420170,20140521T000000,368250.0,3.0,2.5,2150,7484,2.0,0,0,3,8,2150,0,1988,0,98074,47.6191,-122.043,2150,6879
5759,5759,1954420170,20141113T000000,580000.0,3.0,2.5,2150,7484,2.0,0,0,3,8,2150,0,1988,0,98074,47.6191,-122.043,2150,6879
5760,5760,623059016,20140717T000000,1100000.0,4.0,3.25,3190,11774,2.0,1,4,3,8,2610,580,1956,1991,98178,47.5033,-122.225,2240,8725
5761,5761,6181400470,20150127T000000,215000.0,4.0,2.5,2130,4496,2.0,0,0,3,7,2130,0,2004,0,98001,47.3041,-122.28,3220,5400
5762,5762,3904920980,20140909T000000,648000.0,4.0,2.5,2740,9959,2.0,0,0,3,9,2740,0,1989,0,98029,47.5672,-122.011,2630,9905
5763,5763,7215730430,20140903T000000,705000.0,4.0,3.0,3150,9318,2.0,0,0,3,9,3150,0,2001,0,98075,47.5959,-122.018,3150,9318
5764,5764,475000190,20150109T000000,465000.0,3.0,2.25,1450,1540,2.0,0,0,3,8,1180,270,2005,0,98107,47.6685,-122.365,1450,1540
5765,5765,2877100235,20141222T000000,650000.0,5.0,2.0,2400,3500,1.5,0,0,3,8,1900,500,1911,0,98103,47.6762,-122.356,1520,4000
5766,5766,7893202340,20140721T000000,335000.0,4.0,2.25,2280,7500,1.0,0,0,4,7,1140,1140,1963,0,98198,47.4182,-122.332,1660,8000
5767,5767,9238430190,20150428T000000,640000.0,4.0,2.0,2310,31850,1.5,0,0,4,8,2310,0,1984,0,98072,47.7713,-122.122,2710,36042
5768,5768,1939120050,20150303T000000,638250.0,4.0,2.5,2460,8029,2.0,0,0,3,9,2460,0,1989,0,98074,47.6262,-122.03,2420,7987
5769,5769,9197800010,20141017T000000,1460000.0,4.0,3.5,4200,14353,2.0,0,2,3,12,3640,560,1996,0,98040,47.5331,-122.217,3750,16316
5770,5770,5248800250,20150427T000000,375000.0,4.0,2.0,1620,4600,2.0,0,0,3,7,1620,0,1909,0,98108,47.5533,-122.307,1620,4500
5771,5771,4457300630,20140716T000000,842000.0,4.0,1.75,2170,9525,1.0,0,0,3,8,2170,0,1960,0,98040,47.5685,-122.217,1910,9525
5772,5772,2228900161,20141008T000000,499950.0,3.0,2.25,2880,7200,1.0,0,0,3,8,1710,1170,1970,0,98133,47.7707,-122.35,1880,10200
5773,5773,6817850050,20150217T000000,810000.0,4.0,2.5,3280,25211,2.0,0,3,3,11,3280,0,1985,0,98074,47.6398,-122.05,3280,25211
5774,5774,1775800280,20150226T000000,310000.0,5.0,2.0,2900,11970,2.0,0,0,4,7,2900,0,1969,0,98072,47.74100000000001,-122.095,1260,12398
5775,5775,263000050,20141031T000000,730000.0,3.0,2.5,2160,8809,1.0,0,0,3,9,1540,620,2014,0,98103,47.6994,-122.349,930,5420
5776,5776,1870400470,20141113T000000,637800.0,4.0,1.75,2250,4750,1.5,0,0,4,7,1420,830,1924,0,98115,47.6738,-122.292,1930,4750
5777,5777,7839300185,20150206T000000,225000.0,3.0,1.0,1340,4800,1.5,0,0,4,5,1340,0,1903,0,98055,47.477,-122.209,1240,4800
5778,5778,2426039130,20140610T000000,417500.0,4.0,1.0,1390,10800,1.5,0,0,4,7,1390,0,1941,0,98177,47.7248,-122.359,1390,9360
5779,5779,2938200170,20150320T000000,265000.0,4.0,2.0,1600,10160,1.0,0,0,4,7,1600,0,1972,0,98022,47.2015,-122.003,1540,9352
5780,5780,1954440050,20140725T000000,550000.0,4.0,2.5,2050,8683,2.0,0,0,3,8,2050,0,1987,0,98074,47.62,-122.043,2010,8744
5781,5781,2224079001,20150126T000000,625700.0,3.0,2.0,2570,159865,1.0,0,0,5,7,2570,0,1968,0,98024,47.5547,-121.892,2010,38322
5782,5782,200520080,20140801T000000,595000.0,3.0,2.5,2660,10637,2.0,0,0,3,9,2660,0,1991,0,98011,47.7383,-122.22,2590,8637
5783,5783,2195900010,20140714T000000,270000.0,3.0,1.5,1540,13475,1.0,0,0,4,7,1540,0,1972,0,98059,47.4766,-122.153,1550,13475
5784,5784,5707500050,20140718T000000,739375.0,5.0,3.0,2640,3200,2.0,0,0,4,7,2140,500,1906,0,98112,47.6188,-122.308,1540,2242
5785,5785,8929000130,20140708T000000,357562.0,2.0,1.75,1210,1032,2.0,0,0,3,8,1210,0,2014,0,98029,47.5522,-121.999,1210,1090
5786,5786,2944000170,20140611T000000,1010000.0,4.0,2.5,3760,29224,2.0,0,0,3,11,3760,0,1987,0,98052,47.7203,-122.128,3930,19916
5787,5787,8682262330,20140930T000000,455000.0,2.0,1.75,1350,4286,1.0,0,0,3,8,1350,0,2004,0,98053,47.7171,-122.033,1440,4839
5788,5788,4167800130,20150501T000000,310000.0,5.0,2.25,2600,9600,1.0,0,2,4,8,1810,790,1969,0,98023,47.3257,-122.365,2070,9660
5789,5789,1624079088,20140811T000000,415000.0,3.0,2.75,3900,111514,2.0,0,0,3,6,3460,440,1967,2008,98024,47.5621,-121.924,2460,217800
5790,5790,7370600050,20140819T000000,452000.0,2.0,1.0,1340,8100,1.0,0,2,3,8,1340,0,1950,0,98177,47.7212,-122.364,1680,7752
5791,5791,2025059134,20150113T000000,810000.0,3.0,2.0,1760,16928,1.0,0,0,3,7,1760,0,1953,0,98004,47.6363,-122.202,3430,10059
5792,5792,7522500020,20140527T000000,730001.0,3.0,2.0,1840,4750,1.0,0,0,5,7,1010,830,1951,0,98117,47.6862,-122.395,1760,5510
5793,5793,1125069134,20150430T000000,825000.0,3.0,2.25,2980,86636,1.0,0,0,3,9,2230,750,1989,0,98053,47.6627,-122.003,2980,107157
5794,5794,8032700010,20140716T000000,665000.0,3.0,2.5,1730,3000,2.0,0,0,3,8,1730,0,1996,0,98103,47.6532,-122.34,1730,1774
5795,5795,2473370050,20140604T000000,327500.0,4.0,1.75,1650,7800,1.0,0,0,3,8,1650,0,1968,0,98058,47.4507,-122.139,1750,10400
5796,5796,3276930050,20140728T000000,699950.0,3.0,2.5,3370,36218,2.0,0,0,4,9,3370,0,1988,0,98075,47.5855,-121.987,2980,31793
5797,5797,3211230080,20140728T000000,424000.0,3.0,2.5,2200,34680,2.0,0,0,3,9,2200,0,1985,0,98092,47.3139,-122.116,2560,35840
5798,5798,7519000471,20140625T000000,657000.0,4.0,2.5,2180,3375,1.5,0,0,4,7,1420,760,1926,0,98117,47.6846,-122.361,1560,3375
5799,5799,8563000130,20140717T000000,445000.0,3.0,1.75,1490,10844,1.0,0,0,3,7,1210,280,1974,0,98008,47.6208,-122.106,2090,9944
5800,5800,2770604103,20140731T000000,450000.0,3.0,2.5,1530,762,2.0,0,0,3,8,1050,480,2007,0,98119,47.642,-122.374,1610,1482
5801,5801,3581000020,20140926T000000,350000.0,3.0,1.0,1180,7455,1.0,0,0,4,7,1180,0,1964,0,98034,47.7276,-122.241,1450,8154
5802,5802,9432750190,20141112T000000,460000.0,4.0,2.5,2080,17532,2.0,0,0,3,9,2080,0,1996,0,98059,47.4835,-122.136,2550,12560
5803,5803,1622059088,20140626T000000,385000.0,4.0,2.5,3200,22651,1.0,0,0,5,8,1610,1590,1970,0,98031,47.3931,-122.183,2030,5500
5804,5804,5559900080,20141104T000000,272000.0,4.0,2.25,1880,6160,2.0,0,0,3,7,1880,0,1993,0,98023,47.3214,-122.347,1580,6405
5805,5805,7202260780,20150120T000000,535000.0,3.0,2.5,2510,5544,2.0,0,0,3,7,2510,0,2001,0,98053,47.6903,-122.042,2660,5614
5806,5806,8651410950,20150430T000000,216500.0,2.0,1.0,1060,5200,1.0,0,0,3,6,1060,0,1969,0,98042,47.3688,-122.08,910,5200
5807,5807,7843500080,20150225T000000,325000.0,3.0,2.5,2130,12245,2.0,0,0,3,8,2130,0,1989,0,98042,47.3406,-122.057,1910,12216
5808,5808,3205400290,20150406T000000,420200.0,3.0,1.75,1320,7280,1.0,0,0,3,7,1320,0,1968,0,98034,47.7229,-122.18,1370,7800
5809,5809,7129300420,20141202T000000,258000.0,3.0,1.75,1040,5650,1.0,0,0,5,6,1040,0,1951,0,98178,47.5111,-122.256,1290,5650
5810,5810,263000280,20141202T000000,450000.0,3.0,2.0,1150,4500,1.5,0,0,3,7,1150,0,1917,1991,98103,47.6985,-122.348,1230,5400
5811,5811,2919200280,20141208T000000,720168.0,4.0,2.25,2120,3794,2.0,0,0,4,7,1420,700,1926,0,98117,47.6893,-122.359,1420,3840
5812,5812,2769602880,20141002T000000,652000.0,3.0,2.0,2130,5000,1.5,0,0,5,7,1330,800,1925,0,98107,47.6746,-122.362,2010,5000
5813,5813,8078440050,20140730T000000,569500.0,4.0,2.5,2340,8248,2.0,0,0,3,8,2340,0,1989,0,98074,47.6314,-122.03,2140,9963
5814,5814,1922069071,20150424T000000,411000.0,4.0,1.75,2250,292288,1.0,0,0,4,7,2250,0,1963,0,98042,47.3787,-122.091,1550,23798
5815,5815,7518502945,20140519T000000,524950.0,3.0,1.75,1890,3825,1.0,0,0,3,7,1290,600,1974,0,98117,47.6831,-122.381,1320,3825
5816,5816,7568700480,20150323T000000,153000.0,2.0,1.0,1140,10152,1.0,0,0,3,6,760,380,1942,0,98155,47.7369,-122.321,1340,10141
5817,5817,9577800005,20141022T000000,775000.0,3.0,2.5,2780,5467,2.0,0,2,3,9,2780,0,2000,0,98126,47.5791,-122.378,2630,5000
5818,5818,7436050170,20150112T000000,338500.0,4.0,2.5,2390,6111,2.0,0,0,3,8,2390,0,1997,0,98030,47.3677,-122.173,2520,6500
5819,5819,7200001259,20150501T000000,570000.0,3.0,1.75,2390,9000,1.0,0,0,3,8,1500,890,1975,0,98052,47.6809,-122.113,2040,9000
5820,5820,4127000095,20141029T000000,653000.0,3.0,2.0,2680,8429,1.0,0,0,4,9,1880,800,1950,1991,98038,47.372,-122.036,1570,8640
5821,5821,1934800086,20141120T000000,435000.0,2.0,2.5,1560,1222,2.0,0,0,3,8,1080,480,2008,0,98122,47.604,-122.307,1560,2081
5822,5822,3361401025,20141126T000000,207000.0,2.0,1.0,1130,8160,1.0,0,0,4,6,1130,0,1952,0,98168,47.4997,-122.317,1060,6120
5823,5823,7430500415,20140725T000000,540000.0,2.0,1.0,1120,7500,1.0,0,2,4,7,1120,0,1971,0,98008,47.619,-122.096,3040,16940
5824,5824,1622049182,20140625T000000,386000.0,4.0,2.25,2050,9583,2.0,0,2,3,8,1770,280,1965,0,98198,47.3978,-122.313,2230,9730
5825,5825,7749500250,20140827T000000,265000.0,5.0,2.25,2600,8075,1.5,0,0,4,8,2600,0,1969,0,98092,47.2961,-122.188,2200,8800
5826,5826,1773101159,20150107T000000,250000.0,3.0,2.25,1050,572,2.0,0,0,3,7,740,310,2006,0,98106,47.5549,-122.363,1260,1062
5827,5827,9829200250,20150105T000000,1697000.0,3.0,2.0,2600,6600,2.0,0,4,3,10,1930,670,1970,2014,98122,47.6055,-122.285,2670,6270
5828,5828,3303860130,20141203T000000,455000.0,4.0,2.5,2811,7251,2.0,0,0,3,9,2811,0,2009,0,98038,47.3686,-122.058,3040,7250
5829,5829,9359100500,20140527T000000,1795000.0,4.0,3.25,4060,13000,2.0,0,3,3,11,4060,0,2000,0,98040,47.581,-122.246,3220,13800
5830,5830,1250203860,20141030T000000,759000.0,3.0,2.0,2260,7200,1.0,0,3,3,7,1130,1130,1941,0,98144,47.5886,-122.288,2260,6000
5831,5831,2386000170,20150326T000000,970000.0,4.0,2.75,4430,74358,2.0,0,0,3,10,4430,0,1990,0,98053,47.6392,-121.988,3820,80875
5832,5832,5702500050,20141104T000000,280000.0,1.0,2.1157362403369904,600,24501,1.0,0,0,2,3,600,0,1950,0,98045,47.5316,-121.749,990,22549
5833,5833,2600000050,20140827T000000,690000.0,3.0,2.25,2430,8327,1.0,0,0,4,9,1430,1000,1978,0,98006,47.5534,-122.16,2550,10427
5834,5834,7856640170,20140708T000000,789900.0,3.0,2.5,3420,25150,1.0,0,0,4,10,1750,1670,1987,0,98006,47.5706,-122.152,2900,19604
5835,5835,5540800130,20150318T000000,447500.0,2.0,1.0,1180,5100,1.5,0,0,3,7,1180,0,1926,0,98103,47.6947,-122.346,980,5100
5836,5836,7955060010,20140613T000000,440000.0,4.0,2.25,2010,7575,1.0,0,0,3,7,1220,790,1974,0,98034,47.7328,-122.2,1820,7831
5837,5837,7760400470,20150414T000000,278000.0,3.0,2.0,1230,7789,1.0,0,0,3,7,1230,0,1994,0,98042,47.3718,-122.073,1470,8670
5838,5838,9551202130,20140714T000000,980000.0,5.0,2.5,2750,6000,1.5,0,0,3,8,1750,1000,1904,1994,98103,47.6729,-122.334,1520,4158
5839,5839,4345000050,20140630T000000,245000.0,3.0,2.75,1300,14197,1.0,0,0,3,7,860,440,1996,0,98030,47.3652,-122.183,1550,7596
5840,5840,7334501440,20141021T000000,287000.0,3.0,1.5,1150,11475,1.0,0,0,3,7,1150,0,1971,0,98045,47.4629,-121.744,1640,11475
5841,5841,1523069215,20140603T000000,435000.0,3.0,1.75,2220,132858,1.0,0,0,3,7,1110,1110,1988,0,98027,47.4853,-122.034,2130,77536
5842,5842,5525400430,20140715T000000,585000.0,3.0,2.5,2050,11690,2.0,0,0,4,9,2050,0,1989,0,98059,47.5279,-122.161,2410,10172
5843,5843,871001611,20140701T000000,616000.0,4.0,1.75,1700,5846,1.0,0,0,3,8,1700,0,1957,0,98199,47.6539,-122.408,1480,5177
5844,5844,1685200190,20150115T000000,203000.0,3.0,1.75,1610,9000,1.0,0,0,4,7,1100,510,1978,0,98092,47.3187,-122.179,1610,8000
5845,5845,1982200675,20150506T000000,860000.0,4.0,2.75,2720,3840,2.0,0,0,3,8,1790,930,1920,2009,98107,47.6624,-122.361,1360,3880
5846,5846,1201500010,20150330T000000,833000.0,4.0,2.5,2190,12690,1.0,0,2,3,8,1170,1020,1973,0,98033,47.6627,-122.189,2630,10843
5847,5847,1822360080,20141211T000000,565000.0,4.0,2.75,2730,6856,2.0,0,0,3,8,2730,0,2003,0,98072,47.7739,-122.164,2520,5569
5848,5848,4113800500,20150212T000000,572500.0,3.0,2.5,2490,7589,2.0,0,0,3,9,2490,0,1991,0,98056,47.5355,-122.179,2500,10386
5849,5849,4299700095,20140516T000000,254000.0,4.0,2.0,1510,4235,1.0,0,0,3,7,1510,0,1955,0,98108,47.54600000000001,-122.293,1510,4268
5850,5850,3585900500,20150402T000000,1525000.0,4.0,4.25,4720,21000,3.0,0,4,5,11,4720,0,1971,0,98177,47.7591,-122.376,3010,20000
5851,5851,326069026,20150121T000000,900000.0,4.0,3.0,3810,217800,2.0,0,0,3,9,3810,0,2003,0,98077,47.7696,-122.021,2580,217364
5852,5852,4070700290,20150226T000000,899000.0,3.0,2.5,1950,3730,2.0,0,0,3,9,1950,0,1996,0,98033,47.6731,-122.199,2080,4000
5853,5853,7625703800,20150424T000000,560000.0,3.0,2.0,1300,6000,1.0,0,0,5,7,1300,0,1943,0,98136,47.5482,-122.392,1230,6000
5854,5854,643400130,20150304T000000,512500.0,3.0,1.75,1610,7200,1.0,0,0,3,7,1180,430,1976,0,98007,47.5966,-122.144,1520,7973
5855,5855,2877103070,20150223T000000,775000.0,4.0,2.5,2040,5000,1.5,0,0,5,7,1180,860,1924,0,98117,47.6786,-122.36,1540,5000
5856,5856,421000185,20140611T000000,200000.0,2.0,1.0,700,4700,1.0,0,0,5,5,700,0,1953,0,98056,47.4953,-122.169,960,5200
5857,5857,2113700825,20140731T000000,172000.0,3.0,1.0,970,4700,1.0,0,0,4,6,720,250,1943,0,98106,47.5285,-122.354,1560,4600
5858,5858,623049093,20140522T000000,219900.0,3.0,1.0,910,6000,1.0,0,0,2,6,910,0,1956,0,98146,47.5065,-122.338,1090,6957
5859,5859,4348800080,20140711T000000,641200.0,3.0,1.0,1060,9123,1.0,0,0,3,7,1060,0,1952,0,98004,47.6218,-122.193,1620,9121
5860,5860,3762900010,20140715T000000,473000.0,5.0,3.25,2180,7200,2.0,0,0,4,7,2180,0,1982,0,98034,47.7078,-122.234,1840,7644
5861,5861,3578401700,20140701T000000,540000.0,3.0,1.75,2050,9580,1.0,0,0,3,8,1400,650,1984,0,98074,47.6212,-122.038,1740,11952
5862,5862,1211000280,20150504T000000,295000.0,2.0,1.0,750,4500,1.0,0,0,3,6,750,0,1945,0,98122,47.607,-122.297,1540,4000
5863,5863,1324300091,20140528T000000,370000.0,3.0,1.0,800,2296,1.0,0,0,4,6,800,0,1908,0,98103,47.6546,-122.356,1480,1472
5864,5864,4141800285,20140714T000000,1727000.0,4.0,2.25,3470,8000,1.5,0,1,3,9,2360,1110,1906,2002,98122,47.6149,-122.287,3010,8000
5865,5865,1524079088,20140509T000000,275000.0,3.0,1.5,1390,48257,1.0,0,0,3,6,1390,0,1922,2013,98024,47.5603,-121.894,1440,45302
5866,5866,9320900420,20141014T000000,89000.0,3.0,1.0,900,4750,1.0,0,0,4,6,900,0,1969,0,98023,47.3026,-122.363,900,3404
5867,5867,7349800780,20140805T000000,175000.0,2.0,1.75,1050,9800,1.5,0,0,4,6,1050,0,1975,0,98019,47.7595,-121.473,1230,12726
5868,5868,1196002948,20150218T000000,490000.0,3.0,2.5,2410,11900,1.0,0,2,4,9,1600,810,1989,0,98023,47.3384,-122.34,3090,11902
5869,5869,5631500213,20140515T000000,342400.0,3.0,2.25,1180,9630,2.0,0,0,3,7,1180,0,1986,0,98028,47.7352,-122.232,2660,5979
5870,5870,3416601045,20140623T000000,345000.0,3.0,1.0,1140,4200,2.0,0,0,4,7,1140,0,1904,0,98144,47.6012,-122.296,1510,4000
5871,5871,9828701650,20141125T000000,399000.0,2.0,1.0,700,3400,1.0,0,0,3,6,700,0,1946,0,98112,47.6212,-122.296,1570,4512
5872,5872,6071300500,20140815T000000,550000.0,4.0,2.5,2060,9719,1.0,0,0,4,8,1320,740,1960,0,98006,47.5549,-122.176,2050,9643
5873,5873,6072760670,20141203T000000,652450.0,3.0,2.25,2230,11835,1.0,0,0,5,8,1630,600,1974,0,98006,47.563,-122.178,2190,10384
5874,5874,9141100255,20150429T000000,438000.0,2.0,2.25,1950,29347,1.0,0,0,3,8,1350,600,1953,0,98133,47.739,-122.351,2125,7751
5875,5875,2824600290,20150403T000000,605000.0,3.0,1.75,2100,5058,1.0,0,2,3,7,1340,760,1941,0,98126,47.5743,-122.378,1640,5000
5876,5876,2787720170,20140929T000000,395000.0,4.0,2.5,2130,11733,1.0,0,0,5,7,1330,800,1969,0,98059,47.512,-122.16,1800,9131
5877,5877,9826701735,20141112T000000,449950.0,3.0,2.0,1880,3048,2.0,0,0,4,7,1880,0,1902,0,98122,47.6031,-122.303,1680,3600
5878,5878,1703050420,20150330T000000,651100.0,4.0,2.5,2310,5526,2.0,0,0,3,9,2310,0,2003,0,98074,47.6299,-122.02,2500,5769
5879,5879,4060000440,20150204T000000,241000.0,3.0,1.0,880,6050,1.0,0,0,3,6,880,0,1945,0,98178,47.4995,-122.248,1130,6050
5880,5880,2525049148,20141007T000000,3418800.0,5.0,5.0,5450,20412,2.0,0,0,3,11,5450,0,2014,0,98039,47.6209,-122.237,3160,17825
5881,5881,8857310010,20141219T000000,268500.0,2.0,1.5,1290,1749,1.0,0,0,3,8,660,630,1969,0,98008,47.6118,-122.116,1860,1749
5882,5882,1823049178,20150123T000000,200000.0,2.0,1.0,1010,7200,1.0,0,0,3,6,1010,0,1956,0,98166,47.4815,-122.339,1290,9000
5883,5883,4364200250,20141201T000000,400375.0,4.0,1.75,1690,7680,1.0,0,0,5,6,890,800,1946,0,98126,47.5296,-122.375,1060,7680
5884,5884,8682260480,20140528T000000,429000.0,2.0,1.75,1350,6315,1.0,0,0,3,8,1350,0,2005,0,98053,47.7141,-122.032,1665,5390
5885,5885,1250200345,20141024T000000,230000.0,3.0,1.0,680,2400,1.0,0,0,4,6,680,0,1903,0,98144,47.5982,-122.299,1470,3600
5886,5886,9808590460,20150218T000000,1200000.0,4.0,2.25,2860,10702,2.0,0,0,3,10,2860,0,1982,0,98004,47.6451,-122.189,2890,10572
5887,5887,7818700480,20150409T000000,314200.0,1.0,1.0,610,6000,1.0,0,0,4,5,610,0,1918,0,98117,47.6911,-122.367,970,5000
5888,5888,2792000010,20150423T000000,513000.0,4.0,2.5,2660,8887,1.0,0,0,4,8,1880,780,1967,0,98166,47.43899999999999,-122.342,1910,9620
5889,5889,1705400244,20150402T000000,535000.0,2.0,1.0,1390,5346,1.0,0,0,5,7,960,430,1908,0,98118,47.5567,-122.279,1450,5040
5890,5890,9358002375,20150305T000000,420000.0,6.0,3.0,2290,6344,2.0,0,0,3,7,2290,0,1980,0,98126,47.565,-122.37,1360,3202
5891,5891,8944320470,20140623T000000,345950.0,3.0,2.5,2110,4118,2.0,0,0,3,8,2110,0,1989,0,98042,47.3878,-122.153,2110,4044
5892,5892,6372000101,20140820T000000,483500.0,3.0,2.0,1200,2016,1.0,0,1,4,7,600,600,1931,0,98116,47.5811,-122.404,1730,4520
5893,5893,2877100655,20141208T000000,695000.0,4.0,2.25,2360,2500,2.0,0,3,3,8,1520,840,2001,0,98117,47.6771,-122.358,1810,3900
5894,5894,9378500050,20141006T000000,295000.0,4.0,2.5,2350,8906,2.0,0,0,3,7,2350,0,1993,0,98031,47.4205,-122.215,2000,8165
5895,5895,3790600080,20150408T000000,434975.0,3.0,2.25,1590,9960,1.0,0,0,3,7,1060,530,1976,0,98155,47.7742,-122.287,1860,9760
5896,5896,8944360080,20140708T000000,513000.0,3.0,2.5,1810,4592,2.0,0,0,3,8,1810,0,1992,0,98029,47.5764,-121.996,1810,4758
5897,5897,7979900225,20150323T000000,360000.0,3.0,1.75,1900,11407,1.0,0,0,3,8,1900,0,1963,0,98155,47.7455,-122.294,1710,11407
5898,5898,3163600130,20150317T000000,234900.0,3.0,1.0,1250,8000,1.0,0,0,3,7,1250,0,1956,0,98146,47.5065,-122.337,1040,6973
5899,5899,4139380050,20140616T000000,963000.0,4.0,3.5,3280,6603,2.0,0,0,3,10,3280,0,2007,0,98027,47.5642,-122.126,3280,7333
5900,5900,2749600095,20140819T000000,595000.0,2.0,1.5,870,4800,1.0,0,0,3,7,870,0,1924,0,98119,47.6509,-122.37,2090,4800
5901,5901,7852160250,20141024T000000,942500.0,4.0,3.25,3570,14408,2.0,0,2,3,10,3570,0,2006,0,98065,47.536,-121.857,4100,14577
5902,5902,3303980500,20140905T000000,1029000.0,4.0,3.25,3780,11200,2.0,0,0,3,11,3780,0,2002,0,98059,47.521,-122.15,3720,11813
5903,5903,1250200605,20150325T000000,350000.0,3.0,1.0,1190,3600,1.5,0,0,3,6,1190,0,1904,0,98144,47.5985,-122.298,1680,3600
5904,5904,8887001640,20141106T000000,416500.0,4.0,2.0,2280,39848,2.0,0,0,4,8,2280,0,1991,0,98070,47.5003,-122.465,1900,38472
5905,5905,2122059127,20140916T000000,209900.0,3.0,1.0,1030,60720,1.5,0,0,3,5,1030,0,1912,0,98042,47.375,-122.166,1330,10342
5906,5906,5700001045,20140622T000000,802000.0,3.0,1.75,2870,5000,1.5,0,0,4,8,1840,1030,1907,0,98144,47.5788,-122.292,2200,5000
5907,5907,7331900290,20140731T000000,230000.0,4.0,1.5,1520,8800,1.0,0,0,4,7,1520,0,1960,0,98002,47.3136,-122.208,1370,8800
5908,5908,7844200415,20140702T000000,489000.0,3.0,3.0,3700,10375,2.0,0,0,3,9,3700,0,1982,0,98188,47.4286,-122.291,2130,9132
5909,5909,4055700345,20140714T000000,497000.0,3.0,1.5,2240,28750,1.0,0,0,3,8,1620,620,1956,0,98034,47.7137,-122.254,3200,23873
5910,5910,2923049421,20140702T000000,250000.0,3.0,2.25,1920,7738,1.0,0,0,3,8,1520,400,1965,0,98148,47.4562,-122.33,2170,8452
5911,5911,1860600840,20140815T000000,925000.0,3.0,3.0,2560,3600,2.0,0,0,3,10,2110,450,1994,0,98119,47.633,-122.37,2160,3600
5912,5912,5095400460,20140723T000000,390000.0,4.0,2.5,1840,15496,2.0,0,0,3,8,1840,0,1991,0,98059,47.4683,-122.07,1840,15040
5913,5913,3819750170,20150310T000000,415000.0,3.0,2.75,2080,9600,1.0,0,0,3,7,2080,0,1988,0,98028,47.7698,-122.238,2220,9600
5914,5914,5021900779,20150404T000000,785000.0,3.0,2.0,1600,9638,1.0,0,0,5,7,1600,0,1952,0,98040,47.5753,-122.224,1800,11400
5915,5915,4206901155,20140924T000000,575000.0,3.0,2.0,2168,4000,1.5,0,0,3,8,2168,0,1907,0,98105,47.6561,-122.325,1770,4000
5916,5916,6303400290,20150126T000000,170000.0,2.0,1.0,860,8636,1.0,0,0,3,6,860,0,1924,0,98146,47.5081,-122.356,1100,8636
5917,5917,7871500440,20141014T000000,750000.0,4.0,1.75,2100,3400,1.0,0,0,5,7,1100,1000,1915,0,98119,47.6429,-122.371,1890,3771
5918,5918,6085000130,20150321T000000,230000.0,3.0,1.0,1140,9639,1.0,0,0,4,7,1140,0,1967,0,98001,47.3112,-122.265,1140,9639
5919,5919,1896700080,20150105T000000,855000.0,4.0,3.0,3090,35074,2.0,0,0,3,9,3090,0,1978,0,98005,47.6359,-122.159,3120,35150
5920,5920,6197800101,20140805T000000,235000.0,3.0,1.0,1330,45738,2.0,0,0,2,6,1330,0,1967,0,98058,47.43600000000001,-122.185,1490,24000
5921,5921,7802900380,20140908T000000,335000.0,2.0,1.0,1360,69260,1.0,0,0,4,5,1360,0,1937,0,98065,47.5229,-121.838,1460,69260
5922,5922,3024059126,20140703T000000,1195000.0,5.0,3.0,3420,18129,2.0,0,0,3,9,2540,880,1952,2005,98040,47.5333,-122.217,3750,16316
5923,5923,7128300630,20150330T000000,677000.0,4.0,2.0,2180,6000,1.5,0,0,3,8,2060,120,1927,0,98144,47.5958,-122.306,1370,4500
5924,5924,7626200305,20141022T000000,575000.0,3.0,2.0,1800,5000,2.0,0,0,5,7,1600,200,1925,0,98136,47.5447,-122.389,1640,5000
5925,5925,7950300670,20150218T000000,450000.0,2.0,1.0,1120,4590,1.0,0,0,3,7,1120,0,1924,0,98118,47.5663,-122.285,1120,5100
5926,5926,1233100321,20150327T000000,817250.0,3.0,2.5,2980,7202,2.0,0,0,3,8,2980,0,1999,0,98033,47.6769,-122.177,2430,7280
5927,5927,9238500190,20141202T000000,440000.0,4.0,2.25,2600,28600,1.0,0,0,3,8,1810,790,1968,0,98072,47.7757,-122.139,2580,26950
5928,5928,1972201856,20140507T000000,526000.0,2.0,2.0,1550,2400,1.5,0,0,4,7,1550,0,1900,0,98103,47.654,-122.346,1180,1224
5929,5929,624110920,20140725T000000,762500.0,3.0,2.25,3330,15258,2.0,0,0,3,10,3330,0,1986,0,98077,47.7262,-122.06,3360,14850
5930,5930,5003600080,20150414T000000,325000.0,4.0,2.5,2200,7719,2.0,0,0,3,8,2200,0,2000,0,98030,47.3649,-122.194,2460,7348
5931,5931,853600020,20140710T000000,840000.0,4.0,3.5,3840,85728,2.0,0,0,3,11,3840,0,1998,0,98014,47.615,-121.954,2430,42643
5932,5932,7625704317,20150503T000000,377500.0,2.0,1.0,840,4500,1.0,0,0,3,6,840,0,1939,0,98136,47.5441,-122.39,1300,5000
5933,5933,2946000912,20140923T000000,212500.0,3.0,1.5,1270,7128,1.0,0,0,4,6,1270,0,1954,0,98198,47.422,-122.321,1270,7986
5934,5934,4188000670,20140515T000000,749400.0,4.0,2.5,3240,20301,2.0,0,0,3,10,3240,0,1985,0,98052,47.719,-122.114,3010,23650
5935,5935,5215200010,20140626T000000,663000.0,3.0,2.5,2480,37843,1.5,1,3,4,8,2480,0,1974,0,98070,47.4003,-122.422,2350,42122
5936,5936,2911700020,20140721T000000,1476000.0,3.0,2.25,4470,22518,2.0,0,2,3,9,3240,1230,1953,2004,98006,47.574,-122.18,2930,21837
5937,5937,185000161,20141015T000000,261000.0,3.0,1.0,1780,7800,1.0,0,0,3,7,1060,720,1957,0,98178,47.4932,-122.263,1450,7800
5938,5938,2140700190,20150410T000000,515000.0,4.0,2.5,1850,9248,2.0,0,0,3,8,1850,0,1997,0,98028,47.735,-122.244,2080,8711
5939,5939,9406600050,20140512T000000,410000.0,3.0,2.25,2200,16921,2.0,0,0,3,8,2200,0,1987,0,98038,47.3727,-122.051,2060,16921
5940,5940,2473000470,20140708T000000,336000.0,3.0,2.25,2760,10160,1.0,0,0,3,8,2760,0,1969,0,98058,47.4504,-122.15,2760,9600
5941,5941,5100403952,20150225T000000,440000.0,2.0,1.0,1090,4128,1.0,0,0,3,7,1090,0,1948,0,98115,47.696000000000005,-122.314,1090,5413
5942,5942,2024059127,20150109T000000,908950.0,4.0,2.75,3090,6200,2.0,0,0,3,9,3090,0,2014,0,98006,47.5538,-122.189,2890,10108
5943,5943,1483300430,20141125T000000,554000.0,2.0,1.0,820,3700,1.0,0,0,5,7,820,0,1968,0,98040,47.588,-122.251,1750,9000
5944,5944,291300170,20140509T000000,387000.0,3.0,2.25,1445,1606,2.0,0,0,3,7,1300,145,2003,0,98027,47.5348,-122.072,1410,1286
5945,5945,9117000170,20150505T000000,268643.0,4.0,2.25,1810,9240,2.0,0,0,3,7,1810,0,1961,0,98055,47.4362,-122.187,1660,9240
5946,5946,461004095,20140721T000000,514000.0,3.0,1.75,1620,5000,1.0,0,0,3,7,920,700,1954,0,98117,47.681,-122.372,1610,5000
5947,5947,9547201850,20140723T000000,420000.0,2.0,1.75,1060,4182,2.0,0,0,3,7,1060,0,1977,0,98115,47.6787,-122.308,1760,4590
5948,5948,7942100290,20140910T000000,199000.0,3.0,1.75,1050,9871,1.0,0,0,5,7,1050,0,1968,0,98042,47.3816,-122.087,1300,10794
5949,5949,4336000050,20150317T000000,225000.0,3.0,1.0,1010,15701,1.0,0,0,4,7,1010,0,1949,0,98188,47.4518,-122.292,1260,9800
5950,5950,2571910420,20140819T000000,320000.0,4.0,2.5,2050,8424,2.0,0,0,4,8,2050,0,1993,0,98022,47.196000000000005,-122.011,1970,8448
5951,5951,8802400896,20141023T000000,204995.0,2.0,1.0,970,8185,1.0,0,0,5,6,970,0,1904,0,98031,47.4025,-122.201,1500,12541
5952,5952,3630010020,20141229T000000,376000.0,3.0,2.0,1540,1827,2.0,0,0,3,8,1540,0,2005,0,98029,47.5479,-121.999,1560,2058
5953,5953,6793300010,20141215T000000,705000.0,4.0,2.75,3000,6222,2.0,0,0,3,9,3000,0,2004,0,98029,47.5582,-122.025,3340,7222
5954,5954,7852020250,20140602T000000,725995.0,4.0,2.5,3190,7869,2.0,0,2,3,9,3190,0,2001,0,98065,47.5317,-121.866,2630,6739
5955,5955,2473400290,20150126T000000,285000.0,4.0,2.5,1870,8190,1.0,0,0,3,7,1100,770,1977,0,98058,47.4521,-122.161,1590,9150
5956,5956,3328500250,20140502T000000,285000.0,4.0,2.5,2200,9397,2.0,0,0,3,8,2200,0,1987,0,98001,47.3406,-122.269,2310,9176
5957,5957,629420080,20140820T000000,731000.0,4.0,2.5,3070,5936,2.0,0,0,3,9,3070,0,2005,0,98075,47.5902,-121.988,3160,5936
5958,5958,2524049215,20150501T000000,1564350.0,4.0,3.75,3730,17000,2.0,0,3,4,10,2820,910,1986,0,98040,47.5355,-122.242,3880,15550
5959,5959,8663310050,20141006T000000,510000.0,4.0,2.5,2440,10423,1.0,0,0,3,7,2440,0,1955,1993,98034,47.725,-122.172,1990,7758
5960,5960,4083304835,20141023T000000,620000.0,2.0,1.0,990,4332,1.0,0,0,3,7,990,0,1909,0,98103,47.6528,-122.331,1920,3420
5961,5961,8155800050,20150422T000000,1110000.0,3.0,4.0,4160,31796,2.0,0,0,3,11,4160,0,1989,0,98053,47.6635,-122.017,4300,36192
5962,5962,4403200255,20140722T000000,796000.0,4.0,3.5,3670,4960,2.0,0,0,3,9,2870,800,2005,0,98177,47.7022,-122.374,1520,6335
5963,5963,5379800500,20140930T000000,255000.0,3.0,1.5,910,25500,1.0,0,0,3,5,910,0,1943,0,98188,47.4565,-122.276,1580,10019
5964,5964,7010700660,20150428T000000,807000.0,3.0,2.5,1940,4000,2.0,0,0,4,9,1940,0,2000,0,98199,47.659,-122.398,1410,4000
5965,5965,9406540190,20141110T000000,315000.0,4.0,2.5,1780,6000,2.0,0,0,3,9,1780,0,2000,0,98038,47.3774,-122.027,2650,6000
5966,5966,1795920250,20150227T000000,637000.0,3.0,2.25,2200,7355,2.0,0,0,4,8,2200,0,1986,0,98052,47.7266,-122.103,2290,7868
5967,5967,5249800010,20141203T000000,2725000.0,4.0,4.25,6410,43838,2.5,0,2,4,12,5610,800,1906,0,98144,47.5703,-122.28,2270,6630
5968,5968,8651510420,20141211T000000,490000.0,3.0,2.0,2070,10023,1.0,0,0,3,8,1220,850,1981,0,98074,47.6492,-122.062,2130,9694
5969,5969,1422700080,20140610T000000,253000.0,3.0,1.75,2040,7281,1.0,0,0,3,7,1020,1020,1962,0,98188,47.4681,-122.282,1740,7527
5970,5970,5468780250,20140508T000000,325900.0,4.0,2.5,2320,6270,2.0,0,0,3,8,2320,0,2004,0,98042,47.3501,-122.14,2150,6270
5971,5971,3723800415,20141015T000000,425000.0,2.0,2.0,1440,6677,1.0,0,0,3,7,870,570,1952,0,98118,47.5513,-122.264,2020,7642
5972,5972,1545800290,20140905T000000,215000.0,4.0,2.5,1700,6675,2.0,0,0,3,7,1700,0,1997,0,98038,47.3638,-122.053,1570,7540
5973,5973,1545800290,20150408T000000,315000.0,4.0,2.5,1700,6675,2.0,0,0,3,7,1700,0,1997,0,98038,47.3638,-122.053,1570,7540
5974,5974,2804100095,20140516T000000,724800.0,3.0,2.0,2050,3933,1.0,0,0,3,8,1180,870,1926,2001,98112,47.6436,-122.303,1940,4000
5975,5975,7282300095,20140709T000000,295000.0,2.0,1.0,800,6500,1.0,0,0,4,6,800,0,1953,0,98133,47.7621,-122.358,1220,7000
5976,5976,930000289,20150316T000000,509007.0,3.0,1.75,1800,7620,1.0,0,0,3,8,1350,450,1951,0,98177,47.7165,-122.361,1770,7620
5977,5977,2822059181,20150413T000000,306000.0,5.0,2.0,1460,169448,1.5,0,0,3,6,1460,0,1910,0,98030,47.3714,-122.177,2250,6059
5978,5978,1761100080,20140717T000000,205000.0,3.0,1.75,1290,7210,1.0,0,0,3,7,1290,0,1984,0,98023,47.2889,-122.363,1350,7509
5979,5979,2953000250,20140731T000000,275000.0,3.0,1.5,1900,9737,1.0,0,0,4,7,1200,700,1968,0,98031,47.4125,-122.207,1670,9737
5980,5980,3416600185,20141106T000000,685000.0,3.0,1.75,1480,7000,1.0,0,2,3,8,1480,0,1963,0,98122,47.6018,-122.291,1850,4000
5981,5981,927200380,20150420T000000,465000.0,4.0,2.5,2090,12833,1.0,0,0,3,7,1220,870,1969,0,98034,47.7266,-122.175,1740,11200
5982,5982,7922750020,20140708T000000,560000.0,4.0,2.25,1950,9800,1.0,0,0,3,8,1330,620,1968,0,98033,47.666,-122.178,2170,9800
5983,5983,259600050,20150223T000000,458500.0,3.0,1.75,1250,9605,1.0,0,0,3,7,1250,0,1964,0,98008,47.6325,-122.121,1570,9605
5984,5984,3298300420,20150331T000000,354000.0,3.0,1.0,990,7590,1.0,0,0,3,6,990,0,1959,0,98008,47.6228,-122.121,1100,7590
5985,5985,1310440470,20150113T000000,441000.0,3.0,2.5,2740,7923,2.0,0,0,3,9,2740,0,1998,0,98058,47.4349,-122.105,2740,8815
5986,5986,3438502668,20140829T000000,194000.0,3.0,1.75,1260,10488,1.0,0,0,2,7,1110,150,1952,0,98106,47.5417,-122.357,1540,9120
5987,5987,5591700290,20140515T000000,316500.0,4.0,2.5,2150,6807,2.0,0,0,4,8,2150,0,1991,0,98031,47.4053,-122.189,1910,7240
5988,5988,4172100050,20140825T000000,524950.0,3.0,1.75,1750,3250,1.5,0,0,4,7,1230,520,1929,0,98117,47.6807,-122.366,1480,3600
5989,5989,9275700005,20150427T000000,1052000.0,3.0,2.25,2880,6092,2.0,0,4,4,8,1920,960,1983,0,98116,47.5878,-122.381,2880,5308
5990,5990,1089000190,20150412T000000,925000.0,4.0,2.25,2590,13894,2.0,0,0,4,9,2590,0,1975,0,98005,47.6351,-122.165,2720,13894
5991,5991,9523103000,20141020T000000,780000.0,3.0,1.75,2430,4524,1.5,0,0,4,7,1830,600,1924,0,98103,47.674,-122.35,1610,4100
5992,5992,2781270440,20140519T000000,241000.0,2.0,2.0,1470,3128,2.0,0,0,3,6,1470,0,2005,0,98038,47.349,-122.021,1180,2576
5993,5993,2105200050,20140619T000000,519000.0,3.0,2.75,2020,10744,1.0,0,0,5,7,1270,750,1954,0,98166,47.4403,-122.343,2020,11069
5994,5994,7625703637,20140828T000000,286000.0,2.0,1.0,610,4000,1.0,0,0,4,6,610,0,1918,0,98136,47.5469,-122.391,870,5160
5995,5995,2926049408,20141009T000000,400000.0,3.0,2.0,3000,17800,1.0,0,0,3,8,1500,1500,1962,0,98125,47.7058,-122.315,2400,8300
5996,5996,3224079005,20141009T000000,255000.0,2.0,1.0,920,43560,1.0,0,0,4,5,920,0,1923,0,98024,47.5245,-121.931,1530,11875
5997,5997,5147600095,20150121T000000,152000.0,3.0,1.75,1070,7754,1.0,0,0,3,6,1070,0,1953,0,98146,47.5079,-122.344,950,7740
5998,5998,2413900050,20141201T000000,599000.0,4.0,2.0,3410,15143,2.0,0,0,4,8,3410,0,1972,1987,98052,47.6709,-122.052,2350,25936
5999,5999,3820350050,20141024T000000,330000.0,4.0,2.5,1820,3905,2.0,0,0,3,7,1820,0,2001,0,98019,47.7346,-121.985,1820,3863
6000,6000,8910500675,20140519T000000,461000.0,2.0,1.0,1060,7193,1.0,0,0,3,7,1060,0,1926,0,98133,47.7102,-122.356,1980,7560
6001,6001,1461200020,20150310T000000,620000.0,5.0,2.5,3070,34991,2.0,0,0,3,9,3070,0,1995,0,98059,47.4721,-122.148,2150,19515
6002,6002,722079056,20141006T000000,352500.0,4.0,2.5,2300,219106,1.0,0,0,4,7,1840,460,1958,0,98038,47.4044,-121.963,2120,123710
6003,6003,8663370020,20140806T000000,435000.0,3.0,2.0,1610,6911,1.0,0,0,3,7,1260,350,1988,0,98034,47.7188,-122.177,1630,6911
6004,6004,2568200130,20140516T000000,725000.0,5.0,2.75,2830,5310,2.0,0,0,3,9,2830,0,2006,0,98052,47.7074,-122.101,3150,6581
6005,6005,8947800080,20141105T000000,300000.0,3.0,1.0,970,12300,1.0,0,0,3,7,970,0,1982,0,98028,47.7335,-122.227,2040,9994
6006,6006,1545803390,20141111T000000,252000.0,3.0,2.5,1680,8284,2.0,0,0,3,7,1680,0,1989,0,98038,47.3609,-122.048,1550,8284
6007,6007,1088030010,20141005T000000,464625.0,4.0,2.75,2040,8996,1.0,0,0,4,8,1260,780,1974,0,98033,47.666,-122.185,2470,9180
6008,6008,1829700080,20141212T000000,340000.0,3.0,1.0,1450,9586,2.0,0,0,3,7,1450,0,1950,0,98155,47.7443,-122.326,1500,8592
6009,6009,2125049024,20140620T000000,1325000.0,4.0,2.25,2870,6280,1.5,0,0,4,9,1980,890,1905,0,98112,47.6329,-122.31,2370,4760
6010,6010,5706200020,20150206T000000,455000.0,5.0,2.0,1870,13970,1.0,0,0,4,7,1120,750,1969,0,98027,47.5243,-122.042,1860,13970
6011,6011,2316400285,20150513T000000,495000.0,4.0,3.5,2490,18042,2.0,0,0,3,8,2490,0,2003,0,98070,47.4161,-122.441,1960,21107
6012,6012,7588700080,20150421T000000,925000.0,4.0,2.5,3350,4501,2.0,0,0,3,9,2640,710,2002,0,98117,47.688,-122.379,1000,4500
6013,6013,7853310380,20141211T000000,587000.0,4.0,2.75,3190,8737,2.0,0,0,3,9,3190,0,2006,0,98065,47.523,-121.877,3240,7131
6014,6014,6821101870,20140505T000000,524000.0,3.0,1.75,1560,5520,1.0,0,0,4,6,780,780,1944,0,98199,47.6515,-122.399,1470,6000
6015,6015,9551201660,20140613T000000,1030000.0,4.0,2.5,2750,4800,2.0,0,0,3,9,1960,790,1905,2005,98103,47.6709,-122.337,2400,5300
6016,6016,3530500010,20140930T000000,176000.0,2.0,1.0,920,2332,1.0,0,0,4,8,920,0,1980,0,98198,47.3779,-122.32,1310,2853
6017,6017,7387500185,20140521T000000,249900.0,2.0,1.0,1140,5500,1.0,0,0,3,6,1140,0,1947,0,98106,47.5187,-122.363,1110,5500
6018,6018,1626079132,20140605T000000,499500.0,3.0,2.5,2520,53143,1.5,0,0,3,7,2520,0,1988,0,98019,47.743,-121.925,2020,56628
6019,6019,8854100130,20140911T000000,600000.0,5.0,3.5,3150,10542,1.0,0,0,5,9,1620,1530,1974,0,98011,47.7469,-122.217,3150,11807
6020,6020,2123049142,20140814T000000,294000.0,4.0,2.5,2040,7800,2.0,0,0,3,7,2040,0,2003,0,98168,47.473,-122.293,1860,10954
6021,6021,3423059109,20150415T000000,272000.0,4.0,2.0,1780,19843,1.0,0,0,3,7,1780,0,1963,0,98058,47.4414,-122.154,2210,13500
6022,6022,5631500992,20140515T000000,390000.0,3.0,2.5,2240,10800,2.0,0,0,3,8,2240,0,1996,0,98028,47.7433,-122.229,1900,9900
6023,6023,6641800020,20150109T000000,700000.0,4.0,2.5,3270,9650,1.0,0,3,4,9,2320,950,1971,0,98166,47.409,-122.333,2340,17357
6024,6024,7853301700,20150420T000000,635000.0,5.0,2.75,3110,6621,2.0,0,0,3,9,3110,0,2006,0,98065,47.543,-121.888,3550,7953
6025,6025,2158900290,20150416T000000,920000.0,4.0,1.5,1850,3600,2.0,0,0,3,8,1660,190,1929,0,98112,47.6376,-122.307,1970,3600
6026,6026,2273600250,20140804T000000,500000.0,3.0,1.75,1570,8530,1.0,0,0,4,7,1190,380,1983,0,98033,47.6881,-122.184,1530,8708
6027,6027,3298700840,20140821T000000,263500.0,2.0,1.0,750,4515,1.0,0,0,3,6,750,0,1942,0,98106,47.5198,-122.351,1020,5000
6028,6028,5450500010,20150313T000000,975000.0,4.0,2.25,2240,9990,2.0,0,0,4,10,2240,0,1967,0,98040,47.5516,-122.217,2600,11480
6029,6029,3629870020,20141114T000000,575000.0,3.0,2.5,1870,3485,2.0,0,0,3,8,1870,0,2001,0,98029,47.5493,-122.004,1940,3485
6030,6030,8856700130,20140612T000000,822000.0,4.0,2.5,2683,40386,2.0,0,0,4,9,2683,0,1987,0,98052,47.6982,-122.138,2683,34800
6031,6031,6381502155,20150116T000000,300000.0,3.0,1.0,1490,7200,1.0,0,0,3,7,1490,0,1954,0,98125,47.7276,-122.307,1280,7200
6032,6032,1443550080,20150330T000000,487600.0,4.0,2.5,2340,12080,2.0,0,0,3,8,2340,0,1999,0,98019,47.7325,-121.969,2200,12403
6033,6033,2205700345,20140707T000000,500000.0,4.0,2.0,1700,8640,1.0,0,0,3,7,850,850,1955,2010,98006,47.5774,-122.153,1620,9000
6034,6034,6926700660,20140911T000000,680000.0,2.0,2.0,1450,989,3.0,0,0,3,9,1450,0,2014,0,98109,47.6354,-122.346,1490,1240
6035,6035,3279050130,20140910T000000,419000.0,3.0,2.5,3310,21096,2.0,0,2,3,9,3310,0,2004,0,98023,47.3049,-122.386,3310,13835
6036,6036,2770606890,20140807T000000,450000.0,4.0,1.75,1520,5250,1.0,0,0,3,6,1520,0,1949,0,98199,47.6581,-122.39,1530,5250
6037,6037,2867100190,20140618T000000,650000.0,5.0,1.75,1260,4500,1.5,0,0,3,7,1260,0,1926,0,98119,47.6452,-122.369,1410,4388
6038,6038,8562600190,20140623T000000,550000.0,3.0,1.75,1840,8086,1.0,0,0,4,8,1840,0,1964,0,98052,47.67,-122.155,1840,8060
6039,6039,5680000545,20141203T000000,330000.0,4.0,2.0,1750,5202,1.0,0,1,4,6,1070,680,1942,0,98108,47.5677,-122.317,2090,5400
6040,6040,1922059027,20150123T000000,282510.0,4.0,1.0,1450,32234,1.5,0,0,4,6,1450,0,1932,0,98030,47.3818,-122.21,1530,10125
6041,6041,1725059316,20141120T000000,2385000.0,4.0,4.0,6330,13296,2.0,0,2,3,13,4900,1430,2000,0,98033,47.6488,-122.201,2200,9196
6042,6042,3275300440,20141120T000000,230000.0,2.0,2.0,1260,10200,1.0,0,0,3,7,1020,240,1983,0,98003,47.2593,-122.312,1560,10200
6043,6043,952001735,20141004T000000,750000.0,4.0,1.75,2100,6613,2.0,0,0,3,8,2100,0,1909,2004,98116,47.567,-122.385,1630,5750
6044,6044,1402950190,20140916T000000,321000.0,4.0,2.5,2430,5366,2.0,0,0,3,8,2430,0,2002,0,98092,47.3352,-122.19,2100,5414
6045,6045,4045100190,20141027T000000,2196000.0,4.0,3.25,4250,18000,2.0,0,3,5,10,3350,900,1980,0,98040,47.5612,-122.229,3790,14537
6046,6046,1207200010,20150318T000000,245000.0,4.0,2.0,1830,10416,1.0,0,0,3,7,1370,460,1958,0,98146,47.4878,-122.341,1830,9271
6047,6047,6815100095,20141223T000000,510000.0,2.0,1.0,1310,4000,1.0,0,0,3,6,1310,0,1913,0,98103,47.6854,-122.329,1550,4000
6048,6048,3825310130,20140624T000000,751000.0,4.0,3.25,3090,9571,2.0,0,0,3,9,2370,720,2004,0,98052,47.7058,-122.131,3630,9110
6049,6049,3276930380,20140523T000000,675000.0,4.0,2.5,2560,36601,2.0,0,0,4,9,2560,0,1987,0,98075,47.5851,-121.992,2790,36601
6050,6050,8937600080,20150126T000000,295000.0,3.0,1.75,1930,13350,1.0,0,0,3,8,1930,0,1967,0,98023,47.3317,-122.365,2270,13350
6051,6051,8024200010,20141028T000000,312000.0,2.0,1.0,1460,6000,1.0,0,0,2,7,1260,200,1925,0,98115,47.7009,-122.317,1580,6380
6052,6052,624110020,20140925T000000,730000.0,3.0,3.0,3460,13129,2.0,0,0,3,9,2560,900,1988,0,98077,47.7315,-122.058,3460,12568
6053,6053,6192410280,20150102T000000,762500.0,5.0,3.5,3290,5880,2.0,0,0,3,9,2670,620,2005,0,98052,47.7067,-122.119,3090,5680
6054,6054,4302201045,20140528T000000,150000.0,3.0,1.0,820,7680,1.5,0,0,3,6,820,0,1910,0,98106,47.528,-122.359,1470,6912
6055,6055,507100020,20150309T000000,270000.0,3.0,1.0,1480,7374,1.0,0,0,3,6,760,720,1954,0,98133,47.7775,-122.336,1480,8934
6056,6056,259600280,20150406T000000,400000.0,4.0,2.0,1420,9301,1.0,0,0,4,7,1420,0,1963,0,98008,47.6325,-122.121,1530,8075
6057,6057,7691800130,20140826T000000,650000.0,3.0,2.5,2790,6720,2.0,0,0,3,8,2790,0,2002,0,98075,47.5958,-122.038,2620,6720
6058,6058,2056100275,20141006T000000,530000.0,2.0,1.5,1390,5000,1.0,0,0,4,8,970,420,1954,0,98116,47.5673,-122.401,1610,5000
6059,6059,2202500080,20140630T000000,248000.0,3.0,1.0,950,9400,1.0,0,0,4,7,950,0,1954,0,98006,47.5746,-122.136,1260,9400
6060,6060,3179102155,20150108T000000,760000.0,4.0,3.5,3000,5300,1.0,0,0,5,7,1780,1220,1949,0,98115,47.6748,-122.279,1360,5450
6061,6061,937000280,20150220T000000,199000.0,4.0,1.0,1280,10521,1.5,0,0,3,7,1280,0,1960,0,98198,47.4215,-122.289,1540,9384
6062,6062,5379805253,20141020T000000,240000.0,2.0,1.0,870,8400,1.0,0,0,3,7,870,0,1960,0,98188,47.4493,-122.282,1070,12465
6063,6063,6821102340,20150504T000000,415000.0,3.0,1.5,1360,1795,2.0,0,0,3,7,1360,0,1945,0,98199,47.6471,-122.397,1580,1795
6064,6064,7229900250,20141202T000000,228000.0,3.0,1.0,1000,16376,1.0,0,0,3,7,1000,0,1959,0,98059,47.4825,-122.108,1420,16192
6065,6065,7287100177,20150225T000000,525000.0,4.0,2.5,2740,12106,1.0,0,0,3,8,1980,760,1992,0,98133,47.7648,-122.355,2170,11156
6066,6066,8820900670,20140623T000000,399950.0,3.0,1.75,1560,5223,1.0,0,0,4,7,810,750,1940,0,98125,47.7175,-122.288,1440,8491
6067,6067,3275850020,20150413T000000,781000.0,4.0,2.5,2590,8571,2.0,0,0,3,9,2590,0,1988,0,98052,47.691,-122.105,2360,8155
6068,6068,9528100899,20150428T000000,827000.0,3.0,2.5,1850,1330,2.5,0,0,3,9,1560,290,2004,0,98115,47.6831,-122.325,1810,2071
6069,6069,7016000440,20140716T000000,525000.0,5.0,2.25,2500,8621,1.5,0,0,4,7,2500,0,1968,0,98034,47.7379,-122.185,1980,7395
6070,6070,7202340010,20150224T000000,671300.0,4.0,2.5,3280,5232,2.0,0,0,3,7,3280,0,2004,0,98053,47.6798,-122.033,2600,5080
6071,6071,6911700066,20140604T000000,175000.0,2.0,1.0,670,2378,1.0,0,0,3,5,670,0,1919,0,98126,47.5769,-122.372,700,2970
6072,6072,7511000050,20150302T000000,1100000.0,5.0,2.75,2890,22547,1.0,0,0,4,10,2150,740,1963,0,98040,47.5476,-122.219,3010,17809
6073,6073,2925059260,20150506T000000,800000.0,5.0,2.5,3000,10560,1.0,0,0,3,8,1500,1500,1966,0,98004,47.6249,-122.206,2690,11616
6074,6074,3558000170,20140711T000000,329950.0,4.0,2.5,1920,4600,2.0,0,0,3,7,1920,0,2002,0,98038,47.3795,-122.023,2200,6600
6075,6075,8651730290,20140805T000000,445000.0,4.0,3.25,1960,7200,2.0,0,0,3,7,1960,0,1979,0,98034,47.7291,-122.218,1980,7529
6076,6076,9197100263,20140819T000000,237000.0,3.0,1.75,2000,12208,1.0,0,0,3,7,1140,860,1979,0,98032,47.3752,-122.236,1060,8194
6077,6077,8941100095,20140923T000000,1112500.0,6.0,4.0,3600,6224,2.0,0,0,3,9,2610,990,1945,2006,98199,47.6531,-122.405,1430,6224
6078,6078,2781100080,20141210T000000,438900.0,4.0,2.5,2740,5700,2.0,0,0,3,9,2740,0,2006,0,98038,47.3535,-122.026,3010,5281
6079,6079,9822700190,20140808T000000,1280000.0,9.0,4.5,3650,5000,2.0,0,0,3,8,2530,1120,1915,2010,98105,47.6604,-122.289,2510,5000
6080,6080,3630030290,20141017T000000,600000.0,4.0,2.5,2310,3866,2.0,0,0,3,8,2310,0,2005,0,98029,47.5498,-121.996,1950,4023
6081,6081,9510910250,20150120T000000,670000.0,4.0,2.5,2095,4569,2.0,0,0,3,9,2095,0,2002,0,98052,47.6603,-122.087,2095,4385
6082,6082,8682231330,20150504T000000,519000.0,2.0,2.0,1560,4823,1.0,0,0,3,8,1560,0,2004,0,98053,47.7111,-122.032,1855,4989
6083,6083,2473480780,20150311T000000,320000.0,3.0,2.25,1880,7350,1.0,0,0,3,8,1390,490,1984,0,98058,47.4457,-122.123,1910,8400
6084,6084,8641500280,20140522T000000,270000.0,2.0,1.5,840,867,2.0,0,0,3,7,840,0,2005,0,98115,47.6955,-122.304,840,1322
6085,6085,7605800050,20140602T000000,1000000.0,3.0,2.5,2730,5832,2.0,0,0,3,9,2730,0,1998,0,98005,47.6216,-122.161,2360,5832
6086,6086,9828200525,20140815T000000,330000.0,1.0,1.0,860,4800,1.0,0,0,3,6,860,0,1907,0,98122,47.6146,-122.299,1380,4800
6087,6087,7971300050,20140710T000000,657500.0,3.0,2.0,2320,10960,1.0,0,0,3,7,1510,810,1956,0,98005,47.6157,-122.174,2160,10960
6088,6088,126049169,20140828T000000,450000.0,3.0,1.75,1540,61419,1.0,0,0,3,7,1540,0,1967,0,98028,47.7663,-122.228,3790,8529
6089,6089,5062300280,20150416T000000,150000.0,3.0,1.0,890,6488,1.5,0,0,3,5,890,0,1928,0,98014,47.7087,-121.352,1330,16250
6090,6090,7167000020,20140616T000000,792500.0,4.0,2.5,4290,175421,2.0,0,0,3,10,4290,0,2004,0,98010,47.3585,-121.988,3370,63162
6091,6091,3303910010,20150220T000000,540000.0,3.0,2.5,1950,13227,2.0,0,0,4,9,1950,0,1978,0,98034,47.7217,-122.256,2650,12943
6092,6092,2268000050,20140721T000000,229900.0,3.0,1.0,1010,8848,1.0,0,0,4,7,1010,0,1968,0,98003,47.2742,-122.299,1380,10650
6093,6093,8857640170,20150506T000000,533000.0,4.0,2.5,2830,6536,2.0,0,0,3,8,2830,0,2003,0,98038,47.3888,-122.032,2830,6872
6094,6094,7806210190,20141222T000000,239000.0,4.0,1.75,1500,12560,1.0,0,0,4,7,1000,500,1977,0,98002,47.2918,-122.197,1700,9020
6095,6095,9206700190,20150306T000000,713900.0,3.0,2.5,3370,167706,1.0,0,0,3,10,3370,0,2000,0,98038,47.4379,-122.022,3350,213444
6096,6096,4136930190,20141028T000000,427500.0,4.0,2.5,3160,8726,2.0,0,0,3,9,3160,0,1999,0,98092,47.2582,-122.223,2500,8648
6097,6097,5666300010,20140722T000000,302000.0,3.0,1.0,1110,7000,1.5,0,0,4,7,1110,0,1955,0,98133,47.754,-122.341,1800,7000
6098,6098,1424059022,20140708T000000,1150000.0,3.0,2.5,3830,48743,2.0,0,0,3,11,3830,0,1991,0,98006,47.5663,-122.125,2950,8299
6099,6099,6204050080,20140528T000000,555000.0,3.0,2.5,3160,4270,2.0,0,0,3,8,2650,510,2006,0,98011,47.7453,-122.194,2720,12523
6100,6100,7128300500,20141230T000000,495000.0,3.0,2.25,2100,3000,2.0,0,0,3,7,2100,0,1996,0,98144,47.595,-122.306,1650,4500
6101,6101,1233100642,20140722T000000,495000.0,3.0,1.5,2240,13288,1.0,0,0,3,7,2240,0,1953,0,98033,47.6762,-122.17,2150,9900
6102,6102,222029026,20140917T000000,340000.0,2.0,0.75,1060,48292,1.0,1,2,5,6,560,500,1947,0,98070,47.4285,-122.511,750,80201
6103,6103,9485940290,20150512T000000,464950.0,4.0,2.25,2350,36116,1.0,0,0,4,9,2350,0,1983,0,98042,47.3533,-122.082,2580,36116
6104,6104,4136890280,20150327T000000,320000.0,4.0,2.5,1940,7040,2.0,0,0,3,8,1940,0,1998,0,98092,47.2632,-122.209,2400,7145
6105,6105,1775500050,20150129T000000,440000.0,1.0,1.0,1160,64469,1.0,0,0,3,7,1160,0,2009,0,98072,47.7433,-122.082,1580,48352
6106,6106,7611200086,20140602T000000,686000.0,3.0,1.5,1840,9990,2.0,0,0,5,8,1840,0,1961,0,98177,47.7145,-122.369,2100,12474
6107,6107,3376600010,20141201T000000,555000.0,4.0,1.75,2260,11000,1.0,0,0,3,8,1620,640,1976,0,98008,47.6224,-122.109,1960,10000
6108,6108,7519001990,20141027T000000,361500.0,2.0,1.0,840,3860,1.0,0,0,4,6,840,0,1909,0,98117,47.6842,-122.365,1390,3860
6109,6109,7613700950,20140610T000000,1240000.0,5.0,3.0,2830,7500,2.0,0,0,3,9,2460,370,1923,0,98105,47.6579,-122.277,2900,5000
6110,6110,3802000020,20140709T000000,154950.0,4.0,1.0,1600,10183,1.0,0,0,4,6,1600,0,1966,0,98002,47.277,-122.211,1410,10416
6111,6111,1796360470,20140617T000000,247200.0,3.0,1.75,1370,8719,1.0,0,0,3,7,1370,0,1982,0,98042,47.3664,-122.087,1370,7525
6112,6112,8732160050,20140822T000000,250000.0,3.0,2.25,1960,7414,1.0,0,0,3,7,1490,470,1984,0,98023,47.2977,-122.374,1580,8038
6113,6113,5249800345,20140619T000000,590300.0,3.0,1.5,1470,7200,2.0,0,0,4,7,1470,0,1907,0,98118,47.5602,-122.28,1530,7200
6114,6114,6071200545,20140505T000000,541125.0,5.0,2.75,2740,8426,1.0,0,0,4,8,1370,1370,1960,0,98006,47.5563,-122.184,2020,8783
6115,6115,291300280,20150218T000000,310000.0,2.0,2.5,1090,923,2.0,0,0,3,7,1090,0,2004,0,98027,47.5347,-122.071,1410,1326
6116,6116,3261000080,20150310T000000,704111.0,4.0,2.75,2460,9520,1.0,0,1,3,8,1680,780,1976,0,98034,47.7021,-122.233,2380,9600
6117,6117,321049127,20141028T000000,277500.0,3.0,2.25,1820,19602,1.0,0,0,4,7,1820,0,1964,0,98001,47.331,-122.286,1520,8773
6118,6118,5379804393,20150217T000000,325000.0,4.0,2.75,1960,8937,1.0,0,0,5,7,980,980,1954,0,98188,47.451,-122.278,1480,10016
6119,6119,1559900080,20141121T000000,289200.0,3.0,2.25,1760,7023,2.0,0,0,3,7,1760,0,1995,0,98019,47.7468,-121.98,1760,7082
6120,6120,7135300275,20140904T000000,185000.0,1.0,1.0,720,5000,1.0,0,0,4,6,720,0,1908,0,98118,47.5289,-122.272,1170,5000
6121,6121,1377300005,20150401T000000,1445000.0,4.0,3.5,3470,8580,2.0,0,0,3,11,2500,970,2007,0,98199,47.6433,-122.403,1940,7920
6122,6122,6668900020,20150318T000000,420550.0,4.0,2.0,1370,8100,1.0,0,0,2,7,1370,0,1947,0,98155,47.749,-122.312,1280,8100
6123,6123,326049024,20150410T000000,603000.0,4.0,2.25,2370,11310,1.0,0,0,3,8,1550,820,1968,0,98155,47.7684,-122.289,1890,8621
6124,6124,7942600006,20141126T000000,345000.0,3.0,1.0,1390,2640,1.5,0,0,3,7,1230,160,1903,0,98122,47.6078,-122.307,1780,3920
6125,6125,6430500233,20150416T000000,650000.0,3.0,2.0,1840,3075,1.0,0,0,5,7,920,920,1928,0,98103,47.6894,-122.35,1480,3774
6126,6126,7701800050,20140625T000000,589950.0,5.0,3.0,2790,19439,1.0,0,3,5,7,1500,1290,1973,0,98058,47.4088,-122.089,1620,19439
6127,6127,8165501640,20140819T000000,309950.0,2.0,2.25,1460,1607,2.0,0,0,3,8,1460,0,2007,0,98106,47.5395,-122.369,1460,1826
6128,6128,2623069069,20140911T000000,775000.0,3.0,2.5,2620,241200,1.5,0,0,4,9,2620,0,1998,0,98027,47.4574,-122.01,2620,172933
6129,6129,8024201870,20141029T000000,590000.0,4.0,1.5,2230,5109,1.5,0,0,3,7,1330,900,1918,0,98115,47.6996,-122.31,1630,5109
6130,6130,9126101511,20150428T000000,863500.0,4.0,3.0,3250,2760,2.5,0,0,3,8,2420,830,1905,2007,98122,47.6104,-122.303,1260,2780
6131,6131,1377800010,20141119T000000,517500.0,3.0,1.0,1190,7000,1.0,0,0,3,7,1190,0,1943,0,98199,47.6453,-122.403,1350,7000
6132,6132,6813600380,20141224T000000,700000.0,3.0,3.0,2090,7440,1.5,0,0,5,7,1290,800,1922,0,98103,47.6891,-122.331,1570,4960
6133,6133,923000280,20140722T000000,699000.0,3.0,2.5,2580,8154,1.0,0,0,3,10,2090,490,1956,1997,98177,47.7259,-122.361,1660,8155
6134,6134,255550190,20140722T000000,350000.0,3.0,2.5,2100,3574,2.0,0,0,3,7,1690,410,2005,0,98019,47.7453,-121.984,1970,2962
6135,6135,1829300130,20140717T000000,795000.0,4.0,2.5,3160,16564,2.0,0,0,3,10,3160,0,1987,0,98074,47.6365,-122.04,3160,12415
6136,6136,3645500050,20140514T000000,543000.0,3.0,2.5,2090,7640,1.0,0,0,3,7,1360,730,1962,2014,98133,47.7369,-122.338,2090,7668
6137,6137,1518000080,20150223T000000,325000.0,3.0,2.5,1570,3143,2.0,0,0,3,7,1570,0,2001,0,98019,47.7364,-121.969,1740,3591
6138,6138,7883605915,20150508T000000,337500.0,3.0,1.0,1020,6000,1.5,0,0,3,7,1020,0,1900,0,98108,47.5254,-122.318,1240,6000
6139,6139,1112700170,20150227T000000,425000.0,2.0,1.0,1300,11080,1.0,0,0,4,7,1300,0,1955,0,98034,47.7281,-122.233,1600,9259
6140,6140,8965500020,20150317T000000,780000.0,3.0,2.5,2110,9773,1.0,0,0,3,9,2110,0,1986,0,98006,47.5628,-122.115,2560,11787
6141,6141,323059167,20140723T000000,259000.0,2.0,1.0,1210,17389,1.0,0,0,4,5,1210,0,1948,0,98059,47.5044,-122.148,2140,14419
6142,6142,1951700480,20140813T000000,524400.0,4.0,1.75,1990,12950,1.0,0,0,4,8,1850,140,1968,0,98006,47.5434,-122.166,2090,12850
6143,6143,2005950050,20140527T000000,260000.0,3.0,2.0,1630,8018,1.0,0,0,3,7,1630,0,2003,0,98001,47.2638,-122.243,1610,8397
6144,6144,9406500480,20150420T000000,273000.0,2.0,2.0,1384,1822,2.0,0,0,3,7,1384,0,1990,0,98028,47.7525,-122.244,1078,1315
6145,6145,3522049063,20150402T000000,639900.0,4.0,2.5,3380,75794,2.0,0,0,3,10,3380,0,1997,0,98001,47.3511,-122.266,3710,17913
6146,6146,2085700050,20140826T000000,420000.0,4.0,2.5,2480,8626,2.0,0,0,3,10,2480,0,2001,0,98001,47.3185,-122.262,2990,9033
6147,6147,6751300130,20140813T000000,510500.0,3.0,1.0,1270,8000,1.0,0,0,4,7,1270,0,1957,0,98007,47.5874,-122.136,1470,8000
6148,6148,2610100020,20150408T000000,290000.0,4.0,1.0,1010,7200,1.5,0,0,3,6,1010,0,1947,0,98155,47.742,-122.325,1360,7200
6149,6149,9476200680,20150428T000000,226000.0,3.0,1.75,1490,6269,1.0,0,0,4,6,990,500,1944,0,98056,47.4917,-122.188,1490,7722
6150,6150,6145600285,20140529T000000,300000.0,2.0,1.0,820,3844,1.0,0,0,4,6,820,0,1916,0,98133,47.7049,-122.349,1520,3844
6151,6151,203900460,20140728T000000,407450.0,3.0,2.0,1810,10860,1.0,0,0,3,7,1810,0,1967,0,98053,47.6393,-121.967,1420,11982
6152,6152,7878400022,20150506T000000,390000.0,4.0,2.25,3060,7920,1.0,0,0,3,7,1530,1530,1965,0,98178,47.4879,-122.245,1850,7800
6153,6153,3585900460,20150501T000000,1058800.0,6.0,2.75,2980,20000,1.0,0,4,3,8,2130,850,1965,0,98177,47.7599,-122.375,2730,20000
6154,6154,1321720170,20140817T000000,610000.0,3.0,2.5,3440,18167,2.0,0,0,3,11,3440,0,1991,0,98023,47.2909,-122.342,3990,20239
6155,6155,236400130,20150123T000000,239975.0,3.0,2.5,1820,7242,1.0,0,0,3,7,1220,600,1959,0,98188,47.4318,-122.292,1350,8214
6156,6156,4141680190,20140807T000000,375000.0,3.0,2.5,2320,5760,1.0,0,0,3,7,1480,840,1987,0,98178,47.504,-122.248,1660,5762
6157,6157,3629980440,20150428T000000,742500.0,4.0,2.5,2620,4400,2.0,0,0,3,9,2620,0,2004,0,98029,47.5524,-121.991,2640,4554
6158,6158,1223039173,20150429T000000,450000.0,4.0,1.75,2190,11625,1.0,0,0,4,8,2020,170,1956,0,98146,47.4979,-122.363,1920,8855
6159,6159,2473000130,20140626T000000,300000.0,3.0,2.25,1780,10395,1.0,0,0,3,8,1780,0,1967,0,98058,47.4539,-122.15,2080,9360
6160,6160,2893000280,20150501T000000,216600.0,3.0,1.75,2200,7700,1.0,0,0,3,7,1240,960,1975,0,98031,47.4119,-122.181,1770,7360
6161,6161,7977201845,20140514T000000,525000.0,3.0,1.75,1600,6120,1.5,0,0,3,7,1600,0,1924,0,98115,47.6847,-122.291,1670,4590
6162,6162,4197400005,20140620T000000,455000.0,4.0,2.25,2450,21000,1.0,0,2,4,8,1650,800,1954,0,98166,47.4559,-122.344,1820,12480
6163,6163,5561200980,20141003T000000,390000.0,4.0,2.25,2680,35218,2.0,0,0,3,8,2680,0,1986,0,98027,47.4613,-121.997,2980,35218
6164,6164,3039000020,20140916T000000,450000.0,3.0,1.75,1850,8667,1.0,0,0,4,7,880,970,1982,0,98033,47.7025,-122.198,1450,10530
6165,6165,6840701100,20141202T000000,382000.0,4.0,1.0,1740,4400,1.5,0,0,3,7,1740,0,1924,0,98122,47.6058,-122.3,1590,4400
6166,6166,2130410050,20140513T000000,287000.0,3.0,2.25,1490,9600,1.0,0,0,4,7,1170,320,1987,0,98019,47.7378,-121.977,1590,10104
6167,6167,1924079091,20150113T000000,460000.0,4.0,2.0,1960,190357,1.0,0,3,2,8,1960,0,1971,0,98027,47.5538,-121.958,2560,189100
6168,6168,3570300080,20141028T000000,435000.0,3.0,2.25,1380,3015,2.0,0,0,3,7,1380,0,2009,0,98052,47.6783,-122.157,1930,3612
6169,6169,2321300351,20140612T000000,575000.0,2.0,1.0,1510,4032,1.5,0,0,3,8,1310,200,1935,0,98199,47.6371,-122.393,1700,4042
6170,6170,2652501630,20150504T000000,626700.0,3.0,1.5,1410,3600,1.0,0,0,3,7,1410,0,1906,0,98109,47.6402,-122.357,1370,3600
6171,6171,3810000020,20150318T000000,352000.0,4.0,1.5,1440,8680,1.5,0,0,3,7,1440,0,1922,0,98178,47.502,-122.228,1440,9000
6172,6172,8084400010,20150316T000000,650000.0,3.0,1.0,920,6750,1.0,0,0,4,7,920,0,1951,0,98004,47.6322,-122.212,1460,8933
6173,6173,304000380,20141006T000000,197000.0,3.0,1.0,1090,17630,1.0,0,0,4,7,1090,0,1962,0,98002,47.288,-122.196,1300,12000
6174,6174,1873400020,20140703T000000,340000.0,8.0,2.75,2790,6695,1.0,0,0,3,7,1470,1320,1977,0,98133,47.7565,-122.331,1760,7624
6175,6175,4359700080,20140721T000000,560000.0,3.0,2.0,1840,14985,1.0,0,0,3,7,1840,0,1968,0,98033,47.6916,-122.158,2300,16067
6176,6176,1727500010,20150107T000000,354000.0,3.0,1.75,1340,6300,1.0,0,0,3,7,1340,0,1972,0,98034,47.7186,-122.218,1780,7200
6177,6177,8651610680,20140801T000000,670000.0,4.0,2.5,2570,9086,2.0,0,0,3,9,2570,0,1999,0,98074,47.6373,-122.064,2760,6733
6178,6178,3629970190,20150126T000000,769000.0,4.0,3.5,3010,6202,2.0,0,0,3,9,3010,0,2005,0,98029,47.5533,-121.993,2520,5001
6179,6179,9136102057,20140905T000000,650000.0,4.0,2.5,2160,3139,1.0,0,0,3,7,1080,1080,1940,0,98103,47.6662,-122.338,1650,3740
6180,6180,1266200130,20140615T000000,650000.0,3.0,1.75,2140,9484,1.0,0,0,3,7,1290,850,1953,0,98004,47.6234,-122.191,1960,9630
6181,6181,2787310130,20141212T000000,289950.0,4.0,1.75,2090,7416,1.0,0,0,4,7,1050,1040,1970,0,98031,47.4107,-122.179,1710,7527
6182,6182,8645511350,20141201T000000,300000.0,3.0,1.75,1810,21138,1.0,0,0,4,7,1240,570,1977,0,98058,47.4674,-122.178,1850,12200
6183,6183,9284801435,20141203T000000,471000.0,4.0,1.75,1760,5750,1.0,0,2,5,7,1070,690,1962,0,98126,47.5521,-122.373,1860,5750
6184,6184,3905010010,20140718T000000,639000.0,4.0,2.5,2500,8540,2.0,0,0,3,9,2500,0,1990,0,98029,47.5759,-121.994,2560,8475
6185,6185,4058801310,20141009T000000,287000.0,2.0,1.0,930,6900,1.0,0,2,3,7,930,0,1952,0,98178,47.506,-122.242,1910,7194
6186,6186,6705850020,20150401T000000,740000.0,4.0,2.5,3030,8335,2.0,0,0,3,10,3030,0,1992,0,98075,47.578,-122.056,2850,8678
6187,6187,1623800440,20150417T000000,499922.0,3.0,2.0,1460,3000,1.0,0,0,4,7,940,520,1990,0,98117,47.682,-122.365,1460,3000
6188,6188,3904902500,20141219T000000,675000.0,4.0,2.5,2940,14071,2.0,0,0,3,9,2940,0,1986,0,98029,47.5627,-122.018,2670,10982
6189,6189,7308600050,20140909T000000,738515.0,5.0,2.75,3360,9200,2.0,0,0,3,9,3360,0,2014,0,98011,47.7754,-122.173,3360,9713
6190,6190,5679501310,20141030T000000,445000.0,3.0,1.75,2110,4800,1.0,0,0,3,8,1210,900,1956,0,98108,47.567,-122.318,1660,4800
6191,6191,3935900005,20150501T000000,1039000.0,4.0,2.25,2740,11343,1.0,0,2,5,10,1980,760,1953,0,98125,47.7117,-122.278,2790,10027
6192,6192,3726800285,20141001T000000,346000.0,2.0,1.0,1070,2196,1.0,0,0,4,7,880,190,1917,0,98144,47.5726,-122.308,1160,3600
6193,6193,1183000005,20150408T000000,450000.0,3.0,2.0,1680,4886,2.0,0,0,3,7,1180,500,1940,0,98118,47.5536,-122.286,1400,4900
6194,6194,5469502780,20140812T000000,350000.0,4.0,2.5,2260,13755,1.0,0,0,4,9,2260,0,1975,0,98042,47.3767,-122.161,2650,13650
6195,6195,9185700440,20140728T000000,2400000.0,4.0,3.5,5860,7200,2.0,0,0,5,10,3690,2170,1907,0,98112,47.6287,-122.287,4150,7200
6196,6196,629600130,20140801T000000,594950.0,4.0,2.25,2380,35008,1.0,0,0,3,8,2380,0,1977,0,98075,47.5834,-122.001,2250,34794
6197,6197,9178601660,20150514T000000,1695000.0,5.0,3.0,3320,5354,2.0,0,0,3,9,3320,0,2004,0,98103,47.6542,-122.331,2330,4040
6198,6198,2191600780,20141010T000000,219000.0,2.0,1.0,1050,9000,1.5,0,0,4,7,1050,0,1984,0,98003,47.2887,-122.299,1550,9600
6199,6199,7852180430,20150409T000000,450000.0,4.0,2.5,2070,3982,2.0,0,0,3,7,2070,0,2004,0,98065,47.531000000000006,-121.854,2340,4067
6200,6200,8155820080,20150415T000000,402000.0,4.0,2.25,1790,7311,2.0,0,0,3,7,1790,0,1992,0,98056,47.5055,-122.189,1400,7203
6201,6201,5248800440,20150217T000000,275000.0,2.0,1.0,840,4000,1.0,0,0,3,6,840,0,1942,0,98108,47.5531,-122.307,1100,4000
6202,6202,9818700430,20141001T000000,421500.0,3.0,1.5,990,4500,1.0,0,0,5,7,990,0,1948,0,98122,47.6051,-122.298,1490,4000
6203,6203,425079099,20140507T000000,560000.0,3.0,3.0,4120,60392,2.0,0,2,3,9,3180,940,1994,0,98014,47.6804,-121.913,2770,64033
6204,6204,5127000670,20150318T000000,314000.0,3.0,1.75,1620,9600,1.0,0,0,4,7,1620,0,1966,0,98059,47.4749,-122.155,1660,10200
6205,6205,6341000221,20150423T000000,287000.0,4.0,2.0,1340,8190,1.0,0,0,4,7,1340,0,1942,0,98146,47.4905,-122.343,1410,9721
6206,6206,7231501665,20150403T000000,277000.0,4.0,1.0,1500,5750,1.5,0,0,3,6,1500,0,1925,0,98055,47.4768,-122.206,1330,5750
6207,6207,5014000225,20141222T000000,337500.0,2.0,1.0,1300,6731,1.0,0,0,3,7,1300,0,1950,0,98116,47.5697,-122.395,1240,6731
6208,6208,4401200130,20140819T000000,792000.0,4.0,2.75,3100,10245,2.0,0,0,3,10,3100,0,1999,0,98052,47.6858,-122.107,3140,9028
6209,6209,1558500050,20141113T000000,435000.0,3.0,2.5,3380,7074,2.0,0,0,3,8,2200,1180,1999,0,98019,47.7462,-121.978,2060,6548
6210,6210,8899000050,20150325T000000,313100.0,4.0,2.5,2660,9030,1.0,0,0,4,7,1450,1210,1977,0,98055,47.4558,-122.212,1870,9030
6211,6211,2877102846,20140625T000000,575000.0,3.0,2.25,1700,3333,1.5,0,0,3,7,1100,600,1924,0,98117,47.6784,-122.361,1700,3750
6212,6212,7280300080,20150202T000000,510000.0,4.0,2.5,1840,7800,1.0,0,2,3,8,1240,600,1972,0,98177,47.7762,-122.384,2010,9100
6213,6213,3624039073,20150319T000000,299950.0,2.0,1.0,890,5200,1.0,0,0,4,6,890,0,1941,0,98126,47.5311,-122.373,950,5200
6214,6214,3271300345,20150323T000000,1028000.0,3.0,3.0,2800,5800,1.0,0,0,3,9,1580,1220,1953,2010,98199,47.6493,-122.413,2580,5800
6215,6215,6190701483,20140514T000000,364000.0,4.0,1.75,2010,8625,1.0,0,0,4,7,1340,670,1957,0,98133,47.7496,-122.355,1500,8400
6216,6216,414100630,20140729T000000,335000.0,3.0,1.0,1380,7470,1.0,0,0,5,7,1380,0,1965,0,98133,47.7479,-122.343,1440,7473
6217,6217,7686202275,20141209T000000,219950.0,3.0,1.0,1210,8000,1.0,0,0,3,6,1210,0,1954,0,98198,47.4211,-122.314,1430,8000
6218,6218,5113260170,20150113T000000,215000.0,3.0,2.0,1280,6994,1.0,0,0,3,7,1280,0,1991,0,98038,47.3889,-122.048,1290,7514
6219,6219,2421059090,20150511T000000,640000.0,4.0,2.5,4090,215186,2.0,0,0,4,8,3670,420,1979,0,98092,47.2964,-122.116,2430,142005
6220,6220,2770601734,20140630T000000,535000.0,3.0,1.0,1580,6300,1.0,0,0,3,7,1180,400,1925,0,98199,47.6505,-122.384,1560,1601
6221,6221,4222310290,20140819T000000,253000.0,4.0,2.0,1910,7826,1.0,0,0,4,7,1140,770,1973,0,98003,47.3493,-122.306,1540,7826
6222,6222,5016001060,20140530T000000,650000.0,2.0,2.5,1740,2500,2.0,0,2,3,8,1210,530,1994,0,98112,47.622,-122.3,1640,2500
6223,6223,5445300050,20150408T000000,672000.0,3.0,2.25,1130,4445,1.5,0,0,4,8,1130,0,1930,0,98117,47.6845,-122.375,1330,4445
6224,6224,7370600020,20141007T000000,606000.0,3.0,1.75,1970,8540,1.0,0,3,4,8,1130,840,1950,0,98177,47.7213,-122.365,2280,8540
6225,6225,5127000470,20150305T000000,292000.0,3.0,2.25,1780,9720,1.0,0,0,3,8,1280,500,1981,0,98059,47.4762,-122.156,1710,9790
6226,6226,1330250010,20140604T000000,289950.0,3.0,2.0,1670,7757,1.0,0,0,3,8,1670,0,1992,0,98030,47.3802,-122.207,2290,7859
6227,6227,1898600050,20140722T000000,257500.0,4.0,1.5,1360,9323,1.0,0,0,4,7,1360,0,1968,0,98023,47.3168,-122.401,1180,9611
6228,6228,9561100010,20141104T000000,380000.0,3.0,2.5,1840,6985,1.0,0,0,3,7,1290,550,1971,0,98133,47.7586,-122.342,2160,7990
6229,6229,9524100050,20141222T000000,360000.0,3.0,1.75,1255,1113,3.0,0,0,3,8,1255,0,2010,0,98103,47.6958,-122.343,1010,1038
6230,6230,2212200500,20140623T000000,269500.0,3.0,1.75,1840,7412,1.0,0,0,4,7,1240,600,1976,0,98031,47.3933,-122.188,1980,7350
6231,6231,5416500680,20140630T000000,449000.0,4.0,2.5,2960,6031,2.0,0,0,3,9,2960,0,2005,0,98038,47.3596,-122.04,2570,5012
6232,6232,6412600005,20141003T000000,375000.0,4.0,1.5,1430,7232,1.5,0,0,3,7,1430,0,1948,0,98125,47.7197,-122.328,1540,7232
6233,6233,2024069008,20140619T000000,2200000.0,5.0,4.75,5990,10450,2.0,1,4,3,11,4050,1940,2002,0,98027,47.5554,-122.077,3330,14810
6234,6234,2195700050,20140519T000000,810000.0,4.0,2.5,3480,59242,2.0,0,0,3,11,3480,0,1988,0,98072,47.7391,-122.102,2930,39400
6235,6235,1437580480,20140918T000000,994000.0,5.0,3.25,4260,7861,2.0,0,0,3,10,4260,0,2005,0,98074,47.611,-121.992,4020,7528
6236,6236,2796100680,20150225T000000,275000.0,5.0,2.25,1820,10500,1.0,0,0,4,7,1080,740,1979,0,98031,47.4058,-122.177,1820,7500
6237,6237,7203102140,20150429T000000,300000.0,2.0,1.0,1290,2482,2.0,0,0,3,7,1290,0,2008,0,98053,47.6972,-122.025,1290,2482
6238,6238,40000235,20150414T000000,380000.0,5.0,2.5,2130,8428,2.0,0,0,3,7,2130,0,2013,0,98168,47.4726,-122.282,1500,11810
6239,6239,2946000285,20150302T000000,200000.0,3.0,2.0,1170,10051,1.0,0,0,4,7,1170,0,1957,0,98198,47.4229,-122.324,1440,9800
6240,6240,6848200221,20140902T000000,635000.0,3.0,3.5,1730,1349,3.0,0,0,3,9,1350,380,2009,0,98102,47.6224,-122.326,1830,3300
6241,6241,952004725,20141106T000000,280000.0,2.0,1.0,880,5750,1.0,0,0,3,6,880,0,1939,0,98126,47.5642,-122.379,1190,5750
6242,6242,7852110050,20140625T000000,574000.0,3.0,2.5,2380,6832,2.0,0,0,3,8,2380,0,2002,0,98065,47.5372,-121.876,2580,6832
6243,6243,5536100010,20150204T000000,1050000.0,4.0,1.0,1330,9729,1.0,0,0,3,6,1330,0,1952,0,98004,47.6223,-122.208,2920,10353
6244,6244,5703000050,20140508T000000,545000.0,3.0,2.25,1780,191228,2.0,0,2,3,8,1780,0,1988,0,98045,47.4575,-121.748,2440,87120
6245,6245,6071800480,20150327T000000,271950.0,3.0,1.5,1220,8400,1.0,0,0,4,7,1220,0,1962,0,98006,47.5467,-122.173,2110,9119
6246,6246,1954600050,20140716T000000,630000.0,5.0,1.75,2490,24969,1.0,0,2,4,8,1540,950,1959,0,98023,47.336000000000006,-122.35,2790,15600
6247,6247,3819800280,20140819T000000,400000.0,2.0,1.0,1180,10800,1.0,0,0,3,7,1180,0,1984,0,98011,47.7273,-122.236,1600,10800
6248,6248,7300400170,20140910T000000,334000.0,4.0,2.5,2310,6200,2.0,0,0,3,8,2310,0,1998,0,98092,47.3321,-122.172,2480,6200
6249,6249,9834201100,20141222T000000,332500.0,4.0,2.0,1440,4855,2.0,0,0,4,7,1440,0,1972,0,98144,47.5717,-122.287,1300,4080
6250,6250,8850000509,20140923T000000,525000.0,2.0,1.5,1620,1444,2.0,0,0,3,9,1080,540,2007,0,98144,47.5892,-122.309,1660,1642
6251,6251,4123840470,20150224T000000,408000.0,3.0,2.5,2620,8403,2.0,0,0,3,8,2620,0,1991,0,98038,47.3675,-122.042,2190,7842
6252,6252,1150900080,20150427T000000,846450.0,4.0,2.5,3710,7491,2.0,0,0,3,9,3710,0,2003,0,98029,47.5596,-122.016,3040,7491
6253,6253,514500235,20141020T000000,411100.0,3.0,1.5,1040,10323,1.0,0,0,4,7,1040,0,1958,0,98005,47.5882,-122.155,1580,7200
6254,6254,1522059120,20140709T000000,409124.0,5.0,3.25,3320,11340,2.0,0,0,4,8,2480,840,1999,0,98042,47.3904,-122.154,2330,8339
6255,6255,2895600680,20140707T000000,335950.0,2.0,1.5,800,5192,1.0,0,0,5,7,800,0,1951,0,98146,47.5119,-122.386,1190,5320
6256,6256,8087800480,20150331T000000,480000.0,5.0,2.5,2040,9597,1.0,0,0,4,7,1240,800,1963,0,98052,47.6544,-122.134,1800,8553
6257,6257,7931000066,20141224T000000,280000.0,2.0,1.75,1960,30144,1.0,0,0,3,7,980,980,1957,0,98031,47.4234,-122.212,1960,10140
6258,6258,5406500480,20140721T000000,668000.0,4.0,2.5,2670,4410,2.0,0,0,3,8,2670,0,1999,0,98075,47.5978,-122.038,2670,4410
6259,6259,2540820010,20150427T000000,750000.0,4.0,2.5,2930,8641,2.0,0,0,3,8,2930,0,2010,0,98034,47.7199,-122.246,2120,11175
6260,6260,3300700470,20140514T000000,394475.0,2.0,1.0,830,4000,1.0,0,0,3,6,830,0,1955,0,98117,47.6929,-122.379,950,4000
6261,6261,8823902005,20150326T000000,848000.0,5.0,1.75,2290,4320,2.0,0,0,3,7,1980,310,1928,0,98105,47.664,-122.31,2870,4320
6262,6262,6003001760,20140924T000000,675000.0,3.0,1.5,2510,3600,2.5,0,0,4,8,2510,0,1907,0,98112,47.6195,-122.313,1740,1885
6263,6263,1432400095,20141106T000000,175000.0,3.0,1.0,1280,7572,1.0,0,0,4,6,1280,0,1958,0,98058,47.4491,-122.176,1170,7667
6264,6264,2483700095,20141106T000000,560000.0,4.0,1.5,1810,6000,1.0,0,1,3,8,1350,460,1952,0,98136,47.5233,-122.386,2020,6000
6265,6265,6600220380,20140531T000000,538888.0,5.0,2.75,2080,13189,2.0,0,0,3,8,2080,0,1987,0,98074,47.6288,-122.031,2030,11847
6266,6266,3990200020,20140908T000000,359000.0,4.0,1.75,1680,9244,2.0,0,0,3,8,1680,0,1991,0,98166,47.4612,-122.352,1840,9387
6267,6267,112900020,20140701T000000,300000.0,3.0,2.25,1660,5128,2.0,0,0,3,7,1660,0,2001,0,98019,47.7362,-121.967,1680,4652
6268,6268,8700110020,20140917T000000,273000.0,3.0,2.5,1650,5994,2.0,0,0,4,7,1650,0,1989,0,98030,47.3603,-122.19,1930,6666
6269,6269,9831200221,20140710T000000,670000.0,3.0,2.5,1420,1438,2.0,0,0,3,9,1280,140,2003,0,98102,47.6265,-122.323,1490,1439
6270,6270,8078400010,20141118T000000,530000.0,4.0,2.25,2240,8376,1.0,0,0,3,8,1740,500,1984,0,98074,47.6323,-122.029,1890,7875
6271,6271,9550200225,20140711T000000,625000.0,3.0,1.5,1230,3060,1.0,0,0,3,7,910,320,1927,0,98103,47.667,-122.333,1260,4488
6272,6272,2946001950,20150505T000000,248000.0,3.0,1.0,1260,6000,1.0,0,0,4,6,1260,0,1954,0,98198,47.4187,-122.323,1520,6600
6273,6273,3905050280,20140819T000000,533000.0,3.0,2.5,2060,4812,2.0,0,0,3,8,2060,0,1990,0,98029,47.5793,-122.002,1930,5264
6274,6274,3026059341,20141211T000000,549950.0,4.0,3.5,3090,10510,1.0,0,0,3,8,2190,900,1991,0,98034,47.7176,-122.214,2200,7408
6275,6275,7292700005,20141014T000000,485000.0,4.0,1.75,3220,7392,1.0,0,0,4,8,2010,1210,1959,0,98177,47.7719,-122.361,1660,8363
6276,6276,8856970440,20150506T000000,353500.0,3.0,2.5,2020,4845,2.0,0,0,3,7,2020,0,2001,0,98038,47.3848,-122.033,1930,5134
6277,6277,7504001440,20140915T000000,435000.0,2.0,1.75,1910,12142,1.0,0,0,3,9,1910,0,1976,0,98074,47.6276,-122.053,2580,12326
6278,6278,8068000305,20141104T000000,241000.0,3.0,1.0,1150,10000,1.0,0,0,3,6,1000,150,1951,0,98178,47.5075,-122.262,1340,10000
6279,6279,1681400010,20140519T000000,885000.0,4.0,2.75,2730,3560,1.5,0,0,3,8,1550,1180,1921,2007,98115,47.6737,-122.304,1860,3560
6280,6280,6850700670,20140513T000000,799200.0,6.0,3.0,2890,2370,2.5,0,0,3,7,2290,600,1906,0,98102,47.6227,-122.323,2180,2460
6281,6281,1546600020,20150114T000000,760000.0,3.0,2.5,2280,12746,1.0,0,0,4,8,1490,790,1973,0,98005,47.6362,-122.175,2100,12746
6282,6282,8071000050,20141113T000000,270000.0,2.0,1.0,1040,5700,1.0,0,0,3,6,1040,0,1922,0,98118,47.519,-122.26,1380,5700
6283,6283,1036000280,20150217T000000,675000.0,4.0,1.75,2440,7475,1.0,0,0,4,9,2040,400,1969,0,98052,47.6339,-122.096,2040,8480
6284,6284,5422560380,20141222T000000,499000.0,3.0,2.5,1720,5940,1.0,0,0,4,8,1000,720,1977,0,98052,47.6631,-122.129,1720,6136
6285,6285,1762600280,20140714T000000,1202500.0,3.0,2.5,3430,28718,1.5,0,0,3,10,3430,0,1984,0,98033,47.6477,-122.183,3440,35021
6286,6286,5416500840,20140627T000000,320000.0,4.0,2.5,2570,4865,2.0,0,0,3,8,2570,0,2005,0,98038,47.3588,-122.038,2570,4933
6287,6287,3523069008,20150505T000000,890000.0,4.0,3.25,4360,210254,1.0,0,0,3,10,2320,2040,2000,0,98038,47.4375,-122.008,2410,87120
6288,6288,8001210170,20140822T000000,275000.0,4.0,2.75,2060,7350,1.0,0,0,3,7,1210,850,1978,0,98001,47.3424,-122.275,1940,7420
6289,6289,6806300920,20140610T000000,490000.0,4.0,2.5,3020,8302,2.0,0,0,4,10,3020,0,1994,0,98042,47.363,-122.127,3020,8406
6290,6290,9826701665,20140725T000000,550000.0,3.0,2.5,2340,4200,1.5,0,0,3,7,1540,800,1906,0,98122,47.6033,-122.303,1590,4200
6291,6291,2253200010,20150507T000000,390000.0,5.0,2.0,2400,9537,1.0,0,0,5,7,1210,1190,1959,0,98056,47.5112,-122.186,1760,9533
6292,6292,1941400080,20141020T000000,277000.0,3.0,2.25,1610,11920,1.0,0,0,4,7,1110,500,1968,0,98032,47.3683,-122.279,1690,11839
6293,6293,3317010130,20150317T000000,236000.0,3.0,1.75,1090,7647,1.0,0,0,3,7,1090,0,1994,0,98003,47.2613,-122.302,1660,9219
6294,6294,1721059230,20150304T000000,265953.0,3.0,1.75,1470,13068,1.0,0,0,4,7,1470,0,1975,0,98092,47.3096,-122.197,2090,16988
6295,6295,9328500630,20150302T000000,545000.0,3.0,2.25,1670,6240,1.0,0,0,4,8,1240,430,1974,0,98008,47.6413,-122.113,1910,7000
6296,6296,6301800020,20140506T000000,535000.0,3.0,2.5,1850,10109,2.0,0,0,3,8,1850,0,1991,0,98034,47.7163,-122.229,1780,9660
6297,6297,7855000460,20141007T000000,1450000.0,3.0,2.75,3940,9671,1.0,0,4,5,9,2140,1800,1967,0,98006,47.5654,-122.158,3390,9360
6298,6298,9320350020,20140630T000000,490000.0,4.0,3.0,2330,3497,2.0,0,0,3,9,1920,410,2003,0,98108,47.554,-122.308,2330,5242
6299,6299,7849201061,20150408T000000,319950.0,4.0,2.5,2020,7200,1.5,0,0,4,6,2020,0,1954,0,98065,47.5223,-121.818,1440,7200
6300,6300,3885805640,20140704T000000,625000.0,3.0,1.5,1300,7200,1.0,0,0,5,7,1300,0,1960,0,98033,47.6821,-122.196,2280,7200
6301,6301,8960200630,20150220T000000,248000.0,3.0,1.0,1180,6947,1.0,0,0,4,7,1180,0,1968,0,98031,47.4233,-122.177,1760,8657
6302,6302,1736800920,20150421T000000,475000.0,3.0,1.75,1320,7840,1.0,0,0,3,8,1320,0,1966,0,98007,47.6024,-122.143,2050,7644
6303,6303,6152900402,20140619T000000,410000.0,6.0,2.75,2520,9324,1.0,0,0,4,7,1320,1200,1962,0,98155,47.7636,-122.294,1820,11000
6304,6304,9822700255,20140505T000000,670000.0,3.0,2.5,1680,2000,3.0,0,0,3,9,1680,0,1909,1998,98105,47.6604,-122.29,1950,5000
6305,6305,1423069102,20150331T000000,430000.0,3.0,2.5,2000,35438,2.0,0,0,3,7,2000,0,1968,2005,98027,47.4733,-121.994,2000,51836
6306,6306,5279100675,20141028T000000,313000.0,2.0,1.0,1180,4900,1.0,0,0,5,6,1180,0,1954,0,98027,47.5321,-122.029,1650,7121
6307,6307,2524049056,20140714T000000,950000.0,3.0,3.25,3330,15093,2.5,0,0,3,9,3330,0,1988,0,98040,47.5395,-122.242,4340,20031
6308,6308,4232400470,20140527T000000,751750.0,2.0,2.0,1880,5400,1.5,0,0,3,8,1880,0,1902,0,98112,47.6238,-122.311,1590,5400
6309,6309,8562740440,20140909T000000,760000.0,4.0,2.5,2990,5280,2.0,0,0,3,9,2210,780,2003,0,98027,47.5353,-122.066,2990,6299
6310,6310,8114000020,20150128T000000,310650.0,3.0,1.75,1510,12408,1.0,0,0,4,7,1510,0,1969,0,98059,47.5069,-122.141,1480,17800
6311,6311,6600780130,20140502T000000,367500.0,4.0,3.0,3110,7231,2.0,0,0,3,8,3110,0,1997,0,98092,47.3279,-122.191,2820,7311
6312,6312,5100403947,20140804T000000,580000.0,4.0,2.5,2150,5000,2.0,0,0,3,8,2150,0,2001,0,98115,47.6962,-122.314,2030,6380
6313,6313,1189000825,20140702T000000,580000.0,3.0,2.25,1900,3960,1.5,0,0,3,8,1200,700,1905,0,98122,47.6122,-122.298,1310,3960
6314,6314,3066400080,20140602T000000,665000.0,4.0,2.5,2720,10000,2.0,0,0,3,10,2720,0,1987,0,98074,47.6293,-122.051,2720,10020
6315,6315,2214800630,20141105T000000,239950.0,3.0,2.25,1560,8280,2.0,0,0,4,7,1560,0,1979,0,98001,47.3393,-122.259,1920,8120
6316,6316,4027701253,20140813T000000,470000.0,4.0,2.5,1990,30083,2.0,0,0,3,8,1990,0,1998,0,98155,47.7678,-122.272,2220,11627
6317,6317,9547205260,20140815T000000,733000.0,3.0,1.75,1740,3060,1.0,0,0,5,8,950,790,1930,2014,98115,47.6816,-122.31,1800,3960
6318,6318,9320600020,20150130T000000,250000.0,4.0,2.0,2130,8400,1.0,0,0,3,7,1350,780,1962,0,98031,47.4133,-122.209,1550,8596
6319,6319,2807100095,20140908T000000,402000.0,4.0,1.75,1510,9176,1.0,0,0,5,7,1510,0,1957,0,98133,47.7651,-122.339,1480,9176
6320,6320,8067000020,20140611T000000,295000.0,5.0,3.5,2100,5107,2.0,0,0,3,7,1410,690,1999,0,98178,47.5108,-122.257,1410,5650
6321,6321,8731980440,20141016T000000,355000.0,5.0,2.5,2344,8000,1.0,0,0,4,8,1560,784,1976,0,98023,47.3185,-122.377,2344,8000
6322,6322,5112800233,20140909T000000,289000.0,3.0,1.5,1970,22486,1.0,0,0,4,6,1970,0,1968,0,98058,47.4511,-122.089,1850,20160
6323,6323,6141600179,20141112T000000,376000.0,3.0,2.25,1470,9140,2.0,0,2,3,7,1470,0,1982,0,98133,47.7162,-122.349,1400,8204
6324,6324,8122100595,20140627T000000,212700.0,2.0,1.0,940,5040,1.0,0,0,3,7,940,0,1926,0,98126,47.5375,-122.374,940,5040
6325,6325,5467910190,20140527T000000,325000.0,3.0,1.75,1780,13095,1.0,0,0,4,9,1780,0,1983,0,98042,47.367,-122.152,2750,13095
6326,6326,808300460,20140811T000000,415000.0,4.0,2.5,2230,5743,2.0,0,0,3,7,2230,0,2002,0,98019,47.7245,-121.957,2490,6300
6327,6327,7785350010,20150402T000000,935000.0,3.0,2.5,3570,15151,1.0,0,0,4,8,2400,1170,1981,0,98177,47.7475,-122.364,3140,14375
6328,6328,2133020020,20150116T000000,372000.0,3.0,2.5,1920,15260,2.0,0,0,3,7,1920,0,1990,0,98019,47.7317,-121.964,2370,15235
6329,6329,2588800006,20141021T000000,240000.0,3.0,1.5,1290,8366,1.0,0,0,3,7,1020,270,1957,0,98168,47.4853,-122.318,1770,8400
6330,6330,5169700022,20140915T000000,334950.0,3.0,1.75,1880,16262,1.0,0,0,5,7,1880,0,1980,0,98059,47.5089,-122.155,1900,7972
6331,6331,5416500660,20150430T000000,426500.0,4.0,2.5,2960,4640,2.0,0,0,3,9,2960,0,2005,0,98038,47.3597,-122.04,2750,4623
6332,6332,6117502745,20150224T000000,430000.0,2.0,1.75,1840,14874,1.0,0,2,3,8,1300,540,1952,0,98166,47.4382,-122.348,2920,15084
6333,6333,2624049169,20141211T000000,400000.0,3.0,1.5,1890,6183,1.0,0,0,3,7,1090,800,1967,0,98118,47.5396,-122.269,1750,6183
6334,6334,1426300842,20150428T000000,455850.0,3.0,2.25,1820,6000,1.0,0,0,4,7,1120,700,1964,0,98108,47.5684,-122.3,1970,6232
6335,6335,824059321,20140602T000000,1965220.0,4.0,3.5,4370,8510,2.0,0,1,3,10,3610,760,2003,0,98004,47.5876,-122.204,2960,10347
6336,6336,126049217,20140604T000000,400000.0,3.0,1.75,1530,10731,1.0,0,0,3,7,1530,0,1986,0,98028,47.7655,-122.244,2100,12593
6337,6337,2201500185,20140808T000000,397500.0,3.0,1.0,1030,10480,1.0,0,0,4,7,1030,0,1954,0,98006,47.5742,-122.139,1480,12200
6338,6338,1972205790,20141211T000000,755000.0,3.0,2.5,2000,1950,3.0,0,0,3,8,2000,0,2005,0,98109,47.6476,-122.356,1560,1340
6339,6339,6843000080,20140709T000000,287000.0,5.0,1.5,1730,9230,1.0,0,0,3,7,1010,720,1962,0,98058,47.4646,-122.184,1730,9230
6340,6340,1442700250,20140716T000000,480000.0,4.0,2.5,3620,16000,2.0,0,0,3,9,3620,0,1976,0,98038,47.3711,-122.06,2590,16000
6341,6341,2607760680,20150416T000000,490000.0,3.0,2.5,2040,9622,2.0,0,0,3,8,2040,0,1995,0,98045,47.4833,-121.8,2390,9868
6342,6342,3523059056,20140618T000000,365000.0,3.0,2.5,2640,6715,2.0,0,0,3,8,1680,960,1991,0,98058,47.441,-122.125,2260,7373
6343,6343,1657530010,20150224T000000,260000.0,3.0,2.5,1600,2244,2.0,0,0,3,7,1600,0,2005,0,98056,47.4899,-122.164,1600,1700
6344,6344,7276100020,20150414T000000,505000.0,4.0,1.0,1480,12675,1.5,0,0,4,7,1480,0,1929,0,98133,47.763000000000005,-122.342,1820,7995
6345,6345,9828200460,20140627T000000,260000.0,2.0,1.0,700,4800,1.0,0,0,3,7,700,0,1922,0,98122,47.6147,-122.3,1440,4800
6346,6346,9828200460,20150106T000000,430000.0,2.0,1.0,700,4800,1.0,0,0,3,7,700,0,1922,0,98122,47.6147,-122.3,1440,4800
6347,6347,5608000840,20140724T000000,905000.0,4.0,2.5,3520,12193,2.0,0,0,4,10,3520,0,1993,0,98027,47.5535,-122.095,3470,11318
6348,6348,5422560470,20141203T000000,440000.0,3.0,2.0,1650,6408,2.0,0,0,4,8,1650,0,1977,0,98052,47.6638,-122.128,1750,6402
6349,6349,446000020,20140913T000000,439500.0,4.0,1.0,1360,5500,1.5,0,0,3,7,1360,0,1950,0,98115,47.6878,-122.285,1530,5790
6350,6350,9476200545,20150127T000000,270000.0,3.0,2.0,1350,6696,1.0,0,0,5,6,680,670,1944,0,98056,47.4919,-122.187,1350,6700
6351,6351,8648100130,20150429T000000,306500.0,3.0,2.5,1970,6291,2.0,0,0,4,7,1970,0,1998,0,98042,47.3627,-122.073,1980,8852
6352,6352,9358002232,20141019T000000,380000.0,3.0,2.0,1470,1656,2.0,0,0,3,8,1310,160,2003,0,98126,47.5653,-122.369,1470,2288
6353,6353,2212900920,20140722T000000,215000.0,4.0,1.75,1610,9652,1.0,0,0,5,7,1610,0,1969,0,98042,47.3281,-122.135,1220,9800
6354,6354,6149700380,20150206T000000,299900.0,2.0,1.0,810,6150,1.0,0,0,3,7,810,0,1950,0,98133,47.7289,-122.34,1080,7200
6355,6355,4340000080,20150327T000000,1450000.0,4.0,3.5,2820,7809,2.0,0,0,3,10,2820,0,1995,0,98004,47.622,-122.195,2630,7904
6356,6356,3751605432,20140513T000000,239950.0,3.0,1.0,1900,33888,1.5,0,0,4,5,1900,0,1942,0,98001,47.2738,-122.271,1430,19200
6357,6357,6384300020,20140623T000000,494000.0,4.0,2.5,1830,7345,1.0,0,0,4,8,1540,290,1973,0,98177,47.7741,-122.373,1990,7700
6358,6358,3450300430,20150105T000000,317500.0,4.0,1.5,1730,7700,1.0,0,0,4,7,1010,720,1963,0,98059,47.4996,-122.163,1650,8066
6359,6359,1245001763,20150303T000000,670000.0,4.0,2.5,2110,7291,2.0,0,0,4,7,2110,0,1977,0,98033,47.6888,-122.201,2350,8625
6360,6360,7853240660,20140820T000000,650000.0,3.0,2.5,3060,7831,2.0,0,2,3,9,3060,0,2004,0,98065,47.5401,-121.861,3140,7438
6361,6361,3723800414,20150320T000000,852000.0,4.0,2.5,2620,7328,2.0,0,0,3,8,2620,0,1983,0,98118,47.5514,-122.263,1670,5080
6362,6362,5104500020,20140617T000000,250000.0,2.0,1.5,1088,1360,2.0,0,0,3,7,1088,0,1983,0,98034,47.7094,-122.213,1098,1469
6363,6363,5438000080,20141210T000000,264950.0,3.0,1.5,1400,10853,1.0,0,0,4,7,1400,0,1964,0,98055,47.4433,-122.194,1620,10849
6364,6364,9498200091,20140925T000000,582500.0,2.0,2.0,1540,6804,1.0,0,0,5,7,1020,520,1942,0,98177,47.7044,-122.372,1380,6930
6365,6365,1498301213,20150311T000000,384000.0,3.0,2.5,1540,1564,2.0,0,0,3,7,1300,240,1998,0,98144,47.586000000000006,-122.313,1540,2875
6366,6366,2652500285,20141028T000000,817000.0,3.0,1.5,2310,3360,1.5,0,0,3,8,1790,520,1926,0,98119,47.6431,-122.359,1930,4320
6367,6367,5127000430,20141201T000000,320000.0,4.0,1.75,1730,9520,1.0,0,0,4,7,1730,0,1971,0,98059,47.4756,-122.157,1550,11211
6368,6368,4017110020,20140630T000000,445800.0,4.0,2.25,2070,39446,1.0,0,0,3,8,1470,600,1977,0,98155,47.7765,-122.276,2140,12043
6369,6369,3336001946,20150307T000000,263300.0,2.0,1.0,900,4500,1.0,0,0,3,7,900,0,1951,0,98118,47.5273,-122.265,1175,5320
6370,6370,5253300387,20150128T000000,215000.0,3.0,1.0,860,6635,1.0,0,0,3,6,860,0,1952,0,98133,47.7508,-122.339,1170,8000
6371,6371,9222400605,20141115T000000,842500.0,5.0,4.0,2980,4500,1.5,0,0,3,7,2070,910,1921,0,98115,47.6736,-122.323,1560,4225
6372,6372,9222400605,20150411T000000,850000.0,5.0,4.0,2980,4500,1.5,0,0,3,7,2070,910,1921,0,98115,47.6736,-122.323,1560,4225
6373,6373,2163300130,20141001T000000,386000.0,5.0,2.5,2740,12413,2.0,0,0,3,7,2740,0,1990,0,98031,47.4199,-122.183,1900,7416
6374,6374,8662500130,20141209T000000,251100.0,4.0,2.5,1790,5257,2.0,0,0,3,7,1790,0,1996,0,98030,47.3849,-122.204,1680,5320
6375,6375,1770000130,20141126T000000,435000.0,3.0,1.75,1750,16748,1.0,0,0,3,7,1330,420,1978,0,98072,47.7421,-122.089,1750,16050
6376,6376,1888120080,20140922T000000,870000.0,4.0,4.0,3610,12811,2.0,0,0,3,10,3610,0,2000,0,98075,47.5812,-121.993,3530,11783
6377,6377,862000020,20150206T000000,800000.0,6.0,1.0,1430,20620,2.0,0,0,3,7,1430,0,1954,0,98004,47.6255,-122.209,2450,10080
6378,6378,7199100020,20140714T000000,555000.0,3.0,1.75,1570,15500,1.0,0,0,4,7,1570,0,1968,0,98052,47.6916,-122.122,1610,7500
6379,6379,9169600275,20140723T000000,280000.0,2.0,1.0,2280,37500,2.0,0,0,3,7,2280,0,1932,0,98136,47.525,-122.389,2360,6000
6380,6380,2767601815,20150317T000000,356000.0,3.0,1.0,940,2366,1.0,0,0,3,6,940,0,1916,0,98107,47.6744,-122.383,1500,5000
6381,6381,7853221330,20141203T000000,675000.0,4.0,2.5,2920,6000,2.0,0,4,3,9,2920,0,2004,0,98065,47.5333,-121.859,3100,6001
6382,6382,7504010780,20141226T000000,605000.0,4.0,2.25,2260,11900,2.0,0,0,3,9,2260,0,1976,0,98074,47.6415,-122.057,2470,11900
6383,6383,5015000190,20140625T000000,690500.0,5.0,2.0,2000,4211,1.5,0,2,4,7,1280,720,1908,0,98112,47.6283,-122.301,1680,4000
6384,6384,8682260470,20140619T000000,437000.0,2.0,1.75,1440,4225,1.0,0,0,3,8,1440,0,2005,0,98053,47.7143,-122.032,1680,6200
6385,6385,4122700020,20140710T000000,850000.0,5.0,2.0,2310,13430,1.5,0,0,4,8,2310,0,1966,0,98004,47.6395,-122.203,2810,13906
6386,6386,8850000285,20140612T000000,350000.0,4.0,2.25,2300,4600,1.5,0,0,4,7,1340,960,1904,0,98144,47.5895,-122.311,1540,3000
6387,6387,4174600185,20140622T000000,480000.0,2.0,2.25,1490,6770,1.5,0,0,3,8,1490,0,1926,0,98108,47.5577,-122.297,1820,7875
6388,6388,7229800430,20140723T000000,379500.0,3.0,2.25,1830,25641,2.0,0,0,3,8,1830,0,1989,0,98059,47.4786,-122.112,1500,25641
6389,6389,42000130,20140924T000000,600000.0,5.0,4.5,4440,9784,2.0,0,0,3,10,4440,0,2012,0,98168,47.4702,-122.275,2720,10080
6390,6390,4139430250,20150330T000000,1436000.0,4.0,3.5,4970,16582,2.0,0,3,4,11,3930,1040,1992,0,98006,47.5496,-122.12,3580,13335
6391,6391,9834201470,20141218T000000,303000.0,2.0,1.5,1000,1075,2.0,0,0,3,7,840,160,2007,0,98144,47.5708,-122.288,1000,1083
6392,6392,4058801702,20150206T000000,800000.0,4.0,2.5,4940,10037,1.0,0,4,3,9,3450,1490,1953,0,98178,47.5095,-122.247,2430,9272
6393,6393,3363400655,20140724T000000,549000.0,2.0,2.0,1980,6000,1.5,0,0,5,7,1220,760,1906,0,98103,47.6809,-122.351,1280,3900
6394,6394,8700500020,20141126T000000,324950.0,3.0,2.5,1560,9600,1.0,0,0,3,7,1210,350,1964,0,98188,47.457,-122.27,2070,9600
6395,6395,8148600020,20140926T000000,170000.0,2.0,1.0,870,6537,1.0,0,0,3,6,870,0,1948,0,98168,47.4906,-122.306,1100,8701
6396,6396,8651430780,20140715T000000,178000.0,3.0,1.0,840,6500,1.0,0,0,5,6,840,0,1969,0,98042,47.3704,-122.08,870,5200
6397,6397,1432400345,20150421T000000,144000.0,3.0,1.0,1250,8314,1.0,0,0,3,6,1250,0,1958,0,98058,47.4522,-122.178,1188,7700
6398,6398,2524049148,20150317T000000,1580000.0,4.0,2.75,3120,20031,1.0,0,2,4,9,1980,1140,1954,1997,98040,47.5389,-122.242,3330,18777
6399,6399,2475900840,20150427T000000,258000.0,2.0,1.0,750,7000,1.0,0,0,3,6,750,0,1932,0,98024,47.5655,-121.89,1100,8777
6400,6400,7452500190,20141016T000000,345000.0,3.0,1.75,710,5050,1.0,0,0,4,6,710,0,1950,0,98126,47.5194,-122.375,900,5050
6401,6401,3459000050,20140610T000000,470000.0,3.0,1.75,2290,14800,1.0,0,0,3,8,1620,670,1965,0,98155,47.7735,-122.273,2320,12474
6402,6402,2624049091,20150313T000000,2903000.0,5.0,2.5,3750,91681,2.0,1,4,3,10,3750,0,1925,0,98118,47.5379,-122.264,3540,24293
6403,6403,1138000250,20140521T000000,350000.0,3.0,1.5,980,7790,1.0,0,0,5,7,980,0,1969,0,98034,47.7141,-122.213,1390,7280
6404,6404,4399210130,20140626T000000,225500.0,2.0,1.75,1590,11276,1.0,0,0,4,7,1590,0,1972,0,98002,47.3177,-122.21,1750,10687
6405,6405,2770601365,20150224T000000,473000.0,2.0,1.0,940,4000,1.0,0,0,3,6,720,220,1942,0,98199,47.6488,-122.385,1180,6000
6406,6406,7272000980,20150226T000000,279000.0,3.0,1.75,1750,9623,1.0,0,0,3,7,1150,600,1962,0,98198,47.3997,-122.313,1820,9623
6407,6407,1566100010,20150414T000000,470000.0,3.0,1.0,1460,8227,1.0,0,0,3,6,880,580,1948,0,98125,47.7009,-122.301,1530,8128
6408,6408,6338000592,20140820T000000,565000.0,3.0,1.75,1540,4800,1.0,0,0,4,6,770,770,1925,0,98105,47.67,-122.284,1510,4080
6409,6409,2815600305,20150422T000000,695000.0,3.0,2.0,2560,6800,1.0,0,1,4,8,1380,1180,1952,0,98136,47.5506,-122.395,1780,6800
6410,6410,561500290,20140711T000000,315000.0,3.0,1.75,1660,37642,1.0,0,0,4,7,1660,0,1991,0,98022,47.2559,-122.007,2070,54450
6411,6411,3905080280,20150304T000000,529000.0,3.0,2.5,1880,4499,2.0,0,0,3,8,1880,0,1993,0,98029,47.5664,-121.999,2130,5114
6412,6412,925069071,20150126T000000,750000.0,5.0,3.75,3500,101494,1.5,0,0,3,8,3500,0,1967,1990,98053,47.6745,-122.054,3250,38636
6413,6413,2426049174,20141029T000000,481500.0,3.0,2.25,1840,10500,2.0,0,0,3,7,1840,0,1993,0,98034,47.7326,-122.234,1840,7374
6414,6414,9407600250,20150327T000000,211000.0,3.0,2.0,1060,7412,1.0,0,0,3,7,1060,0,1987,0,98038,47.3897,-122.051,1080,7093
6415,6415,7955050170,20150410T000000,455000.0,3.0,2.25,1790,7500,1.0,0,0,3,7,1390,400,1973,0,98034,47.7321,-122.198,1940,7192
6416,6416,7224000950,20141103T000000,238950.0,2.0,1.0,810,4838,1.0,0,0,3,5,810,0,1938,0,98055,47.4909,-122.203,890,4838
6417,6417,464001025,20140918T000000,722500.0,4.0,3.5,2600,5100,2.0,0,0,3,8,1820,780,2003,0,98117,47.6948,-122.395,2000,6720
6418,6418,5569700020,20140730T000000,795000.0,4.0,2.5,3230,19193,1.0,0,3,4,8,2000,1230,1973,0,98075,47.5755,-122.07,3230,13420
6419,6419,1310910290,20150507T000000,327500.0,4.0,2.25,2240,9600,2.0,0,0,3,8,2240,0,1971,0,98032,47.361,-122.281,2050,9240
6420,6420,5104531640,20150323T000000,585000.0,4.0,3.0,3400,5100,2.0,0,0,3,9,3400,0,2006,0,98038,47.3548,-122.002,3400,5672
6421,6421,1025039145,20140613T000000,775000.0,4.0,2.0,3140,10875,1.0,0,1,3,7,1940,1200,1939,1969,98199,47.6656,-122.406,3300,10080
6422,6422,5406500170,20141024T000000,645000.0,4.0,2.5,2780,4200,2.0,0,0,3,8,2780,0,2001,0,98075,47.5989,-122.039,2510,4200
6423,6423,1826049426,20150105T000000,445000.0,4.0,2.75,2320,12368,1.0,0,0,3,8,1670,650,1968,0,98133,47.7373,-122.35,2070,9575
6424,6424,2011000010,20140502T000000,257950.0,3.0,1.75,1370,5858,1.0,0,0,3,7,1370,0,1987,0,98198,47.3815,-122.313,1400,7500
6425,6425,9368700006,20150324T000000,375000.0,5.0,1.75,2230,7560,1.0,0,0,3,7,1230,1000,1959,0,98178,47.5055,-122.26,1380,6570
6426,6426,8016250080,20140709T000000,245000.0,3.0,2.5,1610,7223,2.0,0,0,3,7,1610,0,1994,0,98030,47.3661,-122.173,1610,7162
6427,6427,4053200285,20140811T000000,725000.0,3.0,2.5,3410,41022,2.0,0,0,3,11,3410,0,1990,0,98042,47.3228,-122.08,2150,21429
6428,6428,5411600020,20150304T000000,702000.0,4.0,2.5,2810,4922,2.0,0,0,3,9,2810,0,2005,0,98074,47.614,-122.041,2920,4922
6429,6429,847100078,20140818T000000,330000.0,3.0,1.75,1850,14986,2.0,0,0,3,6,1850,0,1943,2005,98059,47.4837,-122.148,2660,10650
6430,6430,4232903295,20150416T000000,940000.0,3.0,1.5,1790,4800,1.5,0,0,3,8,1790,0,1912,0,98119,47.6332,-122.362,1780,3600
6431,6431,7979900680,20150305T000000,354500.0,3.0,1.0,1150,11396,1.5,0,0,4,7,1150,0,1950,0,98155,47.7435,-122.296,1600,8146
6432,6432,492000532,20150222T000000,279950.0,4.0,2.75,2420,8700,1.5,0,0,4,7,2420,0,1914,0,98002,47.3109,-122.229,1070,4804
6433,6433,2310000430,20150507T000000,284000.0,3.0,2.25,1580,7034,1.0,0,0,4,7,1180,400,1989,0,98038,47.3564,-122.04,1470,7358
6434,6434,8832900780,20141013T000000,480000.0,5.0,2.0,1760,21562,1.0,0,1,3,8,1560,200,1959,0,98028,47.7597,-122.263,2150,12676
6435,6435,8832900780,20150408T000000,647500.0,5.0,2.0,1760,21562,1.0,0,1,3,8,1560,200,1959,0,98028,47.7597,-122.263,2150,12676
6436,6436,3249500020,20150406T000000,625000.0,3.0,2.5,2750,35000,2.0,0,0,3,9,2750,0,1993,0,98077,47.75,-122.024,2780,35862
6437,6437,8651442810,20140710T000000,152000.0,3.0,1.0,920,4875,1.0,0,0,4,7,920,0,1978,0,98042,47.3623,-122.09,1160,4875
6438,6438,8564500020,20150127T000000,322000.0,3.0,1.0,960,10181,1.0,0,0,3,7,960,0,1961,0,98034,47.7231,-122.229,1740,10194
6439,6439,3019300050,20140731T000000,445000.0,3.0,1.75,1120,4000,1.0,0,0,4,7,870,250,1916,0,98107,47.6684,-122.368,1470,4000
6440,6440,2460900020,20140730T000000,595000.0,3.0,1.0,1560,3960,1.5,0,0,4,7,1560,0,1907,0,98144,47.5936,-122.301,1280,3960
6441,6441,2698200010,20150513T000000,165000.0,3.0,1.0,1380,7334,1.0,0,0,3,7,980,400,1981,0,98055,47.4339,-122.192,1910,7859
6442,6442,104560010,20140610T000000,278500.0,4.0,2.5,1940,6206,2.0,0,0,3,7,1940,0,1990,0,98023,47.3063,-122.359,2060,7092
6443,6443,5710610430,20150313T000000,517500.0,3.0,1.75,1810,10625,1.0,0,0,3,8,1370,440,1973,0,98027,47.5322,-122.049,2140,10922
6444,6444,34000005,20140618T000000,343566.0,2.0,1.0,1100,4200,1.0,0,0,3,7,1100,0,1954,0,98136,47.5312,-122.392,1240,4000
6445,6445,7349400420,20141105T000000,286285.0,4.0,2.25,1980,9714,1.0,0,0,3,7,1170,810,1977,0,98002,47.3207,-122.209,1610,9272
6446,6446,3298300130,20150206T000000,474905.0,4.0,1.5,1340,6200,1.0,0,0,5,6,1340,0,1959,0,98008,47.6214,-122.119,1210,7178
6447,6447,7312400080,20140714T000000,550000.0,3.0,1.75,1680,4800,1.0,0,0,4,7,1400,280,1960,0,98126,47.5535,-122.377,1540,5000
6448,6448,3356404198,20150129T000000,286000.0,4.0,2.5,2060,16000,2.0,0,0,3,6,2060,0,1993,0,98001,47.2849,-122.251,1530,8000
6449,6449,2344300122,20140808T000000,900000.0,3.0,3.25,2620,7215,1.0,0,0,4,8,1770,850,1980,0,98004,47.5836,-122.2,2180,8931
6450,6450,3904901330,20140820T000000,449950.0,3.0,2.25,1610,5159,2.0,0,0,3,7,1610,0,1985,0,98029,47.5675,-122.019,1610,5210
6451,6451,7524100280,20140612T000000,259000.0,4.0,1.5,1490,7560,2.0,0,0,3,7,1490,0,1966,0,98198,47.3684,-122.318,1490,7689
6452,6452,2473390440,20141202T000000,340000.0,3.0,2.25,1900,8125,1.0,0,0,3,7,1540,360,1969,0,98058,47.4564,-122.162,1480,8284
6453,6453,2215800050,20150415T000000,785000.0,4.0,2.5,3440,56192,2.0,0,0,3,9,3440,0,1994,0,98053,47.6969,-122.046,3150,44431
6454,6454,2769602475,20140509T000000,490000.0,2.0,1.0,1840,3300,1.5,0,0,4,6,1130,710,1910,0,98107,47.6757,-122.362,1320,4000
6455,6455,9183700470,20140527T000000,344950.0,4.0,2.0,2330,6250,1.0,0,0,4,7,1400,930,1941,0,98030,47.3782,-122.228,2050,9000
6456,6456,1337800284,20140827T000000,950000.0,3.0,2.0,2250,2975,2.0,0,0,4,9,1880,370,1905,0,98112,47.6289,-122.309,2690,4800
6457,6457,3867400130,20140709T000000,810000.0,4.0,1.75,2000,3988,1.0,0,4,4,7,1000,1000,1958,0,98116,47.5925,-122.391,1690,4144
6458,6458,7856410020,20150309T000000,998160.0,2.0,2.5,3010,16050,1.0,0,3,4,9,1260,1750,1976,0,98006,47.5643,-122.16,3010,11612
6459,6459,9477730080,20141210T000000,377000.0,3.0,1.75,1680,7389,1.0,0,0,3,8,1150,530,1979,0,98056,47.5199,-122.184,2100,10348
6460,6460,3300760020,20140826T000000,595000.0,3.0,2.0,1530,6773,1.0,0,0,4,8,1530,0,1984,0,98033,47.6653,-122.194,2240,7201
6461,6461,148000440,20140818T000000,313300.0,2.0,1.0,970,4800,1.0,0,0,3,6,970,0,1911,1940,98116,47.5754,-122.414,1180,5900
6462,6462,1708400595,20140725T000000,360000.0,5.0,1.75,1550,5225,1.5,0,0,4,7,1550,0,1941,0,98108,47.554,-122.306,1220,5225
6463,6463,9264901680,20150323T000000,188000.0,3.0,1.75,1660,7350,1.0,0,0,2,8,1660,0,1979,0,98023,47.3118,-122.337,1840,7673
6464,6464,3226079091,20140912T000000,755000.0,3.0,2.5,3680,203860,1.5,0,0,3,9,3680,0,1994,0,98014,47.6903,-121.929,2410,144183
6465,6465,2877104175,20140910T000000,1289000.0,5.0,3.5,3210,4060,2.0,0,2,3,10,2290,920,1917,2003,98117,47.6801,-122.357,1940,5000
6466,6466,8843900396,20140714T000000,455000.0,3.0,1.0,1480,13280,2.5,0,0,3,6,1480,0,1940,0,98027,47.5378,-122.043,1510,8723
6467,6467,1425059193,20141009T000000,817500.0,5.0,3.5,3600,9312,2.0,0,3,3,10,2680,920,2005,0,98052,47.6582,-122.122,3420,9860
6468,6468,5694000768,20140922T000000,550000.0,3.0,2.25,1700,1481,3.0,0,0,3,8,1700,0,2002,0,98103,47.6598,-122.349,1560,1350
6469,6469,8732190460,20150505T000000,260000.0,3.0,1.75,1680,8725,1.0,0,0,3,8,1240,440,1978,0,98023,47.3107,-122.397,2020,8352
6470,6470,723099028,20140626T000000,320000.0,3.0,2.0,1550,34175,1.5,0,0,3,7,1550,0,1999,0,98045,47.4855,-121.698,2300,35174
6471,6471,4139480190,20140916T000000,1153000.0,3.0,3.25,3780,10623,1.0,0,1,3,11,2650,1130,1999,0,98006,47.5506,-122.101,3850,11170
6472,6472,1133000050,20150420T000000,362000.0,4.0,2.5,2360,7370,1.0,0,0,3,7,1460,900,1985,0,98125,47.7201,-122.308,1590,9906
6473,6473,2770601462,20150423T000000,503500.0,3.0,2.5,1810,1750,2.0,0,0,3,7,1350,460,1997,0,98199,47.6513,-122.386,1640,1563
6474,6474,3630120480,20140602T000000,653000.0,3.0,2.5,2290,3475,2.0,0,0,3,9,2290,0,2006,0,98029,47.5551,-122.001,2340,3626
6475,6475,624110050,20140604T000000,760000.0,4.0,2.75,3370,12447,2.0,0,0,3,10,3370,0,1991,0,98077,47.7309,-122.058,3700,13129
6476,6476,2301400655,20141125T000000,775000.0,4.0,1.75,2090,5050,1.0,0,0,4,7,1090,1000,1916,0,98117,47.6802,-122.358,1760,5000
6477,6477,7936500190,20141021T000000,1339000.0,4.0,3.75,2130,34689,1.5,1,4,3,9,2130,0,1955,0,98136,47.5489,-122.398,3030,28598
6478,6478,126039323,20150224T000000,417500.0,5.0,1.75,2060,10911,1.0,0,0,4,7,1360,700,1954,0,98177,47.7767,-122.365,2060,9688
6479,6479,9512500460,20140711T000000,525000.0,3.0,1.5,1560,9350,1.0,0,0,4,7,1220,340,1969,0,98052,47.6729,-122.148,1870,8671
6480,6480,7203601405,20150414T000000,217000.0,2.0,1.0,730,2400,1.0,0,1,3,4,730,0,1934,0,98198,47.35,-122.322,1220,4382
6481,6481,6204200170,20140709T000000,525000.0,4.0,2.75,2910,6308,1.0,0,0,3,8,1640,1270,1985,0,98011,47.7352,-122.201,1970,7127
6482,6482,5027800190,20150324T000000,442500.0,4.0,2.25,2490,8700,1.0,0,0,3,7,1890,600,1976,0,98155,47.7397,-122.324,1470,7975
6483,6483,2206500430,20140709T000000,525000.0,4.0,1.75,1710,10440,1.0,0,0,4,7,1710,0,1955,0,98006,47.5756,-122.158,1480,10440
6484,6484,9477001410,20150225T000000,425500.0,4.0,1.75,1520,10630,1.0,0,0,4,7,1520,0,1967,0,98034,47.7347,-122.193,1550,8039
6485,6485,2324079073,20140815T000000,710000.0,3.0,2.75,2930,218235,2.0,0,2,3,8,2930,0,1990,0,98024,47.5481,-121.886,2450,218235
6486,6486,2817210420,20141114T000000,545000.0,4.0,3.0,3160,10948,1.0,0,3,3,8,1930,1230,1991,0,98070,47.3733,-122.422,2380,13623
6487,6487,1402200440,20150212T000000,410000.0,5.0,2.75,2910,16410,1.5,0,0,4,8,2910,0,1967,0,98058,47.44,-122.145,1980,18000
6488,6488,1545808370,20150422T000000,245000.0,3.0,2.25,1700,8100,1.0,0,0,3,7,1200,500,1980,0,98038,47.3601,-122.046,1700,8100
6489,6489,7335400500,20140711T000000,194900.0,2.0,1.0,810,6697,1.0,0,0,4,6,810,0,1923,0,98002,47.3057,-122.216,1140,6695
6490,6490,1843130980,20140506T000000,284000.0,4.0,2.5,2000,5390,2.0,0,0,3,7,2000,0,2003,0,98042,47.3732,-122.129,2330,5390
6491,6491,9262800255,20140819T000000,280000.0,2.0,1.75,1894,52769,1.5,0,0,4,6,1520,374,1936,0,98001,47.3088,-122.273,1820,50529
6492,6492,8656800190,20141002T000000,280000.0,3.0,1.75,2080,87991,1.0,0,0,3,6,1040,1040,1970,0,98014,47.6724,-121.865,2080,84300
6493,6493,2113700235,20140512T000000,360000.0,4.0,2.0,1730,5500,1.0,0,0,5,7,1010,720,1943,0,98106,47.5304,-122.353,1080,4900
6494,6494,4235400255,20140905T000000,405000.0,2.0,1.0,720,4323,1.0,0,0,3,6,720,0,1942,0,98199,47.6604,-122.401,1460,3300
6495,6495,8691360380,20150414T000000,865000.0,4.0,2.5,3560,13981,2.0,0,0,3,10,3560,0,2000,0,98075,47.6002,-121.98,3840,13624
6496,6496,2205500080,20140610T000000,483300.0,4.0,2.0,1210,11100,1.0,0,0,4,7,1210,0,1955,0,98006,47.5747,-122.145,1280,11100
6497,6497,4137000250,20150318T000000,355000.0,4.0,2.5,2130,9268,2.0,0,0,4,8,2130,0,1985,0,98092,47.262,-122.22,2100,8400
6498,6498,2310010050,20150430T000000,274950.0,3.0,2.25,1570,8767,1.0,0,0,3,7,1180,390,1990,0,98038,47.3568,-122.038,1570,7434
6499,6499,1370802115,20141205T000000,1925000.0,3.0,4.5,3950,6134,2.0,0,3,3,11,2880,1070,1998,0,98199,47.6413,-122.405,3050,5281
6500,6500,6117900010,20141231T000000,755000.0,3.0,3.25,3450,15586,2.0,0,0,3,11,2690,760,1989,0,98166,47.4294,-122.343,3560,15046
6501,6501,2626069030,20150209T000000,1940000.0,4.0,5.75,7220,223462,2.0,0,4,3,12,6220,1000,2000,0,98053,47.7097,-122.013,2680,7593
6502,6502,9407102360,20140616T000000,309212.0,3.0,1.75,1150,9600,1.0,0,0,3,7,1150,0,1979,0,98045,47.4434,-121.774,1520,9976
6503,6503,104510440,20140604T000000,219950.0,3.0,2.25,1500,7615,1.0,0,0,3,7,1150,350,1984,0,98023,47.3146,-122.351,1540,8649
6504,6504,7519000170,20140723T000000,690000.0,3.0,2.5,1300,5150,1.5,0,0,4,7,1300,0,1920,0,98117,47.6838,-122.362,1400,4017
6505,6505,2113700500,20141005T000000,250800.0,3.0,1.75,1290,4000,1.0,0,0,3,6,1170,120,1943,0,98106,47.5309,-122.354,1140,4000
6506,6506,1560930050,20150325T000000,557500.0,3.0,2.0,2510,35255,1.0,0,2,3,9,2510,0,1994,0,98038,47.4012,-122.025,3140,36450
6507,6507,9550204590,20140624T000000,941000.0,4.0,1.75,2320,3825,1.5,0,0,5,8,1820,500,1926,0,98105,47.6659,-122.327,1940,3825
6508,6508,4217402115,20150421T000000,3650000.0,6.0,4.75,5480,19401,1.5,1,4,5,11,3910,1570,1936,0,98105,47.6515,-122.277,3510,15810
6509,6509,9412710440,20150422T000000,305000.0,4.0,2.75,2030,8600,1.0,0,0,4,7,1230,800,1977,0,98042,47.3942,-122.16,1810,8600
6510,6510,6043400006,20140729T000000,815000.0,4.0,1.5,2060,16110,1.0,0,0,4,8,2060,0,1949,0,98004,47.5983,-122.202,2060,16110
6511,6511,1024039049,20140512T000000,1015000.0,3.0,2.5,2920,34527,1.0,0,4,4,9,1800,1120,1954,1983,98116,47.5799,-122.4,2480,7933
6512,6512,1250204835,20140908T000000,1240000.0,4.0,3.0,3330,6990,1.5,0,3,5,9,2330,1000,1928,0,98144,47.5886,-122.287,2620,5310
6513,6513,6388920460,20141226T000000,535000.0,3.0,2.5,2110,8164,2.0,0,0,3,9,2110,0,1990,0,98056,47.5269,-122.171,2390,7499
6514,6514,1925059049,20140721T000000,775000.0,3.0,1.0,1175,10454,1.0,0,0,4,6,1175,0,1949,0,98004,47.6388,-122.218,2010,10800
6515,6515,7760400420,20140718T000000,255000.0,3.0,2.0,1590,8670,1.0,0,0,3,7,1590,0,1994,0,98042,47.3725,-122.073,1590,9253
6516,6516,6163901271,20140811T000000,327000.0,2.0,1.0,1070,9750,1.0,0,0,3,7,1070,0,1947,0,98155,47.7532,-122.318,1500,8775
6517,6517,5437200050,20141120T000000,560000.0,4.0,2.0,2720,8819,2.0,0,3,3,8,2240,480,1976,0,98003,47.338,-122.333,2960,9672
6518,6518,3885806565,20150130T000000,1339000.0,4.0,3.5,2980,6349,2.0,0,3,3,9,2980,0,1998,0,98033,47.6819,-122.208,2870,6349
6519,6519,8651443190,20141204T000000,199500.0,3.0,1.75,1160,5200,1.0,0,0,4,7,1160,0,1977,0,98042,47.3643,-122.09,1470,5200
6520,6520,1722069145,20141223T000000,760000.0,4.0,2.5,3580,97574,2.0,0,0,3,9,3580,0,2004,0,98038,47.3901,-122.071,2510,27068
6521,6521,7883605985,20150330T000000,439000.0,3.0,2.25,3020,6000,3.0,0,2,3,8,1980,1040,1994,0,98108,47.5249,-122.319,1150,6000
6522,6522,4038700190,20140930T000000,527000.0,4.0,2.25,2380,5250,1.0,0,0,4,7,1410,970,1961,0,98008,47.6164,-122.115,2150,8560
6523,6523,8661000089,20140716T000000,199950.0,3.0,2.75,2270,13590,1.5,0,0,4,6,1300,970,1948,0,98022,47.2099,-122.001,1160,13545
6524,6524,2329800430,20150204T000000,254000.0,3.0,2.25,1660,8188,2.0,0,0,4,7,1660,0,1988,0,98042,47.3766,-122.115,1660,7000
6525,6525,6431500280,20150323T000000,393000.0,2.0,1.0,830,5000,1.0,0,0,4,7,830,0,1921,0,98103,47.6914,-122.352,1110,5000
6526,6526,6204430250,20141121T000000,585000.0,5.0,2.25,2480,12614,1.0,0,0,4,8,1860,620,1979,0,98011,47.7393,-122.2,2470,12392
6527,6527,4365200630,20140716T000000,450000.0,2.0,2.0,1900,7740,1.0,0,0,4,7,1150,750,1923,0,98126,47.5227,-122.372,1140,7740
6528,6528,3630120050,20140625T000000,565000.0,2.0,1.75,1670,4008,1.0,0,0,3,9,1670,0,2005,0,98029,47.5539,-122.001,2330,3752
6529,6529,7844200050,20140522T000000,330000.0,5.0,2.25,2000,7900,1.0,0,0,4,7,1300,700,1986,0,98188,47.4291,-122.292,2000,9132
6530,6530,1240700006,20150511T000000,870000.0,3.0,2.0,2320,65340,1.5,0,0,3,9,2320,0,1992,0,98074,47.6106,-122.055,3100,59603
6531,6531,8563000470,20140723T000000,585000.0,4.0,2.5,1860,8117,1.0,0,0,4,8,1460,400,1966,0,98008,47.6228,-122.104,2040,8199
6532,6532,3221069091,20141106T000000,500000.0,3.0,2.5,2110,208737,2.0,0,3,3,9,2110,0,1977,0,98092,47.2674,-122.072,2390,125017
6533,6533,8645530010,20140515T000000,225000.0,3.0,2.0,1400,7384,1.0,0,0,3,7,1150,250,1979,0,98058,47.4655,-122.174,1820,7992
6534,6534,8645530010,20150325T000000,295000.0,3.0,2.0,1400,7384,1.0,0,0,3,7,1150,250,1979,0,98058,47.4655,-122.174,1820,7992
6535,6535,2141300420,20140626T000000,775000.0,3.0,2.75,2850,14800,1.0,0,0,4,9,1920,930,1976,0,98006,47.559,-122.146,3300,10809
6536,6536,9407101900,20140717T000000,280000.0,3.0,1.0,1370,11050,1.0,0,0,3,7,1370,0,1981,0,98045,47.4485,-121.776,1520,10000
6537,6537,1931300425,20140908T000000,539000.0,3.0,2.5,2170,3200,1.5,0,0,5,7,1280,890,1923,0,98103,47.6543,-122.347,1180,1224
6538,6538,9290800050,20150324T000000,567500.0,3.0,1.75,2570,14033,1.0,0,2,4,8,2570,0,1953,0,98166,47.4335,-122.338,2550,16100
6539,6539,9421500010,20150205T000000,442500.0,4.0,2.25,1970,7902,1.0,0,0,3,8,1310,660,1960,0,98125,47.7249,-122.298,1860,8021
6540,6540,3333500151,20150507T000000,598200.0,5.0,3.75,2980,4635,3.0,0,0,3,8,2980,0,1997,0,98118,47.5508,-122.268,1100,5150
6541,6541,3759500006,20141014T000000,610000.0,4.0,2.5,2300,10843,2.0,0,0,5,8,2300,0,1955,0,98033,47.6988,-122.202,1780,10843
6542,6542,4221270290,20141121T000000,544900.0,3.0,2.5,1990,4936,2.0,0,0,3,8,1990,0,2004,0,98075,47.5911,-122.018,2250,4815
6543,6543,1775801405,20141216T000000,557500.0,4.0,2.5,2390,38258,2.0,0,0,3,8,2390,0,2001,0,98072,47.7433,-122.094,1960,17113
6544,6544,3575302575,20140811T000000,532500.0,3.0,2.5,2160,7500,1.0,0,1,3,7,1430,730,1979,0,98074,47.6188,-122.064,1560,7500
6545,6545,2581300010,20140609T000000,1350000.0,4.0,3.25,3300,15907,2.0,0,0,5,10,3300,0,1985,0,98040,47.5413,-122.216,2740,11358
6546,6546,8805900080,20150430T000000,750000.0,3.0,2.0,1840,2825,1.0,0,0,3,7,1040,800,1920,0,98112,47.6428,-122.302,1820,3750
6547,6547,8121200460,20141119T000000,530000.0,3.0,2.5,2030,10958,2.0,0,0,3,8,2030,0,1983,0,98052,47.7251,-122.11,1960,10282
6548,6548,2461900609,20140717T000000,346100.0,3.0,2.5,1400,2036,2.0,0,0,3,7,1400,0,2003,0,98136,47.5516,-122.382,1500,2036
6549,6549,3298600440,20140810T000000,260000.0,4.0,2.25,2320,16800,2.0,0,0,4,9,2320,0,1977,0,98092,47.2959,-122.166,2700,15680
6550,6550,643300010,20140829T000000,365000.0,3.0,1.75,1410,9150,1.0,0,0,5,7,1410,0,1959,0,98006,47.5683,-122.178,1800,9940
6551,6551,224069102,20140908T000000,615000.0,3.0,2.0,1860,42800,1.0,0,0,4,7,930,930,1983,0,98075,47.5898,-122.004,1980,11250
6552,6552,8856960050,20140724T000000,318400.0,4.0,2.5,1820,6916,2.0,0,0,3,7,1820,0,1994,0,98038,47.3862,-122.029,1680,6995
6553,6553,4024101478,20150303T000000,498500.0,4.0,2.5,1910,7172,2.0,0,0,3,8,1910,0,1993,0,98155,47.7615,-122.309,1630,10127
6554,6554,1839910470,20150408T000000,450000.0,3.0,1.75,1540,7490,1.0,0,0,5,7,1540,0,1971,0,98034,47.7222,-122.177,1270,7350
6555,6555,3668000670,20150327T000000,200000.0,3.0,2.0,1430,7905,1.0,0,0,4,7,1430,0,1988,0,98092,47.2757,-122.145,1870,8400
6556,6556,1274500420,20140909T000000,234000.0,3.0,1.0,1010,8906,1.0,0,0,5,7,1010,0,1968,0,98042,47.3627,-122.108,1150,10414
6557,6557,8151600470,20140804T000000,121800.0,2.0,1.0,940,8384,1.0,0,0,3,5,940,0,1947,0,98146,47.5065,-122.364,1290,8384
6558,6558,56000095,20140626T000000,805000.0,3.0,2.75,2600,5875,1.5,0,2,5,8,1600,1000,1929,0,98116,47.5773,-122.406,2260,5492
6559,6559,3432500980,20140708T000000,410000.0,4.0,2.25,2060,7283,1.0,0,0,3,8,1220,840,1963,2013,98155,47.7435,-122.317,1500,8134
6560,6560,7940700050,20150218T000000,475000.0,3.0,2.5,1920,4534,2.0,0,0,3,8,1920,0,1986,0,98034,47.7144,-122.204,1380,5100
6561,6561,1025039292,20141030T000000,1337500.0,4.0,2.5,2900,21074,2.0,0,0,3,11,2900,0,1986,0,98199,47.6696,-122.416,3390,20000
6562,6562,3438503140,20140918T000000,269000.0,1.0,1.0,1020,7920,1.0,0,0,3,7,1020,0,1947,1983,98106,47.5385,-122.355,1000,7168
6563,6563,7558750190,20140724T000000,573000.0,4.0,2.25,2150,9520,2.0,0,0,4,8,2150,0,1979,0,98052,47.6885,-122.113,2000,9520
6564,6564,3395040440,20150327T000000,330000.0,3.0,2.5,1660,2890,2.0,0,0,3,7,1660,0,2001,0,98108,47.5434,-122.293,1540,2890
6565,6565,4338800190,20140626T000000,252750.0,4.0,1.0,1230,7410,1.5,0,0,3,7,1230,0,1944,0,98166,47.4798,-122.344,1020,7648
6566,6566,8682290670,20150406T000000,745000.0,2.0,2.5,2170,7546,1.0,0,0,3,8,2170,0,2007,0,98053,47.7242,-122.032,2170,7083
6567,6567,5113260430,20150304T000000,280000.0,3.0,2.0,1280,7633,1.0,0,0,3,7,1280,0,1991,0,98038,47.3883,-122.05,1450,6783
6568,6568,387000190,20150430T000000,535000.0,4.0,2.5,2240,6920,1.0,0,0,5,8,1380,860,1974,0,98146,47.5011,-122.375,1540,7000
6569,6569,6844703135,20150312T000000,580000.0,4.0,1.5,1780,5100,1.0,0,0,3,7,1320,460,1953,0,98115,47.6944,-122.288,1880,5100
6570,6570,8899000190,20141212T000000,301000.0,3.0,1.75,1840,7200,1.0,0,0,4,7,1220,620,1968,0,98055,47.456,-122.209,1770,8075
6571,6571,3275760190,20140624T000000,600000.0,4.0,1.75,1740,7700,1.0,0,0,5,7,1740,0,1968,0,98008,47.6259,-122.111,1740,8120
6572,6572,3438500924,20140811T000000,538900.0,5.0,3.0,3040,6604,2.0,0,0,3,9,3040,0,2005,0,98106,47.548,-122.356,1650,6825
6573,6573,5104530430,20150209T000000,366000.0,3.0,2.5,2370,4375,2.0,0,0,3,8,2370,0,2006,0,98038,47.354,-121.999,2380,4606
6574,6574,5468770250,20140819T000000,303000.0,4.0,2.5,2100,6783,2.0,0,0,3,8,2100,0,2003,0,98042,47.3504,-122.141,2100,6192
6575,6575,4318200440,20140522T000000,432000.0,3.0,2.25,1470,1578,2.0,0,0,3,8,1090,380,2007,0,98136,47.5388,-122.387,1470,1668
6576,6576,1721800190,20150409T000000,300000.0,2.0,1.5,1300,6120,1.0,0,0,3,6,820,480,1945,0,98146,47.5088,-122.338,1250,6120
6577,6577,1250202285,20141020T000000,908800.0,3.0,3.0,3420,7826,2.0,0,0,4,8,2430,990,1939,0,98144,47.5873,-122.29,980,6300
6578,6578,2767602945,20140625T000000,500000.0,3.0,1.5,1190,4750,1.0,0,0,3,7,970,220,1940,0,98107,47.6726,-122.386,1460,4750
6579,6579,321049090,20140626T000000,254000.0,5.0,2.0,2080,16117,1.0,0,0,5,7,1740,340,1959,0,98001,47.3424,-122.289,1510,13068
6580,6580,4443801495,20140917T000000,470000.0,5.0,1.5,2180,4268,1.5,0,0,4,7,1340,840,1924,0,98117,47.6848,-122.389,1530,3880
6581,6581,3275750290,20150317T000000,480000.0,3.0,2.0,1460,7860,1.0,0,0,5,7,1460,0,1967,0,98008,47.6233,-122.108,1850,8148
6582,6582,2273600460,20150130T000000,536000.0,3.0,1.75,1530,8503,1.0,0,0,4,7,1150,380,1983,0,98033,47.6872,-122.185,1610,8549
6583,6583,8562720420,20150430T000000,1349000.0,4.0,3.5,4740,8611,2.0,0,3,3,11,3640,1100,2006,0,98027,47.5375,-122.07,4042,8321
6584,6584,1330900250,20140515T000000,550000.0,3.0,2.25,1980,40887,1.0,0,0,4,8,1980,0,1980,0,98052,47.6478,-122.029,2460,35700
6585,6585,1099600250,20141202T000000,260000.0,3.0,1.75,1710,6400,1.0,0,0,4,7,1240,470,1976,0,98023,47.3036,-122.377,1600,6400
6586,6586,1445200190,20150424T000000,284900.0,2.0,1.5,1160,982,2.0,0,0,3,7,890,270,2006,0,98155,47.7675,-122.315,1160,1008
6587,6587,1929300052,20141029T000000,740000.0,3.0,2.5,2200,3000,2.0,0,0,3,9,1530,670,2002,0,98109,47.6451,-122.35,2200,3300
6588,6588,7626200280,20141002T000000,425000.0,2.0,1.0,1170,5000,1.0,0,0,4,7,1030,140,1920,0,98136,47.5449,-122.388,1170,5850
6589,6589,7211402115,20140902T000000,230000.0,3.0,1.0,1120,7500,1.0,0,0,3,7,1120,0,1965,0,98146,47.5112,-122.359,1120,5000
6590,6590,324000280,20150413T000000,675000.0,3.0,1.5,1710,4000,2.0,0,0,3,8,1710,0,1926,0,98116,47.5714,-122.385,1910,4000
6591,6591,8091410080,20140729T000000,267500.0,3.0,1.75,1650,7807,1.0,0,0,3,7,1650,0,1986,0,98030,47.3514,-122.167,1810,8475
6592,6592,6616000010,20140825T000000,814000.0,4.0,2.5,2840,8820,1.0,0,2,5,8,1420,1420,1952,0,98118,47.5542,-122.265,2310,8750
6593,6593,1125069102,20150427T000000,1250000.0,4.0,3.0,3310,217800,1.5,0,0,3,9,3310,0,1989,0,98053,47.6616,-121.999,2810,217800
6594,6594,6413600151,20140916T000000,460000.0,3.0,2.0,1860,7232,1.0,0,0,3,7,1320,540,1985,0,98125,47.7165,-122.319,1830,7220
6595,6595,2607720420,20150120T000000,445000.0,3.0,2.5,2250,9608,2.0,0,0,3,8,2250,0,1994,0,98045,47.4865,-121.802,2020,9834
6596,6596,1854900470,20140924T000000,715000.0,3.0,2.5,2890,7027,2.0,0,0,3,8,2890,0,2004,0,98074,47.6111,-122.009,2890,7197
6597,6597,8901000911,20150219T000000,425000.0,3.0,1.75,2120,5992,1.0,0,0,3,7,1060,1060,1947,0,98125,47.7083,-122.308,1840,11000
6598,6598,3709600190,20140715T000000,370000.0,4.0,2.5,2130,4750,2.0,0,0,3,8,2130,0,2009,0,98058,47.4324,-122.184,2130,4071
6599,6599,537000255,20150429T000000,302000.0,2.0,1.75,1170,8200,1.0,0,0,4,6,780,390,1937,0,98003,47.3263,-122.305,1780,9020
6600,6600,4036800170,20140623T000000,453000.0,4.0,1.75,2120,7420,1.0,0,0,4,7,1060,1060,1956,0,98008,47.6019,-122.13,1540,7420
6601,6601,5127100190,20140520T000000,290000.0,3.0,1.75,1280,10716,1.0,0,0,4,7,1280,0,1969,0,98059,47.4755,-122.145,1440,9870
6602,6602,1762600190,20141229T000000,1035000.0,4.0,2.5,3170,47502,2.0,0,0,3,10,3170,0,1988,0,98033,47.6495,-122.185,3190,35110
6603,6603,7796100080,20140520T000000,925000.0,4.0,2.25,2260,41984,1.0,0,0,4,9,2260,0,1967,0,98033,47.6622,-122.171,2650,37318
6604,6604,9465910190,20140529T000000,600000.0,3.0,1.75,2930,19876,1.0,0,0,3,9,2030,900,1993,0,98072,47.7443,-122.17,2740,11499
6605,6605,9284801845,20140805T000000,354000.0,3.0,1.5,1060,5750,1.0,0,2,4,7,1060,0,1981,0,98126,47.5512,-122.371,1060,5750
6606,6606,3210200373,20140617T000000,204950.0,4.0,1.75,1740,9344,1.0,0,0,3,7,1180,560,1978,0,98023,47.3196,-122.399,1440,12884
6607,6607,1854900430,20150422T000000,675000.0,4.0,2.5,2990,5400,2.0,0,0,3,8,2990,0,2005,0,98074,47.6122,-122.009,2890,6538
6608,6608,2944000050,20150422T000000,995000.0,4.0,3.25,3530,20012,2.0,0,0,3,11,3530,0,1986,0,98052,47.7193,-122.127,3850,20707
6609,6609,7971300020,20150331T000000,800000.0,5.0,2.0,2960,10960,1.0,0,0,4,7,1500,1460,1957,0,98005,47.6162,-122.174,2160,10960
6610,6610,1542800010,20140909T000000,472500.0,3.0,2.5,1650,3711,2.0,0,0,3,8,1650,0,1996,0,98052,47.6863,-122.093,1760,3762
6611,6611,1433500050,20141202T000000,549950.0,4.0,2.5,2720,13500,1.0,0,0,3,8,1510,1210,1969,0,98007,47.6191,-122.145,2510,12350
6612,6612,9482700080,20141013T000000,575575.0,3.0,1.75,1516,2897,1.0,0,0,3,7,998,518,1925,0,98103,47.6842,-122.341,2100,3854
6613,6613,3303870050,20150303T000000,545000.0,4.0,3.25,4386,12275,1.0,0,0,3,10,2356,2030,2006,0,98092,47.3329,-122.2,3060,10925
6614,6614,2071700010,20141119T000000,340000.0,3.0,2.25,2580,7434,1.0,0,0,3,7,1630,950,1963,0,98133,47.7446,-122.332,1920,7737
6615,6615,421000430,20150331T000000,225000.0,3.0,1.0,960,5512,1.0,0,0,4,6,960,0,1963,0,98056,47.4944,-122.165,1090,5837
6616,6616,2787460430,20141028T000000,299950.0,2.0,1.75,1460,10506,1.0,0,0,3,7,1460,0,1983,0,98031,47.4048,-122.178,1460,8153
6617,6617,2436200185,20150223T000000,829900.0,4.0,3.5,3840,4000,2.0,0,0,3,8,2640,1200,2001,0,98105,47.6642,-122.291,1620,4000
6618,6618,9542830440,20150330T000000,340000.0,4.0,2.5,2090,4200,2.0,0,0,3,7,2090,0,2007,0,98038,47.3659,-122.017,2090,4200
6619,6619,23500190,20141008T000000,515000.0,4.0,2.25,2470,7800,1.0,0,0,3,8,1470,1000,1975,0,98052,47.6913,-122.115,2050,8050
6620,6620,3905030190,20140711T000000,601000.0,4.0,2.5,2090,6906,2.0,0,0,4,8,2090,0,1992,0,98029,47.5718,-121.996,2090,6370
6621,6621,8079050010,20150504T000000,470000.0,3.0,2.5,2070,8581,2.0,0,0,3,8,2070,0,1994,0,98059,47.5101,-122.151,2440,7849
6622,6622,3172600095,20140708T000000,371500.0,3.0,1.0,1650,6400,1.0,0,0,4,7,980,670,1954,0,98106,47.52,-122.365,1230,6400
6623,6623,126059242,20141119T000000,550000.0,3.0,1.75,1880,45738,1.0,0,0,4,8,1410,470,1980,0,98072,47.7662,-122.114,2340,38556
6624,6624,2944510080,20141214T000000,242550.0,4.0,2.5,2060,7720,2.0,0,0,3,8,2060,0,1995,0,98023,47.2956,-122.374,1630,7720
6625,6625,7019000050,20140506T000000,367500.0,3.0,1.5,1410,9647,1.0,0,0,3,8,1410,0,1961,0,98177,47.7608,-122.361,2090,9272
6626,6626,7212680460,20140924T000000,359000.0,4.0,3.5,2770,8763,2.0,0,0,3,8,2100,670,1996,0,98003,47.2625,-122.308,2030,7242
6627,6627,5706600170,20150311T000000,204900.0,3.0,2.0,1390,8245,1.0,0,0,2,7,1390,0,1984,0,98001,47.2669,-122.254,1260,8245
6628,6628,3322049005,20140930T000000,850000.0,4.0,2.75,5440,239580,1.0,0,0,2,9,2720,2720,1969,0,98001,47.354,-122.293,1970,40392
6629,6629,7338000950,20141021T000000,187000.0,3.0,1.5,1280,4452,2.0,0,0,3,6,1280,0,1985,0,98002,47.3344,-122.216,1070,4366
6630,6630,3323059027,20140528T000000,326000.0,3.0,2.75,1720,28000,1.0,0,0,4,7,1720,0,1958,0,98058,47.4375,-122.176,2000,41817
6631,6631,3323059027,20150225T000000,340000.0,3.0,2.75,1720,28000,1.0,0,0,4,7,1720,0,1958,0,98058,47.4375,-122.176,2000,41817
6632,6632,5502700005,20140625T000000,330000.0,6.0,2.25,3040,28535,1.0,0,0,3,8,1890,1150,1951,0,98030,47.3864,-122.223,1360,8250
6633,6633,7205930050,20150102T000000,782000.0,4.0,3.5,3780,7769,2.0,0,0,3,9,3110,670,2001,0,98052,47.691,-122.129,3310,7945
6634,6634,1853200190,20141103T000000,612000.0,4.0,2.5,2670,5974,2.0,0,0,3,8,2670,0,1999,0,98034,47.7122,-122.231,2140,5729
6635,6635,2697400020,20141031T000000,400000.0,3.0,2.0,1350,7216,1.0,0,0,3,7,1350,0,1964,0,98177,47.7616,-122.365,1920,7600
6636,6636,226039316,20140603T000000,941500.0,5.0,3.5,3490,9680,2.0,0,4,3,9,2460,1030,1980,0,98177,47.7757,-122.391,3080,13489
6637,6637,3126049439,20150109T000000,313000.0,2.0,1.5,870,747,2.0,0,0,3,8,800,70,2004,0,98103,47.6967,-122.342,1710,1280
6638,6638,3491300052,20150409T000000,735000.0,4.0,2.25,2410,4250,1.5,0,0,5,7,1460,950,1929,0,98117,47.6849,-122.376,1360,5074
6639,6639,6662410020,20150319T000000,471000.0,3.0,1.75,1640,10123,1.0,0,0,3,8,1340,300,1977,0,98011,47.7698,-122.167,2210,10852
6640,6640,6139100086,20150224T000000,350000.0,3.0,1.0,1540,9800,1.0,0,0,4,7,1540,0,1950,0,98155,47.7604,-122.329,1560,9450
6641,6641,5710610670,20140723T000000,530000.0,4.0,2.5,2370,9601,1.0,0,0,3,8,1570,800,1976,0,98027,47.5327,-122.054,2550,10500
6642,6642,7503000020,20140507T000000,415000.0,4.0,3.0,1830,9548,2.0,0,0,3,7,1830,0,1991,0,98028,47.7379,-122.224,1740,9750
6643,6643,1795920440,20140621T000000,639500.0,4.0,2.25,2330,8994,2.0,0,0,3,8,2330,0,1986,0,98052,47.7264,-122.104,2330,8396
6644,6644,3570000130,20140611T000000,580379.0,4.0,2.75,2240,27820,1.5,0,0,4,8,2240,0,1976,0,98075,47.5936,-122.054,2330,20000
6645,6645,7853340430,20141119T000000,378000.0,2.0,2.5,1700,2513,2.0,0,0,3,8,1700,0,2009,0,98065,47.5163,-121.878,1760,2891
6646,6646,2473380010,20150115T000000,265000.0,3.0,2.25,1750,9298,1.0,0,0,4,7,1410,340,1969,0,98058,47.4579,-122.164,1720,7875
6647,6647,3306300630,20140924T000000,212000.0,3.0,1.75,1100,9750,1.0,0,0,4,6,1100,0,1967,0,98023,47.2955,-122.362,1100,9900
6648,6648,3222049120,20150123T000000,400000.0,4.0,3.0,2320,13068,2.0,0,2,3,8,2320,0,1998,0,98198,47.3497,-122.317,2220,25265
6649,6649,2425059173,20150206T000000,750000.0,4.0,2.5,2540,6491,2.0,0,0,3,8,2540,0,1997,0,98008,47.6363,-122.117,1990,8447
6650,6650,1196000007,20140505T000000,384900.0,5.0,2.5,3090,12750,1.0,0,0,3,8,1750,1340,1968,0,98023,47.3408,-122.335,1760,25919
6651,6651,8651402910,20140806T000000,176000.0,2.0,1.0,770,5200,1.0,0,0,5,6,770,0,1969,0,98042,47.3627,-122.087,1150,5330
6652,6652,3558000130,20140909T000000,350000.0,3.0,2.75,2370,4632,2.0,0,0,3,7,2370,0,2002,0,98038,47.3794,-122.022,2290,5012
6653,6653,3830210020,20140729T000000,168000.0,3.0,1.0,1200,7210,1.0,0,0,4,6,1200,0,1977,0,98030,47.3729,-122.183,1200,7650
6654,6654,7950302210,20141114T000000,358000.0,4.0,2.0,2200,3060,1.0,0,0,3,7,1100,1100,1908,2000,98118,47.565,-122.284,1410,5100
6655,6655,1774200190,20150428T000000,580000.0,3.0,2.75,2660,32757,1.0,0,0,4,8,2660,0,1975,0,98077,47.7649,-122.098,2720,35191
6656,6656,3715500170,20140623T000000,442500.0,3.0,1.75,1600,10280,1.0,0,0,3,7,1050,550,1977,0,98034,47.725,-122.174,1590,8100
6657,6657,2436700655,20150317T000000,515000.0,2.0,2.5,1330,1249,3.0,0,0,3,8,1330,0,2004,0,98105,47.6668,-122.285,1430,1328
6658,6658,5072100095,20141117T000000,554000.0,5.0,2.5,3440,12900,1.0,0,2,4,8,1720,1720,1958,0,98166,47.4426,-122.342,2100,10751
6659,6659,305000170,20140610T000000,659000.0,3.0,2.5,2510,6320,2.0,0,0,3,9,2510,0,1996,0,98075,47.5868,-122.033,2518,5819
6660,6660,2570300130,20150317T000000,414999.0,4.0,2.5,2150,10098,1.0,0,0,3,7,1090,1060,1963,0,98034,47.7166,-122.201,1880,10000
6661,6661,776600130,20140502T000000,275000.0,3.0,1.5,1180,10277,1.0,0,0,3,6,1180,0,1983,0,98045,47.488,-121.787,1680,11104
6662,6662,5379802181,20141119T000000,193000.0,2.0,1.0,680,8640,1.0,0,0,4,5,680,0,1951,0,98188,47.4559,-122.289,1320,13140
6663,6663,9558020380,20140820T000000,525000.0,4.0,2.5,2840,4750,2.0,0,0,3,9,2840,0,2002,0,98058,47.4511,-122.121,2460,4750
6664,6664,3396830020,20141009T000000,424000.0,3.0,2.5,1820,7500,2.0,0,0,3,8,1820,0,1985,0,98052,47.7155,-122.104,2040,8304
6665,6665,7519001825,20150108T000000,455000.0,2.0,1.0,1070,5150,1.0,0,0,4,6,870,200,1908,0,98117,47.6853,-122.366,1520,3860
6666,6666,2324039069,20140822T000000,463000.0,2.0,1.0,1250,5650,2.0,0,1,4,7,1250,0,1943,0,98126,47.5495,-122.377,1210,5650
6667,6667,1245500950,20150504T000000,1100000.0,4.0,2.5,2190,6300,1.0,0,3,3,7,1240,950,1960,0,98033,47.6918,-122.216,2730,14659
6668,6668,5100404030,20141208T000000,523000.0,3.0,1.75,3000,5413,2.0,0,0,4,8,1900,1100,1963,0,98115,47.6962,-122.312,1550,5413
6669,6669,9542000050,20140808T000000,615000.0,4.0,1.75,2270,9830,1.0,0,0,4,8,2270,0,1959,0,98005,47.5999,-122.176,2540,11990
6670,6670,5608000630,20141103T000000,1515000.0,4.0,4.0,4500,11795,2.0,0,0,3,12,4500,0,1991,0,98027,47.5533,-122.098,3930,11576
6671,6671,475001235,20140808T000000,870000.0,5.0,4.0,3400,5000,2.0,0,0,3,8,2320,1080,1900,2013,98107,47.6655,-122.363,1910,5000
6672,6672,2725069150,20140817T000000,710000.0,3.0,2.5,2830,9680,2.0,0,0,3,10,2830,0,1991,0,98074,47.6249,-122.024,2970,8691
6673,6673,9202000080,20140707T000000,215000.0,3.0,1.0,960,9563,1.0,0,0,5,7,960,0,1967,0,98023,47.2864,-122.357,1280,9600
6674,6674,225039049,20140908T000000,590000.0,2.0,1.0,1530,6450,1.0,0,0,4,7,1530,0,1920,0,98117,47.6833,-122.398,1530,5000
6675,6675,2212500430,20140814T000000,323000.0,5.0,2.5,2500,13034,1.0,0,0,3,7,1300,1200,1962,0,98092,47.3343,-122.194,2440,13300
6676,6676,2473100010,20140722T000000,279000.0,4.0,2.0,1560,7569,1.5,0,0,4,7,1560,0,1966,0,98058,47.4496,-122.155,1480,8755
6677,6677,2795000080,20140919T000000,535100.0,3.0,2.25,2070,7207,1.0,0,0,3,8,1720,350,1973,0,98177,47.7735,-122.371,2350,7980
6678,6678,9541800010,20141027T000000,830000.0,5.0,2.25,2710,19800,1.0,0,0,5,9,1910,800,1959,0,98005,47.5958,-122.175,2120,16400
6679,6679,2619920010,20140703T000000,815000.0,4.0,2.5,3150,4203,2.0,0,0,3,9,3150,0,2002,0,98033,47.688,-122.164,3150,5169
6680,6680,4046400010,20150309T000000,535900.0,3.0,2.25,1880,10880,1.0,0,0,3,8,1480,400,1975,0,98008,47.5937,-122.116,2120,10240
6681,6681,7642200095,20150309T000000,230000.0,3.0,1.0,1250,8800,1.0,0,0,3,7,1250,0,1955,0,98146,47.497,-122.357,1480,8200
6682,6682,8899000430,20150217T000000,325500.0,4.0,1.75,2290,8142,1.0,0,0,4,7,1490,800,1969,0,98055,47.4564,-122.211,1840,8142
6683,6683,8944750480,20150130T000000,359000.0,3.0,2.25,1990,4331,2.0,0,0,3,7,1990,0,1997,0,98056,47.4917,-122.167,1690,3688
6684,6684,7852020660,20140509T000000,505000.0,3.0,2.5,2100,5824,2.0,0,2,3,8,2100,0,1999,0,98065,47.5334,-121.867,1890,4140
6685,6685,7789000080,20140930T000000,253905.0,3.0,1.0,940,8400,1.0,0,0,5,7,940,0,1958,0,98056,47.5112,-122.167,950,8400
6686,6686,6413100122,20140711T000000,369950.0,3.0,1.75,1640,4860,1.0,0,0,3,8,1200,440,1965,0,98125,47.7125,-122.32,1480,7200
6687,6687,8856960280,20150121T000000,350000.0,3.0,2.25,1860,8378,2.0,0,0,3,7,1860,0,1995,0,98038,47.3875,-122.032,1870,8378
6688,6688,1868901190,20140807T000000,650000.0,4.0,2.25,2100,2500,3.0,0,0,3,8,2100,0,2001,0,98115,47.6726,-122.298,1660,4000
6689,6689,3123039136,20140825T000000,295000.0,3.0,1.75,1500,15246,1.0,0,0,3,6,1500,0,1925,1998,98070,47.4367,-122.463,1500,16988
6690,6690,3585300415,20150507T000000,620000.0,3.0,1.75,1680,28046,1.0,0,3,3,8,1180,500,1948,0,98177,47.7648,-122.37,2190,26308
6691,6691,2624089007,20150320T000000,1998000.0,2.0,2.5,3900,920423,2.0,0,0,3,12,3900,0,2009,0,98065,47.5371,-121.756,2720,411962
6692,6692,4338800170,20140507T000000,246000.0,3.0,1.0,1400,7410,1.0,0,0,3,6,1400,0,1944,0,98166,47.4798,-122.343,1070,7410
6693,6693,4046501300,20140916T000000,430000.0,3.0,2.75,2600,12860,1.0,0,0,3,7,1350,1250,1965,0,98014,47.695,-121.918,2260,12954
6694,6694,3331001995,20150123T000000,509990.0,3.0,2.0,1440,4859,2.0,0,0,2,6,1440,0,1921,0,98118,47.5503,-122.285,1360,4558
6695,6695,802000130,20141209T000000,490000.0,4.0,1.75,1870,9500,1.0,0,0,4,7,1090,780,1962,0,98033,47.7012,-122.187,2010,10000
6696,6696,2011400779,20141202T000000,385000.0,4.0,2.75,2960,10454,1.0,0,1,3,8,2360,600,1979,0,98198,47.4006,-122.322,1870,10500
6697,6697,8651610660,20150429T000000,769000.0,4.0,2.5,2440,6733,2.0,0,0,3,9,2440,0,1999,0,98074,47.6374,-122.064,2570,6496
6698,6698,1788900380,20150212T000000,185000.0,2.0,1.0,1122,9100,1.0,0,0,4,6,1122,0,1960,0,98023,47.328,-122.341,840,9344
6699,6699,2121000250,20140509T000000,303500.0,3.0,1.5,1060,10464,1.0,0,0,4,7,1060,0,1973,0,98034,47.7313,-122.229,1420,10464
6700,6700,2110900050,20150211T000000,468000.0,4.0,2.5,2150,8165,1.0,0,0,3,8,1430,720,1957,0,98177,47.773,-122.371,2360,7980
6701,6701,5469503280,20140721T000000,449950.0,4.0,2.5,3100,10000,2.0,0,0,3,9,3100,0,1978,0,98042,47.3741,-122.15,1850,9438
6702,6702,6300000364,20140616T000000,235000.0,2.0,1.5,880,1805,2.0,0,0,3,7,880,0,1999,0,98133,47.7064,-122.342,880,5060
6703,6703,2616800050,20141202T000000,520000.0,4.0,2.5,2490,34947,2.0,0,0,3,9,2150,340,1985,0,98027,47.4823,-122.031,2490,39639
6704,6704,1446400648,20141106T000000,203000.0,2.0,1.0,1080,9067,1.0,0,0,3,6,1080,0,1951,0,98168,47.4815,-122.331,1080,6647
6705,6705,4038700380,20140826T000000,657000.0,5.0,2.5,2530,10190,1.0,0,0,4,7,1290,1240,1960,0,98008,47.61600000000001,-122.115,2040,8560
6706,6706,9109000050,20140709T000000,275000.0,3.0,1.0,1200,7800,1.0,0,0,4,7,1200,0,1954,0,98126,47.5196,-122.371,1230,7070
6707,6707,9465910380,20141024T000000,540000.0,4.0,2.25,2850,7453,2.0,0,0,3,9,2850,0,1991,0,98072,47.7439,-122.174,2700,8468
6708,6708,1137400460,20140624T000000,455000.0,4.0,2.5,2950,4502,2.0,0,0,3,7,2950,0,2005,0,98059,47.5002,-122.151,2360,4502
6709,6709,2545700020,20141016T000000,458500.0,2.0,1.75,1160,6828,1.0,0,0,3,7,860,300,1941,0,98115,47.6937,-122.298,1250,6828
6710,6710,3260570290,20150424T000000,549900.0,4.0,3.5,3420,4751,2.0,0,0,3,10,3420,0,2003,0,98055,47.4734,-122.193,3490,5700
6711,6711,5652600185,20140502T000000,750000.0,3.0,1.75,2240,10578,2.0,0,0,5,8,1550,690,1923,0,98115,47.6954,-122.292,1570,10578
6712,6712,7347600507,20140623T000000,235000.0,4.0,1.75,1450,8891,1.5,0,0,3,7,1180,270,1962,0,98168,47.478,-122.278,1450,9013
6713,6713,1545802850,20140911T000000,286000.0,4.0,2.5,1820,7930,2.0,0,0,5,7,1820,0,1989,0,98038,47.359,-122.05,1490,7930
6714,6714,3126059027,20150318T000000,2650000.0,4.0,3.5,4700,13730,2.0,0,3,3,11,3500,1200,1958,1995,98033,47.6899,-122.217,3210,15306
6715,6715,8087800430,20150210T000000,602000.0,4.0,1.75,2430,14000,1.0,0,0,4,7,1580,850,1963,0,98052,47.6554,-122.134,1910,8285
6716,6716,9547200460,20140820T000000,640000.0,3.0,1.5,1960,4080,1.5,0,0,3,7,1960,0,1915,0,98115,47.6768,-122.31,1880,4080
6717,6717,3826501060,20141009T000000,267000.0,3.0,1.75,1440,10920,1.0,0,0,4,8,1440,0,1977,0,98030,47.3812,-122.168,1720,8260
6718,6718,5406500430,20150421T000000,712000.0,4.0,2.5,2730,4385,2.0,0,0,3,8,2730,0,2001,0,98075,47.5975,-122.038,2670,4644
6719,6719,5417600130,20141010T000000,244500.0,2.0,1.0,910,9000,1.0,0,0,3,5,910,0,1923,0,98065,47.526,-121.81,1290,9000
6720,6720,5417600130,20150512T000000,301000.0,2.0,1.0,910,9000,1.0,0,0,3,5,910,0,1923,0,98065,47.526,-121.81,1290,9000
6721,6721,2138700345,20140818T000000,990000.0,4.0,2.5,2430,6325,2.0,0,0,4,8,2020,410,1919,0,98109,47.6413,-122.354,2340,4375
6722,6722,5611500170,20150422T000000,739999.0,4.0,2.75,3350,6500,2.0,0,0,3,10,3350,0,1999,0,98075,47.5838,-122.027,2960,6970
6723,6723,5700002125,20140610T000000,480000.0,4.0,1.75,2320,4322,1.0,0,0,3,7,1140,1180,1910,0,98144,47.5755,-122.289,1820,4322
6724,6724,1473200170,20140729T000000,305000.0,3.0,2.5,1260,1622,3.0,0,0,3,8,1260,0,2009,0,98133,47.7325,-122.343,1340,1188
6725,6725,2922702965,20150115T000000,703300.0,3.0,2.0,1980,3525,1.5,0,0,4,8,1590,390,1932,0,98117,47.6847,-122.368,1760,3760
6726,6726,7895500290,20150330T000000,265000.0,4.0,1.5,1580,8468,2.0,0,0,4,7,1580,0,1971,0,98001,47.3336,-122.281,1580,8260
6727,6727,7338200170,20150422T000000,600000.0,4.0,2.5,2710,35009,2.0,0,2,3,9,2710,0,1992,0,98045,47.4815,-121.714,2330,35040
6728,6728,6929603769,20140721T000000,253000.0,3.0,1.0,1400,9750,1.0,0,0,3,7,1400,0,1968,1998,98198,47.3862,-122.304,1640,8050
6729,6729,9429000170,20150326T000000,617950.0,4.0,2.5,2410,7950,2.0,0,0,3,8,2410,0,1997,0,98034,47.7185,-122.226,1920,7713
6730,6730,2114700190,20141212T000000,385000.0,4.0,3.25,1790,2460,2.0,0,0,4,7,1100,690,2000,0,98106,47.534,-122.346,1260,4040
6731,6731,323049148,20141219T000000,319000.0,3.0,2.0,1640,9234,1.0,0,0,5,7,1060,580,1967,0,98118,47.5162,-122.274,2230,10354
6732,6732,4038700290,20150423T000000,696000.0,3.0,2.5,1670,8023,1.0,0,0,5,7,1170,500,1960,0,98008,47.615,-122.117,1960,8964
6733,6733,9284802045,20140630T000000,345000.0,2.0,1.0,970,5750,1.0,0,0,4,6,970,0,1932,0,98126,47.5518,-122.37,1650,8625
6734,6734,3188100007,20141022T000000,380000.0,3.0,2.5,1610,1778,3.0,0,0,3,7,1610,0,2002,0,98115,47.6902,-122.306,1120,2187
6735,6735,1200019,20140508T000000,647500.0,4.0,1.75,2060,26036,1.0,0,0,4,8,1160,900,1947,0,98166,47.4444,-122.351,2590,21891
6736,6736,2616800480,20140925T000000,725000.0,3.0,2.5,3570,35271,2.0,0,0,3,9,3570,0,1997,0,98027,47.4782,-122.035,3510,37194
6737,6737,2310000380,20141219T000000,269950.0,3.0,1.75,1400,7735,1.0,0,0,4,7,1400,0,1989,0,98038,47.357,-122.04,1530,7754
6738,6738,4054560170,20140611T000000,875000.0,4.0,2.5,3470,32109,2.0,0,0,3,10,3470,0,1995,0,98077,47.7311,-122.036,3800,35181
6739,6739,7972601900,20140530T000000,299950.0,3.0,1.0,1210,9525,1.0,0,0,3,7,1210,0,1955,0,98106,47.5274,-122.345,1680,7620
6740,6740,3391500050,20140703T000000,1875000.0,4.0,3.25,3930,10929,2.0,0,0,3,10,3930,0,2006,0,98004,47.6259,-122.194,1780,9999
6741,6741,8132700190,20140602T000000,430000.0,2.0,1.0,990,4802,1.0,0,0,3,7,990,0,1947,0,98117,47.6876,-122.395,1180,5000
6742,6742,3904990430,20150129T000000,495000.0,5.0,2.5,2200,4942,2.0,0,0,3,8,2200,0,1989,0,98029,47.5772,-122.001,2200,5924
6743,6743,5469700052,20141113T000000,275000.0,3.0,1.5,1510,16200,1.0,0,0,3,7,1510,0,1970,0,98031,47.3926,-122.167,1650,13950
6744,6744,4006000509,20140916T000000,333000.0,3.0,1.0,1620,5040,1.0,0,0,3,7,1120,500,1964,0,98118,47.5263,-122.286,1790,6178
6745,6745,9269750460,20140519T000000,247000.0,3.0,2.25,1580,7941,2.0,0,0,4,7,1580,0,1986,0,98023,47.2843,-122.357,1730,8051
6746,6746,2721059173,20150309T000000,204555.0,3.0,1.75,1260,15000,1.5,0,0,4,7,1260,0,1983,0,98092,47.2737,-122.153,2400,21715
6747,6747,3981200660,20140715T000000,432000.0,3.0,2.0,2190,13673,1.0,0,0,4,9,2190,0,1994,0,98042,47.3542,-122.098,2770,13804
6748,6748,4012800050,20140521T000000,175000.0,3.0,1.75,1230,13056,1.0,0,0,4,7,1230,0,1962,0,98001,47.3171,-122.279,1690,15750
6749,6749,3275750050,20150320T000000,556300.0,4.0,2.5,2030,7140,1.0,0,0,4,7,1400,630,1968,0,98008,47.6244,-122.109,1800,7565
6750,6750,8572900275,20140625T000000,286000.0,2.0,1.0,780,3475,1.0,0,0,4,5,780,0,1930,0,98045,47.4944,-121.789,1210,6769
6751,6751,993000950,20140906T000000,320000.0,2.0,1.5,1110,1200,3.0,0,0,3,8,1110,0,2000,0,98103,47.6931,-122.342,1110,1363
6752,6752,426069099,20150420T000000,815000.0,3.0,2.5,2790,53143,2.0,0,0,4,9,2790,0,1991,0,98077,47.7687,-122.036,2740,47916
6753,6753,3276180020,20150327T000000,385000.0,4.0,1.75,1660,10757,1.0,0,0,3,7,1000,660,1980,0,98056,47.5071,-122.194,1880,8319
6754,6754,5700001640,20140508T000000,1039000.0,4.0,1.0,3410,5000,2.0,0,0,5,8,2190,1220,1910,0,98144,47.5807,-122.291,2550,5000
6755,6755,9264940130,20141028T000000,350000.0,4.0,2.25,2390,13002,2.0,0,0,3,8,2390,0,1987,0,98023,47.3111,-122.35,2450,11200
6756,6756,7300400670,20140729T000000,277000.0,4.0,2.5,1850,5880,2.0,0,0,3,8,1850,0,1998,0,98092,47.3322,-122.173,2370,6500
6757,6757,4112100101,20150219T000000,415000.0,6.0,2.0,2500,5200,1.0,0,0,3,8,1250,1250,1966,0,98118,47.5517,-122.268,1800,5200
6758,6758,6163901381,20141204T000000,295000.0,3.0,1.0,1000,8320,1.0,0,0,5,6,1000,0,1951,0,98155,47.7548,-122.316,1090,8450
6759,6759,7603100020,20140805T000000,969000.0,4.0,2.0,2450,5000,2.0,0,4,5,8,2200,250,1919,0,98116,47.5619,-122.405,2360,6090
6760,6760,4302200415,20141104T000000,339888.0,4.0,1.75,1440,6144,1.0,0,0,5,6,720,720,1947,0,98106,47.5257,-122.357,960,5160
6761,6761,3876760430,20140822T000000,269950.0,3.0,2.25,1660,7003,2.0,0,0,3,7,1660,0,1996,0,98030,47.3599,-122.188,1840,6680
6762,6762,3754501235,20141001T000000,1185000.0,3.0,2.5,2510,4600,2.0,0,2,3,10,2510,0,2006,0,98034,47.7051,-122.223,2560,7500
6763,6763,8691330500,20141216T000000,780000.0,4.0,2.5,3090,12511,2.0,0,0,4,10,3090,0,1998,0,98075,47.5932,-121.983,3100,10882
6764,6764,8651401680,20150408T000000,198000.0,3.0,1.0,860,5185,1.0,0,0,4,6,860,0,1968,0,98042,47.3634,-122.086,1120,5494
6765,6765,8011100050,20150508T000000,350000.0,2.0,1.0,1220,28703,1.0,0,0,4,7,1220,0,1953,0,98056,47.4952,-122.172,2740,6720
6766,6766,3768000280,20141201T000000,350000.0,3.0,1.0,1010,7680,1.0,0,0,4,7,1010,0,1967,0,98034,47.732,-122.231,1320,7373
6767,6767,1321710460,20141206T000000,319000.0,4.0,2.25,2390,7350,2.0,0,0,3,8,2390,0,1990,0,98023,47.2938,-122.348,2390,7350
6768,6768,8731981680,20140908T000000,311000.0,4.0,2.25,3340,8000,2.0,0,0,4,8,3340,0,1973,0,98023,47.317,-122.385,2230,8000
6769,6769,7714000250,20141018T000000,394000.0,5.0,3.25,3620,4650,2.0,0,0,3,8,2790,830,2004,0,98038,47.3552,-122.026,2850,4650
6770,6770,1336800010,20140613T000000,1335000.0,5.0,2.25,4200,5800,2.5,0,0,4,9,2910,1290,1906,0,98112,47.6284,-122.312,3060,5800
6771,6771,5442300807,20140624T000000,2700000.0,5.0,2.75,3831,13800,2.0,1,4,3,9,3831,0,1959,1980,98040,47.5919,-122.251,3850,36563
6772,6772,6190701112,20141125T000000,396000.0,3.0,1.0,1980,9540,1.0,0,0,3,7,1080,900,1949,0,98133,47.7551,-122.353,1680,9529
6773,6773,2680700280,20150402T000000,809000.0,4.0,1.75,1790,8372,1.0,0,0,4,8,1340,450,1976,0,98033,47.6605,-122.189,2180,10500
6774,6774,1025059181,20140722T000000,480000.0,3.0,2.0,1580,7400,1.0,0,0,3,7,1050,530,1977,0,98052,47.6715,-122.162,1560,7458
6775,6775,3856900005,20140909T000000,535000.0,6.0,1.75,2460,6000,1.0,0,0,4,7,1230,1230,1913,0,98115,47.6721,-122.323,1560,4275
6776,6776,4302700425,20150213T000000,425000.0,5.0,2.75,2110,5120,2.0,0,0,3,7,1870,240,1947,1983,98106,47.5294,-122.357,1580,5120
6777,6777,6824100005,20140801T000000,408000.0,3.0,2.5,1470,1204,3.0,0,0,3,8,1470,0,2006,0,98117,47.6998,-122.366,1460,1245
6778,6778,3625600190,20150409T000000,1255000.0,4.0,2.5,3510,13100,2.0,0,0,4,10,3510,0,1966,0,98040,47.5306,-122.227,3230,12745
6779,6779,7588700177,20150420T000000,310000.0,1.0,0.75,520,2885,1.0,0,0,4,6,520,0,1947,0,98117,47.6886,-122.378,980,4241
6780,6780,3303950080,20141103T000000,292000.0,3.0,2.5,1950,7421,2.0,0,0,3,8,1950,0,1996,0,98038,47.3842,-122.036,2200,4668
6781,6781,985000950,20150227T000000,217000.0,2.0,1.0,770,9715,1.0,0,0,4,6,770,0,1942,0,98168,47.4924,-122.312,1140,9715
6782,6782,8011100005,20150127T000000,398500.0,4.0,2.5,2250,6064,2.0,0,0,3,8,2250,0,2005,0,98056,47.4956,-122.174,1520,7840
6783,6783,5316100980,20150326T000000,2250000.0,3.0,3.0,4040,7200,1.5,0,2,4,9,3340,700,1930,0,98112,47.6288,-122.284,3450,10800
6784,6784,6819100345,20150325T000000,700000.0,4.0,1.75,2360,6000,1.0,0,0,3,7,1280,1080,1955,0,98109,47.6465,-122.357,1700,3460
6785,6785,3276930420,20140912T000000,585000.0,4.0,2.5,2330,45860,2.0,0,0,3,9,2330,0,1989,0,98075,47.5842,-121.992,2930,5020
6786,6786,6648900005,20141008T000000,399950.0,3.0,1.0,1720,8910,1.0,0,0,4,7,1720,0,1954,0,98155,47.7736,-122.296,1870,8640
6787,6787,6083000050,20140613T000000,235000.0,3.0,1.75,1900,8540,1.0,0,0,3,6,950,950,1980,0,98168,47.4868,-122.303,1370,10204
6788,6788,1180008315,20140715T000000,212000.0,3.0,1.0,1040,6800,1.0,0,0,5,6,1040,0,1951,0,98178,47.492,-122.224,1430,6080
6789,6789,8651510380,20140821T000000,310000.0,3.0,2.0,2070,9195,1.0,0,0,3,8,1220,850,1982,0,98074,47.6491,-122.061,2080,9551
6790,6790,8651510380,20141216T000000,539000.0,3.0,2.0,2070,9195,1.0,0,0,3,8,1220,850,1982,0,98074,47.6491,-122.061,2080,9551
6791,6791,9826701794,20141205T000000,390000.0,3.0,3.0,1550,1608,2.0,0,0,3,8,1280,270,2001,0,98122,47.6042,-122.303,1940,1883
6792,6792,2790400380,20141201T000000,560000.0,3.0,2.5,2020,11935,1.0,0,0,4,9,2020,0,1976,0,98052,47.632,-122.092,2410,12350
6793,6793,6979940050,20140916T000000,800000.0,5.0,2.5,3320,9024,2.0,0,0,3,9,3320,0,1999,0,98075,47.5865,-122.056,3320,7665
6794,6794,1727001300,20140609T000000,1900000.0,4.0,3.25,4130,112521,2.0,0,0,3,11,4130,0,1978,0,98005,47.6392,-122.165,3140,26147
6795,6795,686100380,20141027T000000,472000.0,5.0,2.0,2030,9804,1.0,0,0,3,7,1110,920,1963,0,98008,47.6297,-122.114,1930,7990
6796,6796,4037400280,20140923T000000,502550.0,3.0,1.75,1770,7875,1.0,0,0,4,7,1170,600,1958,0,98008,47.606,-122.125,1670,8000
6797,6797,8691400010,20150327T000000,830000.0,4.0,3.25,3330,7809,2.0,0,0,3,9,3330,0,2004,0,98075,47.5977,-121.976,3100,6465
6798,6798,1450300050,20140723T000000,224950.0,4.0,2.5,2260,9686,1.0,0,0,4,7,1520,740,1965,0,98002,47.286,-122.218,1750,9916
6799,6799,4024101440,20140618T000000,375000.0,3.0,2.5,1950,6871,2.0,0,0,3,8,1950,0,1997,0,98155,47.7603,-122.307,1950,7663
6800,6800,624100010,20141208T000000,645000.0,3.0,2.5,2930,19900,1.5,0,0,3,9,2930,0,1983,0,98077,47.7234,-122.066,3160,20492
6801,6801,9523102580,20140523T000000,599000.0,3.0,2.75,1960,2500,1.5,0,0,5,7,1410,550,1926,0,98103,47.6744,-122.353,2040,5000
6802,6802,7429000130,20150509T000000,515000.0,4.0,2.5,2980,12534,2.0,0,0,3,9,2980,0,1996,0,98031,47.3999,-122.211,2630,12534
6803,6803,7335400345,20140528T000000,135000.0,2.0,1.0,780,6685,1.0,0,0,4,5,780,0,1948,0,98002,47.305,-122.215,880,6695
6804,6804,7215721330,20141023T000000,485000.0,3.0,2.5,1650,4218,2.0,0,0,3,8,1650,0,2000,0,98075,47.5998,-122.016,1650,4559
6805,6805,3117100130,20140714T000000,890000.0,3.0,3.25,4030,12765,2.0,0,0,4,9,2800,1230,1975,0,98005,47.6331,-122.166,2670,13447
6806,6806,2868900020,20150408T000000,215000.0,3.0,1.0,1010,10125,1.0,0,0,4,7,1010,0,1972,0,98042,47.3423,-122.088,1230,10125
6807,6807,5703500130,20141217T000000,299500.0,3.0,1.0,1190,9600,1.0,0,0,3,7,1190,0,1981,0,98045,47.4805,-121.762,1360,10140
6808,6808,3025059136,20140813T000000,800000.0,2.0,1.0,1050,8750,1.0,0,0,4,7,1050,0,1951,0,98004,47.6294,-122.215,3360,20115
6809,6809,6679000130,20150209T000000,275000.0,3.0,2.5,1560,4244,2.0,0,0,3,7,1560,0,2002,0,98038,47.3834,-122.027,1670,4251
6810,6810,4222500020,20150219T000000,256400.0,3.0,1.5,1490,7800,1.0,0,0,3,7,1010,480,1963,0,98003,47.3431,-122.304,1570,7800
6811,6811,3997500130,20150224T000000,310000.0,2.0,1.0,770,8149,1.0,0,0,4,6,770,0,1948,0,98155,47.7439,-122.301,820,8149
6812,6812,9834201205,20150304T000000,385000.0,1.0,1.0,620,5100,1.0,0,0,3,6,620,0,1954,0,98144,47.5699,-122.287,1540,2676
6813,6813,806000020,20150310T000000,203000.0,3.0,1.5,1200,9120,1.0,0,0,3,7,1000,200,1963,0,98055,47.4545,-122.187,1640,9200
6814,6814,507100005,20150310T000000,285000.0,4.0,2.0,2120,6865,1.0,0,0,3,7,1060,1060,1954,0,98133,47.7775,-122.337,1460,7780
6815,6815,8635760480,20150127T000000,473975.0,3.0,2.5,2330,3610,2.0,0,0,3,8,2330,0,1999,0,98074,47.6022,-122.021,1830,2948
6816,6816,1328330190,20140714T000000,320000.0,3.0,1.75,2000,9760,1.0,0,0,4,8,1400,600,1978,0,98058,47.4417,-122.134,1890,8089
6817,6817,2919702040,20140612T000000,599000.0,5.0,2.75,2820,4608,1.0,0,0,3,7,1450,1370,1967,0,98117,47.6886,-122.361,1620,3840
6818,6818,3095000095,20140714T000000,580000.0,3.0,2.0,2040,4800,1.0,0,0,4,7,1020,1020,1925,0,98126,47.5561,-122.377,1640,4800
6819,6819,304100010,20141209T000000,269500.0,4.0,2.25,1700,7056,2.0,0,0,3,7,1700,0,1999,0,98001,47.3385,-122.262,1650,6025
6820,6820,617000089,20141117T000000,274000.0,2.0,1.0,820,6200,1.0,0,0,4,6,820,0,1954,0,98166,47.4163,-122.34,1410,14000
6821,6821,3582750280,20150326T000000,347000.0,2.0,1.75,1315,2162,2.0,0,0,4,8,1315,0,1974,0,98028,47.752,-122.253,1640,2128
6822,6822,3438500430,20140521T000000,270000.0,3.0,1.75,1390,10905,1.0,0,0,3,6,860,530,1957,0,98106,47.5517,-122.36,1390,10839
6823,6823,8964800225,20150303T000000,1430000.0,3.0,2.0,1890,12017,1.0,0,2,3,8,1890,0,1949,0,98004,47.6203,-122.21,2000,12210
6824,6824,2013801350,20150220T000000,220000.0,3.0,1.75,1460,7226,1.0,0,0,3,7,1460,0,1993,0,98198,47.3839,-122.321,1760,7226
6825,6825,1320069163,20150304T000000,243000.0,3.0,1.0,1480,15416,1.0,0,2,4,8,1480,0,1955,0,98022,47.2142,-121.987,1190,10758
6826,6826,7549800168,20140527T000000,457500.0,3.0,1.75,1840,4030,1.0,0,0,5,7,1050,790,1925,0,98108,47.5549,-122.311,1840,5040
6827,6827,3226049466,20141219T000000,340000.0,2.0,1.75,1880,7208,1.0,0,0,3,7,940,940,1951,0,98115,47.6946,-122.328,1880,8051
6828,6828,9822700285,20140918T000000,657500.0,4.0,1.5,1910,5000,1.5,0,0,3,7,1610,300,1912,0,98105,47.6597,-122.29,2170,5000
6829,6829,538000250,20150112T000000,332500.0,4.0,2.5,2220,4720,2.0,0,0,3,7,2220,0,1998,0,98038,47.3541,-122.024,2090,4717
6830,6830,5702450250,20140717T000000,340000.0,3.0,2.0,1410,10015,1.0,0,3,3,6,1410,0,1993,0,98045,47.4948,-121.776,1570,10485
6831,6831,8835900086,20140902T000000,350000.0,4.0,3.0,3380,16133,1.0,0,1,3,8,2330,1050,1959,0,98118,47.5501,-122.261,2500,11100
6832,6832,3333002302,20150213T000000,428000.0,4.0,2.5,1950,5602,1.0,0,0,5,7,1120,830,1966,0,98118,47.5437,-122.291,2000,6050
6833,6833,7787120500,20150504T000000,515055.0,4.0,2.5,2400,8320,2.0,0,0,3,8,2400,0,1999,0,98045,47.4808,-121.781,2430,9258
6834,6834,8563010420,20150204T000000,450000.0,3.0,1.75,1560,8968,1.0,0,0,4,8,1560,0,1972,0,98008,47.6243,-122.1,1990,8034
6835,6835,3361400190,20150226T000000,190000.0,3.0,1.0,1040,8910,1.0,0,0,3,6,1040,0,1943,0,98168,47.5024,-122.32,1330,9720
6836,6836,1024039001,20140717T000000,1000000.0,4.0,2.75,3090,16538,3.0,0,0,4,8,2590,500,1919,1987,98116,47.5803,-122.403,1500,5130
6837,6837,6806100420,20141119T000000,299000.0,3.0,2.5,1850,4600,2.0,0,0,3,7,1850,0,2005,0,98058,47.4661,-122.145,2160,4751
6838,6838,3204300225,20141103T000000,508000.0,2.0,1.0,1200,2500,2.0,0,2,3,7,1090,110,1927,0,98112,47.6304,-122.301,2690,4800
6839,6839,8857640420,20141001T000000,294000.0,4.0,2.25,2190,3746,2.0,0,0,3,8,2190,0,2005,0,98038,47.3896,-122.034,2200,3591
6840,6840,4443800130,20141024T000000,320000.0,2.0,1.0,1380,5820,1.0,0,0,3,7,1380,0,1918,1976,98117,47.6875,-122.392,1540,4076
6841,6841,3449800290,20150406T000000,641000.0,5.0,2.75,3710,8674,2.0,0,0,3,9,3710,0,1996,0,98056,47.514,-122.176,3250,8678
6842,6842,2426059071,20141021T000000,675000.0,3.0,2.5,2320,98445,1.0,0,0,4,8,1380,940,1978,0,98072,47.7323,-122.116,2830,54014
6843,6843,2618300190,20141224T000000,255000.0,3.0,1.5,1110,10296,1.0,0,0,5,7,1110,0,1964,0,98042,47.422,-122.153,1330,10296
6844,6844,6181400920,20150430T000000,286651.0,3.0,2.5,1830,4997,2.0,0,0,3,7,1830,0,2004,0,98001,47.3035,-122.283,2488,4998
6845,6845,424069150,20150213T000000,607500.0,4.0,2.5,2460,45738,1.0,0,0,4,8,1650,810,1969,0,98075,47.5952,-122.056,2550,32040
6846,6846,856000255,20150203T000000,765000.0,3.0,1.0,1270,6500,1.0,0,0,4,7,1270,0,1956,0,98033,47.6874,-122.214,2260,7200
6847,6847,1841500050,20141020T000000,334950.0,4.0,1.75,1700,40973,1.0,0,0,3,8,1700,0,1961,0,98031,47.3439,-122.198,2760,40973
6848,6848,3226059071,20140819T000000,426000.0,3.0,1.0,1130,9147,1.0,0,0,5,7,1130,0,1952,0,98033,47.7006,-122.197,1930,9906
6849,6849,524059093,20140825T000000,775000.0,3.0,1.75,1640,18730,1.5,0,0,4,7,1640,0,1946,0,98004,47.5975,-122.196,1670,12154
6850,6850,1568100225,20141204T000000,343000.0,2.0,1.5,1040,8526,1.0,0,0,5,6,1040,0,1953,0,98155,47.7349,-122.295,1310,8504
6851,6851,4027700726,20140908T000000,470101.0,4.0,2.5,2320,7800,2.0,0,0,3,8,2320,0,1986,0,98028,47.7738,-122.266,2090,5721
6852,6852,5198600005,20150505T000000,195000.0,3.0,1.5,1200,7800,1.0,0,0,4,7,1200,0,1958,0,98002,47.3137,-122.212,1390,8415
6853,6853,7677300010,20150303T000000,772500.0,4.0,1.0,1720,4410,1.5,0,2,3,7,1720,0,1928,0,98117,47.6791,-122.402,2140,4500
6854,6854,7979900006,20140625T000000,450000.0,3.0,1.5,2330,11740,1.0,0,0,3,8,1330,1000,1954,0,98155,47.7481,-122.292,2630,11740
6855,6855,1102000527,20140902T000000,1437500.0,4.0,3.75,4410,9231,3.0,0,3,3,11,4410,0,2001,0,98118,47.5427,-122.265,2160,6600
6856,6856,1115800440,20140918T000000,525000.0,4.0,1.75,1650,8560,1.0,0,0,3,8,1650,0,1970,0,98052,47.6652,-122.146,1700,8560
6857,6857,9407110680,20141008T000000,280000.0,3.0,1.5,1370,11400,2.0,0,0,3,7,1370,0,1980,0,98045,47.4477,-121.77,1390,9600
6858,6858,6084601060,20140718T000000,270000.0,3.0,2.5,1770,8640,1.0,0,0,3,7,1420,350,1986,0,98001,47.326,-122.273,1894,7974
6859,6859,993001330,20140505T000000,406100.0,3.0,2.25,1410,1332,3.0,0,0,3,8,1410,0,2005,0,98103,47.6916,-122.34,1430,1448
6860,6860,2475200290,20141020T000000,332544.0,2.0,1.75,1710,4187,1.0,0,0,3,7,1710,0,1987,0,98055,47.4732,-122.188,1760,4084
6861,6861,5381000048,20150427T000000,110000.0,2.0,1.0,790,8250,1.0,0,0,3,6,790,0,1947,0,98188,47.4523,-122.286,900,8250
6862,6862,5605000595,20141209T000000,685000.0,6.0,2.25,2770,5854,1.5,0,0,3,8,2120,650,1921,0,98112,47.6466,-122.304,2300,5450
6863,6863,1124000050,20140729T000000,461000.0,4.0,1.0,1260,8505,1.5,0,0,5,7,1260,0,1951,0,98177,47.7181,-122.371,1480,8100
6864,6864,3558900430,20150414T000000,615000.0,3.0,2.25,2300,8067,1.0,0,0,4,8,1300,1000,1979,0,98034,47.7091,-122.198,2120,9524
6865,6865,2708100130,20150503T000000,550000.0,2.0,1.0,1070,3000,1.0,0,0,4,7,870,200,1926,0,98103,47.6828,-122.353,1890,3300
6866,6866,1236300290,20141022T000000,1060000.0,4.0,3.5,3850,8100,2.0,0,1,3,11,2430,1420,1995,0,98033,47.6855,-122.19,2620,9346
6867,6867,525069099,20141022T000000,685000.0,3.0,2.5,2320,219978,2.0,0,0,4,8,2320,0,1993,0,98053,47.6847,-122.064,2340,88862
6868,6868,3262300235,20141126T000000,1555000.0,5.0,2.5,2870,16238,2.0,0,0,4,8,2870,0,1962,0,98039,47.6308,-122.238,2870,16238
6869,6869,5104510130,20140603T000000,312000.0,4.0,2.5,1830,5175,2.0,0,0,3,7,1830,0,2003,0,98038,47.3565,-122.016,1830,5175
6870,6870,7197350050,20140701T000000,507500.0,3.0,1.75,1990,9594,1.0,0,0,3,8,1190,800,1977,0,98052,47.6617,-122.137,1930,9765
6871,6871,2822049148,20140918T000000,217000.0,3.0,1.0,1110,9827,1.0,0,0,3,7,1110,0,1966,0,98198,47.369,-122.311,1540,10187
6872,6872,7558300170,20141212T000000,439000.0,3.0,2.25,1830,13477,1.0,0,3,4,7,1170,660,1981,0,98034,47.7243,-122.21,1960,11344
6873,6873,7852190050,20140626T000000,620000.0,6.0,3.5,3600,6875,2.0,0,0,3,8,2740,860,2004,0,98065,47.5401,-121.879,3150,6663
6874,6874,1277000020,20140812T000000,915000.0,4.0,2.5,3210,8532,2.0,0,0,3,10,3210,0,1998,0,98007,47.625,-122.144,2950,6753
6875,6875,567000660,20141204T000000,425000.0,4.0,2.0,1490,5300,1.0,0,0,3,7,1110,380,1977,0,98144,47.5949,-122.296,1330,1499
6876,6876,9214400396,20150227T000000,435000.0,2.0,1.0,990,5643,1.0,0,0,3,7,870,120,1947,0,98115,47.6802,-122.298,1280,5700
6877,6877,9406520290,20141229T000000,305000.0,3.0,2.25,1646,12414,2.0,0,0,3,7,1646,0,1996,0,98038,47.363,-122.035,1654,8734
6878,6878,2112700895,20150326T000000,276000.0,2.0,1.0,720,4000,1.0,0,0,3,6,720,0,1918,0,98106,47.5346,-122.353,1630,4000
6879,6879,2474400250,20140630T000000,327500.0,3.0,2.25,2310,7200,2.0,0,0,3,8,2310,0,1990,0,98031,47.4051,-122.193,1960,7201
6880,6880,3889100029,20140617T000000,810000.0,3.0,2.5,2670,10481,2.0,0,0,3,9,2670,0,2003,0,98033,47.6673,-122.176,2620,8895
6881,6881,11501310,20141121T000000,715000.0,3.0,3.25,3060,9055,2.0,0,0,3,10,2460,600,1994,0,98052,47.6971,-122.101,2990,9598
6882,6882,5672000020,20140805T000000,272000.0,3.0,1.5,1380,11760,1.0,0,0,4,7,1380,0,1963,0,98055,47.4243,-122.202,1650,9855
6883,6883,6668900005,20150421T000000,266000.0,2.0,1.0,700,5559,1.0,0,0,5,6,700,0,1949,0,98155,47.7492,-122.311,1230,8100
6884,6884,2346800005,20150427T000000,543000.0,3.0,1.5,1710,8364,2.0,0,2,3,7,1710,0,1944,0,98136,47.5175,-122.393,2430,9040
6885,6885,2872900050,20141007T000000,400000.0,3.0,2.5,1450,8064,1.0,0,0,3,8,1450,0,1984,0,98074,47.6256,-122.037,1710,9554
6886,6886,4040600190,20140806T000000,509500.0,5.0,2.25,2060,9000,1.0,0,0,4,7,1320,740,1961,0,98007,47.6122,-122.137,2050,8800
6887,6887,7129301578,20140521T000000,495000.0,3.0,3.5,2380,6250,2.0,0,3,3,8,1670,710,1997,0,98118,47.5137,-122.252,2540,4010
6888,6888,3955900500,20150313T000000,424950.0,4.0,2.5,2760,5564,2.0,0,0,3,7,2760,0,2001,0,98056,47.4814,-122.189,2670,5626
6889,6889,7788400170,20140926T000000,230000.0,3.0,1.0,940,10875,1.0,0,0,3,7,940,0,1957,0,98056,47.5121,-122.168,1250,11200
6890,6890,3831000010,20140806T000000,235000.0,4.0,1.5,1760,6150,1.5,0,0,3,7,1760,0,1951,0,98031,47.3871,-122.224,1760,8276
6891,6891,3885803895,20150309T000000,763000.0,3.0,2.0,1360,8752,1.0,0,2,4,6,1360,0,1942,0,98033,47.6879,-122.208,2530,7680
6892,6892,3810000480,20140919T000000,350000.0,3.0,1.75,2010,6150,2.0,0,0,5,7,2010,0,1939,0,98178,47.4975,-122.231,1770,7380
6893,6893,6169901197,20141126T000000,900000.0,3.0,1.5,2160,2260,2.0,0,2,5,8,1620,540,1917,0,98119,47.6321,-122.371,2570,2400
6894,6894,6882520050,20141007T000000,250000.0,3.0,1.0,930,6060,1.0,0,0,4,6,930,0,1973,0,98118,47.5289,-122.28,1640,6364
6895,6895,2608300103,20150126T000000,225000.0,3.0,2.5,1020,2040,2.0,0,0,3,7,720,300,2004,0,98106,47.5294,-122.361,1060,1478
6896,6896,3530400080,20141226T000000,255000.0,2.0,2.0,1360,5433,1.0,0,0,3,8,1360,0,1974,2003,98198,47.3804,-122.32,1160,5264
6897,6897,1099760470,20140604T000000,161700.0,4.0,1.75,1720,7200,1.0,0,0,3,7,1220,500,1974,0,98023,47.306,-122.375,1790,7200
6898,6898,4327600010,20150202T000000,336000.0,3.0,3.0,1790,13350,1.0,0,0,3,7,1190,600,1988,0,98178,47.4958,-122.262,1740,10624
6899,6899,6150200005,20141023T000000,410500.0,3.0,1.0,1150,6800,1.0,0,0,3,7,1150,0,1954,0,98133,47.727,-122.339,1210,6800
6900,6900,4019300480,20141111T000000,502700.0,4.0,3.5,2710,14016,2.0,0,0,4,8,2710,0,1968,0,98155,47.7601,-122.286,1590,27903
6901,6901,6855100010,20140923T000000,505000.0,3.0,2.5,2400,9601,1.0,0,0,5,7,1390,1010,1977,0,98034,47.7256,-122.211,2010,9943
6902,6902,5249801440,20141216T000000,250000.0,3.0,1.0,1660,7650,1.5,0,0,3,7,1350,310,1910,0,98118,47.5576,-122.277,1750,5760
6903,6903,5249801440,20150422T000000,570000.0,3.0,1.0,1660,7650,1.5,0,0,3,7,1350,310,1910,0,98118,47.5576,-122.277,1750,5760
6904,6904,7524350080,20150318T000000,349900.0,4.0,2.5,2290,8796,2.0,0,0,3,8,2290,0,1994,0,98198,47.3762,-122.318,2130,8796
6905,6905,1137800460,20141209T000000,465000.0,3.0,2.5,2870,25663,2.0,0,0,3,10,2870,0,1988,0,98003,47.2769,-122.333,2950,24347
6906,6906,587550280,20140530T000000,625000.0,4.0,3.25,4240,25639,2.0,0,3,3,10,3550,690,1989,0,98023,47.3241,-122.378,3590,24967
6907,6907,871001365,20150219T000000,655000.0,3.0,1.75,1800,5102,1.0,0,0,3,7,1170,630,1952,0,98199,47.6514,-122.407,1720,5102
6908,6908,1430800279,20150327T000000,469000.0,4.0,1.75,2960,11347,1.0,0,0,4,8,1570,1390,1946,0,98166,47.4738,-122.353,1660,8911
6909,6909,1226039130,20141009T000000,355000.0,3.0,2.25,1980,7200,1.0,0,0,3,8,1300,680,1964,0,98177,47.7625,-122.36,1820,8250
6910,6910,7254000050,20150224T000000,596000.0,3.0,2.5,1730,2631,2.0,0,0,3,8,1730,0,2001,0,98005,47.5878,-122.165,1730,2751
6911,6911,3530200020,20150402T000000,790000.0,4.0,2.5,3020,36893,2.0,0,0,3,9,3020,0,1986,2007,98077,47.768,-122.092,3020,36444
6912,6912,2386000020,20141008T000000,885000.0,4.0,2.25,4470,86225,2.0,0,0,3,10,4470,0,1991,0,98053,47.6377,-121.985,3850,97049
6913,6913,6738700225,20140912T000000,1030000.0,4.0,3.25,2830,4000,2.0,0,0,3,9,1910,920,1912,2012,98144,47.5845,-122.291,2740,4000
6914,6914,6821600005,20150403T000000,710000.0,4.0,1.75,2120,5400,1.0,0,0,4,8,1060,1060,1941,0,98199,47.6501,-122.395,2052,6000
6915,6915,3579000010,20140814T000000,428040.0,3.0,2.5,2150,9266,2.0,0,0,3,8,2150,0,1988,0,98028,47.7445,-122.248,2150,12550
6916,6916,9359100101,20150414T000000,1370000.0,5.0,2.25,3510,13843,1.0,0,2,3,8,1850,1660,1959,0,98040,47.5817,-122.246,2680,8750
6917,6917,6819100122,20140605T000000,546000.0,2.0,1.0,970,3400,1.0,0,0,3,7,970,0,1924,0,98109,47.6444,-122.357,1180,3600
6918,6918,3908100020,20140803T000000,540000.0,4.0,1.0,1360,5766,1.5,0,0,5,7,1360,0,1951,0,98115,47.6827,-122.289,1500,5704
6919,6919,6392001950,20140908T000000,435000.0,3.0,2.5,1470,3000,1.0,0,0,3,7,930,540,1985,0,98115,47.6832,-122.286,1470,5588
6920,6920,2872900280,20150406T000000,540000.0,4.0,2.25,3040,10283,1.0,0,0,4,8,1430,1610,1984,0,98074,47.6268,-122.038,1870,11074
6921,6921,6437400101,20141113T000000,284000.0,2.0,1.0,860,7204,1.0,0,0,3,7,860,0,1918,0,98106,47.5361,-122.351,1200,7500
6922,6922,7227502155,20140714T000000,208000.0,2.0,1.0,820,5700,1.0,0,0,5,5,820,0,1942,0,98056,47.4915,-122.184,1000,5700
6923,6923,1115100169,20141203T000000,315000.0,3.0,1.75,1900,7076,1.0,0,0,3,7,1130,770,1977,0,98155,47.7569,-122.326,1540,10113
6924,6924,2919702705,20140731T000000,417500.0,2.0,1.0,1330,5510,1.0,0,0,3,6,850,480,1910,0,98117,47.6901,-122.362,1200,4150
6925,6925,7302000500,20140917T000000,345000.0,3.0,1.75,1240,38095,1.0,0,0,3,7,1240,0,1978,0,98053,47.6522,-121.97,2060,38552
6926,6926,6021503656,20140902T000000,375000.0,3.0,2.5,1330,1064,3.0,0,0,3,8,1330,0,2004,0,98117,47.6835,-122.387,1330,1113
6927,6927,8665200020,20140623T000000,389800.0,3.0,1.75,1880,12821,1.0,0,0,3,7,1880,0,1959,0,98155,47.7681,-122.305,1540,12868
6928,6928,3288301330,20150408T000000,475000.0,3.0,1.75,1890,7560,1.0,0,0,3,8,1430,460,1973,0,98034,47.7322,-122.185,1890,9095
6929,6929,2621700010,20140508T000000,569000.0,4.0,2.25,2250,41688,2.0,0,0,3,8,2250,0,1980,0,98053,47.6695,-122.05,2350,37920
6930,6930,1824079073,20150331T000000,985000.0,5.0,4.25,4650,108464,2.0,0,0,3,10,3260,1390,1999,0,98024,47.5669,-121.956,2810,155509
6931,6931,1954440080,20150129T000000,532000.0,3.0,2.5,1830,8022,2.0,0,0,3,8,1830,0,1987,0,98074,47.6198,-122.044,2030,7736
6932,6932,7452500285,20140811T000000,280000.0,2.0,1.0,720,5000,1.0,0,0,5,6,720,0,1951,0,98126,47.5195,-122.374,810,5000
6933,6933,7937600380,20150217T000000,435000.0,4.0,2.0,1960,50112,1.0,0,0,4,7,1050,910,1963,0,98058,47.4353,-122.084,2340,44967
6934,6934,5153200651,20150316T000000,223000.0,3.0,1.0,1220,71191,1.0,0,0,3,6,1220,0,1952,0,98023,47.3261,-122.353,1960,15378
6935,6935,2323069022,20150115T000000,390000.0,2.0,1.0,1800,119790,1.0,0,0,4,7,1200,600,1947,1977,98027,47.4617,-122.012,2320,79208
6936,6936,1328340380,20141027T000000,315000.0,3.0,1.75,1340,12800,1.0,0,0,3,7,880,460,1981,0,98058,47.4437,-122.137,1500,7875
6937,6937,2256500005,20141014T000000,612000.0,3.0,3.0,1740,3700,1.0,0,0,3,7,1740,0,1982,0,98122,47.6102,-122.309,1830,2480
6938,6938,9828200545,20140513T000000,591000.0,3.0,1.75,1680,2400,1.0,0,0,5,7,870,810,1922,0,98122,47.6155,-122.3,1440,3600
6939,6939,686450080,20140711T000000,800000.0,4.0,2.25,3220,8436,2.0,0,0,3,8,3220,0,1968,0,98008,47.6381,-122.116,2500,7632
6940,6940,2571900380,20150122T000000,225000.0,3.0,2.0,1610,8400,1.0,0,0,3,8,1610,0,1990,0,98022,47.1958,-122.009,1930,8459
6941,6941,1026069120,20140508T000000,589900.0,2.0,3.0,3160,66646,2.0,0,0,3,7,3160,0,1993,0,98077,47.7479,-122.034,3140,38790
6942,6942,3882320010,20141126T000000,565000.0,4.0,2.5,2520,13156,1.0,0,0,3,8,1520,1000,1979,0,98052,47.6558,-122.135,2050,10940
6943,6943,1377300020,20150219T000000,650000.0,3.0,1.5,2120,8448,1.0,0,0,3,7,1060,1060,1940,0,98199,47.6438,-122.403,1620,7920
6944,6944,1124000005,20140918T000000,499000.0,3.0,2.5,2090,8505,2.0,0,0,3,8,2090,0,1951,1977,98177,47.7195,-122.371,1640,8100
6945,6945,1151100010,20140515T000000,280000.0,3.0,1.0,1330,20562,1.5,0,0,3,5,1330,0,1959,0,98045,47.4807,-121.775,1350,20562
6946,6946,7997200130,20150128T000000,649950.0,3.0,2.5,2420,7500,1.0,0,2,4,8,1210,1210,1944,0,98117,47.6949,-122.389,2340,7500
6947,6947,2419600005,20140709T000000,420000.0,3.0,1.75,1510,6360,1.0,0,0,4,7,1510,0,1954,0,98133,47.7321,-122.353,1480,7260
6948,6948,5727000010,20141215T000000,319990.0,4.0,2.5,2120,5293,2.0,0,0,3,7,2120,0,2003,0,98031,47.4217,-122.201,1990,5313
6949,6949,8656300080,20140812T000000,265000.0,3.0,2.0,1850,16535,1.0,0,0,3,7,1850,0,1992,0,98014,47.6565,-121.912,1528,13295
6950,6950,9517200290,20150223T000000,482000.0,3.0,1.75,2300,16474,1.0,0,0,3,7,1220,1080,1984,0,98072,47.7609,-122.144,1940,15601
6951,6951,3123049142,20140805T000000,452000.0,3.0,2.25,2600,14810,1.0,0,2,4,8,1490,1110,1956,0,98166,47.4326,-122.341,2450,16715
6952,6952,4139500080,20140718T000000,1488000.0,4.0,4.25,5180,13077,2.0,0,3,3,12,4280,900,1998,0,98006,47.5513,-122.109,5030,15069
6953,6953,6150200280,20140821T000000,375000.0,2.0,1.0,1810,8527,1.5,0,0,4,7,1810,0,1943,0,98133,47.7275,-122.336,1490,6800
6954,6954,6021500840,20140703T000000,588000.0,5.0,3.0,2190,4900,2.0,0,0,5,7,1490,700,1940,0,98117,47.6892,-122.386,1370,4606
6955,6955,8691310420,20150424T000000,635000.0,4.0,2.5,2500,10215,2.0,0,0,3,9,2500,0,1998,0,98075,47.5912,-121.986,2890,10240
6956,6956,1402900380,20140703T000000,280500.0,4.0,2.5,1890,6962,2.0,0,0,3,8,1890,0,1997,0,98092,47.3328,-122.187,2170,6803
6957,6957,2345500010,20140925T000000,210500.0,2.0,1.75,2040,8600,1.0,0,0,4,6,1430,610,1985,0,98003,47.2755,-122.308,1310,7859
6958,6958,3279000460,20140926T000000,196500.0,3.0,2.0,1310,7000,1.0,0,0,4,7,1310,0,1979,0,98023,47.303,-122.383,1390,7500
6959,6959,723000114,20140505T000000,1395000.0,5.0,3.5,4010,8510,2.0,0,1,5,9,2850,1160,1971,0,98105,47.6578,-122.286,2610,6128
6960,6960,5145100080,20150206T000000,475000.0,3.0,1.75,1780,8033,1.0,0,0,2,7,1210,570,1977,0,98034,47.7275,-122.219,1630,7508
6961,6961,8078410280,20150504T000000,550000.0,3.0,2.5,1980,9061,2.0,0,0,4,8,1980,0,1987,0,98074,47.6366,-122.029,1930,8869
6962,6962,3885806105,20140521T000000,1580000.0,3.0,3.25,3690,7200,2.0,0,0,3,11,3690,0,2007,0,98033,47.6815,-122.2,1880,7200
6963,6963,5702380780,20150422T000000,240000.0,3.0,1.75,1540,6687,1.0,0,0,3,7,1200,340,1991,0,98022,47.1938,-121.981,1540,7242
6964,6964,3826000280,20150429T000000,272000.0,3.0,1.0,1130,8100,1.5,0,0,3,6,1130,0,1934,0,98168,47.4935,-122.306,1080,8100
6965,6965,1421079007,20150324T000000,408506.0,3.0,2.75,2480,209199,1.5,0,0,3,8,1870,610,2000,0,98010,47.3085,-121.888,2040,219229
6966,6966,3702900185,20140818T000000,640000.0,3.0,2.5,2580,7500,2.0,0,0,3,9,2580,0,1991,0,98116,47.5577,-122.396,910,6500
6967,6967,4136880460,20140514T000000,316000.0,4.0,2.5,2010,7226,2.0,0,0,3,8,2010,0,1995,0,98092,47.2588,-122.21,2160,7696
6968,6968,7885100005,20140820T000000,299000.0,4.0,2.0,2320,12000,1.0,0,0,3,7,1720,600,1943,2014,98108,47.5246,-122.325,1390,6000
6969,6969,3037200010,20150305T000000,447500.0,2.0,2.25,1180,2090,2.0,0,0,3,7,1180,0,2004,0,98122,47.6032,-122.31,1550,2812
6970,6970,4309710250,20140505T000000,736500.0,4.0,2.5,3180,21904,2.0,0,3,3,9,3180,0,2000,0,98059,47.515,-122.117,3715,29170
6971,6971,3401700185,20140728T000000,665000.0,4.0,2.0,2970,52567,2.0,0,0,3,8,2970,0,1924,1985,98072,47.7333,-122.128,3280,46676
6972,6972,2141300080,20150424T000000,707000.0,5.0,2.5,3050,13212,1.0,0,0,4,8,1590,1460,1975,0,98006,47.5596,-122.142,2550,10826
6973,6973,3387800380,20140829T000000,215000.0,4.0,1.75,1630,8000,1.0,0,0,3,7,1630,0,1959,0,98031,47.3948,-122.201,1630,7700
6974,6974,2310000280,20141211T000000,275000.0,3.0,2.25,1620,6415,2.0,0,0,4,7,1620,0,1989,0,98038,47.3577,-122.038,1640,7253
6975,6975,1687900170,20150325T000000,648000.0,4.0,2.25,2170,8240,2.0,0,1,4,8,2170,0,1983,0,98006,47.5634,-122.128,2600,9898
6976,6976,8079000190,20141028T000000,415000.0,4.0,2.5,2150,8173,2.0,0,0,3,8,2150,0,1987,0,98059,47.511,-122.153,2080,7620
6977,6977,1710400005,20141119T000000,690000.0,3.0,2.0,1770,1800,3.0,0,0,3,8,1770,0,1999,0,98122,47.6102,-122.314,1890,3200
6978,6978,2473420170,20140924T000000,320000.0,4.0,2.75,2110,13260,1.0,0,0,4,7,1290,820,1979,0,98058,47.4513,-122.16,1980,11016
6979,6979,1056200010,20140902T000000,750000.0,3.0,1.75,1590,8285,1.0,0,0,4,8,1590,0,1956,0,98004,47.5855,-122.194,1970,8970
6980,6980,263000359,20140630T000000,355000.0,3.0,2.25,1370,1524,3.0,0,0,3,8,1370,0,2005,0,98103,47.6982,-122.347,1370,1418
6981,6981,6624010170,20140508T000000,246000.0,3.0,1.75,1390,7399,1.0,0,0,4,7,1390,0,1975,0,98031,47.4183,-122.182,1460,7800
6982,6982,824059265,20141001T000000,1155000.0,3.0,1.75,1640,10464,1.0,0,2,4,8,1640,0,1968,0,98004,47.5873,-122.205,2630,18872
6983,6983,2869100080,20140606T000000,744000.0,3.0,2.5,2670,12187,2.0,0,0,3,8,2670,0,1986,0,98052,47.6677,-122.15,2400,8999
6984,6984,203100440,20140911T000000,1210000.0,3.0,3.75,5400,24740,2.0,0,0,3,11,5400,0,1997,0,98053,47.6426,-121.955,1690,20000
6985,6985,9542800290,20141210T000000,217000.0,3.0,2.0,1690,6750,1.0,0,0,3,7,1210,480,1977,0,98023,47.3021,-122.375,1930,7350
6986,6986,3342100780,20140709T000000,583000.0,3.0,2.5,2600,5100,2.0,0,1,3,8,2600,0,1998,0,98056,47.5175,-122.205,2270,5400
6987,6987,475000080,20141111T000000,515000.0,2.0,1.5,1400,5000,1.0,0,0,4,7,1150,250,1904,0,98107,47.6681,-122.362,1530,4200
6988,6988,1562100380,20150319T000000,594000.0,4.0,1.75,2140,8000,1.0,0,0,4,8,1410,730,1965,0,98007,47.622,-122.139,2080,8000
6989,6989,3878900185,20141022T000000,303100.0,3.0,1.5,1640,5650,1.0,0,0,3,8,1640,0,1952,0,98178,47.50899999999999,-122.251,1640,5650
6990,6990,6791100280,20141010T000000,430000.0,3.0,1.75,1720,15225,1.0,0,0,4,7,1020,700,1970,0,98075,47.57899999999999,-122.051,1860,13588
6991,6991,1926059099,20141208T000000,708000.0,5.0,3.25,3060,11778,2.0,0,0,3,8,3060,0,2004,0,98034,47.7212,-122.222,1840,10403
6992,6992,2881700547,20140813T000000,221000.0,3.0,1.0,1150,7260,1.0,0,0,3,7,1150,0,1959,0,98133,47.7344,-122.333,1200,7888
6993,6993,3260800190,20150324T000000,325000.0,3.0,2.5,2000,7205,2.0,0,0,3,8,2000,0,1998,0,98003,47.3499,-122.302,2180,7611
6994,6994,2954400190,20140624T000000,1295650.0,3.37287037037037,2.1157362403369904,4810,28008,2.0,0,0,3,12,4810,0,1990,0,98053,47.6642,-122.069,4740,35061
6995,6995,7715600050,20150219T000000,385000.0,3.0,1.75,1560,5950,1.0,0,0,4,6,780,780,1944,0,98125,47.719,-122.307,1320,7830
6996,6996,3158500460,20150327T000000,359500.0,3.0,2.5,2070,4689,2.0,0,0,3,8,2070,0,2013,0,98038,47.3545,-122.056,1880,4593
6997,6997,4027700797,20140807T000000,433000.0,3.0,2.0,1920,7200,1.0,0,0,3,7,1300,620,1984,0,98028,47.7703,-122.265,2010,7200
6998,6998,9161100460,20150323T000000,525000.0,2.0,1.0,1000,4950,1.0,0,0,3,7,800,200,1948,0,98116,47.5671,-122.394,1060,5500
6999,6999,8069000216,20140722T000000,356200.0,3.0,2.0,1690,10062,1.0,0,2,5,7,940,750,1928,0,98178,47.5102,-122.241,2390,6650
7000,7000,3401700255,20140729T000000,595000.0,4.0,2.0,3090,87120,1.0,0,0,4,7,1590,1500,1974,0,98072,47.7275,-122.122,2560,88426
7001,7001,4083306720,20140915T000000,560000.0,4.0,1.5,1790,3420,1.0,0,0,4,7,1020,770,1923,0,98103,47.6489,-122.337,1680,3420
7002,7002,6377200010,20141208T000000,2175000.0,4.0,3.0,4750,21701,1.5,0,0,5,11,4750,0,1976,0,98004,47.6454,-122.218,3120,18551
7003,7003,2767601100,20141027T000000,513000.0,4.0,2.0,2090,4000,1.0,0,0,3,7,1480,610,1951,0,98107,47.6751,-122.379,1510,5000
7004,7004,2856100185,20140721T000000,365000.0,2.0,1.0,680,2550,1.0,0,0,4,5,680,0,1901,0,98117,47.6767,-122.388,1120,5100
7005,7005,3438500797,20140708T000000,368000.0,4.0,1.75,2100,11942,1.0,0,0,3,7,1030,1070,1964,0,98106,47.55,-122.356,1170,6986
7006,7006,6738700275,20140625T000000,870000.0,4.0,2.75,2840,4000,1.5,0,0,5,8,1960,880,1912,0,98144,47.5846,-122.291,2750,4000
7007,7007,1761100190,20140724T000000,225000.0,3.0,2.25,1470,6808,1.0,0,0,3,7,1160,310,1984,0,98023,47.2884,-122.365,1570,7881
7008,7008,713500020,20150421T000000,1387000.0,4.0,4.5,4490,24767,2.0,0,2,3,11,3800,690,1998,0,98006,47.5544,-122.147,3370,32700
7009,7009,5412310170,20140619T000000,177000.0,3.0,1.75,1150,8079,1.0,0,0,4,7,1150,0,1983,0,98030,47.3766,-122.18,1540,7399
7010,7010,7751800080,20150127T000000,465000.0,3.0,1.5,1460,9879,1.0,0,0,3,7,1460,0,1956,0,98008,47.6346,-122.127,1610,10050
7011,7011,1121000414,20140927T000000,750000.0,4.0,2.75,3150,6343,1.0,0,3,3,8,1810,1340,1976,0,98126,47.5424,-122.381,2250,6343
7012,7012,4239400920,20140922T000000,149000.0,3.0,1.0,1090,2800,1.0,0,0,3,6,1090,0,1969,0,98092,47.3162,-122.183,1040,2960
7013,7013,9408300380,20140609T000000,605000.0,3.0,2.5,2670,47480,2.0,0,3,3,9,2670,0,1981,0,98072,47.7443,-122.114,2760,42800
7014,7014,6865200095,20141024T000000,725000.0,3.0,2.0,2110,5800,1.5,0,0,4,7,1990,120,1927,0,98103,47.6645,-122.342,1620,4300
7015,7015,6669080010,20140922T000000,413900.0,4.0,2.25,1770,5236,2.0,0,0,3,7,1770,0,2007,0,98056,47.5137,-122.189,2470,5064
7016,7016,1446400670,20140731T000000,199950.0,3.0,1.5,1510,6600,1.0,0,0,3,6,1510,0,1938,0,98168,47.4821,-122.331,990,6600
7017,7017,203100460,20140924T000000,400000.0,1.0,1.0,530,13679,1.0,0,0,4,6,530,0,1949,0,98053,47.6422,-121.954,1930,20624
7018,7018,9523102750,20140812T000000,870000.0,3.0,1.5,2420,5000,2.0,0,0,4,8,2200,220,1925,0,98103,47.6744,-122.353,2070,5000
7019,7019,8078570380,20140605T000000,292000.0,5.0,2.5,2490,7666,1.0,0,0,4,7,1490,1000,1989,0,98031,47.4022,-122.171,1930,7415
7020,7020,1423800080,20140512T000000,225000.0,3.0,1.0,990,8012,1.0,0,0,4,7,990,0,1966,0,98058,47.4557,-122.181,1260,9060
7021,7021,9259900010,20150316T000000,466750.0,4.0,2.0,1730,9139,2.0,0,0,3,8,1730,0,1957,0,98125,47.7181,-122.316,1410,7311
7022,7022,4223400050,20150323T000000,330000.0,2.0,1.5,1440,11954,1.0,0,0,4,8,1440,0,1978,0,98002,47.2909,-122.219,1460,9730
7023,7023,686400380,20141002T000000,770000.0,7.0,2.25,3260,8145,2.0,0,0,5,8,3260,0,1967,0,98008,47.6336,-122.115,2340,8145
7024,7024,1102001112,20150213T000000,802500.0,4.0,2.25,1950,7000,1.0,0,1,3,8,1450,500,1957,0,98118,47.5426,-122.262,1840,6440
7025,7025,241900020,20140718T000000,378800.0,5.0,2.5,2740,5400,2.0,0,0,3,8,2740,0,2005,0,98031,47.4036,-122.205,2900,5476
7026,7026,8691300380,20150501T000000,795000.0,3.0,2.75,2940,12487,2.0,0,0,3,10,2940,0,1997,0,98075,47.5879,-121.973,3110,10837
7027,7027,3426049132,20150422T000000,460000.0,3.0,2.0,1200,7320,1.0,0,0,3,7,1200,0,1955,0,98115,47.6986,-122.286,1750,8220
7028,7028,3904901190,20141219T000000,567000.0,3.0,2.5,2070,10908,2.0,0,0,3,8,2070,0,1986,0,98029,47.5665,-122.023,2220,10975
7029,7029,1789900080,20140722T000000,209950.0,3.0,1.75,1570,15570,1.0,0,0,3,7,1570,0,1981,0,98023,47.3207,-122.362,2000,28200
7030,7030,1021049022,20140520T000000,415000.0,2.0,1.0,1050,60113,1.0,0,0,4,7,1050,0,1943,0,98001,47.3226,-122.287,1380,27442
7031,7031,5634500179,20141215T000000,424500.0,4.0,1.5,1830,6985,1.0,0,0,3,7,1080,750,1967,0,98028,47.7494,-122.236,1650,9501
7032,7032,795002455,20150505T000000,261000.0,2.0,1.0,970,12500,1.0,0,0,3,6,970,0,1941,0,98168,47.5102,-122.33,1280,6250
7033,7033,6666860170,20140827T000000,365000.0,3.0,2.5,2200,9696,2.0,0,0,3,8,2200,0,1987,0,98031,47.4197,-122.205,2200,9915
7034,7034,9828200605,20150408T000000,631000.0,4.0,2.0,1930,3240,1.5,0,0,4,7,1930,0,1911,0,98122,47.6156,-122.299,1480,3600
7035,7035,853200010,20140701T000000,3800000.0,5.0,5.5,7050,42840,1.0,0,2,4,13,4320,2730,1978,0,98004,47.6229,-122.22,5070,20570
7036,7036,4449800345,20141008T000000,584000.0,3.0,2.5,1790,3962,2.0,0,0,3,8,1790,0,1992,0,98117,47.6894,-122.391,1340,3960
7037,7037,2522029136,20140729T000000,310000.0,3.0,1.75,1560,82328,1.0,0,0,3,7,1560,0,1974,0,98070,47.3674,-122.503,2100,205603
7038,7038,1149900050,20150312T000000,717000.0,4.0,2.5,2780,7985,2.0,0,0,4,10,2780,0,1992,0,98029,47.5608,-122.016,2650,8094
7039,7039,6908200080,20140616T000000,667000.0,3.0,1.5,1720,8100,2.0,0,0,3,8,1720,0,1907,0,98107,47.6746,-122.4,2210,8100
7040,7040,3395800660,20141230T000000,190000.0,3.0,1.0,1640,8100,1.0,0,0,3,6,1040,600,1939,0,98146,47.482,-122.34,1600,8100
7041,7041,9414610010,20140617T000000,430000.0,3.0,2.0,1730,9000,1.0,0,0,3,8,1370,360,1978,0,98027,47.5202,-122.047,2390,10000
7042,7042,5379805120,20150424T000000,213000.0,2.0,1.0,740,7380,1.0,0,0,4,6,740,0,1951,0,98188,47.4481,-122.278,1500,10075
7043,7043,1530900290,20141007T000000,475000.0,3.0,2.5,2280,3710,1.0,0,0,3,8,1550,730,1990,0,98072,47.735,-122.159,2030,3710
7044,7044,8886000005,20150309T000000,649000.0,2.0,2.75,2090,23962,2.0,0,3,4,8,2090,0,1988,0,98070,47.4145,-122.44,1820,32340
7045,7045,8965400010,20140606T000000,715000.0,3.0,2.5,2550,13458,2.0,0,0,3,9,2550,0,1990,0,98006,47.5586,-122.121,3180,13458
7046,7046,8644210470,20150318T000000,845000.0,4.0,3.5,3350,19487,1.0,0,0,3,11,2460,890,1992,0,98075,47.5796,-121.998,3360,19460
7047,7047,1545805980,20141110T000000,390000.0,3.0,2.5,2770,8820,1.0,0,0,3,7,1900,870,1980,2004,98038,47.3685,-122.048,1850,10920
7048,7048,2841500010,20140924T000000,390000.0,4.0,3.0,2860,5724,1.0,0,0,3,7,1730,1130,1983,0,98108,47.5427,-122.302,2340,7200
7049,7049,1328330290,20140729T000000,328000.0,4.0,1.75,1990,7194,1.0,0,0,4,8,1400,590,1978,0,98058,47.4417,-122.135,1820,7400
7050,7050,4222100280,20141205T000000,239999.0,3.0,2.75,1740,8436,1.0,0,0,3,7,1140,600,1967,0,98003,47.3456,-122.305,1550,8436
7051,7051,4222200280,20141021T000000,225000.0,3.0,2.0,1460,7740,1.0,0,0,3,7,1460,0,1968,0,98003,47.3467,-122.306,1540,7644
7052,7052,3224510290,20141016T000000,920000.0,3.0,1.75,3670,11884,1.0,0,2,4,9,1950,1720,1979,0,98006,47.5604,-122.133,3020,9747
7053,7053,5196420290,20150317T000000,940000.0,4.0,2.75,3270,9231,2.0,0,0,3,10,3270,0,1995,0,98052,47.6539,-122.121,3380,10154
7054,7054,1703900005,20150501T000000,465000.0,3.0,1.0,1210,4872,1.0,0,0,4,6,1210,0,1949,0,98118,47.5551,-122.273,1070,4872
7055,7055,3329530480,20140701T000000,241000.0,3.0,2.0,1770,7000,1.0,0,0,3,7,1770,0,1986,0,98001,47.3321,-122.261,1510,10462
7056,7056,1541700170,20140609T000000,307550.0,4.0,2.5,1980,5909,2.0,0,0,3,8,1980,0,2003,0,98031,47.3913,-122.185,2550,5487
7057,7057,8833510190,20141031T000000,490000.0,4.0,2.5,2650,9627,1.0,0,3,4,8,1610,1040,1976,0,98028,47.7684,-122.254,2650,9221
7058,7058,8961970190,20140512T000000,647000.0,4.0,2.5,3040,6887,2.0,0,0,3,8,3040,0,1999,0,98074,47.6073,-122.015,2790,7196
7059,7059,323069120,20140827T000000,780000.0,4.0,2.75,3640,231739,1.5,0,0,3,10,3640,0,1999,0,98027,47.5078,-122.018,2670,91040
7060,7060,8944360170,20141114T000000,517500.0,3.0,2.5,1810,4332,2.0,0,0,3,8,1810,0,1992,0,98029,47.5776,-121.996,1740,4332
7061,7061,2546500020,20140618T000000,295000.0,3.0,2.0,1380,8682,1.0,0,0,4,7,1380,0,1966,0,98148,47.4238,-122.322,1410,10594
7062,7062,1338801060,20141204T000000,560000.0,4.0,1.5,1810,3400,2.0,0,0,3,8,1810,0,1926,0,98112,47.6264,-122.302,1770,3600
7063,7063,3747600050,20141105T000000,319450.0,5.0,2.0,2250,5472,1.5,0,0,5,7,1750,500,1930,0,98002,47.3065,-122.219,1540,5472
7064,7064,327000050,20141212T000000,1500000.0,4.0,3.25,3860,7199,2.0,0,1,3,9,2870,990,2005,0,98115,47.6855,-122.269,2940,9600
7065,7065,1898900280,20140919T000000,340000.0,4.0,3.0,2380,20277,1.0,0,0,3,8,1500,880,1999,0,98023,47.3046,-122.392,2370,15440
7066,7066,1423400005,20140815T000000,249950.0,3.0,1.0,1370,11658,1.0,0,0,4,6,1370,0,1958,0,98058,47.4576,-122.182,1080,9198
7067,7067,9521100585,20140613T000000,499950.0,3.0,1.0,1830,3000,1.5,0,0,3,7,1430,400,1926,0,98103,47.6619,-122.351,1510,2500
7068,7068,2025059150,20140702T000000,1038000.0,4.0,1.75,1440,13296,1.0,0,0,4,8,1440,0,1967,0,98004,47.63399999999999,-122.204,3520,10802
7069,7069,8941500010,20150216T000000,750000.0,4.0,2.5,2510,17200,1.0,0,2,4,9,1540,970,1977,0,98052,47.6287,-122.089,2370,14621
7070,7070,1425069071,20150323T000000,875000.0,4.0,2.5,3230,256132,2.0,0,0,3,9,3230,0,2006,0,98053,47.6544,-121.998,3080,217800
7071,7071,686400670,20150414T000000,678000.0,3.0,1.75,1670,7210,1.0,0,0,5,8,1670,0,1967,0,98008,47.6344,-122.116,2200,7210
7072,7072,2624049073,20140729T000000,360000.0,2.0,1.0,780,4200,1.0,0,0,3,6,780,0,1920,0,98118,47.5381,-122.267,1620,6000
7073,7073,1523059180,20140923T000000,354900.0,3.0,1.0,1720,16552,1.0,0,0,4,7,1720,0,1971,0,98059,47.4772,-122.153,1550,15457
7074,7074,8016300250,20140827T000000,632000.0,5.0,2.5,2260,10087,1.0,0,0,3,8,1520,740,1967,0,98008,47.5982,-122.128,2500,9440
7075,7075,7694600143,20141218T000000,350000.0,3.0,1.75,1480,9375,1.0,0,0,4,7,1480,0,1957,0,98146,47.5076,-122.366,1370,9000
7076,7076,269000950,20140730T000000,990000.0,3.0,4.0,2550,3900,2.0,0,2,3,8,2050,500,1940,2003,98199,47.6415,-122.392,2340,6400
7077,7077,2724079090,20150105T000000,1650000.0,4.0,3.25,3920,881654,3.0,0,3,3,11,3920,0,2002,0,98024,47.5385,-121.896,2970,112384
7078,7078,3342103369,20140707T000000,481000.0,4.0,2.5,2286,8269,2.0,0,0,3,8,2286,0,2002,0,98056,47.5174,-122.194,2110,4711
7079,7079,7104100050,20140624T000000,485000.0,3.0,2.5,1500,5412,1.0,0,0,5,7,900,600,1920,0,98136,47.5499,-122.394,1090,5412
7080,7080,8944360290,20150413T000000,477000.0,3.0,2.5,1740,4960,2.0,0,0,3,8,1740,0,1992,0,98029,47.5772,-121.998,1740,5021
7081,7081,6072500050,20140729T000000,560000.0,5.0,2.5,2880,9000,1.0,0,0,5,8,1440,1440,1966,0,98006,47.5456,-122.179,2010,9000
7082,7082,1066000290,20141117T000000,600000.0,6.0,3.0,2600,9350,1.0,0,0,4,8,1340,1260,1963,0,98008,47.6198,-122.105,2090,9102
7083,7083,2817260130,20140613T000000,622500.0,5.0,2.75,3320,23760,2.0,0,0,4,8,2190,1130,1975,0,98072,47.7498,-122.146,2520,36720
7084,7084,3582750170,20150429T000000,410000.0,2.0,2.25,1660,2128,2.0,0,0,4,8,1660,0,1974,0,98028,47.7528,-122.252,1640,2128
7085,7085,255370420,20150402T000000,318200.0,3.0,2.5,1990,3644,2.0,0,0,3,7,1990,0,2010,0,98038,47.3531,-122.017,2580,3800
7086,7086,2571910380,20140605T000000,289000.0,3.0,2.0,1680,8424,1.0,0,0,3,7,1680,0,1993,0,98022,47.1969,-122.011,1990,8545
7087,7087,3832150190,20140520T000000,263000.0,3.0,1.75,1570,7775,2.0,0,0,3,7,1570,0,1982,0,98031,47.3876,-122.216,1580,8622
7088,7088,5279100680,20140605T000000,240000.0,3.0,1.0,1150,4825,1.0,0,0,4,6,1150,0,1957,0,98027,47.5321,-122.029,1760,7121
7089,7089,7889601870,20150407T000000,281500.0,3.0,1.0,1270,7500,1.0,0,0,3,7,1270,0,1953,0,98146,47.4921,-122.339,1340,3000
7090,7090,5694001061,20140620T000000,587206.0,3.0,3.5,1890,1710,2.0,0,0,3,8,1640,250,1999,0,98103,47.6592,-122.349,1680,1562
7091,7091,1912100882,20140730T000000,482000.0,2.0,2.25,1350,1248,2.0,0,0,3,7,1180,170,2000,0,98102,47.6399,-122.32,1760,3360
7092,7092,8563020170,20150310T000000,485000.0,3.0,1.75,1650,9500,1.0,0,0,3,8,1650,0,1967,0,98052,47.631,-122.098,1880,9375
7093,7093,8656800020,20150212T000000,309000.0,3.0,2.5,1450,11480,2.0,0,0,3,7,1450,0,1990,0,98014,47.672,-121.864,2080,87991
7094,7094,3876540780,20140619T000000,221000.0,3.0,2.25,1640,7350,1.0,0,0,3,7,1140,500,1984,0,98003,47.2625,-122.3,1480,8041
7095,7095,8563030280,20140513T000000,700000.0,3.0,2.5,2030,8398,2.0,0,0,4,9,2030,0,1975,0,98008,47.6272,-122.095,2450,8104
7096,7096,2114300290,20140929T000000,411500.0,5.0,3.0,2420,7740,1.0,0,0,5,7,1360,1060,1929,1969,98106,47.536,-122.358,1840,6780
7097,7097,9141100005,20141028T000000,285000.0,4.0,3.5,2770,10505,2.0,0,0,3,8,2770,0,1940,2015,98133,47.7412,-122.355,1760,10505
7098,7098,5727500019,20140605T000000,395000.0,4.0,3.0,1980,7931,1.0,0,0,4,7,1160,820,1983,0,98133,47.7513,-122.334,1910,7931
7099,7099,1796360080,20140709T000000,237950.0,2.0,1.75,1460,7926,1.0,0,0,4,7,1460,0,1987,0,98042,47.3665,-122.092,1680,8206
7100,7100,9485800050,20150310T000000,680000.0,3.0,2.5,1610,8064,1.0,0,2,4,7,1160,450,1981,0,98033,47.6818,-122.189,2260,8328
7101,7101,5560000680,20141226T000000,199950.0,2.0,1.0,1010,10057,1.0,0,0,3,6,1010,0,1961,0,98023,47.3286,-122.336,1040,8591
7102,7102,9297300480,20141212T000000,765000.0,4.0,3.5,2760,4000,2.0,0,2,3,8,2000,760,1926,2014,98126,47.5687,-122.374,1690,4000
7103,7103,6813600415,20140508T000000,515000.0,2.0,1.0,1060,4960,1.0,0,0,3,7,1060,0,1926,0,98103,47.6896,-122.331,1420,4960
7104,7104,6751300255,20140616T000000,470000.0,3.0,1.5,1510,8000,1.0,0,0,4,7,1510,0,1956,0,98007,47.5865,-122.135,1430,8000
7105,7105,3300700480,20140820T000000,330000.0,2.0,1.0,880,4000,1.0,0,0,3,6,780,100,1937,0,98117,47.6931,-122.379,950,4000
7106,7106,5379800446,20150226T000000,284000.0,3.0,2.5,2150,9375,1.0,0,0,3,8,1550,600,1968,0,98188,47.4578,-122.274,1950,9100
7107,7107,9558200080,20140912T000000,295000.0,3.0,2.5,1660,8125,1.0,0,0,3,7,1150,510,1999,0,98148,47.4373,-122.333,1250,8125
7108,7108,6817801150,20150330T000000,555000.0,4.0,2.5,2160,10987,1.0,0,0,4,8,1440,720,1981,2003,98074,47.6333,-122.034,1280,11617
7109,7109,1454100005,20140806T000000,350000.0,3.0,1.0,1370,8162,1.5,0,0,3,6,1370,0,1949,0,98125,47.7263,-122.289,1560,8250
7110,7110,104540840,20141203T000000,240000.0,3.0,2.25,1460,5818,1.0,0,0,3,7,1140,320,1986,0,98023,47.3113,-122.358,1490,6031
7111,7111,2207100635,20150204T000000,419900.0,3.0,1.5,1450,7000,1.0,0,0,3,7,1450,0,1955,0,98007,47.5983,-122.15,1490,7245
7112,7112,2489200250,20150430T000000,528000.0,3.0,2.0,1560,6300,1.0,0,0,3,7,1560,0,1924,0,98126,47.5407,-122.379,1620,6300
7113,7113,5130000080,20150311T000000,481000.0,4.0,2.5,2480,9869,1.0,0,0,4,8,1240,1240,1963,0,98028,47.7612,-122.229,2230,10310
7114,7114,6150700169,20140609T000000,304700.0,2.0,1.0,740,5995,1.0,0,0,4,7,740,0,1949,0,98133,47.7291,-122.337,1140,5995
7115,7115,8691350130,20150204T000000,715000.0,4.0,2.5,2927,12171,2.0,0,0,3,10,2927,0,1998,0,98075,47.5948,-121.983,2967,12166
7116,7116,6189200345,20140820T000000,738950.0,4.0,2.75,2260,12005,1.0,0,0,4,8,2260,0,1956,1989,98005,47.6342,-122.171,1870,10800
7117,7117,2222059099,20141022T000000,215000.0,3.0,1.5,1240,9405,1.0,0,0,4,7,1240,0,1966,0,98042,47.3727,-122.162,2260,7611
7118,7118,7227800660,20140522T000000,300000.0,6.0,2.0,2040,10812,1.0,0,0,4,5,2040,0,1943,0,98056,47.4919,-122.181,1440,10200
7119,7119,1148000005,20140623T000000,346000.0,3.0,1.75,1270,8100,1.0,0,0,3,6,880,390,1950,0,98146,47.4828,-122.344,1650,8173
7120,7120,6055000430,20150327T000000,473000.0,4.0,3.5,4370,37193,2.0,0,3,3,8,2780,1590,1996,0,98022,47.24100000000001,-121.979,2860,39356
7121,7121,7616200050,20150105T000000,500000.0,3.0,1.75,1700,6120,1.0,0,0,3,7,1700,0,1952,0,98116,47.5807,-122.397,1330,6120
7122,7122,7234601440,20140925T000000,750000.0,2.0,1.5,1300,7632,1.0,0,2,3,7,1300,0,1943,0,98122,47.6134,-122.308,1420,1676
7123,7123,8563020380,20140520T000000,519900.0,4.0,2.0,1820,9350,1.0,0,0,4,8,1820,0,1967,0,98052,47.6288,-122.098,2260,9299
7124,7124,1454100480,20140819T000000,378500.0,2.0,1.0,880,6171,1.0,0,0,4,7,880,0,1949,0,98125,47.7262,-122.285,2260,12769
7125,7125,5151600285,20140507T000000,314500.0,3.0,1.75,1870,12381,1.0,0,0,4,8,1870,0,1957,0,98003,47.3358,-122.32,1950,12667
7126,7126,2155000480,20150429T000000,499950.0,3.0,1.5,1350,9315,1.0,0,0,3,7,1350,0,1968,0,98052,47.6587,-122.124,1840,9920
7127,7127,1024049024,20141203T000000,1735000.0,5.0,3.5,4870,7700,2.5,0,3,5,10,3650,1220,1929,0,98144,47.5832,-122.29,3220,7700
7128,7128,1026069163,20150422T000000,630000.0,3.0,2.5,2460,38794,2.0,0,0,3,9,2460,0,1999,0,98077,47.7602,-122.022,2470,51400
7129,7129,4427100095,20140623T000000,360000.0,4.0,1.5,1720,6417,1.0,0,0,3,7,1720,0,1953,0,98125,47.7268,-122.311,1430,6240
7130,7130,4047200380,20140526T000000,460000.0,2.0,1.5,2730,19877,1.0,0,0,4,8,1570,1160,1976,0,98019,47.7698,-121.898,1450,19509
7131,7131,3222049024,20140522T000000,361000.0,3.0,1.0,1100,4046,1.5,0,4,4,6,1100,0,1922,0,98198,47.344,-122.331,2550,7847
7132,7132,2287000010,20140710T000000,713400.0,3.0,2.25,1810,9845,1.0,0,0,4,8,1810,0,1959,1991,98040,47.5505,-122.221,1900,10083
7133,7133,3692900010,20141028T000000,445000.0,2.0,1.0,930,3150,1.0,0,0,5,6,930,0,1918,0,98115,47.6783,-122.298,1900,5000
7134,7134,320069049,20140514T000000,305000.0,4.0,1.5,1590,131551,1.0,0,3,4,7,1590,0,1966,0,98022,47.2558,-122.024,2280,108028
7135,7135,868002335,20150304T000000,1430000.0,3.0,2.75,2710,9204,1.5,0,4,3,9,1480,1230,1975,0,98177,47.7039,-122.385,2960,10080
7136,7136,8945100050,20150424T000000,222000.0,3.0,1.0,1460,8400,1.0,0,0,4,6,1460,0,1962,0,98023,47.3086,-122.365,1060,8563
7137,7137,7853250080,20150216T000000,510000.0,5.0,3.25,3400,4499,2.0,0,0,3,8,2740,660,2005,0,98065,47.5385,-121.88,3400,6163
7138,7138,6713700250,20140604T000000,500000.0,5.0,3.0,2920,11440,2.0,0,0,3,8,2920,0,2003,0,98133,47.7607,-122.354,1720,9348
7139,7139,4232901990,20140516T000000,605000.0,2.0,1.0,910,3600,1.0,0,0,4,7,910,0,1909,0,98119,47.6341,-122.361,1720,3600
7140,7140,3578401760,20140820T000000,393000.0,3.0,2.0,1320,10720,2.0,0,0,3,8,1320,0,1981,0,98074,47.6203,-122.037,1910,13639
7141,7141,9113200290,20140625T000000,725000.0,4.0,2.5,2490,5170,2.0,0,0,4,9,2490,0,2000,0,98052,47.6836,-122.162,2490,5170
7142,7142,5116000250,20140707T000000,320000.0,3.0,1.75,2220,11646,1.0,0,0,3,7,1270,950,1950,0,98028,47.7762,-122.27,1490,10003
7143,7143,1099600010,20140612T000000,210000.0,4.0,1.5,1130,7840,1.0,0,0,4,7,1130,0,1970,0,98023,47.2986,-122.377,1690,7840
7144,7144,5416500980,20140729T000000,419900.0,4.0,2.5,2750,5767,2.0,0,0,3,9,2750,0,2005,0,98038,47.3595,-122.038,2800,5376
7145,7145,7312100010,20150302T000000,410000.0,4.0,2.5,2240,4447,2.0,0,0,3,7,2240,0,2006,0,98059,47.4868,-122.159,2000,3800
7146,7146,7936000562,20141216T000000,721000.0,3.0,2.25,2680,10440,1.0,0,1,3,8,1540,1140,1963,0,98116,47.56100000000001,-122.398,2140,7560
7147,7147,9839300545,20140714T000000,605000.0,2.0,2.0,1270,5500,1.5,0,0,4,8,1270,0,1921,0,98122,47.6121,-122.294,1870,4400
7148,7148,6837700005,20141203T000000,738000.0,3.0,1.75,1520,5500,1.5,0,0,5,7,1520,0,1936,0,98116,47.5839,-122.383,2310,5500
7149,7149,6918720080,20150402T000000,725000.0,6.0,3.0,2480,12000,2.0,0,0,3,8,2480,0,1972,0,98007,47.6131,-122.145,2220,8580
7150,7150,9407001700,20140819T000000,255000.0,2.0,1.0,960,20954,1.0,0,0,3,7,960,0,1977,0,98045,47.4485,-121.774,1240,9752
7151,7151,1473200130,20150320T000000,303000.0,3.0,2.25,1340,873,3.0,0,0,3,8,1340,0,2009,0,98133,47.7325,-122.343,1340,1186
7152,7152,4037200585,20140723T000000,394950.0,3.0,2.5,1090,7700,1.0,0,0,4,7,1090,0,1957,0,98008,47.607,-122.12,1740,7700
7153,7153,5249803870,20140902T000000,530000.0,4.0,3.0,2240,5580,2.0,0,0,5,7,1830,410,1949,0,98118,47.5598,-122.27,1530,4800
7154,7154,9558050170,20140513T000000,475000.0,4.0,2.5,3740,8700,1.0,0,0,3,10,2260,1480,2004,0,98058,47.4587,-122.117,2650,6333
7155,7155,1545808110,20140617T000000,250000.0,4.0,2.5,1800,8100,2.0,0,0,3,7,1800,0,1998,0,98038,47.3611,-122.047,1590,8100
7156,7156,1604601155,20141208T000000,180000.0,3.0,1.0,780,3540,1.0,0,0,2,6,780,0,1920,0,98118,47.565,-122.291,1260,3540
7157,7157,2754700170,20140804T000000,443500.0,2.0,1.0,1330,4140,1.0,0,0,4,7,930,400,1919,1940,98115,47.6802,-122.306,1410,5100
7158,7158,3622059180,20140703T000000,390000.0,4.0,2.0,1900,76877,1.0,0,0,3,8,1900,0,2004,0,98042,47.3491,-122.113,1740,34848
7159,7159,7201600190,20150220T000000,430000.0,4.0,1.75,1570,7650,1.0,0,0,3,7,1100,470,1975,0,98052,47.6801,-122.106,1580,7650
7160,7160,3450300280,20150225T000000,460000.0,5.0,4.5,3100,7260,2.0,0,0,3,8,3100,0,1963,2000,98059,47.5004,-122.162,1650,7700
7161,7161,1036450170,20150312T000000,660000.0,3.0,3.5,2740,3785,2.0,0,0,3,9,2190,550,2001,0,98034,47.7195,-122.182,2060,3457
7162,7162,8965000050,20140729T000000,515000.0,3.0,1.75,1570,10939,1.0,0,0,3,8,1200,370,1974,0,98052,47.6389,-122.102,1760,10200
7163,7163,4354700010,20150421T000000,482500.0,3.0,2.0,1330,6490,1.0,0,0,4,7,1330,0,1954,0,98125,47.7181,-122.308,1580,7202
7164,7164,4057300170,20140602T000000,305000.0,2.0,1.5,1140,2980,2.0,0,0,3,7,1140,0,1988,0,98029,47.5707,-122.018,1150,2981
7165,7165,4217400185,20140603T000000,835000.0,4.0,2.75,1550,4000,1.5,0,0,3,9,1550,0,1930,0,98105,47.6596,-122.28,2120,4000
7166,7166,8155750010,20141204T000000,237000.0,3.0,2.0,1290,7952,1.0,0,0,3,7,1290,0,1998,0,98030,47.3867,-122.19,1670,7280
7167,7167,2159900020,20141126T000000,445000.0,2.0,1.5,1510,2001,2.0,0,0,4,8,1510,0,1985,0,98007,47.6211,-122.153,1510,2055
7168,7168,2487700130,20150406T000000,710000.0,4.0,2.5,2720,8000,1.0,0,0,4,7,1360,1360,1955,0,98136,47.5237,-122.391,1790,8000
7169,7169,2085200545,20140821T000000,180000.0,3.0,1.0,840,5700,1.0,0,0,4,5,840,0,1945,0,98038,47.3948,-122.028,1430,12600
7170,7170,9432900380,20141023T000000,280017.0,3.0,2.5,1850,8770,2.0,0,0,3,8,1850,0,1996,0,98022,47.2091,-122.009,2350,8606
7171,7171,2591850080,20140630T000000,436500.0,4.0,2.5,2290,11173,2.0,0,0,4,8,2290,0,1988,0,98058,47.4314,-122.164,2290,10404
7172,7172,1025049174,20140515T000000,1255000.0,4.0,2.5,3200,7535,2.0,0,0,3,9,3200,0,2006,0,98105,47.666,-122.276,1650,6850
7173,7173,5628400080,20141218T000000,420000.0,3.0,2.25,1800,9800,1.0,0,0,4,7,1300,500,1959,0,98028,47.7393,-122.244,1680,9545
7174,7174,7657000225,20140719T000000,205000.0,3.0,1.0,860,7467,1.0,0,0,3,6,860,0,1944,0,98178,47.4947,-122.237,1280,7467
7175,7175,6151800080,20140902T000000,570000.0,3.0,1.5,1980,10203,1.0,0,0,4,7,1680,300,1946,0,98010,47.3402,-122.046,1980,13664
7176,7176,6154900095,20140711T000000,565000.0,4.0,1.75,2140,7102,1.0,0,0,4,7,1070,1070,1948,0,98177,47.7042,-122.37,1950,7102
7177,7177,9542800050,20141211T000000,287000.0,2.0,2.5,2410,7500,1.0,0,0,3,7,1550,860,1978,0,98023,47.3078,-122.374,1840,8800
7178,7178,526059224,20140923T000000,260000.0,4.0,1.75,1650,7276,1.0,0,0,3,7,1010,640,1977,0,98011,47.7721,-122.206,1840,8550
7179,7179,526059224,20150206T000000,470000.0,4.0,1.75,1650,7276,1.0,0,0,3,7,1010,640,1977,0,98011,47.7721,-122.206,1840,8550
7180,7180,3275850190,20140905T000000,700000.0,3.0,2.5,2410,9916,2.0,0,0,4,10,2410,0,1989,0,98052,47.6911,-122.103,2310,8212
7181,7181,4137000460,20150225T000000,249000.0,3.0,1.75,1520,7500,1.0,0,0,3,8,1520,0,1985,0,98092,47.2646,-122.219,2180,7506
7182,7182,7936000403,20140609T000000,568000.0,3.0,1.75,2050,3520,1.0,0,0,4,7,1070,980,1977,0,98136,47.5536,-122.399,2050,16083
7183,7183,1175000073,20140606T000000,500000.0,4.0,1.0,1720,4011,1.5,0,0,4,7,1720,0,1904,0,98107,47.6719,-122.396,1580,3784
7184,7184,8645540290,20141126T000000,358000.0,5.0,2.5,2390,8775,1.0,0,0,4,7,1270,1120,1980,0,98058,47.4639,-122.17,1800,8000
7185,7185,7137960460,20140528T000000,225000.0,3.0,2.5,1680,6755,2.0,0,0,3,8,1680,0,1994,0,98092,47.3293,-122.17,1860,7257
7186,7186,8805400010,20150226T000000,275500.0,3.0,1.0,1060,7246,1.0,0,0,4,6,1060,0,1981,0,98056,47.4936,-122.165,1090,6694
7187,7187,1036450290,20150202T000000,495000.0,3.0,2.5,1860,3150,2.0,0,0,3,8,1860,0,2001,0,98034,47.719,-122.182,2050,3375
7188,7188,7613700660,20150326T000000,758800.0,5.0,2.25,1750,5000,1.0,0,0,3,8,960,790,1940,0,98105,47.6589,-122.276,2580,5000
7189,7189,8648210050,20150403T000000,280000.0,3.0,1.75,1480,8165,1.0,0,0,4,7,1480,0,1985,0,98042,47.3624,-122.079,1450,7939
7190,7190,1565950670,20150225T000000,380500.0,3.0,2.5,1900,7361,2.0,0,0,3,8,1900,0,1994,0,98055,47.4324,-122.191,2100,7361
7191,7191,7159200005,20140507T000000,3200000.0,7.0,4.5,6210,8856,2.5,0,2,5,11,4760,1450,1910,0,98109,47.6307,-122.354,2940,5400
7192,7192,8687800010,20140617T000000,260000.0,3.0,1.75,1440,12888,1.0,0,2,3,7,1090,350,1958,0,98168,47.471,-122.262,1710,12888
7193,7193,4242900285,20140805T000000,630000.0,4.0,2.5,1910,1502,3.0,0,0,3,8,1910,0,2014,0,98107,47.6747,-122.393,1520,3888
7194,7194,7834800225,20140820T000000,875000.0,3.0,2.0,2010,4000,1.0,0,0,5,7,1210,800,1915,0,98103,47.6638,-122.329,1770,4000
7195,7195,5649600225,20150403T000000,457500.0,3.0,1.0,960,4600,1.5,0,0,4,6,960,0,1927,0,98118,47.5553,-122.286,1380,5175
7196,7196,1959702045,20141119T000000,900000.0,2.0,1.0,1240,5500,1.0,0,0,3,7,1240,0,1954,0,98102,47.6461,-122.317,2080,4400
7197,7197,717000225,20141028T000000,235000.0,2.0,2.0,870,6450,1.0,0,0,4,6,740,130,1954,0,98118,47.5354,-122.278,1640,5775
7198,7198,792500190,20140627T000000,410000.0,3.0,2.0,1400,45738,2.0,0,0,4,8,1400,0,1981,0,98070,47.3624,-122.455,2390,56628
7199,7199,3820100284,20140827T000000,355000.0,3.0,3.0,1850,9600,1.0,0,0,3,7,1230,620,1981,0,98028,47.7717,-122.25,1970,10000
7200,7200,3629890190,20140606T000000,1300000.0,4.0,4.0,4270,6002,2.0,0,3,3,10,3180,1090,2004,0,98029,47.5443,-121.994,4280,5942
7201,7201,6868200029,20140929T000000,467500.0,3.0,1.75,2260,8512,1.0,0,0,3,7,1130,1130,1948,0,98125,47.7129,-122.304,2240,8040
7202,7202,8901000143,20141125T000000,500000.0,4.0,4.5,2690,7350,1.5,0,0,5,7,2690,0,1949,0,98125,47.7062,-122.311,1660,9000
7203,7203,2927600630,20150416T000000,995000.0,4.0,3.5,2780,9550,2.0,0,4,5,10,2530,250,1978,0,98166,47.45399999999999,-122.373,2724,10634
7204,7204,3432501315,20140827T000000,277000.0,3.0,1.0,1140,8144,1.0,0,0,3,7,1140,0,1956,0,98155,47.7464,-122.317,1150,8144
7205,7205,5101407250,20141217T000000,630000.0,4.0,2.25,2900,9680,2.0,0,0,3,7,1990,910,1947,0,98125,47.7037,-122.308,1850,7540
7206,7206,3999200780,20141121T000000,628000.0,5.0,2.75,2830,11795,1.0,0,0,4,7,1710,1120,1960,0,98008,47.5828,-122.118,2460,10880
7207,7207,2826079145,20140814T000000,655000.0,5.0,2.5,2560,46786,2.0,0,0,3,8,2560,0,1995,0,98019,47.7125,-121.915,2430,46929
7208,7208,1446403145,20150122T000000,170000.0,2.0,1.0,1240,9900,1.0,0,0,3,7,940,300,1950,0,98168,47.4862,-122.326,1050,9375
7209,7209,5137000170,20141217T000000,352500.0,4.0,2.5,2100,10750,1.0,0,2,4,8,2100,0,1967,0,98023,47.3338,-122.337,2310,10425
7210,7210,2896310420,20150219T000000,615000.0,4.0,2.75,3120,34040,2.0,0,0,3,9,3120,0,1997,0,98010,47.3431,-122.03,2420,25201
7211,7211,1446400725,20140610T000000,165000.0,3.0,1.0,970,6600,1.0,0,0,3,7,970,0,1965,0,98168,47.4836,-122.332,1200,6600
7212,7212,4030500130,20140923T000000,243500.0,4.0,2.5,2300,15188,2.0,0,0,4,7,2300,0,1966,0,98042,47.3683,-122.164,1820,10125
7213,7213,3319500299,20140806T000000,304000.0,2.0,1.5,950,676,2.0,0,0,3,7,850,100,2003,0,98144,47.6005,-122.306,950,1280
7214,7214,7139800020,20141016T000000,369000.0,3.0,1.5,2110,5195,1.0,0,0,3,7,1210,900,1959,0,98118,47.5283,-122.286,1950,5195
7215,7215,9433000460,20141007T000000,779950.0,4.0,2.75,2990,4298,2.0,0,0,3,9,2990,0,2014,0,98052,47.7101,-122.108,2990,4837
7216,7216,1326049130,20140702T000000,605000.0,4.0,2.25,2940,48788,1.0,0,0,5,7,1520,1420,1961,0,98028,47.7422,-122.245,2470,14900
7217,7217,7137960440,20141223T000000,292500.0,4.0,2.5,1860,8709,2.0,0,0,3,8,1860,0,1994,0,98092,47.3289,-122.17,1990,6825
7218,7218,3946900010,20150323T000000,500007.0,2.0,1.75,1820,6050,1.0,0,0,3,7,910,910,1950,0,98115,47.6928,-122.323,1730,6050
7219,7219,5592050080,20150429T000000,449999.0,4.0,2.5,1950,4947,2.0,0,0,3,8,1950,0,2000,0,98056,47.5042,-122.193,1760,5611
7220,7220,3288020050,20140627T000000,355000.0,4.0,2.5,1890,7867,2.0,0,0,3,8,1890,0,1996,0,98038,47.3788,-122.031,2250,7867
7221,7221,2459000020,20141125T000000,258000.0,4.0,3.0,2710,7199,1.0,0,0,4,7,1710,1000,1967,0,98030,47.3789,-122.213,2070,9271
7222,7222,126049167,20140619T000000,380000.0,4.0,2.25,2150,20181,1.0,0,0,3,7,1090,1060,1963,0,98028,47.7627,-122.245,2150,10480
7223,7223,1525079069,20140708T000000,650000.0,4.0,3.0,3720,57499,1.0,0,0,3,9,1880,1840,2003,0,98014,47.6469,-121.897,2560,26372
7224,7224,1786200010,20150514T000000,456500.0,4.0,2.5,2580,11780,2.0,0,0,3,9,2580,0,2003,0,98038,47.3658,-122.04,2410,8403
7225,7225,5602000275,20140825T000000,259950.0,4.0,2.0,1540,10212,1.5,0,0,5,7,1540,0,1948,0,98022,47.2056,-121.999,1480,10212
7226,7226,1446403617,20140702T000000,123000.0,2.0,1.0,1050,6600,1.5,0,0,3,6,1050,0,1964,0,98168,47.4828,-122.324,1330,6600
7227,7227,2767603649,20140730T000000,520000.0,3.0,2.25,1210,1250,3.0,0,0,3,8,1210,0,2014,0,98107,47.6722,-122.384,1780,5000
7228,7228,3649100387,20150416T000000,506000.0,4.0,2.25,2040,12000,1.0,0,0,4,7,1300,740,1963,0,98028,47.7362,-122.241,1930,12000
7229,7229,5249802660,20140730T000000,425000.0,3.0,1.0,980,4800,1.5,0,0,3,7,980,0,1926,0,98118,47.5663,-122.274,2030,7200
7230,7230,2592400470,20141205T000000,438000.0,5.0,2.5,1990,6840,2.0,0,0,4,7,1990,0,1974,0,98034,47.7162,-122.166,1990,7150
7231,7231,6448000020,20150129T000000,1490000.0,4.0,2.5,2420,18480,1.0,0,0,4,9,2420,0,1967,0,98004,47.6214,-122.227,3330,19910
7232,7232,1211000185,20140616T000000,375000.0,4.0,2.0,1240,3000,1.0,0,0,3,7,1040,200,1908,0,98122,47.6076,-122.298,1480,3500
7233,7233,7399300780,20150429T000000,337500.0,3.0,2.25,1530,6600,1.0,0,0,4,7,1240,290,1968,0,98055,47.462,-122.188,1500,7700
7234,7234,984100010,20140930T000000,300000.0,4.0,2.25,2080,7700,1.0,0,0,3,7,1450,630,1968,0,98058,47.4349,-122.17,1900,7980
7235,7235,6127010670,20140728T000000,627000.0,5.0,3.25,3570,5425,2.0,0,0,3,7,3570,0,2005,0,98075,47.5933,-122.007,2690,5347
7236,7236,1245002391,20141022T000000,1400000.0,5.0,4.25,4230,6907,2.0,0,0,3,10,3450,780,2008,0,98033,47.6866,-122.205,2650,8076
7237,7237,3904921100,20150512T000000,674725.0,4.0,2.5,2700,10160,2.0,0,0,3,9,2700,0,1988,0,98029,47.5685,-122.012,2760,9219
7238,7238,2473381150,20140618T000000,325000.0,3.0,2.75,2200,7000,1.0,0,0,4,7,1280,920,1977,0,98058,47.4574,-122.169,1670,7000
7239,7239,9269750010,20150402T000000,230000.0,5.0,2.0,1210,12538,2.0,0,0,3,7,1210,0,1982,0,98023,47.2848,-122.361,1510,7700
7240,7240,1924069071,20140729T000000,485000.0,5.0,1.75,2140,43124,1.0,0,2,4,7,1220,920,1962,0,98027,47.5516,-122.085,2520,14677
7241,7241,2571900430,20140923T000000,315000.0,4.0,2.5,2740,8400,1.5,0,2,3,8,2740,0,1993,0,98022,47.1947,-122.008,2030,8638
7242,7242,8673400052,20150403T000000,560000.0,3.0,2.75,1370,1193,3.0,0,0,3,8,1370,0,2003,0,98107,47.67,-122.392,1320,1180
7243,7243,5104511630,20140812T000000,444000.0,4.0,3.0,2800,7198,2.0,0,0,3,8,2800,0,2002,0,98038,47.3538,-122.013,3610,7845
7244,7244,3438500168,20150507T000000,325000.0,3.0,1.5,1060,7488,1.0,0,0,5,7,1060,0,1977,0,98106,47.5549,-122.356,1300,6780
7245,7245,1446403850,20140916T000000,118125.0,2.0,1.0,790,7153,1.0,0,0,4,6,790,0,1944,0,98168,47.4869,-122.324,810,7128
7246,7246,1446403850,20150114T000000,212000.0,2.0,1.0,790,7153,1.0,0,0,4,6,790,0,1944,0,98168,47.4869,-122.324,810,7128
7247,7247,5416500950,20150309T000000,428900.0,4.0,2.5,2820,5056,2.0,0,0,3,9,2820,0,2006,0,98038,47.3591,-122.038,2820,5150
7248,7248,8096600050,20150123T000000,510000.0,3.0,2.0,1850,9600,1.0,0,0,3,7,1850,0,1968,1998,98011,47.7671,-122.225,1770,9600
7249,7249,1473000020,20140523T000000,416000.0,3.0,1.5,1110,9762,1.0,0,0,4,7,1110,0,1963,0,98052,47.676,-122.15,1900,9720
7250,7250,722039049,20141009T000000,950000.0,4.0,3.0,3230,438213,2.0,0,0,3,9,3230,0,1999,0,98070,47.4141,-122.47,1600,144619
7251,7251,2212210660,20150227T000000,204000.0,3.0,1.5,1460,7140,1.0,0,0,4,7,980,480,1980,0,98031,47.3954,-122.191,1400,8572
7252,7252,6762700020,20141013T000000,7700000.0,6.0,8.0,12050,27600,2.5,0,3,4,13,8570,3480,1910,1987,98102,47.6298,-122.323,3940,8800
7253,7253,5608010980,20141007T000000,878000.0,4.0,2.5,3480,13421,2.0,0,0,3,11,3480,0,1995,0,98027,47.5504,-122.097,3290,9642
7254,7254,5015001045,20140826T000000,1045000.0,4.0,3.0,3560,4000,3.0,0,2,3,9,2970,590,1996,0,98112,47.6265,-122.3,1190,4000
7255,7255,1005000250,20150130T000000,350000.0,2.0,1.0,840,5551,1.0,0,0,3,6,840,0,1952,0,98118,47.5354,-122.28,1270,4652
7256,7256,7974700122,20140610T000000,659500.0,3.0,1.75,1820,5500,1.0,0,0,4,8,1620,200,1957,0,98115,47.6737,-122.283,2330,6050
7257,7257,1775910460,20150313T000000,395000.0,3.0,2.5,1630,15200,1.0,0,0,3,7,1120,510,1988,0,98072,47.7454,-122.103,2050,15200
7258,7258,3797300190,20140708T000000,308950.0,4.0,2.5,1920,8562,2.0,0,2,4,7,1920,0,1994,0,98022,47.1932,-122.008,1820,8628
7259,7259,6450300605,20150501T000000,410000.0,3.0,2.0,1750,2550,1.0,0,0,3,7,1750,0,1955,0,98133,47.7329,-122.343,1370,1533
7260,7260,3918400143,20141016T000000,710000.0,4.0,3.0,2750,7500,1.0,0,0,5,8,1630,1120,1966,0,98177,47.7134,-122.361,2440,7500
7261,7261,1022049182,20150428T000000,175000.0,1.0,1.0,620,8685,1.0,0,0,4,5,620,0,1976,0,98198,47.4095,-122.29,1300,12150
7262,7262,3578400780,20150327T000000,508800.0,3.0,2.0,1720,10098,1.0,0,0,4,8,1140,580,1981,0,98074,47.6231,-122.043,1840,10098
7263,7263,6905200050,20141009T000000,606400.0,3.0,3.0,1800,5000,1.5,0,2,3,8,1500,300,1929,0,98119,47.6475,-122.371,1670,5000
7264,7264,303100080,20140528T000000,245100.0,3.0,1.75,1300,7958,1.0,0,0,3,7,1300,0,1996,0,98092,47.3162,-122.194,1640,8698
7265,7265,123039642,20150501T000000,540000.0,3.0,2.5,1970,14876,1.0,0,0,3,7,1320,650,1981,0,98146,47.5031,-122.372,2030,8008
7266,7266,8718500095,20150507T000000,415000.0,3.0,1.5,1740,9046,1.0,0,0,3,7,1740,0,1956,0,98028,47.7402,-122.255,1830,9513
7267,7267,1774000780,20150105T000000,469500.0,4.0,2.75,1930,13041,1.0,0,0,4,8,1180,750,1980,0,98072,47.7502,-122.085,1880,10234
7268,7268,2421039075,20141106T000000,195000.0,3.0,1.75,1190,14777,1.0,0,0,4,7,1190,0,1965,0,98023,47.2933,-122.377,2240,8325
7269,7269,4139470010,20141006T000000,1615000.0,4.0,3.25,4250,12281,2.0,0,4,3,12,3020,1230,1996,0,98006,47.5507,-122.113,4940,12941
7270,7270,629800380,20141013T000000,1450000.0,4.0,3.5,4360,24603,2.0,0,0,3,12,4360,0,1998,0,98074,47.6035,-122.005,4770,27521
7271,7271,8965520190,20141030T000000,1200000.0,3.0,2.5,3420,16622,1.0,0,4,3,10,2410,1010,1991,0,98006,47.5638,-122.105,3460,14566
7272,7272,925059193,20140709T000000,1065000.0,4.0,3.75,4260,9800,2.0,0,0,3,10,4260,0,2008,0,98033,47.6739,-122.172,1950,8970
7273,7273,1245500250,20150507T000000,555500.0,2.0,1.0,920,10000,1.0,0,0,4,7,920,0,1981,0,98033,47.6938,-122.21,1340,10000
7274,7274,9828700005,20150512T000000,440000.0,3.0,1.0,1040,4000,1.0,0,0,3,7,1040,0,1950,0,98122,47.6178,-122.292,1170,4000
7275,7275,5101402312,20150423T000000,485000.0,3.0,1.0,1260,7250,1.0,0,2,3,7,960,300,1940,0,98115,47.6947,-122.311,1540,7250
7276,7276,339200130,20140531T000000,693000.0,3.0,2.5,2460,12028,2.0,0,0,3,9,2460,0,1996,0,98052,47.691,-122.095,2540,12229
7277,7277,6145602125,20140724T000000,295000.0,3.0,1.0,830,3386,1.0,0,0,3,6,830,0,1942,1989,98133,47.7027,-122.355,1300,3844
7278,7278,9346910500,20150330T000000,700000.0,3.0,2.5,2060,10650,1.0,0,0,5,8,1050,1010,1976,0,98006,47.5627,-122.137,2690,8850
7279,7279,7986401305,20141216T000000,767500.0,2.0,1.75,2210,9374,1.0,0,3,4,8,1560,650,1951,0,98107,47.6634,-122.359,2140,5640
7280,7280,922059169,20141201T000000,800000.0,6.0,4.25,5480,189050,2.0,0,0,4,10,5140,340,1991,0,98031,47.412,-122.168,2470,10429
7281,7281,123059071,20140708T000000,440000.0,3.0,2.0,1860,217800,2.0,0,2,3,8,1860,0,1998,0,98059,47.5157,-122.107,2500,217800
7282,7282,1626069069,20141029T000000,600000.0,3.0,2.5,1350,187313,1.0,0,0,4,7,1350,0,1997,0,98077,47.7369,-122.049,2310,49222
7283,7283,5605000430,20140917T000000,1160000.0,4.0,2.5,2790,5450,2.0,0,0,3,10,1930,860,1925,2000,98112,47.6453,-122.303,2320,5450
7284,7284,7640400250,20140619T000000,506000.0,2.0,1.0,1570,8210,1.0,0,0,4,8,1150,420,1952,0,98177,47.7221,-122.371,1680,8196
7285,7285,4477000290,20150311T000000,474950.0,4.0,1.75,2030,15400,1.0,0,1,3,9,1130,900,1975,0,98166,47.4603,-122.365,2040,12425
7286,7286,8127700440,20141211T000000,654000.0,3.0,2.5,2570,5500,1.0,0,0,4,7,1320,1250,1961,0,98199,47.6417,-122.397,1460,6250
7287,7287,6822100780,20140911T000000,710000.0,2.0,1.0,1210,6000,1.0,0,0,4,7,1000,210,1942,0,98199,47.6482,-122.402,1840,6000
7288,7288,9195700380,20140811T000000,620000.0,4.0,2.25,1530,7845,1.0,0,0,4,7,1030,500,1981,0,98027,47.5589,-122.082,1710,7627
7289,7289,1425059174,20141028T000000,390000.0,3.0,2.0,1510,10827,2.0,0,0,3,7,1510,0,1984,0,98052,47.654,-122.127,1900,10908
7290,7290,2155000290,20140630T000000,550000.0,3.0,2.25,1720,9600,1.0,0,0,4,7,1220,500,1967,0,98052,47.6581,-122.126,1720,9600
7291,7291,4058200630,20141002T000000,353000.0,3.0,1.75,2190,7021,1.0,0,2,4,7,1390,800,1953,0,98178,47.5033,-122.232,2180,7155
7292,7292,5561400440,20140827T000000,465000.0,4.0,2.5,3030,47958,1.0,0,0,3,8,1660,1370,1980,0,98027,47.4598,-122.004,2740,36017
7293,7293,4178500440,20150128T000000,279900.0,3.0,2.0,1410,6600,1.0,0,0,4,7,1410,0,1990,0,98042,47.3596,-122.089,1750,7150
7294,7294,1923039022,20141120T000000,700000.0,2.0,1.75,1679,577605,2.0,0,0,3,9,1679,0,2001,0,98070,47.463,-122.475,1850,358934
7295,7295,9412200660,20140619T000000,395000.0,4.0,1.0,1980,10350,1.0,0,0,4,7,1430,550,1968,0,98027,47.5226,-122.045,1890,13140
7296,7296,2780700020,20140910T000000,375000.0,4.0,2.5,1900,9428,2.0,0,0,3,8,1900,0,1978,0,98028,47.7628,-122.244,1830,10480
7297,7297,1868901815,20140617T000000,547000.0,4.0,1.0,1720,2800,1.5,0,0,4,7,1200,520,1926,0,98115,47.6743,-122.299,1530,3500
7298,7298,4022902715,20150403T000000,525000.0,5.0,3.25,2480,10277,2.0,0,0,5,8,1640,840,1993,0,98155,47.7726,-122.286,2270,10277
7299,7299,225039145,20140619T000000,285000.0,3.0,1.0,1210,4731,1.5,0,0,3,7,1210,0,1901,0,98117,47.6865,-122.397,1450,5264
7300,7300,9274203390,20140520T000000,570000.0,2.0,1.75,1540,4025,1.0,0,0,4,7,1190,350,1908,0,98116,47.5876,-122.391,1950,4420
7301,7301,4397000020,20150324T000000,409000.0,3.0,2.5,2740,9168,2.0,0,0,3,9,2740,0,1991,0,98042,47.3835,-122.148,2690,10554
7302,7302,9415950020,20140608T000000,260000.0,4.0,2.5,1811,4381,2.0,0,0,3,8,1811,0,2007,0,98055,47.45399999999999,-122.19,1811,4150
7303,7303,2591830020,20140916T000000,348000.0,4.0,2.5,2720,7697,1.0,0,0,4,8,2120,600,1987,0,98058,47.4391,-122.161,2340,7700
7304,7304,3211200460,20140806T000000,389000.0,4.0,1.0,1520,9800,1.5,0,0,4,7,1520,0,1971,0,98034,47.7303,-122.236,1540,7700
7305,7305,2297400250,20141217T000000,445000.0,4.0,2.75,2160,7200,1.0,0,0,4,7,1220,940,1976,0,98034,47.7177,-122.224,1790,7614
7306,7306,9268200440,20140721T000000,400000.0,3.0,1.75,1390,4602,1.0,0,0,3,7,930,460,1981,0,98117,47.6944,-122.366,1230,4800
7307,7307,255580190,20140915T000000,302000.0,4.0,2.5,1740,7895,2.0,0,0,3,7,1740,0,1999,0,98001,47.3401,-122.282,1720,6813
7308,7308,6352600680,20141021T000000,798000.0,3.0,2.5,2849,9588,2.0,0,0,3,10,2849,0,2001,0,98074,47.6487,-122.079,3190,8897
7309,7309,1829700050,20140724T000000,335000.0,2.0,1.0,1440,8842,1.0,0,0,3,7,840,600,1950,0,98155,47.7443,-122.325,1650,8461
7310,7310,7859960250,20150107T000000,585000.0,4.0,2.5,3000,6892,2.0,0,0,3,8,3000,0,2005,0,98072,47.7623,-122.165,3000,6589
7311,7311,6072800170,20150428T000000,2500000.0,4.0,4.0,3330,24354,1.0,0,0,4,10,3330,0,1961,0,98006,47.5708,-122.192,3880,25493
7312,7312,6373000130,20141201T000000,555000.0,4.0,2.25,1720,2300,1.0,0,0,3,7,860,860,1940,2014,98116,47.5762,-122.412,1720,4680
7313,7313,4131900066,20140825T000000,3100000.0,3.0,3.0,3920,13085,2.0,1,4,4,11,3920,0,1996,0,98040,47.5716,-122.204,3450,13287
7314,7314,8965450190,20150218T000000,295000.0,3.0,2.5,1500,3060,2.0,0,0,3,7,1500,0,1994,0,98006,47.5605,-122.117,2700,7734
7315,7315,1311200460,20140618T000000,265000.0,4.0,1.5,2050,7100,1.0,0,0,3,7,1050,1000,1963,0,98001,47.3395,-122.28,1950,7350
7316,7316,3764800250,20150105T000000,330000.0,4.0,2.0,1180,7275,1.0,0,0,3,7,1180,0,1965,0,98034,47.7301,-122.2,1210,7275
7317,7317,6607000095,20150218T000000,286000.0,4.0,1.5,1600,5750,2.0,0,0,4,6,1600,0,1902,0,98118,47.5437,-122.28,1690,5750
7318,7318,4358700188,20150331T000000,305000.0,3.0,2.5,1260,895,3.0,0,0,3,7,1160,100,2009,0,98133,47.7072,-122.336,1190,1095
7319,7319,5101403915,20150403T000000,970000.0,2.0,1.0,1290,5376,1.0,0,0,3,6,1290,0,1945,0,98115,47.6966,-122.315,1180,5376
7320,7320,7844200425,20150414T000000,525000.0,4.0,2.0,2680,14157,1.0,0,0,3,8,1460,1220,1966,0,98188,47.4286,-122.292,2100,9199
7321,7321,9407001330,20141202T000000,355000.0,3.0,1.75,2370,9750,1.0,0,0,4,7,1280,1090,1979,0,98045,47.4459,-121.773,1230,9775
7322,7322,7905370440,20141010T000000,469950.0,5.0,2.5,2310,8303,1.0,0,0,3,7,1300,1010,1975,0,98034,47.7212,-122.211,1930,8303
7323,7323,2202500290,20140502T000000,435000.0,4.0,1.0,1450,8800,1.0,0,0,4,7,1450,0,1954,0,98006,47.5746,-122.135,1260,8942
7324,7324,3374500250,20140922T000000,363500.0,4.0,2.5,2680,7700,2.0,0,0,4,8,2680,0,1990,0,98031,47.4094,-122.17,2400,7700
7325,7325,5244800895,20140523T000000,595000.0,2.0,1.5,1030,4500,1.0,0,0,3,7,830,200,1924,0,98109,47.6455,-122.352,1250,4000
7326,7326,100100050,20141112T000000,275000.0,3.0,1.0,1320,11090,1.0,0,0,3,7,1320,0,1955,0,98155,47.7748,-122.304,1320,8319
7327,7327,7454001060,20150408T000000,295000.0,2.0,1.0,670,7952,1.0,0,0,4,6,670,0,1942,0,98146,47.5124,-122.372,1080,9525
7328,7328,7215400280,20150116T000000,345000.0,3.0,2.25,2670,37089,2.0,0,0,3,9,2670,0,1990,0,98042,47.3347,-122.077,2290,36284
7329,7329,203101330,20140701T000000,485000.0,3.0,2.25,2440,47916,2.0,0,0,3,8,2090,350,1991,0,98053,47.6347,-121.958,2150,24000
7330,7330,2450000290,20141215T000000,1245000.0,5.0,2.5,3370,8113,2.0,0,0,3,9,3370,0,2005,0,98004,47.5812,-122.196,2470,8113
7331,7331,5101402472,20150129T000000,340500.0,2.0,1.0,940,5413,1.0,0,0,3,7,940,0,1923,0,98115,47.6956,-122.304,1340,5296
7332,7332,4310700020,20141010T000000,280000.0,3.0,1.0,1100,5132,1.0,0,0,3,6,840,260,1948,0,98103,47.7011,-122.336,1280,5132
7333,7333,7967600285,20141211T000000,449888.0,3.0,2.25,2520,78408,2.0,0,0,3,9,2520,0,1988,0,98001,47.3514,-122.279,1490,29972
7334,7334,7905200381,20141028T000000,483000.0,2.0,1.75,1400,4720,1.0,0,0,4,7,820,580,1927,0,98116,47.5705,-122.392,1330,6786
7335,7335,3992700585,20141120T000000,445500.0,3.0,1.75,1880,9360,1.0,0,0,4,7,940,940,1941,0,98125,47.7131,-122.283,1390,7200
7336,7336,7972601950,20140617T000000,379900.0,5.0,3.5,2800,7350,2.0,0,0,3,7,2800,0,1995,0,98106,47.5273,-122.345,2190,7620
7337,7337,6870310010,20140702T000000,599950.0,4.0,3.5,2500,3080,2.0,0,0,3,8,1810,690,2008,0,98052,47.6749,-122.14,2060,3295
7338,7338,2970800130,20141009T000000,215000.0,3.0,1.0,810,5240,1.0,0,0,3,6,810,0,1942,0,98166,47.4734,-122.35,1700,5245
7339,7339,6084600660,20140718T000000,263000.0,3.0,2.5,1720,6847,2.0,0,0,3,7,1720,0,1987,0,98001,47.3266,-122.272,1610,7790
7340,7340,325059126,20150209T000000,565000.0,4.0,1.0,2170,12100,1.0,0,0,5,7,2170,0,1961,0,98033,47.6893,-122.164,1270,12844
7341,7341,526069024,20140512T000000,950000.0,5.0,3.0,4530,258746,1.5,0,0,4,9,3200,1330,2003,0,98077,47.7702,-122.066,3430,83199
7342,7342,6163901261,20140909T000000,395000.0,4.0,1.0,1440,8320,1.5,0,0,3,7,1440,0,1946,0,98155,47.7529,-122.318,1440,9230
7343,7343,4289900005,20141230T000000,1535000.0,4.0,3.25,2850,4100,2.0,0,3,3,10,1820,1030,1908,2003,98122,47.6147,-122.285,2130,4200
7344,7344,2818100255,20141029T000000,922000.0,4.0,2.5,2620,14126,1.0,0,4,4,8,1620,1000,1941,0,98117,47.6983,-122.397,2620,8905
7345,7345,1389310130,20141212T000000,330000.0,3.0,2.5,1676,18778,2.0,0,0,3,7,1676,0,1997,0,98014,47.6521,-121.905,1410,18778
7346,7346,4139910250,20150210T000000,1525000.0,4.0,3.75,5850,35070,2.0,0,0,4,12,4410,1440,1990,0,98006,47.5485,-122.124,4830,36200
7347,7347,5416100020,20141209T000000,323000.0,3.0,1.75,1910,8329,1.0,0,0,3,8,1910,0,2004,0,98022,47.19,-122.016,2510,9259
7348,7348,8682261650,20140710T000000,554000.0,2.0,2.0,1670,4996,1.0,0,0,3,8,1670,0,2004,0,98053,47.7141,-122.031,1670,4996
7349,7349,8100400170,20150410T000000,500000.0,3.0,2.0,2050,11454,1.0,0,0,3,8,2050,0,1987,0,98052,47.6389,-122.11,1980,11424
7350,7350,1604590190,20150513T000000,775000.0,5.0,3.5,3730,16679,1.0,0,0,3,10,2760,970,1990,0,98075,47.5987,-122.029,3280,16679
7351,7351,6882510020,20140715T000000,340000.0,4.0,1.75,1800,5210,1.0,0,0,5,7,1080,720,1979,0,98118,47.5298,-122.28,1870,5365
7352,7352,3459800020,20150406T000000,560000.0,4.0,1.75,2230,6838,1.0,0,0,3,7,1320,910,1985,0,98008,47.5742,-122.118,1580,7500
7353,7353,5437600010,20150406T000000,304000.0,3.0,2.5,1670,5298,2.0,0,0,3,8,1670,0,2002,0,98042,47.3925,-122.165,1920,5298
7354,7354,1395500020,20141107T000000,279900.0,3.0,1.0,1400,10800,1.0,0,0,3,6,1400,0,1962,0,98034,47.719,-122.202,1430,10000
7355,7355,807800020,20150304T000000,315000.0,5.0,3.0,2110,10766,2.0,0,0,3,7,2110,0,2005,0,98030,47.3599,-122.176,1460,10400
7356,7356,1563102880,20140621T000000,849000.0,4.0,2.0,2160,6300,1.5,0,1,4,8,2160,0,1928,0,98116,47.5662,-122.404,1980,5152
7357,7357,8937500020,20150210T000000,325000.0,3.0,1.75,2420,14862,1.0,0,0,3,8,1380,1040,1977,0,98023,47.3301,-122.365,2550,14675
7358,7358,629420480,20140926T000000,786000.0,4.0,3.5,3320,8808,2.0,0,0,3,9,3320,0,2005,0,98075,47.592,-121.989,3160,9226
7359,7359,8961950250,20140915T000000,384000.0,5.0,2.75,3220,8160,2.0,0,0,3,9,3220,0,1999,0,98001,47.3154,-122.254,2876,11521
7360,7360,4217400420,20141124T000000,907000.0,3.0,1.5,1340,6000,1.5,0,1,3,9,1340,0,1927,0,98105,47.66,-122.282,2600,6000
7361,7361,3121500020,20140702T000000,700000.0,3.0,2.5,2490,23891,2.0,0,0,3,9,2490,0,1993,0,98053,47.6716,-122.029,2900,34705
7362,7362,2025700430,20140826T000000,269500.0,3.0,2.0,1640,8395,1.0,0,0,4,7,1640,0,1991,0,98038,47.348,-122.035,1510,7180
7363,7363,739800250,20150222T000000,269000.0,3.0,2.25,1420,7297,1.0,0,0,3,7,1130,290,1984,0,98031,47.4046,-122.194,1730,7419
7364,7364,8647600020,20141111T000000,749950.0,4.0,2.5,3340,123600,2.0,0,0,3,10,3340,0,2005,0,98053,47.6101,-121.955,3730,123600
7365,7365,1518000290,20150316T000000,325000.0,3.0,2.75,1580,4007,2.0,0,0,3,7,1580,0,2001,0,98019,47.7367,-121.969,1770,3799
7366,7366,8917100020,20140606T000000,1150000.0,3.0,1.5,2170,16600,1.0,1,2,3,10,1130,1040,1979,0,98052,47.6307,-122.088,3130,13875
7367,7367,3205100010,20141216T000000,406000.0,3.0,1.5,1370,7853,1.0,0,0,4,7,1370,0,1962,0,98056,47.5409,-122.18,1730,9465
7368,7368,2405500050,20140606T000000,650000.0,4.0,2.5,2840,9354,2.0,0,0,3,10,2840,0,1990,0,98074,47.6274,-122.04,2540,10200
7369,7369,7823700005,20140707T000000,295000.0,3.0,1.75,1940,7500,1.5,0,0,4,8,1940,0,1918,1985,98022,47.2062,-121.993,1650,7500
7370,7370,8642600170,20141009T000000,375000.0,4.0,2.0,1757,19370,1.0,0,2,5,7,1757,0,1955,0,98198,47.3974,-122.312,1850,11125
7371,7371,7518502960,20150227T000000,395000.0,2.0,1.0,980,5100,1.0,0,0,4,6,980,0,1907,0,98117,47.6824,-122.38,1190,5100
7372,7372,4279600080,20141231T000000,609000.0,6.0,3.0,2470,9267,2.0,0,0,3,8,2470,0,1982,0,98007,47.6025,-122.152,2470,9151
7373,7373,6421100592,20140910T000000,510000.0,3.0,1.75,1610,11950,1.0,0,2,3,7,1210,400,1984,0,98052,47.6705,-122.138,1610,9363
7374,7374,7967200290,20140530T000000,190000.0,3.0,2.25,1590,11745,1.0,0,0,3,7,1090,500,1978,0,98001,47.3553,-122.28,1540,12530
7375,7375,7228501903,20140805T000000,250000.0,1.0,1.0,780,1033,1.0,0,0,3,7,780,0,1922,1985,98122,47.6155,-122.306,1040,1319
7376,7376,9275200080,20141107T000000,295000.0,3.0,1.5,720,7450,1.0,0,1,1,5,720,0,1924,0,98126,47.584,-122.375,2600,7360
7377,7377,8825900095,20150421T000000,740000.0,3.0,1.5,1630,4080,1.5,0,0,4,8,1630,0,1927,0,98115,47.6756,-122.308,1950,4080
7378,7378,7849201100,20150217T000000,323000.0,3.0,1.0,1590,7759,2.0,0,0,4,7,1590,0,1912,1984,98065,47.5217,-121.819,1600,7200
7379,7379,8562790980,20150303T000000,713000.0,3.0,2.75,2310,1850,2.0,0,0,3,10,2020,290,2011,0,98027,47.5304,-122.073,2340,2155
7380,7380,1370801435,20141105T000000,1070000.0,3.0,1.75,2320,6090,2.0,0,3,3,8,2040,280,1939,0,98199,47.643,-122.412,3110,7052
7381,7381,3897100275,20141027T000000,460000.0,3.0,1.75,1660,9900,2.0,0,0,3,8,1660,0,1978,0,98033,47.6704,-122.184,1720,6600
7382,7382,6745700190,20150407T000000,880000.0,3.0,1.75,2070,5000,1.5,0,0,3,8,2070,0,1920,0,98144,47.5828,-122.291,2630,5000
7383,7383,2770600795,20150302T000000,585000.0,4.0,1.75,2500,7000,1.0,0,0,3,7,1250,1250,1947,0,98199,47.648,-122.386,1680,7000
7384,7384,1148000190,20140522T000000,249950.0,2.0,1.0,940,8532,1.0,0,0,4,7,940,0,1959,0,98166,47.4814,-122.343,1050,8100
7385,7385,5039300305,20141107T000000,450000.0,3.0,2.5,1990,3478,2.0,0,0,3,10,1520,470,1990,0,98199,47.6361,-122.399,1710,6157
7386,7386,3981200250,20140926T000000,450000.0,3.0,2.5,2620,14096,2.0,0,0,4,9,2620,0,1989,0,98042,47.3513,-122.1,3010,14096
7387,7387,5457300095,20150107T000000,1775000.0,4.0,3.25,3730,7071,3.0,0,2,3,11,3730,0,1985,0,98109,47.6292,-122.355,3730,7680
7388,7388,1862400479,20140923T000000,350000.0,3.0,3.25,1600,1298,3.0,0,0,3,8,1600,0,1999,0,98117,47.6954,-122.375,1600,1348
7389,7389,8669160010,20150325T000000,292500.0,3.0,2.5,2095,3438,2.0,0,0,3,7,2095,0,2008,0,98002,47.3523,-122.213,1805,3402
7390,7390,2481630290,20140626T000000,879000.0,4.0,2.75,4230,31747,2.0,0,0,4,10,4230,0,1985,0,98072,47.731,-122.132,4080,35576
7391,7391,8925100255,20140612T000000,1184000.0,4.0,2.5,3200,7500,1.5,0,1,5,8,1860,1340,1948,0,98115,47.6826,-122.274,2500,6500
7392,7392,424069130,20150213T000000,584999.0,4.0,2.75,2050,17859,1.0,0,0,4,7,1300,750,1967,0,98075,47.5945,-122.056,2960,20908
7393,7393,2231800020,20141120T000000,366000.0,4.0,2.75,2020,8093,1.0,0,0,5,7,1300,720,1961,0,98133,47.7685,-122.332,1920,8089
7394,7394,3625700080,20150108T000000,987500.0,4.0,2.25,3270,15760,1.0,0,0,4,10,2000,1270,1974,0,98040,47.5295,-122.229,4100,15760
7395,7395,3343901188,20150323T000000,300000.0,3.0,1.0,1320,7200,1.0,0,0,4,7,1320,0,1959,0,98056,47.5048,-122.19,1720,7249
7396,7396,1328330430,20150408T000000,299000.0,2.0,1.75,1270,7800,1.0,0,0,4,7,890,380,1981,0,98058,47.4438,-122.134,2020,8025
7397,7397,2464400500,20140714T000000,560000.0,4.0,1.75,1980,2700,1.5,0,0,3,8,1210,770,1931,0,98115,47.6865,-122.32,1720,2910
7398,7398,4054710190,20140701T000000,695000.0,3.0,2.5,2620,51354,2.0,0,0,3,9,2620,0,1998,0,98077,47.7211,-122.028,2620,37042
7399,7399,5095400630,20141205T000000,360000.0,4.0,1.75,1750,18810,1.0,0,0,3,7,1220,530,1977,0,98059,47.4719,-122.074,1840,17424
7400,7400,1788300020,20140708T000000,183500.0,3.0,1.0,1040,8892,1.0,0,0,4,6,800,240,1958,0,98023,47.3273,-122.349,820,9000
7401,7401,3336001470,20140619T000000,311000.0,3.0,1.75,1900,3000,1.5,0,0,5,7,1070,830,1903,0,98118,47.5255,-122.265,1130,6000
7402,7402,1310960190,20141021T000000,263000.0,3.0,1.75,1660,7210,1.0,0,0,4,7,1660,0,1977,0,98032,47.3609,-122.274,2150,7350
7403,7403,1545803340,20150224T000000,269000.0,3.0,1.75,1530,7930,1.0,0,0,5,7,1530,0,1986,0,98038,47.3609,-122.05,1610,7930
7404,7404,524059148,20140606T000000,1600000.0,4.0,3.5,4280,9583,2.0,0,0,3,11,4280,0,2005,0,98004,47.5979,-122.197,2360,10031
7405,7405,7852190290,20150303T000000,564000.0,4.0,2.5,2870,6658,2.0,0,0,3,8,2870,0,2004,0,98065,47.5394,-121.878,2770,6658
7406,7406,2385200050,20140620T000000,425000.0,3.0,2.5,2540,5612,2.0,0,0,3,9,2540,0,1999,0,98059,47.4965,-122.157,2380,6303
7407,7407,8827901060,20140709T000000,679000.0,4.0,2.75,2100,4480,1.5,0,0,4,7,1780,320,1928,0,98105,47.6691,-122.294,2050,4480
7408,7408,6456200020,20140826T000000,410000.0,3.0,2.0,1740,9300,1.0,0,0,4,7,1740,0,1952,0,98166,47.4526,-122.357,1540,9638
7409,7409,4166800080,20141020T000000,340000.0,4.0,2.5,2441,7316,2.0,0,0,3,8,2441,0,2007,0,98023,47.3237,-122.337,2724,7357
7410,7410,1591600307,20150511T000000,360000.0,3.0,1.75,1810,7200,1.0,0,0,5,7,1030,780,1959,0,98146,47.4993,-122.364,1950,8384
7411,7411,926069132,20140520T000000,450000.0,3.0,1.5,2060,44866,1.0,0,0,3,8,2060,0,1953,0,98077,47.7503,-122.051,2320,43995
7412,7412,7130300170,20150326T000000,552000.0,4.0,2.75,3160,8429,1.0,0,3,4,7,1620,1540,1982,0,98178,47.511,-122.251,1760,6780
7413,7413,2599200460,20140805T000000,294000.0,4.0,2.0,2930,12840,1.5,0,0,4,8,2930,0,1965,0,98092,47.2957,-122.187,1960,10920
7414,7414,7214400005,20150313T000000,663500.0,2.0,1.0,1310,5200,1.0,0,0,3,7,910,400,1946,0,98115,47.6784,-122.304,1320,4794
7415,7415,5017000470,20140710T000000,1975000.0,6.0,4.5,4800,9097,2.0,0,0,3,10,3580,1220,2007,0,98112,47.6259,-122.291,2180,6037
7416,7416,8651402660,20141008T000000,175409.0,4.0,1.5,1450,5530,1.0,0,0,4,6,1450,0,1969,0,98042,47.3613,-122.087,1060,5200
7417,7417,8665900328,20150123T000000,459000.0,4.0,3.0,1900,9077,2.0,0,0,3,7,1900,0,1954,2015,98155,47.7684,-122.304,1900,12868
7418,7418,3881900321,20140514T000000,339950.0,3.0,1.0,1050,5402,1.5,0,0,4,7,1050,0,1906,0,98144,47.5867,-122.311,1510,4685
7419,7419,1524079028,20141029T000000,393000.0,5.0,1.75,1610,15246,1.0,0,0,3,6,1610,0,1936,0,98024,47.5654,-121.894,1410,10500
7420,7420,626049091,20140627T000000,275500.0,2.0,1.0,720,11400,1.0,0,0,5,6,720,0,1951,0,98133,47.7641,-122.341,1690,8075
7421,7421,6073200020,20150413T000000,485000.0,3.0,1.0,1020,9835,1.0,0,0,5,7,1020,0,1955,0,98006,47.5728,-122.179,1210,9622
7422,7422,3243100050,20140722T000000,250000.0,3.0,1.0,1250,7920,1.0,0,0,4,7,1250,0,1960,0,98059,47.4853,-122.126,1440,9648
7423,7423,1693600080,20141030T000000,935100.0,4.0,3.5,3200,8049,1.0,0,0,3,8,2700,500,1980,0,98005,47.5841,-122.172,1640,8506
7424,7424,7140600020,20150414T000000,245000.0,3.0,1.0,990,9599,1.0,0,0,4,6,990,0,1959,0,98002,47.2934,-122.215,1216,10364
7425,7425,6388910280,20150429T000000,670000.0,4.0,2.5,2850,25993,2.0,0,0,4,9,2850,0,1989,0,98056,47.5318,-122.17,2480,12672
7426,7426,2524000050,20141212T000000,1393000.0,3.0,3.5,4240,21578,2.0,0,0,3,10,3500,740,1994,0,98040,47.5614,-122.215,3120,16440
7427,7427,2223069120,20140820T000000,440000.0,4.0,1.75,2800,49149,1.0,0,0,4,7,1400,1400,1978,0,98027,47.4649,-122.034,2560,61419
7428,7428,1732801300,20141008T000000,1248000.0,2.0,2.5,2310,3313,2.0,0,0,3,9,2310,0,2006,0,98119,47.6318,-122.365,2700,5670
7429,7429,1685200020,20140827T000000,203000.0,3.0,1.75,1490,8000,1.0,0,0,4,7,1200,290,1978,0,98092,47.3187,-122.18,1540,8000
7430,7430,9510970050,20140901T000000,583000.0,4.0,2.5,1840,4011,2.0,0,0,3,9,1840,0,2005,0,98052,47.6662,-122.083,2120,4011
7431,7431,7156200005,20150402T000000,575000.0,3.0,1.0,1740,9163,1.0,0,0,3,7,1740,0,1954,0,98125,47.705,-122.299,1490,6509
7432,7432,5316100780,20140922T000000,2575000.0,4.0,3.5,3280,3800,2.0,0,0,3,11,2880,400,2011,0,98112,47.6299,-122.28,2050,3800
7433,7433,9362000080,20150316T000000,1600000.0,5.0,3.5,4050,20925,2.0,0,3,3,10,3020,1030,1973,2005,98040,47.5348,-122.241,3880,18321
7434,7434,2221800080,20150416T000000,312500.0,4.0,2.5,2160,8755,2.0,0,0,3,7,2160,0,1993,0,98030,47.3585,-122.195,1990,7971
7435,7435,2722059075,20140811T000000,455000.0,3.0,2.75,2720,31314,3.0,0,2,3,8,2720,0,1986,0,98042,47.3689,-122.163,2290,15188
7436,7436,3459600440,20141125T000000,1310000.0,5.0,3.0,3650,16600,1.0,0,3,4,9,1860,1790,1978,0,98006,47.56,-122.144,3150,10400
7437,7437,6844700415,20150316T000000,605000.0,4.0,2.25,1750,6120,1.0,0,0,3,7,1150,600,1962,0,98115,47.6958,-122.29,1350,6120
7438,7438,1223089016,20140718T000000,325000.0,3.0,2.25,2450,49658,1.0,0,0,3,7,1770,680,1978,0,98045,47.486,-121.726,1340,121097
7439,7439,8044700010,20150427T000000,630000.0,3.0,1.75,1940,7306,1.0,0,0,3,8,1470,470,1982,0,98052,47.6632,-122.153,2360,8865
7440,7440,2024059130,20150109T000000,928950.0,4.0,3.75,3280,6000,2.0,0,0,3,9,3280,0,2014,0,98006,47.554,-122.19,2900,10108
7441,7441,8019700010,20141010T000000,489950.0,3.0,1.75,2480,10804,1.0,0,0,3,8,1800,680,1976,0,98177,47.7721,-122.367,2480,10400
7442,7442,1785400780,20150415T000000,550000.0,3.0,2.25,2120,18255,1.0,0,0,3,8,1590,530,1984,0,98074,47.6279,-122.037,2120,12997
7443,7443,4222200380,20140805T000000,237000.0,3.0,2.0,1710,7920,1.0,0,0,3,8,1260,450,1968,0,98003,47.3473,-122.305,1760,8120
7444,7444,7503000050,20140807T000000,390000.0,3.0,2.5,1690,10113,1.0,0,0,3,7,1310,380,1991,0,98028,47.7381,-122.223,1690,10113
7445,7445,1592000680,20140528T000000,665000.0,3.0,2.5,2190,10370,2.0,0,0,3,9,2190,0,1987,0,98074,47.6218,-122.03,2470,10472
7446,7446,4303200130,20150210T000000,277000.0,4.0,3.0,1960,5160,1.0,0,0,3,7,1170,790,2001,0,98106,47.5313,-122.36,1960,5160
7447,7447,7731100066,20140612T000000,545000.0,3.0,1.0,1510,5000,1.5,0,0,3,7,1510,0,1909,0,98105,47.6708,-122.297,1680,4000
7448,7448,2770602335,20150407T000000,615000.0,3.0,2.5,1490,1410,2.0,0,0,3,10,1300,190,2008,0,98199,47.6478,-122.383,1490,1715
7449,7449,6706200130,20150415T000000,343000.0,3.0,1.75,2210,7920,1.0,0,0,3,7,1400,810,1966,0,98178,47.4968,-122.237,2220,7920
7450,7450,6632300567,20140730T000000,597000.0,4.0,2.5,2340,7877,2.0,0,0,3,9,2340,0,2004,0,98125,47.73,-122.315,1920,9116
7451,7451,7000100635,20140715T000000,600000.0,3.0,1.0,940,19000,1.0,0,0,3,6,940,0,1945,0,98004,47.5828,-122.19,2280,19000
7452,7452,1954420420,20150313T000000,479000.0,3.0,1.75,1470,6018,1.0,0,0,3,8,1470,0,1987,0,98074,47.6171,-122.044,1720,6584
7453,7453,7809200005,20141216T000000,292000.0,3.0,1.75,1650,14633,1.0,0,0,4,7,1650,0,1958,0,98056,47.4984,-122.176,1370,12495
7454,7454,3056000050,20140912T000000,265000.0,3.0,1.5,1400,6527,1.0,0,0,3,7,1110,290,1957,0,98166,47.4535,-122.358,1690,7597
7455,7455,7214780050,20150420T000000,623000.0,4.0,2.5,2710,49044,2.0,0,0,3,9,2710,0,1988,0,98077,47.774,-122.08,2560,38190
7456,7456,3210950080,20140514T000000,486000.0,4.0,2.5,2150,39449,1.0,0,0,3,7,1420,730,1978,0,98024,47.5531,-121.892,2010,35717
7457,7457,6914700130,20140615T000000,520500.0,3.0,2.0,1900,8100,1.0,0,0,4,7,950,950,1940,0,98115,47.6997,-122.319,1400,6380
7458,7458,7237550130,20140520T000000,1300000.0,4.0,3.5,4380,74052,1.0,0,0,3,11,4380,0,2001,0,98053,47.6587,-122.009,5170,62291
7459,7459,1250202660,20140924T000000,825000.0,4.0,1.0,2290,6300,1.5,0,4,4,7,2150,140,1921,0,98144,47.5917,-122.29,2390,6300
7460,7460,3546000380,20140928T000000,259900.0,3.0,1.75,1690,7953,1.0,0,0,3,7,1690,0,1986,0,98030,47.3556,-122.175,1680,7425
7461,7461,5451200280,20150402T000000,1170000.0,5.0,2.75,3090,12031,1.0,0,0,5,9,1600,1490,1968,0,98040,47.5342,-122.226,2280,10800
7462,7462,7129301851,20140923T000000,245000.0,2.0,1.0,1120,5650,1.0,0,1,3,6,720,400,1904,0,98118,47.5155,-122.255,2160,6480
7463,7463,582000010,20150320T000000,830200.0,3.0,2.5,2680,4990,1.0,0,0,5,8,1440,1240,1951,0,98199,47.6538,-122.393,2320,6000
7464,7464,8078360080,20140623T000000,650000.0,4.0,2.5,2400,7351,2.0,0,0,3,9,2400,0,1990,0,98029,47.5707,-122.022,2330,7756
7465,7465,2658000373,20150122T000000,305000.0,4.0,2.0,1610,6250,1.0,0,0,4,7,1610,0,1952,0,98118,47.5293,-122.271,1310,6000
7466,7466,7504400290,20150305T000000,599000.0,5.0,2.5,3470,12003,2.0,0,0,3,8,3470,0,1978,0,98074,47.624,-122.048,2220,12283
7467,7467,7137950460,20140926T000000,272000.0,4.0,2.5,2070,6175,2.0,0,0,3,8,2070,0,1993,0,98092,47.3262,-122.174,1940,6175
7468,7468,3303950130,20141113T000000,415000.0,3.0,2.5,2420,10733,2.0,0,0,3,8,2420,0,1996,0,98038,47.3835,-122.035,1950,8534
7469,7469,6648500440,20141121T000000,319000.0,4.0,2.25,2380,7400,1.0,0,0,4,8,1760,620,1979,0,98042,47.3555,-122.149,1940,7400
7470,7470,3824100235,20140724T000000,425000.0,4.0,1.75,2120,15920,1.0,0,0,4,7,1060,1060,1960,0,98028,47.771,-122.258,2200,12580
7471,7471,8732020440,20150428T000000,297500.0,4.0,2.5,2190,8100,1.0,0,0,4,8,1250,940,1978,0,98023,47.3131,-122.392,2100,8840
7472,7472,8649900480,20140527T000000,725000.0,4.0,2.5,2740,12899,2.0,0,0,4,10,2740,0,1990,0,98075,47.5811,-122.028,2830,9453
7473,7473,7708250010,20150107T000000,325000.0,3.0,2.5,1830,7585,2.0,0,0,4,8,1830,0,1995,0,98042,47.3893,-122.154,2070,7585
7474,7474,7955040130,20140805T000000,460000.0,3.0,1.75,1370,8467,1.0,0,0,4,7,970,400,1972,0,98052,47.6644,-122.145,1650,8472
7475,7475,3424069215,20150217T000000,396480.0,3.0,1.0,1000,10800,1.0,0,0,3,7,1000,0,1959,0,98027,47.52,-122.03,1140,16846
7476,7476,1337801060,20150305T000000,1025000.0,3.0,1.0,2050,4800,2.0,0,0,3,8,1950,100,1922,0,98112,47.6315,-122.311,2220,4800
7477,7477,2225300585,20141120T000000,370000.0,3.0,2.75,1750,9166,1.0,0,0,4,7,1170,580,1979,0,98155,47.7696,-122.325,1810,8760
7478,7478,2525300380,20150416T000000,260656.0,3.0,1.0,1620,13803,1.0,0,0,4,6,1620,0,1969,0,98038,47.3631,-122.028,1260,10370
7479,7479,5634500415,20140715T000000,431000.0,3.0,2.5,1710,12677,2.0,0,0,3,8,1710,0,1996,0,98028,47.75,-122.234,1610,12160
7480,7480,2113700780,20150113T000000,320000.0,3.0,1.0,1060,5000,1.0,0,0,3,7,1060,0,1958,0,98106,47.5294,-122.354,1220,4600
7481,7481,1310970380,20140519T000000,296500.0,3.0,2.75,2170,7900,1.0,0,0,4,8,1380,790,1978,0,98032,47.362,-122.277,2170,7700
7482,7482,8562500380,20150309T000000,679000.0,4.0,2.5,3080,8451,1.0,0,0,3,7,1540,1540,1969,0,98052,47.674,-122.154,1550,8125
7483,7483,567000680,20140801T000000,359000.0,3.0,3.0,1320,1071,2.0,0,0,3,7,1080,240,2003,0,98144,47.5942,-122.296,1780,7715
7484,7484,1623049174,20150402T000000,330000.0,4.0,3.0,1920,12040,1.0,0,0,3,7,1920,0,1962,0,98168,47.4805,-122.301,1530,10230
7485,7485,9406590280,20140516T000000,350000.0,4.0,2.5,2440,4000,2.0,0,0,3,7,2440,0,2009,0,98038,47.3841,-122.036,2410,4502
7486,7486,3275800050,20141022T000000,242000.0,3.0,1.5,1640,8922,1.0,0,0,4,7,1640,0,1963,0,98146,47.495,-122.342,1540,9040
7487,7487,326069027,20150326T000000,692500.0,3.0,2.5,2420,198198,2.0,0,0,3,9,2420,0,1997,0,98077,47.772,-122.022,2780,179467
7488,7488,825049073,20140630T000000,441000.0,2.0,1.5,1190,3400,1.0,0,0,3,7,990,200,1919,0,98115,47.6726,-122.32,1410,3150
7489,7489,3275870080,20141212T000000,765000.0,4.0,2.5,2910,15016,2.0,0,0,3,10,2910,0,1990,0,98052,47.69,-122.097,2870,13992
7490,7490,6837700170,20140903T000000,375000.0,2.0,1.0,1010,4050,1.0,0,0,3,7,1010,0,1950,0,98116,47.5838,-122.382,2310,5000
7491,7491,243000380,20150326T000000,365000.0,3.0,1.75,2080,7800,1.0,0,0,5,7,1220,860,1955,0,98166,47.4536,-122.355,1770,7860
7492,7492,582000675,20140908T000000,580000.0,2.0,1.5,1990,6000,1.0,0,0,3,6,1430,560,1944,0,98199,47.6521,-122.398,1350,6000
7493,7493,2655500235,20150410T000000,1605000.0,4.0,3.5,3920,19088,1.0,0,1,3,10,2240,1680,2005,0,98040,47.576,-122.214,3800,13749
7494,7494,4178300040,20150219T000000,841000.0,4.0,2.5,3080,13870,2.0,0,0,4,9,3080,0,1981,0,98007,47.6197,-122.149,2920,12221
7495,7495,3526059115,20150421T000000,515000.0,5.0,3.0,2670,11761,1.0,0,0,3,7,1370,1300,1981,0,98052,47.6895,-122.129,2580,10703
7496,7496,1722069052,20141024T000000,565000.0,5.0,2.5,4320,107157,1.0,0,0,4,8,2160,2160,1967,0,98038,47.4009,-122.059,2480,107157
7497,7497,5101404698,20141215T000000,365000.0,2.0,1.5,1200,6380,1.0,0,0,3,7,1200,0,1929,0,98115,47.697,-122.319,1290,6598
7498,7498,13002495,20140707T000000,295000.0,3.0,1.5,1640,7222,2.0,0,0,4,7,1640,0,1908,0,98108,47.5215,-122.33,1240,5100
7499,7499,2391600555,20140630T000000,406500.0,2.0,1.0,870,5750,1.0,0,0,4,7,870,0,1947,0,98116,47.5637,-122.395,1100,5750
7500,7500,1133000144,20150212T000000,614905.0,3.0,2.5,2410,7225,2.0,0,0,3,8,2410,0,1991,0,98125,47.7211,-122.31,1940,8347
7501,7501,2525049133,20150402T000000,1398000.0,5.0,2.25,2640,14959,1.0,0,0,4,7,1770,870,1929,0,98039,47.6191,-122.234,3240,17904
7502,7502,345700180,20140716T000000,250000.0,2.0,1.0,990,10556,2.0,0,0,3,7,990,0,1981,0,98056,47.5118,-122.188,1350,7295
7503,7503,7518504775,20141112T000000,549000.0,5.0,1.0,1500,3978,2.0,0,0,3,7,1500,0,1929,0,98117,47.6811,-122.383,1350,4080
7504,7504,3056800230,20140820T000000,397000.0,4.0,2.5,1790,6590,2.0,0,0,3,7,1790,0,2005,0,98059,47.4829,-122.128,1950,5180
7505,7505,6143600580,20140505T000000,184000.0,3.0,1.75,1490,10125,1.0,0,0,4,7,1490,0,1962,0,98001,47.3075,-122.284,2488,4981
7506,7506,9471200265,20150505T000000,2500000.0,4.0,3.25,3960,16224,2.0,0,2,3,12,3100,860,1938,0,98105,47.6701,-122.259,3960,15050
7507,7507,8024200855,20140728T000000,499100.0,3.0,1.5,1620,5108,1.0,0,0,3,7,1620,0,1954,0,98115,47.6978,-122.316,1380,6130
7508,7508,3178100065,20140925T000000,676101.0,4.0,1.5,2270,6010,1.0,0,0,3,8,1290,980,1954,0,98115,47.6743,-122.269,2120,5987
7509,7509,3432501295,20140623T000000,290000.0,3.0,1.0,1150,8145,1.0,0,0,4,6,990,160,1932,0,98155,47.7471,-122.317,1200,8145
7510,7510,5467500040,20150304T000000,390000.0,4.0,1.75,2180,7560,1.0,0,0,4,7,1560,620,1962,0,98133,47.757,-122.336,1810,7352
7511,7511,2872100245,20140604T000000,465000.0,3.0,1.0,910,4500,1.0,0,0,3,7,910,0,1948,0,98117,47.6828,-122.395,1370,5000
7512,7512,1154100515,20140926T000000,470000.0,3.0,2.75,2770,54707,1.5,0,0,3,8,2370,400,1938,0,98155,47.7555,-122.289,1640,54707
7513,7513,3298300210,20150219T000000,435000.0,3.0,1.0,940,7590,1.0,0,0,4,6,940,0,1959,0,98008,47.6231,-122.12,1250,7590
7514,7514,2473002700,20140627T000000,415000.0,3.0,1.75,2410,8944,1.0,0,0,4,8,1860,550,1967,0,98058,47.4494,-122.139,2750,9600
7515,7515,7544800395,20150225T000000,450000.0,3.0,2.0,1010,2820,1.5,0,0,3,7,1010,0,1905,0,98122,47.6066,-122.304,1330,3000
7516,7516,822039111,20150327T000000,645000.0,3.0,2.5,2120,196995,1.0,0,1,3,9,2120,0,1997,0,98070,47.4089,-122.459,1304,92423
7517,7517,2223059052,20140529T000000,231000.0,4.0,2.0,1530,6375,2.0,0,0,3,7,1530,0,1942,1983,98058,47.4692,-122.162,1500,8712
7518,7518,1320069223,20140624T000000,358000.0,3.0,1.5,1810,100188,1.0,0,0,5,7,1810,0,1969,0,98022,47.2175,-121.995,1540,40415
7519,7519,2551500220,20140815T000000,330000.0,3.0,1.0,1040,11900,1.0,0,0,5,6,1040,0,1972,0,98070,47.4332,-122.446,1250,9600
7520,7520,1049000740,20141120T000000,229950.0,2.0,1.5,1160,1848,2.0,0,0,3,7,1160,0,1972,0,98034,47.7366,-122.176,1160,1566
7521,7521,9324800180,20141016T000000,403250.0,2.0,1.5,1430,8137,1.0,0,0,3,7,1130,300,1934,0,98125,47.7307,-122.29,1430,8137
7522,7522,7853220690,20140912T000000,470000.0,3.0,2.5,2280,6134,2.0,0,0,3,8,2280,0,2004,0,98065,47.5335,-121.854,2640,6167
7523,7523,1545803980,20150425T000000,239000.0,3.0,1.0,1200,7810,1.0,0,0,4,7,1200,0,1967,0,98038,47.3631,-122.05,1590,7800
7524,7524,2484700015,20150327T000000,579000.0,4.0,1.5,2480,6000,1.0,0,0,3,8,1520,960,1955,0,98136,47.5233,-122.386,1810,6000
7525,7525,993000873,20150318T000000,380500.0,3.0,2.0,1270,1348,3.0,0,0,3,8,1270,0,2003,0,98103,47.6929,-122.342,1180,1360
7526,7526,9520900210,20141231T000000,614285.0,5.0,2.75,2730,6401,2.0,0,0,3,8,2730,0,2015,0,98072,47.7685,-122.16,2520,6126
7527,7527,3629960590,20150407T000000,376000.0,2.0,2.0,1340,1635,2.0,0,0,3,8,1340,0,2003,0,98029,47.5476,-122.005,1410,1375
7528,7528,9558200210,20150217T000000,290000.0,3.0,1.0,1240,9300,1.0,0,0,3,7,1240,0,1954,0,98148,47.4363,-122.333,1250,9300
7529,7529,3876000910,20150129T000000,487000.0,4.0,2.25,2400,7000,1.0,0,0,4,8,1800,600,1965,0,98034,47.7207,-122.184,2210,7210
7530,7530,7228501745,20150219T000000,935000.0,4.0,2.0,1220,7489,2.0,0,0,3,7,1220,0,1903,0,98122,47.6133,-122.306,1220,3750
7531,7531,8856004328,20150327T000000,255000.0,4.0,2.5,2163,5882,2.0,0,0,3,7,2163,0,2006,0,98001,47.2736,-122.251,1760,9600
7532,7532,253600150,20140826T000000,380000.0,2.0,2.5,1860,3504,2.0,0,0,3,7,1860,0,2000,0,98028,47.776,-122.239,1860,4246
7533,7533,5101400934,20150424T000000,450000.0,2.0,1.0,810,4368,1.0,0,0,3,6,810,0,1958,0,98115,47.6915,-122.312,1890,5253
7534,7534,9202650100,20141010T000000,622000.0,3.0,2.5,1950,7481,2.0,0,0,3,8,1950,0,1987,0,98027,47.56399999999999,-122.091,1980,8479
7535,7535,2310030490,20150323T000000,292500.0,3.0,2.25,1390,6004,2.0,0,0,3,8,1390,0,1993,0,98038,47.3536,-122.047,1630,6397
7536,7536,1860600535,20141220T000000,1320000.0,4.0,3.0,2120,3600,2.0,0,3,4,8,1830,290,1908,1996,98119,47.6344,-122.369,2120,3600
7537,7537,1250201130,20150206T000000,410000.0,4.0,2.0,1510,3240,1.0,0,0,5,7,870,640,1901,0,98144,47.5972,-122.296,1420,5160
7538,7538,3298700820,20141024T000000,160000.0,3.0,1.75,1010,5355,1.0,0,0,3,6,1010,0,1950,0,98106,47.5202,-122.351,750,4515
7539,7539,1339300025,20140602T000000,809000.0,4.0,1.5,1840,4337,2.0,0,0,4,8,1840,0,1917,0,98112,47.6312,-122.307,2250,4337
7540,7540,4006000571,20150312T000000,183750.0,5.0,2.75,1650,5453,1.0,0,0,3,7,1650,0,1970,0,98118,47.5293,-122.285,1670,5885
7541,7541,9310300300,20141013T000000,411000.0,5.0,1.75,2860,12293,1.0,0,0,4,8,1430,1430,1947,0,98133,47.7385,-122.348,1920,18110
7542,7542,5332200515,20150209T000000,1050000.0,3.0,1.75,2650,5512,2.0,0,0,3,9,2250,400,1984,0,98112,47.6265,-122.295,1440,5100
7543,7543,809001565,20140822T000000,625000.0,2.0,1.0,1100,4160,1.0,0,0,3,7,1100,0,1919,0,98109,47.6352,-122.352,1900,4000
7544,7544,9406520580,20140819T000000,305000.0,3.0,2.25,1646,9519,2.0,0,0,3,7,1646,0,1994,0,98038,47.3646,-122.036,1975,8889
7545,7545,1323059143,20150423T000000,915000.0,4.0,4.5,5250,48352,2.0,0,0,3,10,5250,0,1998,0,98059,47.4858,-122.111,2500,48352
7546,7546,2131701020,20150311T000000,317000.0,3.0,1.5,1390,8300,1.0,0,0,4,7,1390,0,1974,0,98019,47.7383,-121.983,1470,7500
7547,7547,3438503045,20150120T000000,165000.0,2.0,1.0,780,6380,1.0,0,0,3,6,780,0,1947,0,98106,47.5423,-122.351,1270,6960
7548,7548,3204300705,20140515T000000,575000.0,2.0,1.0,1490,6000,1.0,0,0,3,7,1090,400,1946,0,98112,47.6296,-122.3,1590,6000
7549,7549,7941600220,20140610T000000,219900.0,3.0,1.0,970,7742,1.0,0,0,4,6,970,0,1967,0,98003,47.3173,-122.327,970,7650
7550,7550,3885805175,20141001T000000,1485000.0,4.0,3.25,3730,7200,2.0,0,0,3,10,2810,920,2006,0,98033,47.6824,-122.199,2490,7200
7551,7551,1237500120,20140520T000000,300000.0,3.0,1.0,1090,9900,1.0,0,0,4,7,1090,0,1955,0,98052,47.6755,-122.16,1720,10419
7552,7552,322069020,20140619T000000,520000.0,3.0,1.75,1940,219527,1.0,0,0,3,7,1940,0,1991,0,98038,47.4214,-122.02,2060,108900
7553,7553,1310700330,20150507T000000,310000.0,4.0,2.25,1780,8820,1.0,0,0,4,8,1480,300,1966,0,98032,47.3618,-122.289,1780,8625
7554,7554,423059207,20150223T000000,322500.0,3.0,2.0,1190,6445,1.0,0,0,3,7,1190,0,1996,0,98056,47.5057,-122.172,1920,8195
7555,7555,7205000180,20150417T000000,320000.0,4.0,2.25,2000,10374,2.0,0,1,4,7,2000,0,1967,0,98023,47.3342,-122.34,2170,10374
7556,7556,7852180530,20150403T000000,440000.0,3.0,2.5,1390,4997,2.0,0,0,3,7,1390,0,2004,0,98065,47.5303,-121.855,2340,4125
7557,7557,6021501780,20140818T000000,578000.0,3.0,1.0,1500,4500,1.0,0,0,3,7,1120,380,1938,0,98117,47.6873,-122.385,1440,4500
7558,7558,8673400061,20141119T000000,382000.0,2.0,1.5,1070,877,3.0,0,0,3,8,1070,0,2005,0,98107,47.6699,-122.393,1320,1193
7559,7559,3905100220,20140528T000000,535000.0,3.0,2.5,1720,4006,2.0,0,0,3,8,1720,0,1994,0,98029,47.569,-122.007,1780,3974
7560,7560,5104540330,20150508T000000,679000.0,4.0,2.5,3680,7236,2.0,0,0,3,10,3680,0,2006,0,98038,47.3543,-122.005,3310,7180
7561,7561,6752300120,20141201T000000,258900.0,3.0,2.25,1400,10436,1.0,0,0,4,7,1040,360,1985,0,98058,47.4261,-122.144,1860,9318
7562,7562,4077800412,20150316T000000,563000.0,3.0,1.5,1730,9509,2.0,0,0,3,8,1270,460,1955,0,98125,47.7067,-122.282,1810,8795
7563,7563,2787250090,20140618T000000,562000.0,5.0,3.0,2795,15101,2.0,0,0,3,8,2795,0,1996,0,98019,47.7301,-121.972,2750,14567
7564,7564,461002150,20150105T000000,725000.0,4.0,1.75,2000,3750,1.0,0,0,5,8,1120,880,1950,0,98117,47.6816,-122.374,1370,5000
7565,7565,1898310100,20150220T000000,236775.0,3.0,2.5,1830,8372,2.0,0,0,3,8,1830,0,1987,0,98023,47.3116,-122.4,1770,8372
7566,7566,3886902950,20140911T000000,860000.0,4.0,3.5,3380,8098,1.0,0,1,5,9,1690,1690,1952,0,98033,47.6839,-122.19,1890,8400
7567,7567,4427100025,20140509T000000,270000.0,3.0,1.5,1500,6337,1.0,0,0,5,7,1500,0,1953,0,98125,47.7276,-122.312,1420,6337
7568,7568,4038700730,20141230T000000,621000.0,4.0,2.75,1950,6930,1.0,0,2,4,7,1250,700,1960,0,98008,47.61600000000001,-122.113,1950,8560
7569,7569,7852011020,20150327T000000,527900.0,3.0,2.5,2490,5928,2.0,0,2,3,8,2490,0,1998,0,98065,47.5385,-121.87,2420,6381
7570,7570,126059018,20150108T000000,395000.0,4.0,2.25,1780,10748,2.0,0,0,4,8,1780,0,1964,0,98072,47.762,-122.11,2070,37680
7571,7571,9407001340,20140522T000000,320000.0,3.0,2.0,1110,10500,1.0,0,0,5,7,1110,0,1978,0,98045,47.4456,-121.773,1230,10395
7572,7572,2799800750,20150416T000000,300000.0,4.0,2.5,2500,4750,2.0,0,0,3,8,2500,0,2003,0,98042,47.3666,-122.122,2690,4750
7573,7573,192000120,20140520T000000,320000.0,3.0,1.75,1480,7225,1.0,0,0,4,7,1480,0,1965,0,98056,47.513000000000005,-122.185,1430,7201
7574,7574,625069064,20150507T000000,625000.0,3.0,2.25,2570,47480,1.0,0,0,3,9,2570,0,1979,0,98053,47.6854,-122.079,2570,106722
7575,7575,2391600330,20150410T000000,505000.0,2.0,1.0,810,5060,1.0,0,0,3,6,810,0,1941,0,98116,47.5635,-122.394,900,5060
7576,7576,4180400090,20140613T000000,300000.0,4.0,2.5,2700,10814,1.0,0,0,4,8,1560,1140,1966,0,98030,47.369,-122.177,2460,6310
7577,7577,50300220,20150212T000000,363000.0,4.0,2.5,2180,9281,2.0,0,0,3,8,2180,0,2004,0,98042,47.3673,-122.072,2520,9520
7578,7578,4141010110,20140808T000000,1700000.0,4.0,3.5,4330,15335,2.0,0,0,4,11,3230,1100,1988,0,98040,47.5315,-122.231,3840,14311
7579,7579,6641040100,20140515T000000,1146800.0,4.0,3.5,4210,10308,2.0,0,0,3,10,4210,0,2006,0,98008,47.5905,-122.117,3860,10200
7580,7580,7922720040,20150317T000000,680000.0,4.0,2.5,2880,9202,1.0,0,0,3,8,1780,1100,1977,0,98052,47.6658,-122.139,2500,10265
7581,7581,8825900245,20141209T000000,678940.0,5.0,2.25,2610,4080,2.0,0,0,5,7,1750,860,1909,0,98115,47.6757,-122.309,2160,4080
7582,7582,3883100220,20150120T000000,299000.0,3.0,1.75,2010,8065,1.0,0,0,4,7,1090,920,1984,0,98031,47.4171,-122.202,1560,8065
7583,7583,3649100306,20140506T000000,379900.0,4.0,1.75,1500,11600,1.0,0,0,4,7,1000,500,1955,0,98028,47.7373,-122.241,1740,11600
7584,7584,1099600090,20140613T000000,205000.0,3.0,1.0,1290,6566,1.0,0,0,5,7,1290,0,1976,0,98023,47.3004,-122.377,1690,6860
7585,7585,9828201725,20140520T000000,387500.0,4.0,1.0,1320,4440,1.5,0,0,3,7,1320,0,1929,0,98122,47.6145,-122.295,1260,4440
7586,7586,9352901085,20150204T000000,256000.0,3.0,1.0,1290,4720,1.0,0,0,3,6,790,500,1948,0,98106,47.5186,-122.358,1110,4720
7587,7587,4104910040,20140701T000000,548000.0,4.0,2.5,2440,11005,2.0,0,0,3,9,2440,0,1994,0,98056,47.5318,-122.176,2590,14754
7588,7588,6147600040,20150224T000000,163000.0,3.0,1.75,1290,4811,1.0,0,0,3,7,1290,0,1996,0,98032,47.3912,-122.234,1310,4811
7589,7589,6371000026,20150122T000000,367500.0,2.0,2.0,1030,600,2.0,0,0,3,8,680,350,2004,0,98116,47.5788,-122.41,1120,1267
7590,7590,8121100147,20140714T000000,390000.0,3.0,2.25,1640,2875,2.0,0,0,3,6,1240,400,1983,0,98118,47.5686,-122.286,1500,3960
7591,7591,6152900332,20140801T000000,415000.0,4.0,2.5,1160,16008,1.0,0,0,4,7,1160,0,1989,0,98155,47.7643,-122.295,1570,12645
7592,7592,9522600120,20141022T000000,449000.0,4.0,2.25,2230,8440,2.0,0,0,4,8,2230,0,1968,0,98011,47.7558,-122.217,2160,9412
7593,7593,2207200405,20140716T000000,460000.0,5.0,2.0,1910,12264,1.0,0,0,4,7,1010,900,1963,0,98007,47.601000000000006,-122.134,1700,9179
7594,7594,203900690,20141223T000000,395000.0,4.0,2.0,1980,15354,1.0,0,0,3,7,1980,0,1977,0,98053,47.638000000000005,-121.968,1420,12300
7595,7595,252000300,20150120T000000,300000.0,3.0,2.0,1470,16500,1.0,0,0,3,7,1470,0,1961,0,98042,47.3617,-122.061,1720,14406
7596,7596,8899100230,20150311T000000,345000.0,3.0,1.75,1520,7439,1.0,0,0,4,7,1520,0,1969,0,98055,47.457,-122.208,1650,7500
7597,7597,685000265,20150102T000000,825000.0,3.0,1.75,1930,8442,1.0,0,0,4,7,1930,0,1953,0,98004,47.6313,-122.204,1790,8442
7598,7598,2705600068,20150327T000000,539950.0,3.0,2.5,1330,2180,3.0,0,0,3,8,1330,0,2014,0,98117,47.6987,-122.365,1330,5000
7599,7599,3326059191,20140616T000000,410000.0,4.0,2.0,1580,9581,1.0,0,0,3,7,1580,0,1953,0,98033,47.692,-122.165,1580,10552
7600,7600,1207000025,20140801T000000,245000.0,3.0,1.0,1370,6000,1.0,0,0,3,7,1370,0,1955,0,98146,47.4879,-122.339,1370,9520
7601,7601,3288301050,20140819T000000,482000.0,4.0,2.75,3010,15750,1.0,0,0,4,8,1560,1450,1973,0,98034,47.7336,-122.183,2110,9450
7602,7602,9407001500,20140811T000000,270000.0,3.0,1.75,1390,9000,1.0,0,0,4,7,1390,0,1978,0,98045,47.4469,-121.772,1400,9697
7603,7603,3882300090,20141226T000000,475000.0,3.0,1.75,1330,14560,1.0,0,0,3,7,1330,0,1983,0,98052,47.6599,-122.135,1510,9890
7604,7604,2926049221,20141014T000000,445800.0,3.0,2.0,1320,6500,1.0,0,0,3,7,1320,0,1947,0,98125,47.7119,-122.319,1110,6592
7605,7605,2121000300,20150219T000000,518000.0,4.0,3.0,2430,11670,1.0,0,0,4,7,1330,1100,1978,0,98034,47.7307,-122.228,1580,10464
7606,7606,3885801970,20140812T000000,785000.0,2.0,0.75,1260,4800,1.5,0,2,4,6,1080,180,1942,0,98033,47.6843,-122.212,2660,7200
7607,7607,3869900120,20150226T000000,430000.0,3.0,2.5,1690,1310,2.0,0,0,3,8,1140,550,2004,0,98136,47.5404,-122.387,1640,1321
7608,7608,4077800026,20140530T000000,715000.0,4.0,1.75,3420,7200,1.0,0,3,5,8,1770,1650,1947,0,98125,47.7081,-122.277,2450,6200
7609,7609,9324800450,20141009T000000,560000.0,3.0,1.5,2790,6900,1.0,0,2,3,8,1700,1090,1955,0,98125,47.7328,-122.288,2410,8100
7610,7610,1250201194,20141107T000000,449000.0,3.0,1.75,1270,6600,1.5,0,0,5,7,1270,0,1903,0,98144,47.5976,-122.295,1490,3600
7611,7611,2597520580,20141008T000000,805000.0,4.0,2.5,2910,9000,2.0,0,0,3,9,2910,0,1989,0,98006,47.5451,-122.142,2530,9000
7612,7612,6679000720,20140924T000000,296000.0,3.0,2.5,1560,5845,2.0,0,0,3,7,1560,0,2003,0,98038,47.3851,-122.029,1860,5752
7613,7613,7312400325,20140625T000000,275000.0,2.0,1.0,770,4840,1.0,0,0,4,7,770,0,1927,0,98126,47.551,-122.376,930,4840
7614,7614,2473500110,20150112T000000,419950.0,3.0,1.75,1770,16909,1.0,0,0,5,8,1770,0,1977,0,98058,47.4458,-122.134,1960,9100
7615,7615,1773100123,20141002T000000,285000.0,3.0,1.75,1100,1307,2.0,0,0,3,7,780,320,2008,0,98106,47.5601,-122.363,1170,4800
7616,7616,6791050100,20140721T000000,775000.0,3.0,2.5,2890,8470,2.0,0,0,3,10,2890,0,1996,0,98075,47.5785,-122.054,3000,8879
7617,7617,1823059106,20150428T000000,288250.0,3.0,1.75,2110,15400,1.0,0,0,3,7,1380,730,1963,0,98178,47.4861,-122.226,2110,9800
7618,7618,3644100065,20150427T000000,257000.0,2.0,1.75,1220,2268,1.0,0,0,4,6,610,610,1909,0,98144,47.592,-122.295,1240,1675
7619,7619,5652601075,20140825T000000,377000.0,1.0,1.0,950,10585,1.5,0,0,3,6,950,0,1929,0,98115,47.6968,-122.297,1400,7056
7620,7620,2769601250,20150512T000000,550000.0,2.0,1.0,1420,3100,1.0,0,0,3,7,820,600,1924,0,98107,47.6737,-122.365,1420,3915
7621,7621,9842300540,20140624T000000,339000.0,3.0,1.0,1100,4128,1.0,0,0,4,7,720,380,1942,0,98126,47.5296,-122.379,1510,4538
7622,7622,7818700410,20141106T000000,481500.0,3.0,1.75,2140,6000,1.0,0,0,3,7,1070,1070,1948,0,98117,47.6913,-122.366,1240,4650
7623,7623,5437810360,20141107T000000,224500.0,3.0,1.75,1300,7735,1.0,0,0,4,7,1300,0,1980,0,98022,47.1983,-122.0,1300,8941
7624,7624,5163700085,20140826T000000,260000.0,3.0,1.0,1790,11884,1.0,0,0,3,7,1790,0,1951,0,98031,47.3887,-122.22,1660,11513
7625,7625,1794500360,20150423T000000,865000.0,2.0,1.0,1470,5400,1.5,0,0,3,8,1470,0,1912,0,98119,47.6391,-122.36,1760,3573
7626,7626,1777600450,20150505T000000,730000.0,5.0,3.0,2500,11779,1.0,0,0,4,8,1550,950,1971,0,98006,47.5696,-122.127,2580,12055
7627,7627,4083800555,20150326T000000,550000.0,2.0,1.0,980,3080,1.5,0,0,3,7,980,0,1910,1946,98103,47.6646,-122.339,1450,3333
7628,7628,3359500096,20140820T000000,645000.0,3.0,2.0,2130,4000,2.0,0,0,3,7,2130,0,1908,0,98115,47.6741,-122.323,2010,4000
7629,7629,4024100090,20141008T000000,250000.0,3.0,1.75,1360,16000,1.0,0,0,3,7,1360,0,1978,0,98155,47.7583,-122.306,1360,12939
7630,7630,7228501910,20150122T000000,507200.0,3.0,3.5,1630,1329,2.0,0,0,3,9,1360,270,2000,0,98122,47.6159,-122.306,1580,1319
7631,7631,7183000120,20140812T000000,380000.0,4.0,2.5,2500,11070,1.0,0,2,4,8,1300,1200,1964,0,98003,47.336000000000006,-122.334,2500,11070
7632,7632,7527000090,20140814T000000,540000.0,4.0,1.75,2260,19500,1.0,0,2,3,8,1450,810,1971,0,98074,47.6555,-122.086,2980,19500
7633,7633,8682281080,20140617T000000,738500.0,3.0,2.5,2300,6009,1.0,0,0,3,8,2300,0,2005,0,98053,47.7067,-122.013,1640,5931
7634,7634,2525310040,20150129T000000,206000.0,3.0,1.0,1060,10350,1.0,0,0,4,7,1060,0,1980,0,98038,47.365,-122.028,1500,9660
7635,7635,5589300210,20150317T000000,265000.0,2.0,1.0,940,9458,1.0,0,0,3,6,940,0,1948,0,98155,47.7523,-122.311,1450,9458
7636,7636,4008400515,20150120T000000,190000.0,1.0,0.75,780,77603,1.0,0,0,1,5,780,0,1945,0,98058,47.4396,-122.104,1750,30847
7637,7637,3268000040,20140628T000000,339900.0,3.0,1.0,1200,9087,1.0,0,0,5,7,1200,0,1969,0,98056,47.5234,-122.177,1250,11826
7638,7638,1022059123,20141226T000000,250000.0,6.0,2.5,2590,10890,1.0,0,0,4,7,1340,1250,1970,0,98042,47.4126,-122.165,2474,10454
7639,7639,3013300968,20140801T000000,416500.0,3.0,1.0,1100,4184,1.0,0,0,4,7,1100,0,1965,0,98136,47.5309,-122.382,1630,4366
7640,7640,7853220740,20150407T000000,575000.0,4.0,2.5,2890,9775,2.0,0,2,3,8,2890,0,2004,0,98065,47.5339,-121.854,2640,7184
7641,7641,3574801490,20140609T000000,385000.0,3.0,1.75,1230,7500,1.0,0,0,3,7,1230,0,1987,0,98034,47.7316,-122.224,1930,8747
7642,7642,2987400025,20141009T000000,253000.0,3.0,1.0,1030,6250,1.0,0,0,3,7,1030,0,1960,1997,98056,47.4988,-122.168,1160,7250
7643,7643,625049313,20140902T000000,460000.0,3.0,1.0,1140,4600,1.0,0,0,3,7,1140,0,1942,0,98103,47.6897,-122.337,1370,5000
7644,7644,6169901085,20140807T000000,1445000.0,4.0,2.5,3200,3600,3.0,0,3,4,9,2600,600,1997,0,98119,47.632,-122.369,2490,4080
7645,7645,9212900300,20150304T000000,492000.0,2.0,1.0,950,6000,1.0,0,0,3,7,950,0,1942,0,98115,47.6897,-122.294,1440,6000
7646,7646,2520069100,20141016T000000,275000.0,4.0,2.0,1960,30480,1.0,0,2,4,7,1060,900,1972,0,98022,47.1924,-121.988,1460,8914
7647,7647,2623069031,20140521T000000,542500.0,5.0,3.25,3010,1074218,1.5,0,0,5,8,2010,1000,1931,0,98027,47.4564,-122.004,2450,68825
7648,7648,7625703945,20140701T000000,345000.0,2.0,1.0,1080,7775,1.0,0,0,3,6,1080,0,1955,0,98136,47.5447,-122.394,1730,7350
7649,7649,9238480120,20150421T000000,575000.0,4.0,2.75,2730,35075,1.0,0,0,3,8,1530,1200,1979,0,98072,47.7726,-122.139,2310,35000
7650,7650,626049058,20150504T000000,275000.0,5.0,2.5,2570,17234,1.0,0,0,3,7,1300,1270,1959,0,98133,47.7753,-122.355,1760,7969
7651,7651,125059138,20140722T000000,510000.0,6.0,4.5,3300,7561,2.0,0,0,3,8,3300,0,1980,0,98052,47.6795,-122.104,2470,7561
7652,7652,9185700485,20150401T000000,2538000.0,4.0,3.5,4350,6000,2.0,0,0,5,10,2970,1380,1908,0,98112,47.6277,-122.286,4190,7200
7653,7653,2523089110,20140909T000000,830000.0,3.0,3.5,3820,145054,2.0,0,3,3,9,2870,950,1999,0,98045,47.4419,-121.736,2500,95950
7654,7654,3825310540,20141121T000000,640000.0,4.0,2.5,2260,5172,2.0,0,0,3,9,2260,0,2004,0,98052,47.7047,-122.128,2680,5172
7655,7655,7202340590,20141014T000000,702000.0,4.0,2.75,3880,15025,2.0,0,0,3,7,3880,0,2004,0,98053,47.6777,-122.035,2620,5300
7656,7656,1952200410,20141119T000000,960000.0,3.0,2.5,2010,6857,1.0,0,0,4,9,1450,560,1955,0,98102,47.6402,-122.314,2380,6370
7657,7657,7137900410,20150429T000000,190000.0,3.0,1.0,950,7610,1.0,0,0,3,7,950,0,1983,0,98092,47.3188,-122.174,1360,7938
7658,7658,7105600085,20141009T000000,500000.0,3.0,2.25,1730,13040,1.0,0,0,4,8,1290,440,1988,0,98052,47.6809,-122.119,1730,11016
7659,7659,1461200040,20140714T000000,529000.0,3.0,2.5,3070,22098,2.0,0,0,3,9,3070,0,1995,0,98059,47.4724,-122.147,3070,21803
7660,7660,6675500035,20140613T000000,435000.0,3.0,1.75,1500,8173,1.0,0,0,3,7,1500,0,1997,0,98034,47.7293,-122.227,1970,8173
7661,7661,4322500110,20150303T000000,670000.0,3.0,1.75,2160,5760,1.0,0,0,4,8,1260,900,1954,0,98136,47.5346,-122.391,2090,5760
7662,7662,6064800090,20150507T000000,365000.0,3.0,2.25,1960,1985,2.0,0,0,3,7,1750,210,2003,0,98118,47.5419,-122.289,1760,1985
7663,7663,8085400355,20141204T000000,1270000.0,5.0,3.0,3950,9520,1.0,0,0,3,9,2250,1700,1953,2002,98004,47.6363,-122.207,1890,9520
7664,7664,943100220,20140925T000000,465000.0,3.0,1.0,1100,145490,1.5,0,0,4,6,1100,0,1915,0,98024,47.5697,-121.898,1100,11610
7665,7665,854000165,20150107T000000,285000.0,3.0,1.5,1400,7582,1.0,0,0,3,7,1400,0,1956,0,98148,47.4536,-122.33,1280,7872
7666,7666,1443500905,20150205T000000,219950.0,3.0,1.0,1020,4960,1.5,0,0,3,6,920,100,1926,0,98118,47.5328,-122.275,1230,7335
7667,7667,4031700210,20141117T000000,220000.0,3.0,1.5,1600,10548,1.0,0,0,4,7,1600,0,1962,0,98001,47.2925,-122.284,2880,13609
7668,7668,6169900580,20140709T000000,1465000.0,6.0,4.5,4230,6420,2.0,0,3,4,8,2360,1870,1916,0,98119,47.6301,-122.369,3450,4085
7669,7669,4232401265,20141020T000000,1112750.0,5.0,3.5,3090,3600,2.0,0,0,3,9,2060,1030,2000,0,98112,47.6217,-122.309,2240,3904
7670,7670,8682290410,20150417T000000,694000.0,2.0,2.5,2320,9311,1.0,0,0,3,8,2320,0,2007,0,98053,47.7226,-122.03,1680,4765
7671,7671,3904902430,20150403T000000,620000.0,3.0,2.5,2440,10363,2.0,0,0,3,9,2440,0,1988,0,98029,47.5634,-122.016,2500,10728
7672,7672,114101540,20140821T000000,415000.0,3.0,1.0,2020,19210,1.0,0,0,3,6,1760,260,1949,0,98028,47.7552,-122.229,1780,14469
7673,7673,1025069106,20150223T000000,765000.0,3.0,3.0,3270,38088,2.0,0,0,3,10,3270,0,1992,0,98053,47.6692,-122.028,1870,37457
7674,7674,3179101945,20140715T000000,864000.0,4.0,1.75,2260,6600,1.0,0,0,5,8,1220,1040,1948,0,98115,47.6753,-122.278,2240,6600
7675,7675,3083000355,20141204T000000,385000.0,5.0,2.0,2020,4000,2.0,0,0,3,7,2020,0,1950,0,98144,47.5799,-122.305,1960,4000
7676,7676,1741700040,20150113T000000,725000.0,3.0,1.0,1000,19969,1.0,0,0,3,7,1000,0,1951,0,98033,47.6745,-122.197,1370,7962
7677,7677,1828001130,20140617T000000,545000.0,4.0,2.25,2030,11585,1.0,0,0,4,7,1590,440,1967,0,98052,47.6561,-122.13,1960,8977
7678,7678,3211580210,20150411T000000,299900.0,3.0,1.75,1730,9893,1.0,0,0,4,9,1730,0,1988,0,98042,47.3747,-122.164,2120,9108
7679,7679,1036000610,20150507T000000,639500.0,3.0,1.75,2010,8072,1.0,0,0,4,8,2010,0,1974,0,98052,47.6327,-122.097,2030,8055
7680,7680,3378100100,20150317T000000,345000.0,4.0,1.5,1540,7168,1.0,0,0,3,7,1160,380,1964,0,98055,47.455,-122.198,1540,7176
7681,7681,9286000150,20150330T000000,1125000.0,6.0,4.0,5330,18116,2.0,0,0,3,11,3950,1380,2000,0,98006,47.5503,-122.137,4590,16900
7682,7682,7254200040,20150316T000000,345000.0,2.0,1.0,960,2700,1.0,0,0,3,6,780,180,1904,0,98144,47.6013,-122.299,1400,3000
7683,7683,8827900690,20150421T000000,600000.0,3.0,2.0,1460,2800,1.0,0,0,4,7,730,730,1921,0,98105,47.67,-122.295,1780,4560
7684,7684,9202500150,20141104T000000,355000.0,4.0,1.75,2160,7417,1.0,0,0,4,7,1360,800,1983,0,98056,47.5122,-122.181,1880,8022
7685,7685,1786810040,20140909T000000,698000.0,3.0,2.75,2640,11957,1.5,0,0,3,9,2260,380,1978,0,98052,47.6491,-122.12,2640,12641
7686,7686,8078410210,20140616T000000,566000.0,4.0,2.25,2170,7737,2.0,0,0,3,8,2170,0,1987,0,98074,47.637,-122.029,1850,8869
7687,7687,3905100210,20140723T000000,449950.0,3.0,2.5,1530,3840,2.0,0,0,3,8,1530,0,1994,0,98029,47.5691,-122.007,1720,3985
7688,7688,5592900015,20150116T000000,404600.0,3.0,1.0,1570,7727,1.0,0,2,4,8,1270,300,1958,0,98056,47.4821,-122.192,2440,7727
7689,7689,7522700110,20140624T000000,258000.0,3.0,1.0,1490,7435,1.0,0,0,3,7,1120,370,1969,0,98198,47.368,-122.314,1490,7530
7690,7690,5253300243,20150429T000000,415000.0,4.0,2.0,1960,10559,2.0,0,0,4,7,1960,0,1955,0,98133,47.7494,-122.337,1580,7769
7691,7691,6669020490,20140812T000000,320000.0,4.0,2.25,2190,9020,2.0,0,0,3,8,2190,0,1978,0,98032,47.3742,-122.284,2170,8400
7692,7692,5104510540,20141126T000000,295000.0,3.0,2.5,1690,4102,2.0,0,0,3,7,1690,0,2003,0,98038,47.3552,-122.015,1830,4733
7693,7693,3579700100,20140527T000000,389000.0,5.0,2.0,2330,10750,1.0,0,0,4,7,1190,1140,1962,0,98028,47.7325,-122.245,1830,10180
7694,7694,8643200035,20140821T000000,299900.0,3.0,1.75,1470,27000,1.0,0,0,3,7,1470,0,1958,0,98198,47.3943,-122.311,2230,14186
7695,7695,2781250100,20150415T000000,394000.0,3.0,2.5,2550,5349,2.0,0,0,3,7,2550,0,2004,0,98038,47.3504,-122.026,2640,5400
7696,7696,3885807255,20150202T000000,762000.0,4.0,2.0,2130,5500,1.5,0,0,5,7,2130,0,1939,0,98033,47.6807,-122.199,1490,6000
7697,7697,1774230090,20140613T000000,697000.0,4.0,2.75,3650,48351,1.5,0,0,4,8,3650,0,1978,0,98077,47.7632,-122.089,2820,53143
7698,7698,3521069146,20150330T000000,485000.0,3.0,2.5,3340,70131,2.0,0,0,3,9,2420,920,1994,0,98022,47.2666,-122.015,2760,116740
7699,7699,424500100,20141008T000000,189900.0,2.0,1.0,800,5600,1.0,0,0,5,6,800,0,1955,0,98056,47.4959,-122.172,1100,6000
7700,7700,3761700053,20150105T000000,2150000.0,3.0,2.75,3470,9610,3.0,1,4,3,11,3470,0,1989,2000,98034,47.7205,-122.26,4130,11875
7701,7701,2685600090,20141118T000000,345000.0,3.0,1.5,1030,6969,1.0,0,0,4,6,1030,0,1921,0,98108,47.5492,-122.3,1420,6000
7702,7702,6381500065,20140729T000000,376500.0,3.0,2.0,1630,7800,1.0,0,0,5,7,1630,0,1950,0,98125,47.7326,-122.307,1470,7800
7703,7703,9294300515,20141024T000000,775000.0,3.0,2.0,2010,7017,2.0,0,3,3,7,2010,0,1951,1988,98115,47.6828,-122.267,2450,6045
7704,7704,2769602840,20141016T000000,450000.0,3.0,1.0,1360,3737,1.5,0,0,4,6,1360,0,1910,0,98107,47.6751,-122.362,1820,4500
7705,7705,2526039156,20141210T000000,760000.0,4.0,2.25,2040,8315,1.0,0,0,4,8,1480,560,1958,0,98177,47.7077,-122.371,2330,8940
7706,7706,7852140100,20141007T000000,569000.0,4.0,2.5,2830,10954,2.0,0,0,3,8,2830,0,2003,0,98065,47.5396,-121.882,2470,10443
7707,7707,5522600205,20140917T000000,500000.0,3.0,1.5,2040,6750,1.0,0,0,3,7,1280,760,1950,0,98117,47.7013,-122.369,1970,6750
7708,7708,1370802620,20141211T000000,592500.0,2.0,2.0,1340,5350,1.5,0,0,3,8,1340,0,1941,0,98199,47.6384,-122.403,2210,5350
7709,7709,8079100210,20150304T000000,620000.0,4.0,2.5,2130,9139,2.0,0,0,3,9,2130,0,1988,0,98029,47.5648,-122.01,2150,8178
7710,7710,644200040,20140515T000000,1000000.0,5.0,4.25,3920,16258,2.0,0,0,3,9,2900,1020,1990,0,98004,47.5871,-122.192,2540,12131
7711,7711,9808640090,20150319T000000,815000.0,3.0,2.5,2415,2186,2.0,0,1,3,9,2415,0,1981,0,98033,47.6506,-122.202,2660,2165
7712,7712,5104531120,20150323T000000,775000.0,5.0,2.75,3750,12077,2.0,0,4,3,10,3750,0,2005,0,98038,47.3525,-122.002,3120,7255
7713,7713,3575303970,20140716T000000,340000.0,3.0,1.0,1010,7500,1.0,0,0,4,7,1010,0,1975,0,98074,47.6169,-122.062,1230,7500
7714,7714,6413100090,20140915T000000,458000.0,2.0,1.75,990,5850,1.0,0,0,4,6,990,0,1942,0,98125,47.7132,-122.321,840,6110
7715,7715,2475200870,20140917T000000,250000.0,2.0,1.5,1200,5773,2.0,0,0,3,7,1200,0,1985,0,98055,47.4723,-122.19,1530,4576
7716,7716,3423059081,20141009T000000,151600.0,2.0,1.0,1060,16988,1.0,0,0,3,6,1060,0,1954,0,98058,47.4305,-122.157,2320,10580
7717,7717,1137410040,20140527T000000,515000.0,4.0,2.5,3200,6473,2.0,0,0,3,7,3200,0,2005,0,98059,47.5012,-122.15,2480,6140
7718,7718,3352400330,20150327T000000,216000.0,2.0,1.0,1810,10360,1.0,0,0,3,6,1010,800,1946,0,98178,47.5039,-122.266,1810,10360
7719,7719,2781320100,20150309T000000,245000.0,3.0,1.75,1670,24650,1.0,0,0,4,7,1670,0,1974,0,98022,47.1764,-122.026,1810,19465
7720,7720,8894000040,20140625T000000,645000.0,3.0,2.75,1850,16960,1.0,0,2,4,8,1850,0,1953,0,98177,47.7128,-122.365,2470,13761
7721,7721,3333000775,20140903T000000,249900.0,3.0,1.0,1100,5000,1.0,0,0,3,7,1100,0,1960,0,98118,47.5433,-122.283,1020,5000
7722,7722,9274204230,20140709T000000,410000.0,3.0,1.75,1660,6250,1.0,0,0,3,7,830,830,1980,0,98116,47.5859,-122.385,1660,5750
7723,7723,3972900025,20150313T000000,499000.0,6.0,1.75,2400,7500,1.5,0,0,3,7,1400,1000,1975,0,98155,47.7661,-122.313,1980,7500
7724,7724,1159400220,20140529T000000,790000.0,5.0,3.25,2900,12160,1.0,0,0,4,8,1890,1010,1967,0,98005,47.6154,-122.168,2590,12160
7725,7725,3876313030,20140520T000000,458000.0,1.0,2.25,2140,10350,1.0,0,0,3,7,1470,670,1976,0,98072,47.7352,-122.17,1980,8400
7726,7726,2856100515,20140805T000000,925000.0,4.0,2.5,2670,5100,2.0,0,0,3,8,1940,730,1929,2010,98117,47.6768,-122.39,1470,4080
7727,7727,4239400730,20140625T000000,152000.0,3.0,1.0,1090,3264,1.0,0,0,4,6,1090,0,1969,0,98092,47.3155,-122.182,1090,3330
7728,7728,1826059042,20140923T000000,402000.0,3.0,2.5,1970,12205,2.0,0,0,4,8,1970,0,1990,0,98011,47.7397,-122.209,2640,9636
7729,7729,3869900155,20150326T000000,340000.0,2.0,2.0,1250,1178,2.0,0,0,3,7,980,270,1996,0,98136,47.5426,-122.387,1270,1242
7730,7730,2600010220,20150326T000000,1250000.0,4.0,2.5,4040,11350,2.0,0,2,4,10,3690,350,1984,0,98006,47.559,-122.162,3770,12382
7731,7731,9290870040,20141117T000000,775000.0,4.0,2.5,3220,38448,2.0,0,0,3,10,3220,0,1993,0,98053,47.6854,-122.053,3090,38448
7732,7732,5347200175,20150319T000000,299800.0,2.0,1.0,1310,2814,1.0,0,0,3,6,810,500,1944,0,98126,47.5185,-122.376,1300,1344
7733,7733,3810000455,20140908T000000,340000.0,4.0,2.25,2060,8400,1.0,0,0,3,7,1300,760,1960,0,98178,47.4984,-122.23,1990,7383
7734,7734,1962200037,20140502T000000,626000.0,3.0,2.25,1750,1572,2.5,0,0,3,9,1470,280,2005,0,98102,47.6498,-122.321,2410,3050
7735,7735,795001930,20141007T000000,324950.0,2.0,1.0,1150,9186,1.0,0,0,3,7,1150,0,1946,0,98168,47.5081,-122.33,1390,10690
7736,7736,3905080730,20150223T000000,535500.0,3.0,2.5,2050,4976,2.0,0,0,3,8,2050,0,1994,0,98029,47.5689,-121.995,2050,5153
7737,7737,8651611110,20140905T000000,817500.0,3.0,3.25,3230,7639,2.0,0,0,3,10,3230,0,1999,0,98074,47.6338,-122.063,3230,7772
7738,7738,5411600210,20140812T000000,810000.0,4.0,3.5,4170,4322,2.0,0,0,3,9,2940,1230,2005,0,98074,47.6136,-122.041,2970,4922
7739,7739,7519000665,20150408T000000,565000.0,5.0,1.5,1940,3430,1.5,0,0,4,6,1220,720,1926,0,98117,47.6853,-122.362,1830,4120
7740,7740,4217400120,20141125T000000,978000.0,3.0,1.5,2390,4000,1.5,0,0,3,9,1690,700,1936,0,98105,47.6604,-122.28,2350,4000
7741,7741,3586500665,20150112T000000,530000.0,3.0,1.0,1440,27505,1.0,0,0,3,8,1440,0,1951,0,98177,47.7553,-122.37,2430,16400
7742,7742,2582500110,20141007T000000,305000.0,4.0,2.5,2230,6487,2.0,0,0,3,7,2230,0,2003,0,98092,47.3287,-122.169,2230,6882
7743,7743,6749700031,20140609T000000,345000.0,3.0,2.5,1210,1420,3.0,0,0,3,8,1210,0,2008,0,98103,47.6977,-122.349,1190,1407
7744,7744,4136800205,20150219T000000,258000.0,2.0,2.0,750,6553,1.5,0,2,3,7,750,0,1945,0,98178,47.4982,-122.221,1140,7500
7745,7745,3438503120,20150330T000000,275000.0,4.0,1.0,1770,7345,1.5,0,0,3,7,1770,0,1966,0,98106,47.5393,-122.351,1580,7345
7746,7746,1922069089,20150324T000000,310000.0,3.0,1.0,1020,55756,1.0,0,0,3,7,1020,0,1961,0,98042,47.3836,-122.082,1490,12745
7747,7747,4099501215,20140603T000000,713250.0,3.0,2.0,2050,9000,1.0,0,0,4,7,2050,0,1951,0,98040,47.5885,-122.245,2910,8856
7748,7748,3325069025,20150508T000000,500000.0,3.0,1.0,2000,21780,1.0,0,0,3,8,1480,520,1978,0,98074,47.6064,-122.039,2000,45738
7749,7749,4058200985,20140911T000000,472000.0,3.0,1.75,2180,7200,1.0,0,3,4,8,1090,1090,1954,0,98178,47.5044,-122.235,2180,7140
7750,7750,3031200246,20140711T000000,250000.0,3.0,1.0,920,4429,1.0,0,0,3,7,920,0,1952,0,98118,47.5369,-122.291,1320,7860
7751,7751,624101110,20141002T000000,725000.0,4.0,2.25,3440,14237,2.0,0,0,3,9,3440,0,1982,0,98077,47.7241,-122.065,3250,18365
7752,7752,4046700210,20140629T000000,345000.0,3.0,2.0,1610,15005,1.0,0,0,4,7,1610,0,1986,0,98014,47.6886,-121.911,1610,15479
7753,7753,2916200065,20150115T000000,460000.0,3.0,1.5,1870,15685,1.0,0,0,3,7,1470,400,1936,0,98133,47.723,-122.353,1340,7620
7754,7754,6141100038,20140602T000000,440150.0,2.0,1.0,1110,6800,1.0,0,0,5,7,1000,110,1947,0,98133,47.7184,-122.355,1410,6963
7755,7755,2806800090,20141104T000000,390000.0,3.0,1.75,2200,8036,1.0,0,0,3,7,1270,930,1978,0,98011,47.7763,-122.209,1850,7563
7756,7756,312000265,20150504T000000,375000.0,2.0,1.0,790,5120,1.0,0,0,3,6,790,0,1950,0,98136,47.557,-122.395,1250,5120
7757,7757,2938200040,20141211T000000,224950.0,3.0,1.5,1630,9282,1.0,0,0,4,7,1630,0,1963,0,98022,47.2021,-122.002,1420,9282
7758,7758,114101161,20140829T000000,480000.0,3.0,1.5,2100,67269,1.0,0,0,4,7,1220,880,1949,0,98028,47.7592,-122.23,1610,15999
7759,7759,1862400353,20150326T000000,721000.0,4.0,2.75,2690,5400,2.0,0,0,3,7,2210,480,1940,2009,98117,47.6963,-122.367,1620,5400
7760,7760,179000100,20140826T000000,174000.0,2.0,1.0,600,4854,1.0,0,0,5,6,600,0,1922,0,98168,47.4927,-122.28,1470,5000
7761,7761,7812800865,20141119T000000,170000.0,2.0,1.0,810,9882,1.0,0,0,3,6,810,0,1944,0,98178,47.4925,-122.239,950,7200
7762,7762,809002390,20150115T000000,658000.0,3.0,1.5,1660,3190,1.5,0,0,3,7,1660,0,1919,0,98109,47.6368,-122.351,2200,3240
7763,7763,2925059294,20150327T000000,860000.0,3.0,2.0,1880,8494,1.0,0,0,4,7,1200,680,1968,0,98004,47.6217,-122.192,1290,9128
7764,7764,7574200210,20140618T000000,407450.0,4.0,1.5,2310,68824,2.0,0,0,4,7,2310,0,1968,0,98010,47.3354,-122.031,2020,39900
7765,7765,5634500775,20150130T000000,615000.0,4.0,1.5,2650,34000,2.0,0,0,4,7,2650,0,1930,0,98028,47.7516,-122.237,1960,34000
7766,7766,8965460090,20150407T000000,920000.0,4.0,3.0,3130,12381,2.0,0,0,3,9,3130,0,1995,0,98006,47.5599,-122.118,3250,10049
7767,7767,1796350300,20140710T000000,195000.0,2.0,1.0,860,10400,1.0,0,0,4,6,860,0,1983,0,98042,47.3682,-122.096,1390,9086
7768,7768,428000150,20140718T000000,269950.0,3.0,1.0,990,9950,1.0,0,0,5,7,990,0,1961,0,98056,47.5104,-122.171,1370,9260
7769,7769,2323089009,20150119T000000,855000.0,4.0,3.5,4030,1024068,2.0,0,0,3,10,4030,0,2006,0,98045,47.4619,-121.744,1830,11700
7770,7770,3528900735,20140910T000000,620000.0,3.0,2.25,1780,1429,3.0,0,0,3,8,1570,210,2007,0,98109,47.6413,-122.346,1470,1799
7771,7771,3904100220,20141209T000000,276000.0,2.0,2.0,1480,6075,1.0,0,0,5,7,740,740,1919,0,98118,47.5317,-122.276,1230,6053
7772,7772,254000735,20140806T000000,329000.0,3.0,1.0,1140,5258,1.5,0,0,3,6,1140,0,1911,0,98146,47.5122,-122.383,1140,5280
7773,7773,7893205080,20141007T000000,270000.0,3.0,1.5,1230,7500,1.0,0,0,3,7,1230,0,1962,0,98198,47.4202,-122.331,1260,7800
7774,7774,4397010300,20141113T000000,440000.0,4.0,2.5,3080,10646,2.0,0,0,3,9,3080,0,1993,0,98042,47.3828,-122.148,2740,9994
7775,7775,1150000740,20141003T000000,639000.0,4.0,2.5,1990,8034,2.0,0,0,4,10,1990,0,1989,0,98029,47.56100000000001,-122.018,2580,8034
7776,7776,1926049141,20141010T000000,403500.0,1.0,1.0,700,5621,1.0,0,0,4,6,700,0,1945,0,98133,47.734,-122.353,1020,5621
7777,7777,7011201016,20141001T000000,585000.0,3.0,2.5,1700,1156,2.0,0,2,3,9,1320,380,2002,0,98119,47.6373,-122.369,1710,1686
7778,7778,3028200100,20140826T000000,216000.0,2.0,1.0,860,9000,1.0,0,0,4,6,860,0,1942,0,98168,47.4801,-122.315,990,9975
7779,7779,8081010040,20140911T000000,1150000.0,3.0,2.5,3160,24437,1.0,0,3,3,11,2160,1000,1991,0,98006,47.5531,-122.131,3990,11977
7780,7780,3023049186,20150416T000000,575000.0,3.0,2.0,2500,30056,1.0,0,0,5,8,1840,660,1954,0,98166,47.4468,-122.337,2500,30000
7781,7781,8029900110,20141114T000000,430000.0,4.0,2.5,3000,9460,2.0,0,0,3,9,3000,0,2001,0,98031,47.3959,-122.211,3000,8450
7782,7782,9367200205,20150324T000000,660000.0,2.0,1.0,1670,8195,1.0,0,0,3,7,1670,0,1954,1975,98033,47.6627,-122.192,1980,7500
7783,7783,5550300205,20150413T000000,338000.0,2.0,1.0,690,6400,1.0,0,0,3,6,690,0,1943,0,98126,47.5287,-122.367,1000,6400
7784,7784,8820901415,20140529T000000,400000.0,4.0,2.75,1240,3867,1.0,0,0,3,7,800,440,1987,0,98125,47.7157,-122.284,1150,7733
7785,7785,6018500120,20150220T000000,210000.0,2.0,1.0,900,5000,1.0,0,0,5,6,900,0,1930,1990,98022,47.2008,-121.995,1150,5000
7786,7786,3826000665,20140522T000000,305000.0,4.0,1.75,2200,8100,1.5,0,0,5,6,1400,800,1942,0,98168,47.4945,-122.303,1520,8100
7787,7787,1025079086,20140820T000000,365000.0,2.0,1.0,960,223898,1.0,0,0,3,6,960,0,1985,0,98014,47.6668,-121.892,1830,230868
7788,7788,2621660040,20140629T000000,325000.0,5.0,2.75,2130,6222,1.0,0,0,3,7,1300,830,1991,0,98118,47.5272,-122.276,2130,6222
7789,7789,8731982550,20141210T000000,245000.0,4.0,1.75,2020,8800,1.0,0,0,4,8,2020,0,1969,0,98023,47.3202,-122.384,2320,8000
7790,7790,4324500180,20140926T000000,182000.0,3.0,1.0,1060,7350,1.0,0,0,4,7,1060,0,1959,0,98032,47.3809,-122.287,1060,7350
7791,7791,1702901485,20140603T000000,440000.0,2.0,1.0,1230,6600,1.0,0,0,3,7,1130,100,1906,0,98118,47.5573,-122.282,1260,5060
7792,7792,251300110,20140731T000000,225000.0,3.0,2.25,2510,12013,2.0,0,0,3,8,2510,0,1988,0,98003,47.3473,-122.314,1870,8017
7793,7793,251300110,20150114T000000,358000.0,3.0,2.25,2510,12013,2.0,0,0,3,8,2510,0,1988,0,98003,47.3473,-122.314,1870,8017
7794,7794,461002615,20141202T000000,580000.0,5.0,2.5,2720,5000,1.5,0,0,4,7,1530,1190,1939,0,98117,47.6827,-122.376,1210,5000
7795,7795,8091401030,20150422T000000,240000.0,3.0,1.5,1070,8886,1.0,0,0,4,7,1070,0,1984,0,98030,47.3516,-122.166,1730,9461
7796,7796,3924500040,20150413T000000,700000.0,4.0,3.25,3580,43093,1.0,0,0,4,8,3580,0,1990,0,98024,47.5595,-121.901,2070,43093
7797,7797,9432900040,20140729T000000,325000.0,4.0,2.5,2230,8500,2.0,0,0,3,8,2230,0,1994,0,98022,47.2082,-122.009,2270,8770
7798,7798,2426049125,20141114T000000,488000.0,4.0,2.25,2500,10890,1.0,0,0,5,7,1800,700,1978,0,98034,47.7318,-122.239,2500,7467
7799,7799,2883201055,20140910T000000,875000.0,4.0,1.0,1670,4600,1.5,0,0,5,8,1670,0,1906,0,98103,47.6838,-122.332,1820,4600
7800,7800,1795900360,20140602T000000,615000.0,4.0,2.5,2150,9070,2.0,0,0,4,8,2150,0,1985,0,98052,47.7279,-122.107,2230,8995
7801,7801,9542830690,20141120T000000,321000.0,3.0,2.5,2020,4183,2.0,0,0,3,7,2020,0,2012,0,98038,47.3658,-122.017,2030,4140
7802,7802,1245500690,20140602T000000,1035000.0,3.0,2.5,2230,5750,2.0,0,0,3,9,2230,0,2003,0,98033,47.6938,-122.213,1900,8238
7803,7803,7454000315,20150424T000000,299500.0,2.0,1.0,740,6300,1.0,0,0,3,6,740,0,1942,0,98126,47.5158,-122.376,740,6300
7804,7804,2426049113,20150414T000000,459000.0,4.0,1.5,2020,9583,2.0,0,0,4,7,2020,0,1963,0,98034,47.7283,-122.238,1770,8625
7805,7805,8665050450,20140912T000000,435000.0,3.0,2.5,1730,4065,2.0,0,0,3,8,1730,0,1996,0,98029,47.5668,-122.005,1730,4094
7806,7806,2787320620,20141010T000000,222000.0,3.0,1.75,1370,8280,1.0,0,0,4,7,1370,0,1980,0,98031,47.4096,-122.172,1850,7820
7807,7807,5100401411,20141027T000000,485000.0,4.0,1.0,1210,6380,1.5,0,0,3,7,1210,0,1936,0,98115,47.6924,-122.321,1340,6380
7808,7808,2767602855,20150429T000000,750000.0,5.0,3.5,2160,2323,3.0,0,0,3,9,2160,0,2007,0,98107,47.6726,-122.39,1750,4650
7809,7809,7575620750,20141222T000000,266000.0,3.0,2.25,1550,6022,2.0,0,0,3,8,1550,0,1989,0,98003,47.3525,-122.304,1650,5627
7810,7810,1529300115,20140602T000000,455000.0,2.0,1.0,1170,6000,1.0,0,0,4,7,970,200,1941,0,98103,47.6994,-122.354,2130,6002
7811,7811,122029066,20150508T000000,490000.0,3.0,1.75,2020,215622,2.0,0,0,4,7,2020,0,1975,0,98070,47.4189,-122.499,1810,215622
7812,7812,8732130580,20150430T000000,280000.0,3.0,1.75,1740,8625,1.0,0,0,4,7,1240,500,1978,0,98023,47.3054,-122.38,1980,8625
7813,7813,1689400375,20140805T000000,1450000.0,4.0,3.25,3100,3900,2.0,0,2,5,9,2090,1010,1923,0,98109,47.6385,-122.348,2110,3900
7814,7814,985001321,20141217T000000,291000.0,4.0,1.0,1590,24330,1.5,0,0,3,6,1140,450,1942,0,98168,47.4906,-122.309,1000,16228
7815,7815,7987400475,20150417T000000,745000.0,5.0,3.0,2400,10126,2.0,0,3,3,8,2400,0,1981,0,98126,47.5726,-122.373,2250,3946
7816,7816,6383000820,20140807T000000,685900.0,3.0,2.5,2290,9142,1.0,0,0,3,8,2290,0,1972,0,98117,47.691,-122.387,1770,8035
7817,7817,1311400120,20140801T000000,160000.0,3.0,1.75,1610,7392,1.0,0,0,4,7,1610,0,1964,0,98001,47.3413,-122.28,1450,7392
7818,7818,1153000040,20150429T000000,650000.0,4.0,2.5,2240,9934,1.0,0,0,4,8,1490,750,1968,0,98005,47.6147,-122.166,2640,11622
7819,7819,7452500530,20150219T000000,250000.0,2.0,1.0,850,6370,1.0,0,0,3,6,850,0,1951,0,98126,47.5198,-122.373,850,5170
7820,7820,6300000212,20150218T000000,265000.0,2.0,1.5,920,1458,2.0,0,0,3,7,920,0,1995,0,98133,47.7081,-122.342,1110,1598
7821,7821,3332000530,20141105T000000,599000.0,5.0,3.25,2590,6180,1.0,0,0,3,7,1330,1260,1960,0,98118,47.551,-122.272,1560,6180
7822,7822,7657600195,20141105T000000,199950.0,3.0,1.0,1340,7260,1.5,0,0,3,6,1340,0,1944,0,98178,47.4934,-122.237,1210,7260
7823,7823,1102000237,20150428T000000,712500.0,4.0,2.75,2420,11201,1.0,0,1,3,8,1420,1000,1948,1999,98118,47.5459,-122.265,3170,9385
7824,7824,2887702070,20141022T000000,490000.0,2.0,1.0,1420,4305,1.0,0,0,4,7,920,500,1941,0,98115,47.6864,-122.311,1420,4305
7825,7825,6392001005,20140620T000000,511500.0,4.0,1.0,1360,6000,1.5,0,0,3,7,1360,0,1917,0,98115,47.6854,-122.288,1710,6000
7826,7826,1601600195,20150319T000000,299000.0,3.0,1.0,1510,6200,1.0,0,0,3,6,1010,500,1955,0,98118,47.5293,-122.274,1710,8623
7827,7827,3586500620,20140814T000000,685000.0,4.0,2.5,2650,25248,1.0,0,2,3,9,2330,320,1954,0,98177,47.7537,-122.373,3020,23135
7828,7828,6021502250,20140825T000000,597000.0,4.0,2.0,2120,4000,1.5,0,0,4,7,1720,400,1927,0,98117,47.688,-122.383,1760,4000
7829,7829,3830210220,20140908T000000,210000.0,3.0,1.0,1200,7200,1.0,0,0,3,6,1200,0,1977,0,98030,47.3746,-122.183,1200,7420
7830,7830,2568300266,20140530T000000,659000.0,4.0,2.5,3190,11375,1.0,0,0,5,8,2210,980,1946,0,98125,47.70399999999999,-122.3,1100,8500
7831,7831,3423600065,20140604T000000,540000.0,3.0,1.0,1050,4160,1.0,0,0,4,7,1050,0,1925,0,98115,47.6756,-122.3,1580,3680
7832,7832,3343300180,20150330T000000,469000.0,3.0,2.0,1300,22605,1.0,0,0,3,7,1300,0,1998,0,98056,47.5337,-122.187,2250,10215
7833,7833,3125079013,20150430T000000,1065000.0,3.0,2.5,3970,263538,1.5,0,0,3,9,3970,0,1991,0,98024,47.6067,-121.952,3970,194676
7834,7834,6453900040,20140714T000000,575000.0,5.0,2.5,2990,7500,1.0,0,2,3,9,1800,1190,1972,0,98177,47.7707,-122.369,2800,9860
7835,7835,148000590,20140731T000000,725000.0,4.0,2.75,2440,7042,1.5,0,2,4,7,1640,800,1941,0,98116,47.5731,-122.408,2170,7900
7836,7836,419000015,20140917T000000,299950.0,4.0,1.0,1170,5400,1.0,0,0,5,6,1170,0,1953,0,98056,47.492,-122.172,1100,5400
7837,7837,303000220,20150421T000000,375000.0,4.0,2.0,2270,18450,1.0,0,0,3,7,2270,0,1961,0,98001,47.3264,-122.262,2150,18450
7838,7838,6450302175,20141118T000000,342450.0,3.0,1.5,1280,5525,1.0,0,0,3,7,1280,0,1962,0,98133,47.7339,-122.336,1330,5286
7839,7839,1180000625,20141029T000000,315000.0,4.0,2.5,1950,3225,2.0,0,0,3,7,1950,0,2002,0,98178,47.5014,-122.226,1980,3225
7840,7840,7972600450,20141222T000000,328000.0,4.0,2.75,1930,3840,1.0,0,0,3,7,1170,760,1997,0,98106,47.5303,-122.346,1610,3840
7841,7841,1328300180,20140509T000000,323000.0,4.0,2.75,1970,7213,1.0,0,0,3,8,1170,800,1977,0,98058,47.4424,-122.126,1980,7045
7842,7842,7866000158,20141022T000000,320000.0,4.0,3.0,1820,3120,1.0,0,0,3,7,1000,820,1997,0,98118,47.5468,-122.274,1600,5001
7843,7843,7518505345,20141229T000000,550000.0,2.0,1.0,950,4080,1.0,0,0,4,7,950,0,1924,0,98117,47.6765,-122.384,1120,4080
7844,7844,8084900195,20141121T000000,1646000.0,6.0,3.5,4010,16200,1.0,0,0,3,8,2090,1920,1955,1990,98004,47.6322,-122.216,3560,16200
7845,7845,4139420590,20140520T000000,1212500.0,4.0,3.5,4560,16643,1.0,0,3,3,12,2230,2330,1995,0,98006,47.5521,-122.115,4060,15177
7846,7846,4139420590,20140827T000000,1200000.0,4.0,3.5,4560,16643,1.0,0,3,3,12,2230,2330,1995,0,98006,47.5521,-122.115,4060,15177
7847,7847,2621600015,20150121T000000,120000.0,3.0,1.0,1150,8924,1.0,0,0,3,6,1150,0,1943,0,98030,47.3865,-122.217,1492,8924
7848,7848,2621600015,20150430T000000,175000.0,3.0,1.0,1150,8924,1.0,0,0,3,6,1150,0,1943,0,98030,47.3865,-122.217,1492,8924
7849,7849,8005100360,20140916T000000,169900.0,3.0,1.0,910,5800,1.5,0,0,4,5,910,0,1900,0,98022,47.2068,-121.992,1400,6766
7850,7850,9527000330,20140811T000000,508000.0,6.0,2.75,2890,7500,1.0,0,0,4,8,1830,1060,1976,0,98034,47.7099,-122.23,1880,7500
7851,7851,748000145,20141211T000000,335000.0,2.0,1.0,1070,6678,1.0,0,0,4,7,1070,0,1951,0,98133,47.7315,-122.357,1680,7788
7852,7852,9191200015,20140910T000000,613200.0,3.0,2.75,2050,3320,1.5,0,0,4,7,1580,470,1927,0,98105,47.6719,-122.301,1760,4150
7853,7853,1822300040,20140507T000000,420000.0,2.0,1.5,1040,3500,1.5,0,0,4,6,1040,0,1904,0,98144,47.588,-122.304,1340,1213
7854,7854,9129100040,20140825T000000,1000000.0,4.0,3.25,3320,8587,3.0,0,0,3,11,2950,370,2008,0,98103,47.691,-122.337,1860,5668
7855,7855,3331500940,20140617T000000,342000.0,2.0,1.0,740,6180,1.0,0,0,3,6,740,0,1948,0,98118,47.5517,-122.272,1330,4635
7856,7856,524069101,20140723T000000,850000.0,4.0,2.0,3380,90968,1.0,0,0,4,9,1690,1690,1979,0,98075,47.5936,-122.077,3380,42740
7857,7857,6021502310,20141218T000000,582000.0,2.0,1.75,1210,4141,1.0,0,0,4,7,910,300,1942,0,98117,47.68600000000001,-122.382,1310,4141
7858,7858,4022901316,20141031T000000,475000.0,3.0,2.5,2480,6031,2.0,0,0,3,8,2480,0,2001,0,98155,47.772,-122.297,1850,7704
7859,7859,23500180,20140505T000000,570000.0,3.0,2.25,2010,6000,1.0,0,0,3,8,1330,680,1975,0,98052,47.6912,-122.115,2080,8260
7860,7860,9191200490,20150324T000000,826600.0,4.0,3.25,3230,5000,1.5,0,0,4,7,1750,1480,1916,0,98105,47.6702,-122.3,1730,4000
7861,7861,1189000207,20141021T000000,387000.0,2.0,2.5,1170,1394,2.0,0,0,3,8,1170,0,2001,0,98122,47.6131,-122.297,1250,3136
7862,7862,1771110720,20140521T000000,330000.0,3.0,1.0,1250,9126,1.0,0,0,3,7,1250,0,1969,0,98077,47.7554,-122.076,1440,10620
7863,7863,224069010,20140725T000000,653450.0,3.0,2.5,2070,49658,1.0,0,0,4,8,1540,530,1980,0,98075,47.5936,-122.013,2620,35160
7864,7864,3630060040,20140911T000000,285000.0,2.0,1.0,1050,3088,1.0,0,0,3,7,1050,0,2005,0,98029,47.5471,-121.996,1890,2772
7865,7865,3211100450,20140814T000000,217000.0,3.0,1.0,1400,7800,1.0,0,0,3,7,1400,0,1962,0,98059,47.4789,-122.159,1400,7800
7866,7866,1245003255,20150223T000000,615000.0,3.0,1.0,1120,12500,1.0,0,0,4,7,1120,0,1977,0,98033,47.6842,-122.2,2380,10000
7867,7867,1438000110,20140603T000000,580135.0,4.0,2.5,3150,5886,2.0,0,0,3,8,3150,0,2014,0,98059,47.4787,-122.122,2650,5886
7868,7868,8089500180,20140730T000000,1150000.0,4.0,3.5,4540,19767,2.0,0,0,3,11,4200,340,1998,0,98006,47.5445,-122.137,3990,12881
7869,7869,6802200110,20141029T000000,231200.0,3.0,2.0,1400,8821,1.0,0,0,3,7,1400,0,1991,0,98022,47.1949,-121.989,1450,8721
7870,7870,7203100120,20140616T000000,680000.0,4.0,2.75,2500,4950,2.0,0,0,3,8,2500,0,2010,0,98053,47.6964,-122.017,2500,4950
7871,7871,3445400120,20140725T000000,267500.0,3.0,1.5,1390,2153,2.0,0,0,3,7,1390,0,2001,0,98118,47.5506,-122.29,1100,2617
7872,7872,1454100650,20140804T000000,942000.0,4.0,2.75,3160,37200,2.0,0,3,3,8,2310,850,1939,0,98125,47.7214,-122.285,3130,20000
7873,7873,106000015,20140619T000000,435000.0,3.0,1.75,1310,8065,1.0,0,0,4,6,1310,0,1948,0,98117,47.701,-122.368,1420,8100
7874,7874,9459200110,20140610T000000,315000.0,2.0,1.0,1740,3622,1.0,0,0,4,7,950,790,1924,0,98118,47.5541,-122.29,1270,3800
7875,7875,3448000410,20140513T000000,354901.0,3.0,2.5,1490,1709,3.0,0,0,3,8,1490,0,2004,0,98125,47.7173,-122.299,1364,1709
7876,7876,8682281220,20141014T000000,439888.0,2.0,2.0,1300,6515,1.0,0,0,3,8,1300,0,2005,0,98053,47.7078,-122.013,1640,6009
7877,7877,2114700530,20150122T000000,360000.0,4.0,1.0,1460,3840,1.5,0,0,3,8,1340,120,1928,0,98106,47.533,-122.347,990,4200
7878,7878,8093600065,20141231T000000,205000.0,4.0,1.0,1030,6621,1.0,0,0,4,6,1030,0,1955,0,98055,47.4857,-122.221,1420,6631
7879,7879,4137030040,20140612T000000,299995.0,3.0,2.5,1970,7500,2.0,0,0,3,8,1970,0,1988,0,98092,47.2658,-122.218,1950,8220
7880,7880,5126900100,20140923T000000,150000.0,2.0,1.0,790,7275,1.0,0,0,4,6,790,0,1944,0,98058,47.4771,-122.174,850,7399
7881,7881,5469501530,20140603T000000,575000.0,3.0,2.25,3800,33825,1.0,0,0,4,10,3330,470,1976,0,98042,47.3797,-122.152,3470,14484
7882,7882,7784000180,20150505T000000,625000.0,3.0,2.0,2168,12616,2.0,0,1,4,7,2168,0,1950,0,98146,47.4933,-122.367,2168,9750
7883,7883,7135520610,20140529T000000,950000.0,4.0,3.5,4140,13392,2.0,0,0,3,11,4140,0,2000,0,98059,47.5261,-122.144,4140,11529
7884,7884,8856500120,20150210T000000,278800.0,4.0,2.5,2440,7797,1.0,0,0,3,8,1560,880,1965,0,98031,47.3895,-122.222,2090,8100
7885,7885,5015000180,20141110T000000,713500.0,3.0,2.0,1720,4200,2.0,0,0,3,8,1720,0,1908,1992,98112,47.6285,-122.301,1720,4200
7886,7886,3024059014,20150325T000000,1900000.0,4.0,2.25,3020,11489,1.5,1,3,5,10,2110,910,1916,1988,98040,47.5395,-122.21,3890,11489
7887,7887,9268200348,20141028T000000,439000.0,5.0,2.0,2610,5009,1.0,0,0,3,7,1710,900,1988,0,98117,47.6969,-122.366,1600,5040
7888,7888,9195700040,20140926T000000,425000.0,3.0,2.0,1500,8086,1.0,0,0,3,7,1060,440,1981,0,98027,47.5584,-122.081,1550,8086
7889,7889,8798000100,20140825T000000,252500.0,4.0,2.5,2600,11280,1.5,0,0,3,7,1570,1030,1961,0,98003,47.336000000000006,-122.304,1660,11200
7890,7890,304000530,20140512T000000,185000.0,3.0,1.5,1370,8470,1.0,0,0,4,7,1370,0,1961,0,98092,47.2874,-122.192,1710,8800
7891,7891,3575304895,20140923T000000,406550.0,5.0,2.75,2400,15781,1.0,0,0,4,7,1200,1200,1974,0,98074,47.622,-122.059,2390,7500
7892,7892,9406500540,20140630T000000,243000.0,2.0,1.5,1068,1758,2.0,0,0,3,7,1068,0,1990,0,98028,47.7527,-122.244,1078,1315
7893,7893,6071800410,20141201T000000,500000.0,3.0,1.5,2220,8994,1.0,0,0,4,8,1110,1110,1962,0,98006,47.5473,-122.172,2220,8994
7894,7894,2122049013,20150513T000000,204750.0,2.0,1.0,880,7575,1.0,0,0,4,7,880,0,1942,0,98198,47.3757,-122.304,1800,7575
7895,7895,5470100220,20140909T000000,222000.0,3.0,1.5,1310,9273,1.0,0,0,4,7,1310,0,1968,0,98042,47.3683,-122.147,1710,9600
7896,7896,6623400246,20140523T000000,200000.0,4.0,1.0,1350,11507,1.0,0,0,3,7,1350,0,1966,0,98055,47.4269,-122.197,1320,25675
7897,7897,3918400028,20141021T000000,367000.0,3.0,2.25,1400,1320,3.0,0,2,3,8,1400,0,2006,0,98133,47.7147,-122.356,1490,1449
7898,7898,1422700040,20150514T000000,183000.0,3.0,1.0,1170,7320,1.0,0,0,3,7,1170,0,1962,0,98188,47.4685,-122.282,2040,7320
7899,7899,7660100336,20141210T000000,300000.0,3.0,2.5,1020,1570,2.0,0,0,3,7,720,300,2004,0,98144,47.5871,-122.317,1470,1249
7900,7900,6145602240,20140819T000000,369000.0,3.0,1.75,1300,3844,1.0,0,0,3,7,1300,0,1985,0,98133,47.7024,-122.355,1290,3844
7901,7901,7287100035,20140731T000000,380000.0,3.0,2.0,2010,16736,2.0,0,0,4,6,2010,0,1929,0,98133,47.7643,-122.352,1890,11477
7902,7902,5101405465,20150203T000000,463000.0,3.0,2.0,1590,5009,2.0,0,0,4,6,1590,0,1985,0,98125,47.7012,-122.322,1730,6380
7903,7903,3756500180,20141208T000000,475000.0,3.0,1.0,1470,9750,1.0,0,0,3,7,1470,0,1963,0,98034,47.7155,-122.194,1300,9750
7904,7904,3750605620,20150324T000000,225000.0,3.0,1.75,1580,14400,1.0,0,0,4,7,1580,0,1981,0,98001,47.2598,-122.281,1480,9600
7905,7905,2473350790,20150511T000000,371000.0,3.0,1.75,1970,9512,1.0,0,0,3,8,1970,0,1968,0,98058,47.4545,-122.146,2250,10573
7906,7906,3389900965,20140827T000000,625000.0,3.0,2.5,2330,3141,2.0,0,0,3,8,2330,0,2003,0,98116,47.5622,-122.392,1980,5265
7907,7907,1068000375,20140923T000000,3200000.0,6.0,5.0,7100,18200,2.5,0,0,3,13,5240,1860,1933,2002,98199,47.6427,-122.408,3130,6477
7908,7908,9407100730,20150129T000000,329000.0,3.0,1.75,1230,10725,1.0,0,0,3,7,1230,0,1980,0,98045,47.4431,-121.772,1250,10170
7909,7909,7618700112,20150210T000000,634000.0,3.0,1.75,2570,13000,2.0,0,0,4,7,2570,0,1962,0,98177,47.7705,-122.371,2570,8521
7910,7910,5104540360,20141107T000000,616000.0,4.0,2.5,3440,6915,2.0,0,0,3,10,3440,0,2006,0,98038,47.3538,-122.004,3200,6915
7911,7911,1051000040,20150424T000000,1824100.0,3.0,2.25,3330,20053,2.0,0,0,3,9,3330,0,1968,1998,98004,47.6395,-122.214,2870,20053
7912,7912,2896400300,20150319T000000,435000.0,4.0,2.25,1780,2684,2.0,0,0,3,7,1780,0,2002,0,98072,47.7642,-122.149,1670,2426
7913,7913,5003600120,20150415T000000,320000.0,4.0,2.5,2110,6295,2.0,0,0,3,8,2110,0,2000,0,98030,47.3641,-122.193,2720,6311
7914,7914,6352600490,20150114T000000,820000.0,4.0,3.5,2770,8049,2.0,0,0,3,9,2770,0,2002,0,98074,47.6469,-122.081,3410,7447
7915,7915,3820350120,20140822T000000,310000.0,3.0,2.5,1590,3359,2.0,0,0,3,7,1590,0,2000,0,98019,47.7349,-121.986,1820,3383
7916,7916,4235400097,20141202T000000,443750.0,3.0,2.25,1460,968,2.0,0,0,3,7,1140,320,2003,0,98199,47.6601,-122.4,1460,1531
7917,7917,2757000040,20140605T000000,795000.0,4.0,2.25,2070,13084,1.0,0,0,4,8,1700,370,1967,0,98040,47.5606,-122.222,2520,10180
7918,7918,537000325,20141104T000000,475000.0,3.0,2.5,2420,36862,1.0,0,0,4,8,1530,890,1957,0,98003,47.3264,-122.308,1670,9046
7919,7919,9522100485,20140515T000000,585000.0,5.0,1.75,2000,3750,2.0,0,0,4,7,2000,0,1921,0,98103,47.6618,-122.355,1520,3750
7920,7920,345700040,20140729T000000,315000.0,2.0,1.0,1010,7338,2.0,0,0,4,7,1010,0,1981,0,98056,47.5123,-122.19,1220,7719
7921,7921,3904960910,20140917T000000,635000.0,4.0,2.5,3050,7238,2.0,0,0,3,8,3050,0,1989,0,98029,47.5772,-122.013,2580,7228
7922,7922,1771000690,20140528T000000,305000.0,3.0,1.0,1160,11776,1.0,0,0,3,7,1160,0,1968,0,98077,47.7427,-122.074,1160,10050
7923,7923,1931300035,20140516T000000,785000.0,3.0,2.0,2180,5440,1.0,0,0,5,7,1100,1080,1904,0,98103,47.657,-122.345,1470,4109
7924,7924,2770601800,20141024T000000,525000.0,3.0,1.75,1560,6000,1.0,0,0,3,6,780,780,1944,0,98199,47.6501,-122.384,1560,1734
7925,7925,5309100515,20150120T000000,537000.0,4.0,1.75,1580,3635,1.0,0,0,4,7,790,790,1910,0,98117,47.6795,-122.371,1190,3638
7926,7926,984210850,20150217T000000,279950.0,3.0,1.75,1660,8303,1.0,0,0,3,7,1380,280,1974,0,98058,47.4366,-122.171,1740,8320
7927,7927,924059233,20141208T000000,659000.0,4.0,2.0,2350,9329,2.0,0,0,3,8,2350,0,1977,0,98005,47.583,-122.17,1640,9403
7928,7928,5029451080,20140821T000000,203000.0,2.0,1.0,1440,6650,1.0,0,0,3,7,970,470,1980,0,98023,47.2896,-122.369,1600,6847
7929,7929,4379400220,20140909T000000,782500.0,4.0,2.5,2930,7806,2.0,0,0,3,9,2930,0,2005,0,98074,47.6219,-122.024,2600,6051
7930,7930,5419800220,20140610T000000,250000.0,3.0,1.75,1590,7560,1.0,0,0,3,7,1130,460,1984,0,98031,47.4016,-122.18,1500,7560
7931,7931,1839500065,20140805T000000,279000.0,3.0,1.0,1400,9450,1.0,0,0,4,7,1060,340,1955,0,98056,47.5051,-122.194,1400,8108
7932,7932,2525059172,20141125T000000,664000.0,6.0,2.5,3190,12196,2.0,0,0,4,8,3190,0,1979,0,98052,47.6309,-122.103,2790,13068
7933,7933,7159200040,20140917T000000,2900000.0,4.0,3.25,4580,4838,2.0,0,3,4,11,3080,1500,1991,0,98109,47.6305,-122.354,3540,6483
7934,7934,3812400107,20150330T000000,378500.0,4.0,2.0,1830,6000,1.0,0,0,5,7,1070,760,1953,0,98118,47.5453,-122.279,1830,5500
7935,7935,2726079061,20140507T000000,535000.0,3.0,1.75,2720,149410,1.5,0,0,3,9,2720,0,1988,0,98014,47.7092,-121.892,2560,149410
7936,7936,1270000040,20140716T000000,520000.0,2.0,1.0,1360,22508,1.0,0,0,3,7,1360,0,1932,0,98034,47.7101,-122.226,2830,12600
7937,7937,2113700115,20150504T000000,369950.0,3.0,2.0,1520,4000,1.0,0,0,5,6,800,720,1943,0,98106,47.531000000000006,-122.351,1430,4000
7938,7938,824069113,20140924T000000,545000.0,3.0,2.25,2290,14585,2.0,0,0,3,8,2290,0,1981,0,98075,47.5874,-122.074,1660,36961
7939,7939,8856920110,20150504T000000,360000.0,3.0,2.5,2150,14092,2.0,0,0,3,8,2150,0,1991,0,98058,47.4621,-122.129,2400,10699
7940,7940,8146100410,20140805T000000,760000.0,3.0,1.5,1170,7645,1.0,0,0,4,7,1170,0,1955,0,98004,47.6077,-122.194,1870,7678
7941,7941,5101400838,20140916T000000,450000.0,3.0,1.75,1830,5488,1.0,0,2,4,7,1010,820,1939,0,98115,47.6914,-122.309,1200,5488
7942,7942,1088800850,20140502T000000,612500.0,4.0,2.5,2730,12261,2.0,0,0,3,9,2730,0,1991,0,98011,47.7419,-122.205,2730,10872
7943,7943,1061400360,20140701T000000,280000.0,3.0,1.0,1090,10710,1.0,0,0,4,7,1090,0,1962,0,98056,47.5,-122.169,1090,10440
7944,7944,9545250110,20150414T000000,750000.0,3.0,2.5,2560,9182,2.0,0,0,3,9,2560,0,1993,0,98027,47.5361,-122.051,2800,8784
7945,7945,425400115,20140715T000000,237000.0,3.0,1.0,1160,6132,1.0,0,0,4,7,1160,0,1958,0,98056,47.5015,-122.173,1280,6132
7946,7946,2436700315,20141014T000000,441500.0,2.0,1.75,1010,4000,1.5,0,0,5,7,1010,0,1919,0,98105,47.6665,-122.287,1470,4000
7947,7947,1545803520,20150126T000000,251000.0,3.0,2.0,1650,7930,1.0,0,0,4,7,1650,0,1989,0,98038,47.3617,-122.05,1510,7930
7948,7948,257000037,20141229T000000,200000.0,3.0,1.0,2120,31564,1.0,0,0,3,7,1220,900,1942,0,98168,47.4938,-122.298,1790,11571
7949,7949,5016000315,20140616T000000,332000.0,1.0,1.0,960,2640,1.0,0,0,3,7,760,200,1908,0,98112,47.6223,-122.294,1620,3759
7950,7950,6300500477,20140826T000000,401500.0,3.0,2.5,1509,1114,3.0,0,0,3,8,1509,0,2014,0,98133,47.7048,-122.34,1509,2431
7951,7951,4022905172,20140926T000000,585000.0,4.0,1.75,2270,27122,1.0,0,0,5,8,1300,970,1957,0,98155,47.7637,-122.281,2380,11822
7952,7952,7300000650,20140702T000000,340000.0,4.0,2.5,1954,4805,2.0,0,0,3,8,1954,0,2005,0,98055,47.4297,-122.19,1714,3259
7953,7953,8682282070,20150112T000000,920000.0,3.0,3.5,2800,7694,1.0,0,0,3,9,2800,0,2005,0,98053,47.7095,-122.022,2420,7694
7954,7954,7812801115,20140613T000000,153000.0,3.0,1.0,1270,6405,1.5,0,0,3,6,1270,0,1944,0,98178,47.4959,-122.241,1110,6405
7955,7955,9269750690,20150105T000000,299950.0,4.0,2.25,1810,7601,1.0,0,0,3,7,1080,730,1986,0,98023,47.2857,-122.358,1570,7601
7956,7956,1402620120,20150512T000000,440000.0,4.0,2.5,2410,7517,2.0,0,0,3,8,2410,0,1983,0,98058,47.4388,-122.142,2420,8095
7957,7957,3793501390,20140915T000000,293000.0,3.0,2.5,1690,17383,2.0,0,0,3,7,1690,0,2003,0,98038,47.3691,-122.031,2610,7999
7958,7958,9282800065,20150329T000000,203000.0,3.0,1.75,1190,6000,1.0,0,0,3,7,1190,0,1952,2015,98178,47.5026,-122.236,1200,6000
7959,7959,1921059310,20150320T000000,193000.0,2.0,1.75,1280,6774,1.0,0,0,3,7,1280,0,1991,0,98002,47.2925,-122.219,1450,7810
7960,7960,109000040,20150316T000000,305000.0,3.0,1.75,1460,7862,1.0,0,0,3,7,1460,0,1965,0,98155,47.7755,-122.299,2200,9293
7961,7961,5101405331,20140502T000000,495000.0,4.0,1.75,1600,6380,1.0,0,0,3,8,1130,470,1959,0,98125,47.701,-122.306,1090,6380
7962,7962,2044500142,20140902T000000,420000.0,3.0,1.75,1770,6000,1.0,0,0,3,7,1130,640,1952,0,98125,47.7135,-122.315,1900,7200
7963,7963,1837010040,20140905T000000,569500.0,4.0,2.5,2800,8190,1.0,0,0,3,8,1700,1100,1971,0,98177,47.7695,-122.368,2460,8165
7964,7964,3905000540,20140515T000000,620000.0,4.0,2.5,2680,9185,2.0,0,0,3,9,2680,0,1989,0,98029,47.5738,-121.992,2810,8505
7965,7965,6071200375,20141211T000000,466000.0,3.0,1.75,1680,9460,1.0,0,0,4,7,1680,0,1959,0,98006,47.5525,-122.182,1690,9448
7966,7966,3756500610,20150324T000000,355500.0,3.0,1.0,1120,10032,1.0,0,0,3,7,1120,0,1962,0,98034,47.7182,-122.194,1210,9918
7967,7967,3885805035,20150508T000000,687500.0,2.0,1.0,1040,7200,1.0,0,0,4,6,1040,0,1955,0,98033,47.6823,-122.203,1640,7200
7968,7968,7525100530,20150411T000000,432100.0,3.0,2.25,1790,2240,2.0,0,0,4,8,1790,0,1975,0,98052,47.6343,-122.106,1780,2560
7969,7969,1324059048,20140721T000000,500000.0,3.0,2.5,2410,34848,1.5,0,0,3,8,2410,0,1976,0,98006,47.5694,-122.12,2420,16424
7970,7970,3904921250,20141010T000000,690000.0,5.0,3.25,3370,7313,2.0,0,0,4,8,2140,1230,1988,0,98029,47.5632,-122.015,2990,7806
7971,7971,3331500485,20150102T000000,350000.0,2.0,1.0,800,5150,1.0,0,0,4,6,800,0,1949,0,98118,47.5525,-122.274,1280,5150
7972,7972,7338401759,20140610T000000,268000.0,2.0,1.0,1380,5000,1.0,0,0,3,7,870,510,1943,0,98108,47.5339,-122.293,1450,5000
7973,7973,3122069029,20140619T000000,120000.0,2.0,1.0,990,39964,1.0,0,0,2,4,990,0,1945,0,98042,47.3577,-122.085,1560,8990
7974,7974,3797310150,20150218T000000,285000.0,4.0,2.5,1800,9229,2.0,0,0,3,7,1800,0,1994,0,98022,47.1927,-122.015,1970,9231
7975,7975,2205500540,20141008T000000,365000.0,4.0,1.5,1820,12327,1.0,0,0,4,7,1380,440,1955,0,98006,47.5767,-122.144,1450,9256
7976,7976,7202310040,20150408T000000,635000.0,3.0,2.5,2620,6842,2.0,0,0,3,7,2620,0,2002,0,98053,47.6846,-122.037,2280,4800
7977,7977,3630120330,20140708T000000,630000.0,2.0,2.5,2290,3507,2.0,0,0,3,9,2290,0,2005,0,98029,47.5545,-122.002,2290,3640
7978,7978,4310700665,20150305T000000,450000.0,4.0,3.0,2200,4466,2.0,0,0,3,7,2200,0,1968,0,98103,47.7005,-122.339,1780,2250
7979,7979,7504001080,20150304T000000,590000.0,4.0,2.5,2940,12600,1.0,0,0,4,8,1850,1090,1974,0,98074,47.6294,-122.062,2030,11770
7980,7980,2021200770,20140909T000000,895000.0,2.0,1.75,1700,3618,1.0,0,1,3,8,1260,440,1950,0,98199,47.6336,-122.397,2200,5000
7981,7981,2005600090,20140514T000000,160000.0,3.0,1.0,860,11900,1.0,0,0,4,6,860,0,1963,0,98030,47.3574,-122.186,1660,10248
7982,7982,123000110,20140930T000000,520000.0,2.0,1.0,910,5000,1.0,0,0,3,7,910,0,1924,0,98107,47.6733,-122.37,1050,5000
7983,7983,2473372170,20140806T000000,432000.0,4.0,3.25,2820,13059,2.0,0,0,4,8,2820,0,1976,0,98058,47.4508,-122.132,2360,8600
7984,7984,7227500865,20140519T000000,141800.0,2.0,1.0,930,4743,1.0,0,0,4,5,930,0,1942,0,98056,47.4966,-122.187,930,4779
7985,7985,510001280,20140714T000000,980000.0,4.0,2.0,2190,4560,2.5,0,0,5,8,2190,0,1910,0,98103,47.662,-122.329,2190,4560
7986,7986,3886903615,20150416T000000,1290000.0,4.0,2.5,3430,7200,2.0,0,0,3,9,3430,0,2014,0,98033,47.6842,-122.196,1530,7800
7987,7987,439200035,20141117T000000,740000.0,4.0,2.75,2560,6900,1.0,0,0,3,8,1480,1080,1959,0,98115,47.68600000000001,-122.297,2600,7200
7988,7988,4303200184,20141010T000000,230000.0,2.0,1.0,770,6450,1.0,0,0,4,6,770,0,1948,0,98106,47.531000000000006,-122.358,780,6063
7989,7989,9362000040,20140623T000000,3400000.0,3.0,4.5,5230,17826,2.0,1,4,3,10,3740,1490,2005,0,98040,47.5348,-122.243,3670,17826
7990,7990,4039701280,20150408T000000,954500.0,3.0,2.25,2440,9689,1.0,0,2,4,8,1830,610,1974,0,98008,47.6141,-122.111,2730,9689
7991,7991,9828201202,20150316T000000,622000.0,3.0,1.5,1650,3150,1.5,0,0,4,8,1650,0,1929,0,98122,47.6156,-122.297,1650,4500
7992,7992,2734100835,20150303T000000,90000.0,1.0,1.0,780,4000,1.0,0,0,3,5,780,0,1905,0,98108,47.5424,-122.321,1150,4000
7993,7993,6749700110,20141029T000000,342000.0,3.0,3.0,1260,1634,3.0,0,0,3,8,1260,0,1998,0,98103,47.697,-122.349,1260,1135
7994,7994,3832060940,20140729T000000,305000.0,4.0,2.5,2320,4683,2.0,0,0,3,7,2320,0,2007,0,98042,47.3349,-122.059,2230,5750
7995,7995,2214800110,20140820T000000,259900.0,4.0,2.75,1560,8820,1.0,0,3,3,7,1060,500,1979,0,98001,47.3382,-122.257,2140,7800
7996,7996,1909600115,20140827T000000,420000.0,3.0,2.0,2330,6346,1.5,0,0,3,6,1600,730,1934,2014,98146,47.5135,-122.38,1380,8400
7997,7997,40000553,20150304T000000,250000.0,2.0,1.0,1400,19570,1.5,0,0,3,6,1100,300,1929,0,98168,47.4724,-122.271,2250,6500
7998,7998,7686203195,20150323T000000,249950.0,3.0,1.5,1450,6875,1.0,0,0,4,7,1450,0,1961,0,98198,47.4205,-122.316,1270,8000
7999,7999,2923059064,20150217T000000,199000.0,2.0,1.0,1140,15120,1.0,0,0,4,6,990,150,1932,0,98055,47.4521,-122.196,2320,11250
8000,8000,2895600090,20150407T000000,355200.0,3.0,1.0,1120,7320,1.0,0,0,4,7,1120,0,1954,0,98146,47.5103,-122.382,1410,6328
8001,8001,4019301386,20140909T000000,425000.0,3.0,1.5,1970,13709,1.0,0,0,4,7,1680,290,1955,0,98155,47.7562,-122.277,2200,16536
8002,8002,7199360100,20141112T000000,379500.0,3.0,1.0,1110,7128,1.0,0,0,3,7,1110,0,1980,0,98052,47.6968,-122.124,1510,7107
8003,8003,1241500032,20140819T000000,860000.0,4.0,2.5,3070,6923,2.0,0,0,3,9,3070,0,2009,0,98033,47.669,-122.172,2190,9218
8004,8004,9558020610,20140512T000000,335000.0,3.0,2.5,1940,4927,2.0,0,0,3,8,1940,0,2004,0,98058,47.4479,-122.12,2070,4892
8005,8005,2050100450,20141105T000000,865000.0,3.0,2.5,3050,12558,2.0,0,0,3,10,3050,0,1997,0,98074,47.6549,-122.089,3543,12558
8006,8006,1250200600,20150408T000000,390000.0,3.0,1.0,1240,3600,1.5,0,0,3,7,1240,0,1902,0,98144,47.5986,-122.298,1680,3600
8007,8007,9325200110,20140909T000000,569950.0,5.0,4.25,3380,7805,2.0,0,0,3,8,3380,0,2014,0,98148,47.4349,-122.328,2790,7805
8008,8008,293850040,20150205T000000,495500.0,3.0,2.5,3190,7828,2.0,0,0,3,9,3190,0,2006,0,98059,47.5047,-122.144,2970,7828
8009,8009,3723800097,20141211T000000,476500.0,4.0,1.75,1670,10200,1.0,0,0,3,7,1390,280,1953,0,98118,47.5524,-122.267,1720,6860
8010,8010,7788400180,20140812T000000,261000.0,3.0,1.0,1660,11200,1.0,0,0,3,7,1660,0,1957,0,98056,47.5121,-122.168,1380,10875
8011,8011,2206700215,20140822T000000,375000.0,4.0,2.0,2070,9822,1.0,0,0,5,7,2070,0,1955,0,98006,47.566,-122.14,1300,9572
8012,8012,2206700215,20150422T000000,550000.0,4.0,2.0,2070,9822,1.0,0,0,5,7,2070,0,1955,0,98006,47.566,-122.14,1300,9572
8013,8013,603001050,20140723T000000,230000.0,2.0,1.0,1430,4000,1.0,0,0,3,7,930,500,1949,0,98118,47.5233,-122.284,1110,4000
8014,8014,3583400120,20150204T000000,526750.0,5.0,2.5,2270,10700,1.0,0,0,4,8,1570,700,1963,0,98028,47.74100000000001,-122.256,2020,10230
8015,8015,3886903155,20150304T000000,606000.0,3.0,2.0,1980,7680,1.5,0,0,4,6,1070,910,1911,0,98033,47.6839,-122.195,1330,8704
8016,8016,9485910100,20150424T000000,368500.0,4.0,2.75,2500,26400,1.0,0,0,3,8,1780,720,1977,0,98031,47.3444,-122.084,2180,31900
8017,8017,3223039089,20140929T000000,275000.0,3.0,1.0,1230,171190,1.0,0,0,3,7,1230,0,1973,0,98070,47.4397,-122.46,1550,15450
8018,8018,2596300035,20150422T000000,342000.0,4.0,1.0,1390,9023,1.5,0,0,3,7,1390,0,1955,0,98155,47.7754,-122.296,1760,9023
8019,8019,9542801120,20150327T000000,278100.0,4.0,1.75,2120,8520,1.0,0,0,3,7,1600,520,1978,0,98023,47.302,-122.373,2160,8400
8020,8020,8150600195,20141028T000000,450000.0,4.0,2.75,1540,4840,1.0,0,2,4,7,850,690,1929,0,98126,47.5491,-122.375,1180,4840
8021,8021,6806100040,20140825T000000,349950.0,4.0,2.5,2000,5006,2.0,0,0,3,7,2000,0,2005,0,98058,47.466,-122.147,2410,4889
8022,8022,8857640040,20150410T000000,425000.0,4.0,2.5,2400,6053,2.0,0,0,3,8,2400,0,2001,0,98038,47.3869,-122.033,2460,6519
8023,8023,2138000120,20140626T000000,435000.0,4.0,2.75,2110,8751,1.0,0,0,3,7,1510,600,1962,0,98011,47.7617,-122.215,1660,10295
8024,8024,4022902260,20140626T000000,460000.0,4.0,2.5,2550,19017,1.0,0,0,4,7,1300,1250,1961,0,98155,47.7682,-122.284,2080,21100
8025,8025,2225300149,20141222T000000,323000.0,4.0,1.75,1440,8114,1.0,0,0,4,7,1440,0,1963,0,98155,47.7639,-122.332,1940,7208
8026,8026,3438500880,20150430T000000,325000.0,2.0,1.0,810,6827,1.0,0,0,3,6,810,0,1944,0,98106,47.5495,-122.357,990,6827
8027,8027,1646502165,20140813T000000,480000.0,2.0,1.75,1170,4635,1.0,0,0,4,6,690,480,1924,0,98117,47.6842,-122.359,1240,4120
8028,8028,9541600110,20150430T000000,1325000.0,3.0,2.5,3590,8400,1.0,0,0,3,9,2950,640,1958,2007,98005,47.595,-122.173,1620,7875
8029,8029,3348401095,20150427T000000,210000.0,4.0,1.75,2090,6485,1.0,0,0,3,7,1280,810,1956,0,98178,47.4958,-122.265,2190,9600
8030,8030,7579200915,20150401T000000,920000.0,5.0,4.5,3820,5750,2.0,0,3,3,9,2830,990,2000,0,98116,47.5581,-122.385,1750,5750
8031,8031,2126049096,20141202T000000,399000.0,3.0,1.0,1460,8290,1.0,0,0,3,8,1460,0,1959,0,98125,47.7246,-122.3,1470,8290
8032,8032,6021500025,20140818T000000,631750.0,3.0,1.75,2360,4063,1.0,0,0,5,7,1180,1180,1940,0,98117,47.6902,-122.382,1660,4063
8033,8033,8945000910,20150326T000000,184000.0,3.0,1.0,1100,8680,1.0,0,0,3,6,1100,0,1962,0,98023,47.3072,-122.363,1100,9220
8034,8034,2473411130,20150416T000000,333000.0,4.0,2.5,2100,7208,2.0,0,0,3,8,2100,0,1974,0,98058,47.4478,-122.128,2060,7480
8035,8035,2781250900,20140620T000000,218000.0,2.0,2.0,1310,2841,2.0,0,0,3,6,1310,0,2004,0,98038,47.3502,-122.022,1360,2550
8036,8036,3330500925,20150224T000000,258305.0,2.0,1.5,750,2964,1.0,0,0,5,5,750,0,1919,0,98118,47.5518,-122.277,1350,3090
8037,8037,9522100375,20140715T000000,775000.0,5.0,1.5,1720,5000,1.5,0,0,3,8,1720,0,1915,0,98103,47.6627,-122.355,1720,5000
8038,8038,1826049362,20140611T000000,515000.0,3.0,2.5,3370,19585,2.0,0,0,3,7,3200,170,1951,0,98133,47.7388,-122.339,1730,9430
8039,8039,1250200495,20140624T000000,455000.0,2.0,1.5,1200,1259,2.0,0,0,3,8,1000,200,2015,0,98144,47.6001,-122.298,1320,1852
8040,8040,5662100110,20150218T000000,440000.0,3.0,2.5,1830,6807,2.5,0,0,5,7,1830,0,1954,0,98155,47.7613,-122.322,1340,6807
8041,8041,2025049111,20140619T000000,1440000.0,3.0,3.5,3870,3819,2.0,0,0,3,11,2760,1110,2002,0,98102,47.6452,-122.317,2530,5500
8042,8042,7576700131,20140714T000000,850000.0,3.0,2.25,2220,3707,2.0,0,0,4,8,1620,600,1919,0,98122,47.617,-122.286,2030,4850
8043,8043,4027701265,20150501T000000,480000.0,3.0,1.75,2920,21375,1.0,0,0,3,8,1850,1070,1961,0,98028,47.7666,-122.265,1540,8482
8044,8044,3423059177,20141126T000000,420000.0,5.0,2.75,2540,27007,1.0,0,0,3,8,1520,1020,1980,2014,98058,47.4326,-122.155,1800,26572
8045,8045,3876312840,20140912T000000,408000.0,3.0,1.75,1970,7100,1.0,0,0,3,7,1590,380,1976,0,98072,47.7353,-122.172,1790,7455
8046,8046,6928600330,20140820T000000,278000.0,5.0,1.75,2170,9752,1.0,0,0,3,7,1100,1070,1962,0,98003,47.3355,-122.331,1810,10609
8047,8047,5316100820,20150122T000000,1195000.0,3.0,3.0,2350,1620,2.0,0,0,3,9,1560,790,2001,0,98112,47.6308,-122.279,2000,4380
8048,8048,1022059161,20140613T000000,454000.0,4.0,2.25,2630,39000,2.0,0,0,3,9,2630,0,1979,0,98042,47.4089,-122.149,2270,66647
8049,8049,4134300175,20150417T000000,1851000.0,4.0,2.5,4120,14866,1.0,1,4,3,8,2070,2050,1965,0,98006,47.5571,-122.193,3620,19729
8050,8050,7853301130,20150505T000000,499000.0,4.0,2.25,2440,5000,2.0,0,0,3,7,2440,0,2007,0,98065,47.5407,-121.89,2440,5212
8051,8051,6928000620,20150218T000000,590000.0,5.0,3.0,3480,6625,2.0,0,0,3,8,3480,0,2012,0,98059,47.4815,-122.153,2800,9400
8052,8052,5680000750,20140730T000000,385000.0,3.0,3.5,1900,4805,2.0,0,0,3,8,1560,340,1999,0,98108,47.5686,-122.315,1360,4800
8053,8053,333100265,20140924T000000,1250000.0,4.0,3.25,3160,10043,2.0,0,2,3,9,3160,0,2011,0,98034,47.7001,-122.238,3450,10043
8054,8054,3530490031,20140924T000000,202200.0,2.0,1.75,1330,2159,1.0,0,0,4,8,1330,0,1979,0,98198,47.3822,-122.32,1220,3679
8055,8055,6400700230,20150311T000000,450000.0,3.0,2.25,1420,13468,1.0,0,0,3,7,960,460,1976,0,98033,47.6693,-122.176,1480,10980
8056,8056,322069010,20150508T000000,435000.0,3.0,2.0,2570,233481,1.5,0,0,4,8,2570,0,1986,0,98038,47.4199,-122.034,2280,157687
8057,8057,2722059013,20150204T000000,550000.0,2.0,1.0,1270,43560,1.0,0,0,4,5,1270,0,1908,0,98042,47.3651,-122.165,1870,6960
8058,8058,3878900815,20150504T000000,361000.0,3.0,2.25,2470,5650,1.0,0,2,3,7,1550,920,1973,0,98178,47.5072,-122.252,1660,5650
8059,8059,2600010330,20150120T000000,760000.0,4.0,2.25,2590,12600,2.0,0,0,3,9,2590,0,1979,0,98006,47.5566,-122.162,2620,11050
8060,8060,3889100027,20140616T000000,902000.0,4.0,2.5,3030,8507,2.0,0,0,3,9,3030,0,2003,0,98033,47.6675,-122.176,2570,8830
8061,8061,3505100297,20150411T000000,505000.0,3.0,1.75,1240,4550,1.5,0,0,4,7,1240,0,1951,0,98116,47.5803,-122.398,2110,5700
8062,8062,5560001130,20150225T000000,200000.0,3.0,1.0,1040,8925,1.0,0,0,4,6,1040,0,1961,0,98023,47.3265,-122.335,1040,8925
8063,8063,1311910300,20150204T000000,260000.0,5.0,2.25,2320,6375,1.0,0,0,4,7,1270,1050,1967,0,98001,47.3351,-122.282,1760,7600
8064,8064,7518505160,20140925T000000,417000.0,2.0,1.0,1190,5100,1.5,0,0,2,7,1190,0,1928,0,98117,47.6773,-122.382,1920,5100
8065,8065,2115510330,20150202T000000,287500.0,3.0,2.25,2030,8690,1.0,0,0,4,8,1360,670,1986,0,98023,47.3185,-122.391,1720,8800
8066,8066,3955500100,20150407T000000,450000.0,3.0,1.5,1390,10530,1.0,0,0,3,7,1390,0,1961,0,98033,47.7025,-122.196,1750,10530
8067,8067,2771104965,20150130T000000,825000.0,2.0,1.75,2050,4000,1.5,0,2,3,8,2050,0,1979,0,98119,47.6415,-122.373,1940,4000
8068,8068,5317100530,20140827T000000,1475000.0,4.0,3.0,3050,6179,2.0,0,0,4,9,2330,720,1926,0,98112,47.6253,-122.284,3020,6505
8069,8069,3336002215,20150225T000000,319950.0,2.0,1.0,1240,5500,1.5,0,0,3,6,1240,0,1921,0,98118,47.5257,-122.263,1520,5500
8070,8070,9408300180,20140828T000000,682000.0,4.0,2.5,3030,30000,2.0,0,0,4,9,3030,0,1981,0,98072,47.7468,-122.112,2600,34932
8071,8071,2770604575,20150506T000000,560000.0,3.0,1.75,1930,6000,1.0,0,0,3,8,1130,800,1956,0,98119,47.6516,-122.375,1870,6000
8072,8072,7305900082,20141230T000000,350000.0,3.0,1.75,1490,10344,1.0,0,0,3,7,1490,0,1985,0,98155,47.7517,-122.326,1450,8632
8073,8073,8661000148,20141028T000000,270000.0,3.0,2.0,1510,10215,1.0,0,0,4,7,1510,0,1995,0,98022,47.2078,-122.003,1370,8902
8074,8074,7968460230,20150305T000000,284000.0,3.0,1.75,1320,35100,1.0,0,0,3,7,1320,0,1990,0,98092,47.312,-122.129,1660,35100
8075,8075,827000110,20140714T000000,308000.0,4.0,2.5,2330,4606,2.0,0,0,3,8,2330,0,2004,0,98031,47.3934,-122.184,2330,5783
8076,8076,3390600025,20140529T000000,450000.0,4.0,2.0,2240,7725,1.0,0,0,5,7,1120,1120,1956,0,98106,47.5331,-122.365,1340,6300
8077,8077,1026069172,20140618T000000,540000.0,4.0,2.5,2050,34222,2.0,0,0,4,8,2050,0,1989,0,98077,47.7572,-122.022,2240,51400
8078,8078,1226039103,20140610T000000,380000.0,4.0,1.5,1680,11123,1.0,0,0,3,7,1130,550,1959,0,98177,47.7565,-122.361,1770,10103
8079,8079,2125079054,20150224T000000,522500.0,4.0,2.75,2200,122403,1.5,0,0,3,7,2200,0,1971,0,98014,47.6301,-121.911,1710,74487
8080,8080,1545807810,20141021T000000,118000.0,1.0,1.0,670,7957,1.0,0,0,4,6,670,0,1978,0,98038,47.3594,-122.056,1600,7957
8081,8081,7205500120,20150423T000000,280400.0,4.0,1.75,1730,7210,1.0,0,0,4,7,1010,720,1968,0,98003,47.354,-122.315,1620,7210
8082,8082,924069176,20140903T000000,710000.0,4.0,2.75,2710,41811,1.5,0,0,4,8,1690,1020,1995,0,98075,47.5836,-122.046,2110,35656
8083,8083,4045500620,20140910T000000,720000.0,3.0,3.25,3410,25741,2.0,0,0,4,8,3410,0,1993,0,98014,47.6929,-121.868,1660,25865
8084,8084,8146100325,20140505T000000,787000.0,3.0,1.75,1330,7500,1.0,0,0,3,8,1330,0,1961,0,98004,47.6074,-122.195,1690,7800
8085,8085,8663240180,20150330T000000,537000.0,4.0,2.5,1990,2660,2.0,0,0,3,8,1990,0,2012,0,98034,47.732,-122.178,1990,2665
8086,8086,2087700115,20141103T000000,650000.0,2.0,1.5,1900,4450,1.0,0,0,5,7,1500,400,1916,0,98144,47.5834,-122.293,2130,5000
8087,8087,7973202225,20150106T000000,154200.0,4.0,1.0,1310,8640,1.0,0,0,3,6,910,400,1948,0,98146,47.5104,-122.342,1310,8640
8088,8088,2557000090,20150115T000000,238000.0,4.0,2.5,1690,7260,1.0,0,0,3,7,1080,610,1979,0,98023,47.3001,-122.368,1690,7700
8089,8089,3500100209,20140804T000000,285650.0,3.0,1.0,1040,8199,1.0,0,0,3,7,1040,0,1953,0,98155,47.7348,-122.302,1420,8200
8090,8090,7234601166,20140807T000000,485500.0,2.0,1.5,1340,1286,2.0,0,0,3,8,1190,150,2006,0,98122,47.617,-122.309,1460,1245
8091,8091,3972900215,20150126T000000,315000.0,2.0,1.0,1120,7350,1.0,0,0,3,7,1120,0,1942,0,98155,47.7648,-122.31,1320,7545
8092,8092,1924059029,20140617T000000,4668000.0,5.0,6.75,9640,13068,1.0,1,4,3,12,4820,4820,1983,2009,98040,47.557,-122.21,3270,10454
8093,8093,3900500110,20141117T000000,627000.0,3.0,2.0,2310,10525,2.0,0,0,5,7,2310,0,1965,0,98033,47.6727,-122.174,1430,10523
8094,8094,5561000600,20150410T000000,525000.0,3.0,2.5,2190,34528,2.0,0,0,3,8,2190,0,1994,0,98027,47.4594,-121.986,2460,37901
8095,8095,3589500315,20140919T000000,526000.0,3.0,3.25,1220,1281,2.0,0,0,3,8,930,290,2014,0,98105,47.67,-122.317,1303,3810
8096,8096,3658700690,20150327T000000,480000.0,3.0,1.5,1200,3060,1.0,0,0,4,7,1060,140,1910,0,98115,47.679,-122.315,1410,3060
8097,8097,4054560120,20141008T000000,970000.0,3.0,3.5,3840,53696,2.0,0,0,3,9,3840,0,1996,0,98077,47.7322,-122.035,3810,35181
8098,8098,3918400123,20140811T000000,640000.0,4.0,2.5,2460,9973,1.0,0,0,4,8,1560,900,1965,0,98177,47.7133,-122.361,1830,7200
8099,8099,2592300450,20140627T000000,279000.0,3.0,2.5,1630,7950,1.0,0,0,3,8,1320,310,1985,0,98042,47.4224,-122.159,1650,7952
8100,8100,123039424,20140710T000000,303000.0,2.0,2.0,970,9750,1.0,0,0,5,6,970,0,1940,0,98146,47.5073,-122.372,1850,9000
8101,8101,8068000730,20140625T000000,315000.0,4.0,2.0,1780,5336,1.5,0,0,5,6,930,850,1918,0,98178,47.5094,-122.263,1910,10304
8102,8102,7461420230,20150325T000000,336500.0,4.0,1.75,1760,7268,1.0,0,0,4,7,1080,680,1979,0,98058,47.4267,-122.148,1830,8786
8103,8103,1443501020,20141113T000000,163250.0,2.0,1.0,770,8150,1.0,0,0,3,6,770,0,1951,0,98118,47.5324,-122.275,1140,8550
8104,8104,3798000165,20150218T000000,444950.0,3.0,1.0,1760,6927,1.0,0,0,3,7,1050,710,1962,0,98011,47.7623,-122.2,2060,9120
8105,8105,730000085,20140801T000000,285000.0,2.0,1.0,990,2446,2.0,0,0,3,7,990,0,1998,0,98144,47.5919,-122.297,1260,2805
8106,8106,2061100265,20150317T000000,370000.0,2.0,1.0,1250,4960,1.0,0,0,3,7,940,310,1938,0,98115,47.6893,-122.325,2030,7440
8107,8107,1683900040,20141215T000000,330000.0,3.0,2.25,1440,5150,2.0,0,0,3,7,1440,0,1997,0,98106,47.5456,-122.356,1530,5238
8108,8108,3959401880,20140820T000000,395000.0,2.0,2.0,1960,4018,1.0,0,0,5,7,980,980,1950,0,98108,47.5629,-122.32,1240,4641
8109,8109,2124049160,20150416T000000,440000.0,6.0,3.0,2510,5310,1.0,0,0,4,7,1460,1050,1944,0,98108,47.5533,-122.304,1390,5407
8110,8110,7708180040,20140503T000000,625000.0,4.0,2.75,2920,6605,2.0,0,0,3,8,2920,0,2012,0,98059,47.4909,-122.144,3030,6605
8111,8111,1422300100,20140929T000000,435000.0,3.0,2.5,1730,46638,2.0,0,0,3,8,1730,0,1991,0,98045,47.4614,-121.709,1750,35508
8112,8112,255550230,20141118T000000,299950.0,3.0,2.5,1570,2577,2.0,0,0,3,7,1570,0,2005,0,98019,47.7456,-121.984,1970,2952
8113,8113,1370804480,20140929T000000,560000.0,2.0,1.75,970,4233,1.0,0,0,4,7,970,0,1944,0,98199,47.6384,-122.4,1340,4233
8114,8114,5104511590,20140520T000000,380000.0,4.0,3.0,2800,9764,2.0,0,0,3,8,2800,0,2002,0,98038,47.3543,-122.012,3610,8194
8115,8115,1498302783,20140519T000000,333000.0,4.0,2.0,1580,7800,2.0,0,0,2,6,1580,0,1906,0,98144,47.5848,-122.302,1190,4440
8116,8116,1623800300,20140610T000000,499000.0,2.0,1.0,1220,3000,1.0,0,0,3,7,920,300,1926,0,98117,47.6823,-122.365,1270,3000
8117,8117,5649600266,20150224T000000,386000.0,3.0,1.5,1550,8000,1.0,0,0,3,6,1330,220,1980,0,98118,47.5536,-122.286,1150,5150
8118,8118,2968801075,20140922T000000,320600.0,3.0,2.0,1220,7620,1.0,0,0,3,6,720,500,1947,2014,98166,47.4564,-122.352,1640,7620
8119,8119,1923039089,20140610T000000,285000.0,2.0,2.0,1651,18200,1.0,0,0,3,6,1651,0,1946,0,98070,47.4621,-122.461,1510,89595
8120,8120,4006000183,20140909T000000,450000.0,7.0,4.0,3150,7800,2.0,0,0,3,8,3150,0,2013,0,98118,47.5259,-122.279,1880,6000
8121,8121,9183700845,20141218T000000,175000.0,2.0,1.0,800,7150,1.0,0,0,3,5,800,0,1933,0,98030,47.3788,-122.224,1220,8019
8122,8122,9558050360,20150421T000000,544800.0,5.0,2.75,3190,5857,2.0,0,0,3,9,3190,0,2004,0,98058,47.4575,-122.119,3100,5857
8123,8123,1683600120,20150121T000000,220000.0,3.0,1.75,1720,7587,1.0,0,0,4,7,1140,580,1981,0,98092,47.3175,-122.182,1120,7287
8124,8124,1604601570,20140905T000000,374000.0,2.0,2.25,1100,1695,2.0,0,0,3,9,1100,0,2009,0,98118,47.5663,-122.289,1100,3082
8125,8125,2787460720,20150227T000000,200000.0,3.0,2.0,1010,7896,1.0,0,0,3,7,1010,0,1984,0,98031,47.4046,-122.181,1540,7896
8126,8126,2787460720,20150506T000000,259950.0,3.0,2.0,1010,7896,1.0,0,0,3,7,1010,0,1984,0,98031,47.4046,-122.181,1540,7896
8127,8127,6386700300,20140722T000000,255000.0,4.0,2.75,1760,9222,1.0,0,0,3,7,1140,620,1971,0,98023,47.3099,-122.362,1800,9222
8128,8128,2297400090,20150323T000000,447000.0,3.0,1.75,1400,6750,1.0,0,0,3,7,1040,360,1975,0,98034,47.717,-122.226,1860,7480
8129,8129,2420069278,20150319T000000,287000.0,3.0,2.5,1820,8722,1.5,0,0,3,7,1820,0,1926,2008,98022,47.2137,-121.989,1480,12285
8130,8130,7276100145,20140930T000000,344950.0,3.0,2.0,1470,6950,1.0,0,0,5,6,1470,0,1932,0,98133,47.7619,-122.343,1660,5065
8131,8131,2475900850,20141010T000000,212000.0,2.0,1.0,770,7000,1.0,0,0,3,6,770,0,1921,0,98024,47.5654,-121.89,1100,8777
8132,8132,3760100100,20140723T000000,425000.0,5.0,2.75,1340,11583,1.0,0,0,3,7,1190,150,1962,0,98034,47.709,-122.214,1950,10514
8133,8133,7849202585,20140904T000000,170000.0,1.0,1.0,480,4560,1.0,0,0,3,5,480,0,1922,0,98065,47.5253,-121.826,890,4803
8134,8134,6430500291,20150212T000000,565000.0,3.0,1.0,1260,4080,1.5,0,0,4,7,1260,0,1928,0,98103,47.6893,-122.354,1130,3876
8135,8135,8151600701,20140623T000000,234000.0,2.0,1.0,870,11100,1.0,0,0,3,6,870,0,1940,0,98146,47.5038,-122.364,1370,10404
8136,8136,2597450620,20141009T000000,1511250.0,3.0,2.5,4010,12105,1.0,0,3,5,11,2600,1410,1983,0,98006,47.554,-122.151,4010,15081
8137,8137,1099900120,20150126T000000,345000.0,3.0,2.5,2340,8414,1.0,0,0,3,7,1280,1060,1993,0,98188,47.4685,-122.265,2340,7268
8138,8138,7853340450,20150427T000000,415000.0,3.0,2.75,1770,3172,2.0,0,0,3,8,1770,0,2009,0,98065,47.5164,-121.878,1760,2891
8139,8139,5652600065,20141010T000000,760000.0,5.0,1.75,2660,10637,1.5,0,0,5,7,1670,990,1922,0,98115,47.6945,-122.292,1570,6825
8140,8140,6114400142,20150226T000000,484000.0,5.0,2.5,3600,20001,2.0,0,0,4,9,3600,0,1976,0,98166,47.4484,-122.339,2860,21780
8141,8141,3630050180,20140926T000000,360000.0,2.0,1.75,1230,1107,2.0,0,0,3,8,1230,0,2006,0,98029,47.5475,-121.999,1380,1107
8142,8142,1853000300,20150224T000000,875000.0,3.0,2.75,3270,39586,1.5,0,0,3,11,3270,0,1988,0,98077,47.731,-122.078,3480,35998
8143,8143,3585900785,20140514T000000,930000.0,3.0,2.5,3100,20553,1.0,0,0,3,10,3100,0,1954,0,98177,47.7635,-122.377,3000,22302
8144,8144,1545801970,20140516T000000,250000.0,3.0,2.0,1900,6660,1.0,0,0,5,7,950,950,1966,0,98038,47.3594,-122.054,1690,8111
8145,8145,7853340610,20150421T000000,394000.0,2.0,2.0,1750,2731,2.0,0,0,3,8,1750,0,2012,0,98065,47.5169,-121.878,1650,2731
8146,8146,8562900590,20150122T000000,865000.0,4.0,3.5,3380,11270,2.0,0,1,3,9,2160,1220,2007,0,98074,47.6124,-122.06,2910,11214
8147,8147,9422400035,20140912T000000,477500.0,2.0,2.0,2090,6000,2.0,0,1,3,7,2090,0,1918,1985,98116,47.5732,-122.413,1600,5400
8148,8148,9273200115,20141217T000000,1250000.0,4.0,2.75,4120,12500,1.0,0,4,4,8,2060,2060,1947,0,98116,47.5914,-122.385,3680,5000
8149,8149,3971700937,20140827T000000,270000.0,3.0,1.75,1260,7500,1.0,0,0,3,6,840,420,1947,0,98155,47.772,-122.323,1340,7500
8150,8150,1508210230,20150428T000000,567000.0,3.0,2.25,1800,6875,1.0,0,0,4,8,1230,570,1974,0,98052,47.6773,-122.11,1800,8749
8151,8151,5249803550,20140602T000000,635000.0,3.0,2.5,1960,7200,1.0,0,0,4,8,980,980,1940,0,98118,47.5655,-122.27,1440,7200
8152,8152,4218400100,20140911T000000,1865000.0,6.0,2.75,4460,6952,2.5,0,2,4,10,3460,1000,1930,0,98105,47.6626,-122.269,2750,4769
8153,8153,1424100100,20140610T000000,183000.0,3.0,1.75,1330,9200,1.0,0,0,4,7,1330,0,1973,0,98092,47.2916,-122.185,1590,9200
8154,8154,7861000021,20150429T000000,309933.0,3.0,1.75,1820,78408,1.0,0,0,3,6,1220,600,1950,0,98042,47.3364,-122.128,1340,78408
8155,8155,7856601110,20150325T000000,945800.0,4.0,2.75,3360,9100,1.0,0,0,4,8,1760,1600,1973,0,98006,47.5641,-122.149,2620,8925
8156,8156,1121039059,20140522T000000,503000.0,2.0,1.75,2860,59612,1.0,1,4,3,8,1510,1350,1948,2003,98023,47.3276,-122.389,2720,59612
8157,8157,522059172,20140814T000000,220000.0,3.0,1.0,1460,10200,1.0,0,0,4,7,1460,0,1957,0,98055,47.4238,-122.197,1460,8500
8158,8158,8594400110,20150401T000000,335000.0,3.0,1.75,1900,36769,1.0,0,0,3,8,1900,0,1987,0,98092,47.3041,-122.066,1950,35847
8159,8159,9201000120,20150422T000000,650000.0,3.0,2.25,1790,9927,1.0,0,2,4,7,1240,550,1969,0,98075,47.5822,-122.077,2610,10700
8160,8160,1822059440,20150203T000000,511000.0,4.0,3.5,3100,7600,2.0,0,0,3,10,3100,0,2005,0,98031,47.3892,-122.215,3350,7638
8161,8161,1623089039,20141217T000000,275000.0,2.0,1.0,900,57063,1.0,0,0,4,6,900,0,1938,0,98045,47.4735,-121.786,1440,268765
8162,8162,452001570,20150403T000000,576250.0,2.0,1.75,1530,5000,2.0,0,0,4,7,1260,270,1989,0,98107,47.6755,-122.37,1470,5000
8163,8163,1724069079,20150319T000000,1452000.0,2.0,3.25,2070,3128,2.0,1,3,3,9,1760,310,1988,0,98075,47.5686,-122.06,2740,3568
8164,8164,3141600210,20140619T000000,186000.0,3.0,2.0,1340,4320,1.0,0,0,3,5,920,420,1912,1993,98002,47.299,-122.228,980,6480
8165,8165,1797500530,20150505T000000,655100.0,1.0,1.0,1220,4160,1.0,0,0,3,7,1220,0,1922,0,98115,47.6746,-122.315,1970,4200
8166,8166,7300400580,20140505T000000,328000.0,4.0,2.5,2370,6500,2.0,0,0,3,9,2370,0,1998,0,98092,47.3328,-122.173,2590,6137
8167,8167,1826049442,20150310T000000,441000.0,3.0,2.5,1890,11036,1.0,0,0,3,8,1460,430,1973,0,98133,47.7426,-122.354,2040,7524
8168,8168,2525000220,20150414T000000,370000.0,3.0,1.75,1480,7725,1.5,0,0,4,7,1480,0,1981,0,98059,47.483,-122.163,1720,8379
8169,8169,191100665,20150413T000000,630000.0,2.0,1.0,1050,8382,1.0,0,0,3,7,1050,0,1959,0,98040,47.5627,-122.221,2400,9525
8170,8170,5634500201,20150414T000000,470500.0,4.0,2.25,2070,14000,1.0,0,0,3,7,1720,350,1958,0,98028,47.7484,-122.237,1690,14444
8171,8171,795000405,20150413T000000,285950.0,2.0,1.0,1170,6000,1.0,0,0,3,6,1170,0,1948,0,98168,47.5033,-122.331,1130,7500
8172,8172,1300300730,20150324T000000,698000.0,3.0,1.5,1090,7200,1.0,0,0,4,7,1090,0,1958,0,98040,47.5817,-122.241,2010,8982
8173,8173,1862900040,20140626T000000,268000.0,3.0,2.5,1650,6684,2.0,0,0,3,7,1650,0,1991,0,98031,47.4051,-122.184,1850,7048
8174,8174,9279700150,20150212T000000,1625000.0,4.0,3.75,4410,8112,3.0,0,4,3,11,3570,840,2003,0,98116,47.5888,-122.392,2770,5750
8175,8175,322059311,20150330T000000,355000.0,4.0,2.5,1780,15000,2.0,0,0,2,7,1780,0,1993,0,98058,47.4239,-122.153,2005,9680
8176,8176,3333002710,20140917T000000,299000.0,3.0,1.0,1550,8778,1.0,0,0,3,7,1250,300,1952,0,98118,47.5413,-122.281,2120,7268
8177,8177,1257200115,20140521T000000,1003000.0,4.0,2.75,2290,6120,2.0,0,0,4,7,2170,120,1926,0,98115,47.6746,-122.327,1910,4590
8178,8178,9183703045,20150420T000000,275000.0,4.0,2.0,2220,8229,1.5,0,0,4,7,2220,0,1958,0,98030,47.3722,-122.22,1660,8396
8179,8179,7899800905,20150503T000000,475000.0,3.0,1.75,1150,10240,1.0,0,0,3,6,1030,120,1918,0,98106,47.5222,-122.357,1270,2566
8180,8180,7215400770,20140623T000000,260000.0,4.0,2.5,2000,37045,2.0,0,0,3,8,2000,0,1989,0,98042,47.3398,-122.071,2390,36868
8181,8181,1139000215,20140718T000000,416000.0,2.0,1.75,1270,7560,1.5,0,0,4,7,1270,0,1932,0,98133,47.7083,-122.357,1480,7560
8182,8182,9218400088,20141119T000000,495000.0,5.0,1.0,1810,11205,1.5,0,2,3,7,1810,0,1915,0,98178,47.5099,-122.262,1860,7965
8183,8183,9455200596,20150114T000000,357500.0,3.0,1.0,1450,8100,1.0,0,0,3,6,1450,0,1952,0,98125,47.7027,-122.289,1450,7800
8184,8184,510002506,20140825T000000,459500.0,2.0,1.5,1170,1079,3.0,0,0,3,7,1170,0,2003,0,98103,47.6607,-122.333,1170,1116
8185,8185,7212680850,20140903T000000,258000.0,3.0,2.5,1730,6930,2.0,0,0,3,8,1730,0,1994,0,98003,47.2621,-122.308,1780,6930
8186,8186,5229300085,20150411T000000,600000.0,3.0,2.25,2680,98445,1.0,0,0,5,8,2680,0,1962,0,98059,47.5015,-122.108,2340,98445
8187,8187,7436000205,20140919T000000,665000.0,3.0,1.0,1260,24550,1.5,0,2,4,7,1260,0,1937,0,98136,47.5442,-122.396,2500,12320
8188,8188,425200205,20141003T000000,165000.0,3.0,1.5,1020,10152,1.0,0,0,5,6,1020,0,1959,0,98056,47.4971,-122.168,1320,8892
8189,8189,7138200150,20140518T000000,297000.0,5.0,2.5,1970,8605,2.0,0,0,4,7,1970,0,1994,0,98022,47.1944,-122.013,1970,8460
8190,8190,1782000180,20141023T000000,350000.0,2.0,1.0,830,5100,1.0,0,0,4,7,830,0,1942,0,98126,47.5259,-122.379,1220,5100
8191,8191,3623500205,20140513T000000,2450000.0,4.0,4.5,5030,11023,2.0,0,2,3,11,3250,1780,2008,0,98040,47.5722,-122.236,3640,11490
8192,8192,1423200110,20150513T000000,180000.0,2.0,1.0,800,9450,1.0,0,0,3,6,800,0,1958,0,98058,47.4563,-122.184,1090,9450
8193,8193,797000256,20150407T000000,339950.0,3.0,1.75,1330,12092,1.0,0,0,4,6,720,610,1981,0,98168,47.5102,-122.324,1770,11770
8194,8194,9357000215,20150127T000000,365000.0,3.0,1.0,1030,4700,1.0,0,0,3,7,1030,0,1952,0,98146,47.5118,-122.377,1030,4700
8195,8195,2526069095,20140605T000000,955000.0,4.0,4.25,5660,193593,2.0,0,0,3,10,4100,1560,2001,0,98019,47.7064,-121.981,3620,207141
8196,8196,6908200650,20140527T000000,732000.0,3.0,2.5,2330,1987,2.0,0,4,3,9,1410,920,2004,0,98107,47.6735,-122.405,2640,5250
8197,8197,5021900175,20140616T000000,500000.0,3.0,1.75,1540,10800,1.0,0,0,5,6,770,770,1947,0,98040,47.5763,-122.222,2020,10800
8198,8198,4038700220,20150213T000000,610000.0,6.0,2.75,2040,8560,1.0,0,2,4,7,1100,940,1961,0,98008,47.61600000000001,-122.115,2230,8560
8199,8199,9455200205,20140604T000000,525000.0,3.0,2.0,1540,7800,1.0,0,0,3,8,1540,0,2004,0,98125,47.7041,-122.288,1510,7800
8200,8200,5379804470,20140617T000000,170000.0,4.0,1.0,1920,13787,1.0,0,0,4,7,1220,700,1966,0,98188,47.4502,-122.277,1490,11200
8201,8201,2517000150,20140713T000000,300000.0,3.0,2.5,1870,3439,2.0,0,0,3,7,1870,0,2005,0,98042,47.3992,-122.163,2190,4029
8202,8202,9264930770,20141029T000000,389500.0,5.0,3.5,2960,12527,2.0,0,0,3,9,1940,1020,1986,0,98023,47.3134,-122.35,2210,10952
8203,8203,4197400043,20150219T000000,330000.0,3.0,1.5,1690,10250,1.0,0,0,4,7,1690,0,1955,0,98166,47.4531,-122.344,1990,11084
8204,8204,2329800330,20141114T000000,269950.0,3.0,2.25,1610,7187,2.0,0,0,3,7,1610,0,1988,0,98042,47.3764,-122.117,1640,7194
8205,8205,7899800450,20140828T000000,107000.0,2.0,1.0,670,4720,1.0,0,0,4,6,670,0,1948,0,98106,47.5243,-122.358,1480,4720
8206,8206,2895110062,20141202T000000,249000.0,3.0,1.0,1752,14626,2.0,0,2,3,8,1752,0,2005,0,98032,47.3755,-122.278,1800,9000
8207,8207,3448001285,20140818T000000,442500.0,4.0,2.0,1540,5920,1.5,0,0,5,7,1540,0,1935,0,98125,47.7148,-122.301,1630,6216
8208,8208,521079025,20150417T000000,579000.0,3.0,2.5,3160,286181,2.0,0,3,3,9,3160,0,2002,0,98010,47.3401,-121.946,2110,94663
8209,8209,624069098,20150121T000000,621500.0,3.0,1.75,2570,39634,2.0,0,0,3,8,2570,0,1984,0,98075,47.596,-122.08,2990,39634
8210,8210,2946003580,20141119T000000,203000.0,3.0,1.5,1370,7500,1.0,0,0,3,7,1080,290,1958,0,98198,47.4167,-122.322,1400,7500
8211,8211,7227500450,20140909T000000,222900.0,2.0,1.0,860,5800,1.0,0,0,5,5,860,0,1942,0,98056,47.4979,-122.183,900,6000
8212,8212,2322069100,20150409T000000,453000.0,2.0,1.5,1680,17400,1.5,0,0,3,7,1680,0,1991,0,98038,47.3836,-122.006,1610,27600
8213,8213,2144800615,20140625T000000,190000.0,1.0,0.75,930,29258,1.0,0,0,3,6,930,0,1941,0,98178,47.4837,-122.236,2000,18321
8214,8214,1432900150,20150406T000000,320000.0,4.0,1.75,1820,7381,1.0,0,0,5,7,1150,670,1962,0,98058,47.4567,-122.171,1610,8462
8215,8215,7942601810,20141210T000000,733500.0,3.0,1.5,2120,4370,1.5,0,0,3,8,2120,0,1904,0,98122,47.606,-122.307,1960,5120
8216,8216,7302900090,20150218T000000,555000.0,4.0,2.25,3330,21785,2.0,0,0,3,9,3330,0,1994,0,98059,47.4725,-122.136,3330,21796
8217,8217,2310050110,20141215T000000,364950.0,3.0,2.25,2520,6170,2.0,0,0,3,7,1850,670,2003,0,98038,47.3522,-122.042,2260,6967
8218,8218,6743700090,20141120T000000,490000.0,3.0,1.75,1560,9247,1.0,0,0,3,7,1160,400,1989,0,98033,47.6954,-122.174,1690,8772
8219,8219,3935900093,20150427T000000,688000.0,5.0,1.75,2250,13526,1.0,0,1,3,8,1350,900,1957,0,98125,47.7108,-122.279,2580,10078
8220,8220,123039279,20140711T000000,165000.0,2.0,1.0,640,7768,1.0,0,0,3,6,640,0,1942,0,98106,47.515,-122.359,840,7424
8221,8221,4307350730,20141113T000000,506000.0,5.0,3.75,3880,8370,2.0,0,0,4,7,3880,0,2004,0,98056,47.4811,-122.179,2160,4651
8222,8222,1954700610,20141209T000000,2193000.0,3.0,2.25,3360,7108,2.0,0,0,3,10,2770,590,1905,2004,98112,47.6187,-122.284,3450,8558
8223,8223,8155500110,20150429T000000,754000.0,5.0,1.75,2350,7800,1.0,0,0,4,8,1510,840,1968,0,98008,47.6225,-122.107,2220,8400
8224,8224,7129303045,20150417T000000,949950.0,5.0,2.5,2340,1989,2.0,1,4,3,8,2340,0,1959,0,98118,47.5193,-122.257,2200,3230
8225,8225,6021503451,20140822T000000,443600.0,3.0,2.5,1430,1056,3.0,0,0,3,8,1430,0,2003,0,98117,47.684,-122.388,1310,2135
8226,8226,3793400360,20140814T000000,380600.0,3.0,2.5,1920,12244,2.0,0,0,3,7,1920,0,1998,0,98019,47.7256,-121.97,1920,11859
8227,8227,7504101280,20150126T000000,722800.0,3.0,3.25,4330,14600,2.0,0,0,3,10,3630,700,1985,0,98074,47.6341,-122.044,3220,12672
8228,8228,3331500121,20150210T000000,342888.0,2.0,1.0,790,5150,1.0,0,0,4,6,790,0,1948,0,98118,47.5528,-122.272,1460,5150
8229,8229,438000015,20140916T000000,555000.0,4.0,1.75,2350,5946,1.0,0,2,3,8,1350,1000,1957,0,98115,47.6879,-122.298,2060,6000
8230,8230,5366200205,20140603T000000,613000.0,3.0,2.5,1350,3068,2.0,0,0,3,7,1350,0,1991,0,98122,47.6099,-122.293,1900,4000
8231,8231,2026049067,20140702T000000,480000.0,3.0,2.0,1470,10052,1.0,0,0,4,8,1470,0,1956,0,98125,47.726000000000006,-122.316,1480,9780
8232,8232,3885808035,20150316T000000,619500.0,6.0,1.5,1680,5202,1.5,0,0,2,7,1680,0,1911,0,98033,47.6798,-122.206,1890,5500
8233,8233,1494300040,20140624T000000,437000.0,4.0,2.5,1890,8505,1.0,0,0,3,8,1290,600,1980,0,98052,47.6796,-122.115,1720,9600
8234,8234,6071200195,20150408T000000,621000.0,4.0,2.5,2030,9905,1.0,0,0,4,8,2030,0,1959,0,98006,47.5518,-122.184,2130,10008
8235,8235,1257202215,20140714T000000,810000.0,4.0,1.75,1760,4080,1.5,0,0,4,8,1760,0,1906,0,98103,47.675,-122.331,1760,6120
8236,8236,5589300145,20140527T000000,415000.0,3.0,2.25,1950,8868,1.0,0,0,3,7,1350,600,1964,0,98155,47.7538,-122.312,1300,8880
8237,8237,293000145,20141113T000000,250000.0,4.0,1.0,1440,7404,1.0,0,0,3,6,1080,360,1918,0,98126,47.5328,-122.379,1620,7436
8238,8238,4315701163,20150413T000000,585000.0,3.0,1.5,2230,6000,1.0,0,1,3,8,1260,970,1968,0,98136,47.5373,-122.395,2120,7200
8239,8239,6163900981,20140528T000000,220000.0,3.0,1.0,1180,5002,1.5,0,0,3,7,1180,0,1946,0,98155,47.7529,-122.324,1470,8410
8240,8240,4157600120,20150422T000000,580000.0,5.0,2.5,2500,11900,1.0,0,0,3,7,1400,1100,1963,0,98007,47.5915,-122.132,2820,11900
8241,8241,3262301355,20140725T000000,1320000.0,3.0,2.75,2680,20104,1.0,0,0,5,9,1820,860,1964,0,98039,47.6304,-122.234,3060,19837
8242,8242,4376700330,20140801T000000,675000.0,4.0,2.5,2040,9225,1.0,0,0,5,8,1610,430,1968,0,98052,47.636,-122.097,1730,9225
8243,8243,8691370330,20141029T000000,695000.0,4.0,2.75,2660,7389,2.0,0,0,3,9,2660,0,2002,0,98075,47.5993,-121.977,2820,7388
8244,8244,5078400090,20141209T000000,915000.0,5.0,2.75,2580,7630,1.0,0,0,4,7,1730,850,1954,0,98004,47.6226,-122.205,2040,7717
8245,8245,5272200040,20141121T000000,375000.0,3.0,1.0,1000,6947,1.0,0,0,4,7,1000,0,1947,0,98125,47.7142,-122.319,1000,6947
8246,8246,2997800015,20150407T000000,500000.0,3.0,1.5,1330,1265,2.0,0,0,3,8,1140,190,2008,0,98116,47.5773,-122.409,1330,1264
8247,8247,2780900220,20141226T000000,335000.0,2.0,2.0,1420,5185,1.0,0,0,3,7,1420,0,2004,0,98038,47.3543,-122.022,2140,4890
8248,8248,4463400195,20140718T000000,170000.0,2.0,1.0,1280,21750,1.5,0,0,5,6,1280,0,1912,0,98001,47.3096,-122.241,1520,21750
8249,8249,844001485,20150429T000000,320900.0,5.0,2.5,2200,8500,1.0,0,0,4,7,1400,800,1971,0,98010,47.3073,-122.006,1360,8855
8250,8250,8123450300,20150306T000000,508000.0,3.0,1.75,1800,8462,1.0,0,0,3,8,1440,360,1978,0,98052,47.6623,-122.141,2210,8436
8251,8251,7137800300,20140708T000000,228950.0,3.0,1.75,1200,9085,1.0,0,0,4,7,1200,0,1968,0,98023,47.2795,-122.353,1200,9085
8252,8252,7972600910,20150507T000000,433000.0,4.0,2.0,1840,4760,1.5,0,0,4,6,1080,760,1929,0,98106,47.5297,-122.349,1170,5950
8253,8253,7452500770,20140908T000000,267500.0,2.0,1.0,960,5150,1.0,0,0,5,6,960,0,1951,0,98126,47.5201,-122.372,1010,5000
8254,8254,5250300035,20141008T000000,910000.0,4.0,1.5,2890,9000,2.0,0,4,3,8,2090,800,1939,0,98118,47.5682,-122.274,2550,8400
8255,8255,9517200610,20150303T000000,370000.0,3.0,1.75,1290,10117,1.0,0,0,3,7,1290,0,1984,0,98072,47.7598,-122.146,1770,11839
8256,8256,952004570,20141206T000000,320000.0,2.0,1.0,1140,3834,1.5,0,0,3,6,1140,0,1911,0,98126,47.5642,-122.378,1190,5750
8257,8257,579002600,20141001T000000,660000.0,3.0,1.75,1750,5200,1.0,0,1,4,8,1750,0,1956,0,98117,47.6995,-122.383,2060,5200
8258,8258,4351300978,20140826T000000,787888.0,4.0,2.25,2580,21115,2.0,0,0,4,9,2580,0,1977,0,98040,47.5566,-122.219,2690,10165
8259,8259,1152700090,20141218T000000,329000.0,4.0,2.5,2650,5880,2.0,0,0,3,9,2650,0,2005,0,98042,47.3509,-122.165,2610,6490
8260,8260,3179100720,20141203T000000,602000.0,2.0,1.0,1470,6398,1.0,0,0,4,7,970,500,1941,0,98105,47.6716,-122.279,1950,6398
8261,8261,5628300015,20141106T000000,375000.0,3.0,2.0,1640,9750,1.0,0,0,3,7,1640,0,1959,0,98028,47.7425,-122.241,1340,9750
8262,8262,1900000035,20150505T000000,212000.0,1.0,1.0,620,7620,1.0,0,0,3,6,620,0,1926,0,98166,47.4697,-122.349,1160,7620
8263,8263,1105000432,20140822T000000,224000.0,3.0,1.5,1440,8370,1.0,0,0,3,7,1440,0,1977,0,98118,47.5418,-122.275,1440,8370
8264,8264,1402810150,20150310T000000,315500.0,3.0,2.0,1160,10079,1.0,0,0,3,7,1160,0,1986,0,98019,47.7341,-121.976,1130,10087
8265,8265,2163900028,20150128T000000,350000.0,2.0,1.0,1070,2880,1.0,0,0,3,7,1070,0,1902,0,98102,47.6261,-122.324,2030,2880
8266,8266,5409000110,20150506T000000,389000.0,6.0,4.5,3560,14010,2.0,0,0,3,7,3560,0,1989,0,98002,47.3244,-122.217,1710,11116
8267,8267,8687800100,20140713T000000,285000.0,3.0,1.75,1720,13104,1.0,0,0,4,7,1720,0,1962,0,98168,47.4709,-122.26,1840,13104
8268,8268,8563300085,20141201T000000,425000.0,3.0,1.75,1530,9800,1.0,0,0,5,8,1530,0,1958,0,98133,47.7655,-122.336,1660,9800
8269,8269,7140200330,20150309T000000,190000.0,3.0,1.75,1270,7875,1.0,0,0,4,7,1270,0,1980,0,98030,47.3696,-122.17,1830,7210
8270,8270,2124069103,20150505T000000,374000.0,3.0,1.75,1510,18439,1.0,0,0,3,7,1510,0,1971,0,98027,47.5491,-122.046,1600,34326
8271,8271,1703401110,20140807T000000,292000.0,2.0,1.0,880,5500,1.0,0,0,3,6,880,0,1904,0,98118,47.5573,-122.289,1080,5500
8272,8272,6046400755,20150511T000000,475000.0,5.0,1.75,2020,5100,1.5,0,0,5,7,1320,700,1911,0,98103,47.6915,-122.345,1130,5100
8273,8273,5309100450,20150330T000000,546500.0,3.0,2.5,1410,2675,1.0,0,0,3,7,820,590,1985,0,98117,47.6786,-122.371,1410,4013
8274,8274,3883800011,20141105T000000,82000.0,3.0,1.0,860,10426,1.0,0,0,3,6,860,0,1954,0,98146,47.4987,-122.341,1140,11250
8275,8275,3883800011,20150408T000000,219900.0,3.0,1.0,860,10426,1.0,0,0,3,6,860,0,1954,0,98146,47.4987,-122.341,1140,11250
8276,8276,4315700175,20140612T000000,440000.0,3.0,1.0,1210,5750,1.5,0,0,4,7,1210,0,1910,0,98136,47.5403,-122.391,1160,5000
8277,8277,221029019,20150428T000000,400000.0,3.0,2.5,2090,32718,2.0,1,4,3,7,1550,540,1919,1983,98070,47.3338,-122.511,1200,192268
8278,8278,4035900085,20141117T000000,453000.0,3.0,1.75,1430,20193,1.0,0,0,3,7,1430,0,1955,0,98006,47.5619,-122.183,2140,18364
8279,8279,3438500781,20140812T000000,330000.0,6.0,3.25,2120,6893,1.0,0,0,4,7,1060,1060,1983,0,98106,47.5508,-122.355,1380,6986
8280,8280,8097000330,20140721T000000,359950.0,3.0,2.75,2540,8604,2.0,0,0,3,8,2540,0,1991,0,98092,47.3209,-122.185,2260,7438
8281,8281,8677300720,20140617T000000,616000.0,4.0,2.5,2490,12929,2.0,0,0,3,9,2490,0,1983,0,98074,47.6161,-122.021,2440,12929
8282,8282,3644100072,20141107T000000,245000.0,2.0,1.0,670,2356,1.0,0,0,5,6,670,0,1960,0,98144,47.5918,-122.295,1220,1740
8283,8283,1453602284,20141103T000000,296000.0,2.0,2.0,1320,2040,3.0,0,0,3,7,1320,0,1997,0,98125,47.7224,-122.291,1430,2040
8284,8284,4365700450,20141106T000000,193000.0,2.0,1.0,950,9000,1.0,0,0,3,6,950,0,1924,0,98106,47.5219,-122.361,1000,8280
8285,8285,9268200315,20140828T000000,456000.0,3.0,2.0,1870,8442,1.5,0,0,5,7,1060,810,1927,0,98117,47.6964,-122.365,1640,6174
8286,8286,4358700141,20150427T000000,480000.0,4.0,1.75,1840,9250,1.0,0,0,4,7,980,860,1956,0,98133,47.708,-122.337,1520,9250
8287,8287,4310701577,20140509T000000,382000.0,3.0,3.25,1410,1253,3.0,0,0,3,8,1410,0,2005,0,98103,47.6981,-122.34,1410,1253
8288,8288,9828200762,20140628T000000,650000.0,2.0,1.0,1050,2542,1.0,0,0,3,7,880,170,1904,0,98122,47.6172,-122.298,1620,1809
8289,8289,2026049097,20141125T000000,431750.0,2.0,2.0,1400,10052,1.0,0,0,3,8,1400,0,1957,0,98125,47.7262,-122.316,1400,8785
8290,8290,6639900219,20150511T000000,419900.0,3.0,2.5,1630,1755,2.0,0,0,3,8,1320,310,1997,0,98033,47.691,-122.176,1920,14550
8291,8291,2521039066,20141229T000000,315000.0,3.0,2.0,1900,9513,1.0,0,0,3,8,1900,0,1995,0,98023,47.2843,-122.357,1790,8028
8292,8292,5649300120,20150420T000000,597500.0,4.0,3.0,1890,35280,1.0,0,0,3,9,1510,380,1979,0,98052,47.7112,-122.099,2730,34525
8293,8293,1774230300,20150306T000000,615000.0,3.0,2.5,2980,43301,1.0,0,0,4,8,1930,1050,1978,0,98077,47.7631,-122.093,2890,35915
8294,8294,7313200120,20141031T000000,605000.0,4.0,3.25,2885,33671,2.0,0,0,4,8,2885,0,1984,0,98027,47.5174,-122.046,1910,16000
8295,8295,4137010540,20150401T000000,220000.0,3.0,2.5,1980,11900,2.0,0,0,3,8,1980,0,1990,0,98092,47.2656,-122.217,2130,9933
8296,8296,7844200120,20150413T000000,340000.0,4.0,2.5,3020,8750,1.0,0,0,3,8,1710,1310,1960,0,98188,47.4298,-122.29,1900,8750
8297,8297,1923099058,20141015T000000,620000.0,4.0,2.5,2980,210395,2.0,0,0,3,9,2980,0,2001,0,98045,47.4575,-121.707,2530,45596
8298,8298,7922710690,20140519T000000,602000.0,5.0,1.75,3290,11900,1.5,0,0,3,8,3290,0,1973,0,98052,47.6626,-122.141,2210,8549
8299,8299,2624049165,20140513T000000,575000.0,3.0,1.75,1580,11750,1.0,0,0,4,7,1180,400,1951,0,98118,47.5368,-122.265,2150,11750
8300,8300,7575600100,20140502T000000,285000.0,3.0,2.5,2090,10834,1.0,0,0,4,8,1360,730,1987,0,98003,47.3537,-122.303,1750,8595
8301,8301,3450400330,20150220T000000,306500.0,3.0,1.5,1100,8140,1.0,0,0,4,7,1100,0,1965,0,98059,47.5004,-122.162,1430,7700
8302,8302,4307300930,20150102T000000,325000.0,3.0,2.5,1870,3480,2.0,0,0,3,7,1870,0,2002,0,98056,47.4831,-122.183,2160,3480
8303,8303,3288301030,20150319T000000,623000.0,3.0,2.75,2390,21804,1.0,0,0,3,8,1450,940,1973,0,98034,47.7339,-122.183,2390,10136
8304,8304,5466350120,20150311T000000,256500.0,3.0,2.0,1320,8568,1.0,0,0,3,7,1320,0,1993,0,98042,47.3904,-122.164,1600,8463
8305,8305,3791410210,20141117T000000,473000.0,5.0,3.5,3430,6872,2.0,0,0,3,10,2830,600,2002,0,98031,47.4065,-122.207,3650,6600
8306,8306,1795900120,20141029T000000,549000.0,3.0,2.5,2250,9235,2.0,0,0,3,8,2250,0,1985,0,98052,47.7268,-122.105,2290,8187
8307,8307,8656300385,20150317T000000,305000.0,3.0,1.0,1710,19115,1.0,0,0,3,6,1710,0,1986,0,98014,47.656000000000006,-121.913,1650,15144
8308,8308,6649250410,20150204T000000,317000.0,4.0,2.5,2160,8049,2.0,0,0,3,9,2160,0,1988,0,98001,47.3337,-122.26,2490,8995
8309,8309,1426049054,20140701T000000,450000.0,3.0,1.75,1400,13775,1.0,0,0,3,8,1400,0,1963,0,98028,47.7413,-122.259,2200,10450
8310,8310,7841300535,20150409T000000,225000.0,2.0,2.5,1560,5333,1.0,0,0,3,5,780,780,1947,0,98055,47.4749,-122.213,1010,4800
8311,8311,2867700035,20150212T000000,500000.0,5.0,2.0,2300,7897,2.5,0,0,4,8,2300,0,1956,0,98133,47.7556,-122.356,2030,7902
8312,8312,2658000215,20140812T000000,207000.0,2.0,1.0,820,4860,1.0,0,0,5,6,820,0,1955,0,98118,47.5298,-122.271,1240,6000
8313,8313,7100000120,20140818T000000,474900.0,3.0,1.0,1630,8308,1.5,0,0,3,7,1630,0,1948,0,98146,47.5075,-122.378,1170,8308
8314,8314,200300210,20140701T000000,515000.0,3.0,2.5,2010,7200,2.0,0,0,3,8,2010,0,1994,0,98028,47.7372,-122.223,1970,7202
8315,8315,1868903130,20150212T000000,542000.0,4.0,1.0,1540,5000,1.5,0,0,4,7,1090,450,1922,0,98115,47.6754,-122.294,1590,5000
8316,8316,7385310040,20140605T000000,725000.0,4.0,2.75,2420,10962,1.0,0,0,3,8,1530,890,1977,0,98007,47.6218,-122.152,2620,13200
8317,8317,5104510210,20150309T000000,314950.0,3.0,2.5,1690,4533,2.0,0,0,3,7,1690,0,2003,0,98038,47.3575,-122.016,1830,5175
8318,8318,9517200180,20141106T000000,375000.0,3.0,2.0,1410,10078,1.0,0,0,4,6,1410,0,1983,0,98072,47.7587,-122.144,2090,9202
8319,8319,1725079061,20140710T000000,500000.0,3.0,1.75,1640,47044,1.0,0,0,3,7,1640,0,1989,0,98014,47.654,-121.94,2280,200811
8320,8320,2141310820,20140624T000000,689000.0,3.0,1.75,2200,9840,1.0,0,0,5,8,1500,700,1978,0,98006,47.559,-122.136,2410,9623
8321,8321,2902200234,20141209T000000,525000.0,3.0,2.25,1290,1182,2.0,0,0,3,8,1000,290,2006,0,98102,47.637,-122.327,1300,1169
8322,8322,1443500395,20150504T000000,360000.0,3.0,1.5,1060,6232,1.0,0,0,4,7,1060,0,1968,0,98118,47.5329,-122.271,1120,5379
8323,8323,2391601010,20140820T000000,425000.0,3.0,1.0,1240,5750,1.0,0,0,4,6,1240,0,1948,0,98116,47.56399999999999,-122.398,1240,5750
8324,8324,7129303970,20150304T000000,239950.0,2.0,1.0,1280,5500,1.0,0,0,3,7,1280,0,1949,0,98118,47.5179,-122.264,1270,5500
8325,8325,567000025,20150402T000000,577500.0,2.0,2.5,2330,3000,2.0,0,3,3,8,2330,0,1915,1994,98144,47.5953,-122.294,1760,4000
8326,8326,2493200195,20140502T000000,615000.0,3.0,1.75,2360,7291,1.0,0,0,4,8,1360,1000,1948,0,98136,47.5274,-122.384,1860,5499
8327,8327,8562901250,20140827T000000,516000.0,4.0,2.75,2210,10800,1.0,0,0,4,8,1170,1040,1997,0,98074,47.6086,-122.059,2210,10800
8328,8328,2600020330,20140813T000000,1218000.0,4.0,2.75,3670,15400,2.0,0,3,4,10,3670,0,1986,0,98006,47.5581,-122.156,3370,13300
8329,8329,1370801520,20140527T000000,1655000.0,4.0,3.5,3080,4815,2.0,0,3,3,10,2300,780,1937,2009,98199,47.6417,-122.411,2910,5350
8330,8330,5589900761,20150501T000000,315000.0,2.0,1.0,770,6731,1.0,0,0,4,6,770,0,1943,0,98155,47.7505,-122.312,1120,9212
8331,8331,3601800580,20141021T000000,250000.0,4.0,2.0,2600,9000,1.0,0,0,3,8,1410,1190,1959,0,98032,47.381,-122.299,2600,7200
8332,8332,3336000296,20141113T000000,250000.0,4.0,1.5,1220,4900,1.0,0,0,3,6,1220,0,1942,0,98118,47.5292,-122.269,1410,3000
8333,8333,1525059020,20150410T000000,925000.0,4.0,2.5,2910,48351,1.0,0,0,4,8,1910,1000,1967,0,98005,47.6495,-122.164,2760,43560
8334,8334,6150200330,20140825T000000,358000.0,3.0,1.0,1150,4681,1.0,0,0,3,7,1150,0,1955,0,98133,47.7284,-122.336,1150,6800
8335,8335,4136950180,20140926T000000,262000.0,3.0,2.5,1700,6200,2.0,0,0,3,8,1700,0,1997,0,98092,47.2621,-122.221,1720,6205
8336,8336,259600790,20141015T000000,500000.0,3.0,1.75,1220,7370,1.0,0,0,4,7,1220,0,1964,0,98008,47.6334,-122.12,1580,8213
8337,8337,2770604925,20140715T000000,1300000.0,5.0,1.0,1670,6400,1.5,0,0,3,8,1670,0,1919,0,98119,47.6542,-122.373,1910,2983
8338,8338,6902000100,20140915T000000,500000.0,3.0,1.75,2420,65501,2.0,0,1,3,8,2420,0,1984,0,98074,47.6525,-122.087,2970,19036
8339,8339,3275850180,20140602T000000,675000.0,3.0,2.25,2610,9002,2.0,0,0,3,9,2610,0,1988,0,98052,47.6909,-122.104,2320,8306
8340,8340,4154300296,20140926T000000,235000.0,3.0,1.0,960,5030,1.0,0,0,3,7,960,0,1955,0,98118,47.5611,-122.28,1460,5400
8341,8341,4154300296,20150318T000000,545000.0,3.0,1.0,960,5030,1.0,0,0,3,7,960,0,1955,0,98118,47.5611,-122.28,1460,5400
8342,8342,3888100043,20140507T000000,350000.0,3.0,1.0,1010,9360,1.0,0,0,3,6,1010,0,1981,0,98033,47.6874,-122.168,1470,9360
8343,8343,8165501510,20141125T000000,320000.0,2.0,2.25,1550,1827,2.0,0,0,3,8,1550,0,2008,0,98106,47.5394,-122.368,1420,1826
8344,8344,5152700120,20150318T000000,452000.0,5.0,2.5,5067,13315,1.0,0,2,3,9,3154,1913,1968,0,98003,47.3391,-122.325,2860,13957
8345,8345,1962200475,20140725T000000,875000.0,3.0,2.0,2350,6000,1.5,0,0,4,8,1990,360,1922,0,98102,47.6476,-122.32,2010,5040
8346,8346,272000355,20141108T000000,325000.0,3.0,1.5,1310,2998,2.0,0,0,3,7,1310,0,1998,0,98144,47.5873,-122.299,1310,2997
8347,8347,5113400113,20140619T000000,756000.0,4.0,2.25,2160,5600,1.0,0,0,5,7,1080,1080,1947,0,98119,47.6442,-122.372,1850,5150
8348,8348,6669010120,20140624T000000,319000.0,4.0,2.5,2510,7992,1.0,0,0,3,8,1610,900,1978,0,98032,47.3715,-122.285,2030,7992
8349,8349,7170200110,20150121T000000,455000.0,3.0,1.75,890,3800,1.5,0,0,3,7,750,140,1926,0,98115,47.6803,-122.291,1280,3800
8350,8350,2113700025,20150409T000000,330000.0,2.0,1.0,1129,3840,1.0,0,0,3,7,1129,0,1953,0,98106,47.5313,-122.351,1300,3880
8351,8351,7197000100,20150108T000000,510000.0,4.0,3.25,1980,9988,1.0,0,0,3,8,1340,640,1980,0,98052,47.6883,-122.111,1980,8972
8352,8352,7577700061,20150416T000000,532000.0,3.0,1.0,2360,5012,1.0,0,0,3,7,1560,800,1964,0,98116,47.5705,-122.384,1690,4800
8353,8353,1862400215,20150120T000000,775000.0,3.0,2.5,2480,5007,2.0,0,0,3,8,1960,520,2014,0,98117,47.6974,-122.369,1650,7806
8354,8354,3726800201,20150417T000000,410000.0,3.0,1.75,2160,4000,1.0,0,0,3,7,1080,1080,1953,0,98144,47.5721,-122.309,1260,3200
8355,8355,13002460,20150318T000000,205000.0,2.0,1.75,1740,5100,1.0,0,0,3,6,580,1160,1915,0,98108,47.5211,-122.33,1440,5100
8356,8356,5151200215,20141212T000000,585000.0,4.0,2.5,2430,6766,2.0,0,0,3,8,2430,0,1999,0,98177,47.7294,-122.358,1820,6772
8357,8357,8731983200,20150310T000000,255000.0,2.0,1.75,1950,8200,1.0,0,0,3,8,1950,0,1975,0,98023,47.3161,-122.382,2370,8000
8358,8358,5309101395,20140911T000000,415000.0,2.0,1.0,910,3750,1.0,0,0,3,7,910,0,1904,0,98117,47.6772,-122.369,1160,4000
8359,8359,4364700945,20150402T000000,459000.0,4.0,2.0,2360,7080,1.0,0,0,5,6,1180,1180,1925,0,98126,47.5261,-122.376,1340,7200
8360,8360,395300330,20141211T000000,354000.0,3.0,1.0,1130,11250,1.0,0,0,3,7,1130,0,1965,0,98034,47.7254,-122.227,1410,11250
8361,8361,3295730040,20140715T000000,587000.0,3.0,2.5,2150,5193,2.0,0,0,3,8,2150,0,1995,0,98033,47.6952,-122.187,2150,7172
8362,8362,7937600395,20140708T000000,782000.0,4.0,3.5,5270,53428,2.0,0,0,3,10,3440,1830,2004,0,98058,47.4358,-122.085,2340,30904
8363,8363,1236300146,20150504T000000,570000.0,3.0,1.5,1300,7287,1.0,0,0,4,7,1300,0,1965,0,98033,47.6889,-122.187,1300,9129
8364,8364,8024200625,20150205T000000,414500.0,3.0,1.0,1050,6002,1.0,0,0,3,7,840,210,1941,0,98115,47.6988,-122.316,1180,6003
8365,8365,7340600845,20140806T000000,185000.0,4.0,1.0,1380,6700,1.0,0,0,3,7,1190,190,1928,0,98168,47.4871,-122.281,1380,8292
8366,8366,898000220,20141001T000000,262500.0,3.0,1.5,1610,10291,1.0,0,0,4,7,1610,0,1961,0,98022,47.2025,-121.999,1410,7729
8367,8367,2212600100,20140522T000000,370000.0,4.0,2.75,3150,67518,1.0,0,0,4,9,2250,900,1965,0,98092,47.3382,-122.196,2210,32391
8368,8368,6412100092,20150105T000000,362500.0,3.0,1.0,1520,9507,1.0,0,0,3,7,1520,0,1954,0,98125,47.7162,-122.324,1360,7219
8369,8369,8835350300,20150304T000000,536000.0,3.0,2.5,1990,7397,2.0,0,0,3,9,1990,0,1993,0,98072,47.7703,-122.165,2210,7397
8370,8370,2586800210,20150421T000000,425000.0,5.0,2.0,2500,7804,1.5,0,0,3,7,1570,930,1921,0,98146,47.5031,-122.348,1170,7676
8371,8371,2044500201,20140609T000000,435000.0,3.0,2.25,1890,7200,1.0,0,0,4,7,1230,660,1973,0,98125,47.7156,-122.317,1970,8101
8372,8372,6450303950,20140505T000000,435000.0,5.0,2.0,1840,9240,1.0,0,0,4,7,1540,300,1942,1958,98133,47.7308,-122.34,1200,5250
8373,8373,3013300409,20150312T000000,400000.0,2.0,1.0,1220,6300,1.0,0,0,3,7,760,460,1942,0,98136,47.5299,-122.387,1850,4886
8374,8374,1934800087,20140626T000000,446000.0,2.0,1.5,1370,1221,2.0,0,0,3,8,1080,290,2008,0,98122,47.6039,-122.307,1560,2081
8375,8375,1125049140,20150126T000000,1250000.0,3.0,2.5,2710,13120,1.0,0,0,3,10,2710,0,1959,0,98105,47.6718,-122.256,3130,13566
8376,8376,2025700180,20141120T000000,300000.0,3.0,2.25,1760,5421,2.0,0,0,3,7,1760,0,1991,0,98038,47.3484,-122.037,1570,6000
8377,8377,8024201055,20140806T000000,404500.0,2.0,1.0,800,5080,1.0,0,0,3,7,800,0,1938,0,98115,47.6978,-122.314,1560,5110
8378,8378,2426059097,20150305T000000,910000.0,4.0,2.5,3530,49222,2.0,0,0,4,9,3530,0,1986,0,98072,47.7285,-122.112,3750,49222
8379,8379,9829200855,20140513T000000,771000.0,3.0,2.25,1780,6120,1.5,0,0,4,9,1390,390,1927,0,98122,47.6025,-122.286,1960,5568
8380,8380,1864940180,20140605T000000,335000.0,4.0,2.5,2610,4781,2.0,0,0,3,8,2610,0,2009,0,98001,47.2649,-122.292,2583,4796
8381,8381,1023089085,20140804T000000,390000.0,3.0,1.75,1850,15170,1.0,0,0,3,7,1850,0,1965,0,98045,47.4991,-121.774,1160,14175
8382,8382,4399200100,20150428T000000,288000.0,3.0,2.25,1560,9706,1.0,0,0,4,7,1560,0,1963,0,98002,47.3191,-122.213,1510,9706
8383,8383,1087500040,20141014T000000,403000.0,3.0,1.75,1270,10790,1.0,0,0,3,7,1270,0,1956,0,98033,47.6647,-122.177,1270,10790
8384,8384,1972201965,20140624T000000,510000.0,3.0,2.25,1420,1309,3.0,0,0,3,8,1420,0,2006,0,98103,47.6534,-122.346,1500,1282
8385,8385,272000085,20150219T000000,751000.0,6.0,3.0,2880,6800,2.0,0,0,3,7,2880,0,1980,0,98144,47.5873,-122.299,1640,4000
8386,8386,7129302806,20150203T000000,408000.0,3.0,1.0,1420,8000,1.0,0,4,3,7,1420,0,1950,0,98118,47.5169,-122.255,1780,8295
8387,8387,4389201021,20140701T000000,1014250.0,3.0,1.0,1640,12855,1.5,0,0,5,6,1500,140,1920,0,98004,47.6169,-122.212,2190,11262
8388,8388,6751300385,20150424T000000,575000.0,3.0,2.0,1730,9030,1.0,0,0,4,7,1730,0,1956,0,98007,47.5875,-122.134,1470,9030
8389,8389,723049274,20150417T000000,330000.0,3.0,1.75,1250,8100,1.0,0,0,3,7,1250,0,1951,2004,98146,47.5016,-122.348,1300,8175
8390,8390,2767602094,20140516T000000,565000.0,3.0,2.25,1520,1221,3.0,0,0,3,8,1520,0,2013,0,98107,47.674,-122.377,1550,4750
8391,8391,8635760330,20150413T000000,456000.0,3.0,2.5,1820,2935,2.0,0,0,3,8,1820,0,1999,0,98074,47.6018,-122.021,1820,2936
8392,8392,3905010100,20140615T000000,652500.0,4.0,2.5,2700,9122,2.0,0,0,3,9,2700,0,1990,0,98029,47.5771,-121.994,2500,9122
8393,8393,2493200215,20141231T000000,582000.0,3.0,1.75,1820,3140,2.0,0,0,5,8,1820,0,1949,1990,98136,47.5271,-122.384,2030,5499
8394,8394,8691390530,20140625T000000,700000.0,4.0,2.5,2770,5686,2.0,0,0,3,9,2770,0,2004,0,98075,47.5997,-121.973,2910,5000
8395,8395,4319200620,20141015T000000,235000.0,2.0,1.0,1270,9182,1.5,0,0,3,6,1270,0,1917,0,98126,47.5365,-122.378,1760,9100
8396,8396,424069096,20140731T000000,460000.0,3.0,1.75,1400,12155,1.0,0,0,4,7,1400,0,1977,0,98075,47.5926,-122.047,2540,23522
8397,8397,8121200820,20140522T000000,475000.0,3.0,2.25,1820,8008,1.0,0,0,3,8,1240,580,1981,0,98052,47.7206,-122.11,2030,8750
8398,8398,8682231110,20140609T000000,579000.0,2.0,2.0,1870,6275,1.0,0,0,3,8,1870,0,2003,0,98053,47.7108,-122.031,1670,5200
8399,8399,2767602645,20141110T000000,507000.0,4.0,2.0,1360,2746,1.5,0,0,3,7,1360,0,1945,2011,98107,47.6736,-122.39,1960,2746
8400,8400,7131300035,20140512T000000,210000.0,3.0,2.5,1040,2643,2.0,0,0,3,7,720,320,2004,0,98118,47.5165,-122.268,1540,5110
8401,8401,2595650100,20140630T000000,359500.0,4.0,2.75,2140,10316,2.0,0,0,3,8,2140,0,1993,0,98001,47.3537,-122.274,1920,11337
8402,8402,2616700450,20141107T000000,248000.0,3.0,1.75,1330,9831,1.0,0,0,3,7,1330,0,1987,0,98001,47.3304,-122.277,1330,7500
8403,8403,2520900301,20141022T000000,239300.0,3.0,1.0,1070,5750,1.0,0,0,3,7,1070,0,1952,0,98178,47.5071,-122.255,1420,6500
8404,8404,1473200150,20141216T000000,315000.0,3.0,2.25,1370,1533,3.0,0,0,3,8,1370,0,2009,0,98133,47.7326,-122.343,1370,1125
8405,8405,1726600150,20150226T000000,970000.0,4.0,3.0,3510,12410,2.0,0,0,4,9,3510,0,1976,0,98005,47.6381,-122.166,3000,13209
8406,8406,9169600110,20150317T000000,510000.0,3.0,1.5,1730,6240,1.0,0,1,3,8,1000,730,1954,0,98136,47.5282,-122.391,1620,6240
8407,8407,4036800580,20140621T000000,418000.0,4.0,1.5,1550,9176,1.0,0,0,3,7,1000,550,1956,0,98008,47.6005,-122.129,1730,8539
8408,8408,2324800110,20140612T000000,699000.0,4.0,2.5,3280,27441,2.0,0,0,3,9,3280,0,1996,0,98053,47.6711,-122.012,3200,26960
8409,8409,7855800910,20150321T000000,871000.0,4.0,2.5,2150,8536,1.0,0,3,4,8,1400,750,1967,0,98006,47.5663,-122.163,2800,9500
8410,8410,3625059140,20140507T000000,515000.0,3.0,1.75,1580,9147,1.0,0,1,4,7,1210,370,1967,0,98008,47.6069,-122.112,2600,23564
8411,8411,1200021,20140811T000000,400000.0,3.0,1.0,1460,43000,1.0,0,0,3,7,1460,0,1952,0,98166,47.4434,-122.347,2250,20023
8412,8412,9455200790,20141209T000000,445000.0,3.0,1.75,1410,5100,1.0,0,0,4,7,1110,300,1954,0,98125,47.7026,-122.29,1600,7800
8413,8413,2021200530,20150225T000000,1110000.0,4.0,2.75,3090,6600,1.0,0,2,3,9,1800,1290,1956,0,98199,47.6339,-122.396,2380,5000
8414,8414,7760600110,20141027T000000,212000.0,3.0,1.5,1690,9600,1.0,0,0,3,7,1210,480,1976,0,98038,47.3857,-122.079,1450,9647
8415,8415,9323610110,20150112T000000,710000.0,4.0,2.5,2870,11304,2.0,0,0,3,9,2870,0,1980,0,98006,47.5547,-122.154,2690,9940
8416,8416,1612500090,20150331T000000,225800.0,4.0,1.0,1100,7110,1.0,0,0,4,7,880,220,1907,0,98030,47.3858,-122.227,1150,7110
8417,8417,4027700594,20141222T000000,520000.0,3.0,1.75,2310,36665,1.0,0,2,3,8,1580,730,1983,0,98155,47.7697,-122.274,2000,14000
8418,8418,1924059254,20150508T000000,1295000.0,5.0,3.75,3490,15246,1.0,0,1,4,10,1940,1550,1968,0,98040,47.5479,-122.212,3410,15682
8419,8419,2172000846,20140619T000000,248000.0,4.0,2.0,2080,13510,1.0,0,0,3,7,1040,1040,1950,0,98178,47.4918,-122.258,2010,11625
8420,8420,514500195,20141016T000000,556000.0,4.0,2.5,2230,7200,1.0,0,0,4,7,1220,1010,1957,0,98005,47.589,-122.156,1920,7200
8421,8421,8151600142,20150512T000000,319950.0,5.0,1.75,1710,11900,1.0,0,0,3,7,1070,640,1958,0,98146,47.506,-122.365,1030,10360
8422,8422,7950304045,20150331T000000,320000.0,4.0,2.75,1640,3000,1.0,0,0,3,7,1000,640,1984,0,98118,47.5625,-122.283,1150,4545
8423,8423,6700390210,20140708T000000,245000.0,3.0,2.5,1600,2788,2.0,0,0,4,7,1600,0,1992,0,98031,47.4034,-122.187,1720,3605
8424,8424,2195700230,20150203T000000,700000.0,3.0,2.5,2850,36585,2.0,0,0,3,10,2850,0,1987,0,98072,47.7376,-122.102,3340,35671
8425,8425,558100090,20150312T000000,628000.0,5.0,2.75,2600,8160,2.0,0,0,3,8,2600,0,2015,0,98133,47.7348,-122.34,1600,8160
8426,8426,2749600245,20140617T000000,640000.0,3.0,2.0,1380,4800,1.0,0,0,3,7,1380,0,1948,0,98199,47.651,-122.369,1740,5640
8427,8427,1782500065,20150428T000000,420000.0,4.0,1.75,1320,4978,1.0,0,0,4,7,940,380,1942,0,98126,47.5266,-122.379,1260,4693
8428,8428,263000329,20141008T000000,349950.0,3.0,2.5,1420,1162,3.0,0,0,3,8,1420,0,2002,0,98103,47.6982,-122.349,1430,1560
8429,8429,9432900180,20140714T000000,307999.0,4.0,2.75,2420,8438,2.0,0,0,3,8,2420,0,1996,0,98022,47.2091,-122.009,2420,8580
8430,8430,142000165,20140507T000000,749950.0,4.0,2.75,2600,6050,2.0,0,0,5,8,1960,640,1949,0,98116,47.5656,-122.4,1990,6050
8431,8431,6145600410,20140711T000000,290000.0,2.0,1.0,840,3844,1.0,0,0,4,6,840,0,1919,0,98133,47.7048,-122.347,1040,3844
8432,8432,2599001500,20140712T000000,235000.0,3.0,1.75,1420,7920,1.0,0,0,4,7,1420,0,1962,0,98092,47.2931,-122.188,1420,7920
8433,8433,1721801010,20140903T000000,225000.0,3.0,1.0,1790,6120,1.0,0,0,3,6,1790,0,1937,1964,98146,47.508,-122.337,830,6120
8434,8434,1721801010,20150424T000000,302100.0,3.0,1.0,1790,6120,1.0,0,0,3,6,1790,0,1937,1964,98146,47.508,-122.337,830,6120
8435,8435,5101404491,20150212T000000,520000.0,2.0,1.0,1340,6380,1.0,0,0,3,7,890,450,1939,0,98115,47.697,-122.313,1380,6380
8436,8436,326049111,20140626T000000,285000.0,2.0,1.0,1010,7200,1.0,0,0,3,7,1010,0,1975,0,98155,47.7651,-122.291,1890,9248
8437,8437,1785400300,20140821T000000,525000.0,3.0,2.0,1640,15258,1.0,0,0,3,8,1640,0,1981,0,98074,47.6301,-122.037,1640,16345
8438,8438,1310980580,20150319T000000,374900.0,5.0,2.75,2980,8500,1.0,0,0,3,8,1540,1440,1982,0,98032,47.3641,-122.278,2310,8500
8439,8439,6632300230,20141006T000000,377500.0,3.0,2.0,1370,7200,1.0,0,0,3,7,1130,240,1926,1955,98125,47.7329,-122.308,1300,7208
8440,8440,9324800650,20150427T000000,587450.0,3.0,2.25,2190,8775,1.5,0,1,4,8,2190,0,1927,0,98125,47.7303,-122.287,1910,8145
8441,8441,2188201010,20150121T000000,245000.0,3.0,2.25,1530,12000,1.0,0,0,3,7,1070,460,1979,0,98023,47.2715,-122.338,2140,13636
8442,8442,7137910360,20140729T000000,200000.0,3.0,2.0,1290,5757,1.0,0,0,3,7,1290,0,1994,0,98092,47.3175,-122.17,1580,6798
8443,8443,125069038,20141125T000000,2140000.0,4.0,3.75,5150,453895,2.0,0,3,3,11,4360,790,1997,0,98053,47.6795,-121.991,2500,215186
8444,8444,9465910150,20141109T000000,607000.0,3.0,2.5,2470,9226,2.0,0,0,3,9,2470,0,1991,0,98072,47.7439,-122.17,2820,11013
8445,8445,724069023,20150414T000000,1247000.0,1.0,1.25,1810,5070,1.5,1,4,4,8,1230,580,1967,0,98075,47.5814,-122.081,2280,5070
8446,8446,6600220150,20150310T000000,549950.0,4.0,2.5,2230,14694,1.0,0,0,4,7,1180,1050,1981,0,98074,47.6305,-122.034,1470,13458
8447,8447,7227800025,20141118T000000,250000.0,3.0,3.0,2300,7701,1.0,0,0,3,7,2300,0,1960,0,98056,47.5102,-122.18,1570,8116
8448,8448,3905040220,20140509T000000,525000.0,3.0,2.5,2030,6970,2.0,0,0,4,8,2030,0,1991,0,98029,47.5718,-121.999,2000,6140
8449,8449,5072300210,20140624T000000,440000.0,3.0,1.75,2000,9900,1.0,0,2,4,8,1480,520,1957,0,98166,47.4436,-122.339,2310,10200
8450,8450,121039042,20150313T000000,425000.0,3.0,2.75,3610,107386,1.5,1,3,3,8,3130,480,1918,1962,98023,47.3351,-122.362,2630,42126
8451,8451,6705870120,20140701T000000,739900.0,5.0,2.5,3290,5029,2.0,0,0,3,8,3290,0,2004,0,98075,47.5773,-122.056,2990,6441
8452,8452,1109000040,20140528T000000,315000.0,3.0,2.0,1300,3731,1.0,0,0,3,7,900,400,1993,0,98118,47.5374,-122.27,1300,3731
8453,8453,9358001590,20150303T000000,340000.0,5.0,1.0,1880,3774,1.5,0,0,3,6,1360,520,1917,0,98126,47.566,-122.37,1420,2550
8454,8454,705700580,20150501T000000,366000.0,4.0,2.75,2170,9743,2.0,0,0,3,7,2170,0,1995,0,98038,47.3814,-122.024,1670,7734
8455,8455,4343800100,20141021T000000,315000.0,3.0,1.75,1680,7250,1.0,0,0,3,7,930,750,1952,0,98133,47.7201,-122.35,1340,7250
8456,8456,3343900781,20141027T000000,299000.0,3.0,1.5,1190,9135,1.0,0,0,4,7,1190,0,1959,0,98056,47.5164,-122.189,1520,9146
8457,8457,1062100085,20141113T000000,350000.0,2.0,1.0,940,5000,1.0,0,0,3,7,940,0,1950,0,98155,47.7518,-122.279,1800,7400
8458,8458,6821101827,20141105T000000,340000.0,2.0,1.75,1010,1461,1.0,0,0,3,7,670,340,2003,0,98199,47.6515,-122.4,1500,2499
8459,8459,3901100015,20141230T000000,460000.0,3.0,1.75,1290,8580,1.0,0,0,4,7,1290,0,1962,0,98033,47.6707,-122.174,1840,8580
8460,8460,9500900110,20140731T000000,224000.0,3.0,1.5,1480,10588,1.0,0,0,3,7,1480,0,1957,0,98002,47.2872,-122.212,1370,10588
8461,8461,4006000401,20140811T000000,140000.0,2.0,1.0,900,6400,1.0,0,0,2,6,900,0,1940,0,98118,47.5287,-122.281,1350,6405
8462,8462,1218000025,20141013T000000,246000.0,4.0,2.0,1400,7632,1.5,0,0,5,6,1400,0,1930,0,98166,47.4625,-122.345,1400,7632
8463,8463,1875500040,20150127T000000,330000.0,3.0,2.5,2040,14071,2.0,0,0,3,7,2040,0,1995,0,98019,47.7278,-121.963,1890,14040
8464,8464,7955000210,20140709T000000,306000.0,3.0,1.0,1450,7200,1.0,0,0,3,7,1010,440,1969,0,98034,47.7311,-122.199,1500,6767
8465,8465,7568700175,20140604T000000,324950.0,3.0,1.0,1210,7440,1.0,0,0,3,7,1210,0,1949,0,98155,47.7402,-122.323,1120,7440
8466,8466,3410600100,20140613T000000,345000.0,2.0,1.5,1800,26615,1.0,0,0,5,7,1240,560,1987,0,98092,47.302,-122.123,2010,26337
8467,8467,923049378,20140508T000000,207000.0,3.0,1.0,1490,8995,1.0,0,0,4,7,1490,0,1954,0,98168,47.4901,-122.303,1490,9000
8468,8468,420000085,20140827T000000,238000.0,3.0,1.0,1240,5700,1.5,0,0,5,6,1240,0,1953,0,98056,47.4927,-122.169,1140,5700
8469,8469,2817210210,20150401T000000,695000.0,3.0,2.0,2632,18743,2.0,0,3,3,10,2632,0,2000,0,98070,47.3743,-122.421,1970,14171
8470,8470,2141340040,20140911T000000,649950.0,3.0,2.5,2150,15304,2.0,0,0,4,9,2150,0,1979,0,98006,47.5573,-122.136,2540,10507
8471,8471,714000315,20150414T000000,515000.0,3.0,2.75,1710,9448,1.0,0,0,3,7,1010,700,1947,0,98105,47.6693,-122.267,1960,8951
8472,8472,263000040,20141001T000000,452000.0,3.0,2.5,1530,5032,2.0,0,0,3,7,1530,0,1998,0,98103,47.6985,-122.349,1450,2136
8473,8473,1721801161,20141030T000000,236000.0,4.0,2.5,1630,3060,2.0,0,0,3,7,1630,0,2003,0,98146,47.5072,-122.336,1270,4590
8474,8474,4139490210,20140730T000000,1285000.0,4.0,3.5,4080,14450,2.0,0,2,3,12,3210,870,1998,0,98006,47.5519,-122.106,4080,12114
8475,8475,6790900110,20140610T000000,563000.0,3.0,2.75,2340,16500,1.0,0,0,4,8,1500,840,1972,0,98075,47.5952,-122.051,2210,15251
8476,8476,1775800220,20150402T000000,410988.0,3.0,1.75,1000,14061,1.0,0,0,4,7,1000,0,1967,0,98072,47.7417,-122.093,1260,12635
8477,8477,2569500210,20141117T000000,339950.0,3.37287037037037,2.5,2290,8319,2.0,0,0,3,8,2290,0,1985,0,98042,47.3473,-122.151,2500,8751
8478,8478,4141000490,20141021T000000,1200000.0,4.0,2.5,3180,13118,2.0,0,0,4,11,3180,0,1986,0,98040,47.5382,-122.23,3070,12861
8479,8479,8078100120,20150319T000000,340000.0,4.0,2.5,2170,19785,2.0,0,0,3,8,2170,0,1992,0,98031,47.4034,-122.167,2280,8616
8480,8480,3034200666,20141107T000000,808100.0,4.0,3.25,3020,13457,1.0,0,0,5,9,3020,0,1956,0,98133,47.7174,-122.336,2120,7553
8481,8481,8892900210,20140609T000000,236000.0,3.0,1.75,1330,6301,1.0,0,0,3,7,1330,0,1998,0,98002,47.3411,-122.219,1330,6144
8482,8482,7399000360,20150513T000000,330000.0,4.0,1.75,1720,8300,1.0,0,0,4,8,1720,0,1965,0,98055,47.4654,-122.194,1840,8300
8483,8483,3491300082,20150127T000000,799990.0,4.0,3.5,2540,5808,2.0,0,0,5,8,1820,720,1910,1986,98117,47.6857,-122.376,1520,5461
8484,8484,2310060040,20140925T000000,240000.0,3.37287037037037,2.5,1810,5669,2.0,0,0,3,7,1810,0,2003,0,98038,47.3493,-122.053,1810,5685
8485,8485,323059146,20150417T000000,343000.0,3.0,1.0,1410,18600,1.0,0,0,5,7,1410,0,1960,0,98059,47.5031,-122.152,1610,24941
8486,8486,1079350090,20140617T000000,332000.0,3.0,2.5,1530,9406,1.0,0,0,3,7,1270,260,1993,0,98059,47.4852,-122.162,1700,7682
8487,8487,98000740,20150401T000000,945000.0,5.0,3.5,4380,14925,2.0,0,0,3,11,4380,0,2003,0,98075,47.5848,-121.969,4310,14633
8488,8488,5126400150,20140617T000000,239950.0,3.0,1.0,1140,8366,1.0,0,0,5,6,1140,0,1943,0,98058,47.4768,-122.177,960,7200
8489,8489,8815400165,20150303T000000,674000.0,5.0,1.75,2110,5000,1.5,0,0,4,7,1250,860,1946,0,98115,47.6745,-122.287,1720,5000
8490,8490,421000555,20140520T000000,200000.0,3.0,1.0,1050,5000,1.0,0,0,4,6,1050,0,1967,0,98056,47.4923,-122.165,1050,5200
8491,8491,686300930,20150305T000000,453000.0,3.0,1.75,1600,7232,1.0,0,0,3,8,1600,0,1966,0,98008,47.6293,-122.121,1970,8120
8492,8492,2744600040,20140614T000000,330000.0,3.0,1.75,1430,8865,1.0,0,0,3,7,1430,0,1950,0,98125,47.7331,-122.299,1250,8154
8493,8493,3832070040,20150416T000000,285000.0,4.0,2.5,1996,4547,2.0,0,0,3,7,1996,0,2009,0,98042,47.3365,-122.051,2180,5127
8494,8494,7305300090,20141106T000000,338000.0,4.0,1.75,1530,8152,1.0,0,0,5,6,910,620,1948,0,98155,47.7557,-122.328,1310,8152
8495,8495,7452500730,20150424T000000,264950.0,2.0,1.0,1000,6000,1.0,0,0,3,6,1000,0,1951,0,98126,47.5208,-122.372,1250,6000
8496,8496,1824059079,20150311T000000,880000.0,4.0,2.0,2530,10800,1.0,0,0,5,8,1350,1180,1954,0,98040,47.5705,-122.225,2960,12150
8497,8497,3438503426,20150406T000000,209500.0,3.0,1.5,970,5488,1.0,0,0,3,7,970,0,1976,0,98106,47.5366,-122.359,1040,5488
8498,8498,8948500025,20150425T000000,380000.0,4.0,2.5,2400,9398,1.0,0,0,4,7,1310,1090,1958,0,98056,47.4952,-122.178,1330,8249
8499,8499,1722059021,20141217T000000,336500.0,3.0,2.0,1830,12891,1.0,0,0,3,7,1830,0,1994,0,98031,47.3924,-122.192,2320,8709
8500,8500,8899210090,20140714T000000,360000.0,3.0,2.25,2130,8466,1.0,0,0,3,7,1290,840,1983,0,98055,47.4537,-122.211,2250,9682
8501,8501,4019300155,20140821T000000,911100.0,4.0,3.25,3330,33826,2.0,0,0,5,8,3330,0,1924,0,98155,47.7596,-122.275,2580,28707
8502,8502,4364700165,20141124T000000,249900.0,2.0,1.0,560,7560,1.0,0,0,3,6,560,0,1944,0,98126,47.5271,-122.375,990,7560
8503,8503,796000085,20140923T000000,175000.0,4.0,1.0,1210,6250,1.0,0,0,3,7,1210,0,1962,0,98168,47.5008,-122.333,1210,8291
8504,8504,7987401095,20141113T000000,549950.0,3.0,2.5,2380,2500,3.0,0,3,3,9,2380,0,1988,0,98126,47.5734,-122.375,2270,5000
8505,8505,1237500540,20141021T000000,225000.0,3.0,1.75,1370,10866,1.0,0,0,4,6,1370,0,1945,0,98052,47.6774,-122.164,1580,14250
8506,8506,1237500540,20141222T000000,270000.0,3.0,1.75,1370,10866,1.0,0,0,4,6,1370,0,1945,0,98052,47.6774,-122.164,1580,14250
8507,8507,3649100304,20140819T000000,400000.0,3.0,2.25,1740,11040,2.0,0,0,3,8,1740,0,1980,0,98028,47.7376,-122.242,1720,11778
8508,8508,7400062,20140521T000000,299800.0,2.0,1.0,790,5240,1.0,0,0,4,6,790,0,1925,0,98118,47.5303,-122.288,1430,5320
8509,8509,6388910730,20140806T000000,555000.0,3.0,2.5,2480,8676,2.0,0,0,4,8,2480,0,1989,0,98056,47.53,-122.172,2540,9496
8510,8510,7882900120,20140507T000000,230000.0,3.0,2.5,1920,9180,2.0,0,0,3,8,1920,0,1988,0,98055,47.4818,-122.231,1930,7252
8511,8511,1865000040,20141210T000000,360000.0,4.0,2.5,2750,6259,2.0,0,0,3,9,2750,0,2002,0,98092,47.3304,-122.179,2810,6824
8512,8512,6821100246,20140903T000000,415000.0,2.0,1.0,880,3200,1.0,0,0,3,7,880,0,1910,1970,98199,47.6575,-122.402,1880,6000
8513,8513,8731981500,20140818T000000,355000.0,4.0,1.75,2160,8000,1.0,0,0,4,9,1660,500,1976,0,98023,47.3165,-122.382,2350,8200
8514,8514,6979910120,20150323T000000,635000.0,4.0,2.5,2570,27972,2.0,0,0,3,8,2570,0,1997,0,98053,47.6343,-121.969,2500,29761
8515,8515,2123700100,20141202T000000,353000.0,5.0,2.75,2130,5000,1.0,0,0,5,7,1100,1030,1978,0,98118,47.5271,-122.274,1340,6837
8516,8516,3425059141,20140528T000000,999000.0,7.0,4.0,3150,34830,1.0,0,0,3,9,3150,0,1957,2005,98007,47.6029,-122.147,2390,12054
8517,8517,3876600120,20150422T000000,265000.0,3.0,1.5,1780,10196,1.0,0,0,4,7,1270,510,1967,0,98001,47.3375,-122.291,1320,7875
8518,8518,4038000040,20150326T000000,250000.0,4.0,1.75,1910,8250,1.0,0,0,4,7,1910,0,1959,0,98008,47.6131,-122.123,1500,8250
8519,8519,6668900155,20140820T000000,225000.0,2.0,1.0,1170,7142,1.0,0,0,3,7,1170,0,1951,0,98155,47.7497,-122.313,1170,7615
8520,8520,8132700150,20140503T000000,553000.0,2.0,1.0,900,5000,1.0,0,0,3,7,900,0,1944,0,98117,47.6883,-122.395,1280,5000
8521,8521,4038800580,20140604T000000,565000.0,5.0,2.5,2650,11455,1.0,0,0,3,7,1400,1250,1961,0,98008,47.6141,-122.116,1960,9880
8522,8522,3331001910,20140818T000000,312000.0,2.0,1.0,1170,5150,1.0,0,0,3,6,980,190,1907,0,98118,47.5503,-122.283,1660,5150
8523,8523,2726079103,20140722T000000,475000.0,3.0,2.5,2630,185130,2.0,0,0,3,9,2630,0,1991,0,98014,47.7035,-121.894,2630,210394
8524,8524,7212651210,20141106T000000,320000.0,4.0,2.75,2150,9163,1.0,0,0,3,8,1340,810,1992,0,98003,47.266000000000005,-122.307,2260,7750
8525,8525,2026059119,20140825T000000,453000.0,3.0,2.0,1430,9583,1.0,0,0,4,7,1430,0,1964,0,98034,47.7206,-122.197,1890,11100
8526,8526,3330501120,20150325T000000,320000.0,3.0,1.0,960,6180,1.0,0,0,4,6,960,0,1910,0,98118,47.5518,-122.279,1250,4120
8527,8527,1250202324,20150122T000000,610000.0,4.0,2.75,2640,8400,1.0,0,2,3,8,1440,1200,1947,0,98144,47.5882,-122.29,2610,6000
8528,8528,3815500035,20140520T000000,385000.0,3.0,1.5,1490,9630,1.0,0,0,4,8,1490,0,1959,0,98028,47.7623,-122.256,1960,10469
8529,8529,5706600150,20140528T000000,215000.0,3.0,1.75,1210,8075,1.0,0,0,4,6,1210,0,1983,0,98001,47.2666,-122.254,1310,8025
8530,8530,8005100540,20140709T000000,215000.0,4.0,1.5,1860,5040,1.5,0,0,5,8,1860,0,1920,0,98022,47.2077,-121.993,1680,5800
8531,8531,293720180,20141230T000000,415000.0,3.0,2.5,1980,4274,2.0,0,0,3,7,1980,0,2003,0,98028,47.7767,-122.239,2000,4394
8532,8532,5101405604,20140814T000000,350000.0,1.0,1.0,900,6380,1.0,0,0,3,6,900,0,1947,0,98125,47.7019,-122.311,1830,6380
8533,8533,5101405604,20150428T000000,395000.0,1.0,1.0,900,6380,1.0,0,0,3,6,900,0,1947,0,98125,47.7019,-122.311,1830,6380
8534,8534,2387000110,20141110T000000,898000.0,2.0,1.75,1490,9874,1.0,0,0,4,7,1490,0,1963,0,98004,47.6246,-122.199,2280,9869
8535,8535,7238000330,20141218T000000,480000.0,3.0,2.5,2980,7338,2.0,0,0,3,8,2980,0,2006,0,98055,47.437,-122.207,3010,5267
8536,8536,3879901295,20141110T000000,1240000.0,3.0,2.5,2660,1973,3.0,0,3,3,9,1870,790,2007,0,98119,47.6264,-122.364,1640,1369
8537,8537,326069131,20140611T000000,599000.0,4.0,2.5,2790,230868,2.0,0,0,3,8,2790,0,1989,0,98077,47.7647,-122.019,1590,217800
8538,8538,629811340,20150508T000000,770000.0,4.0,3.0,2800,9127,2.0,0,0,3,9,2800,0,1999,0,98074,47.6123,-122.007,2780,8165
8539,8539,9808700650,20150313T000000,1208000.0,3.0,2.25,1590,8520,2.0,0,0,4,8,1590,0,1980,0,98004,47.6477,-122.216,2470,12005
8540,8540,8964800755,20150116T000000,1590000.0,4.0,2.25,3240,11131,1.0,0,0,4,9,2080,1160,1953,0,98004,47.6182,-122.215,2300,12150
8541,8541,1126059095,20140526T000000,880000.0,3.0,2.0,2130,35169,1.0,0,0,4,8,2130,0,1989,0,98072,47.7489,-122.123,2860,43560
8542,8542,1899400365,20140620T000000,332000.0,3.0,2.0,1510,7884,1.0,0,0,3,6,1510,0,1942,2014,98166,47.4683,-122.348,1050,7620
8543,8543,259800410,20141106T000000,445000.0,3.0,1.75,1750,7200,1.0,0,0,3,7,1750,0,1966,0,98008,47.6289,-122.119,1810,7590
8544,8544,3523069047,20140825T000000,849000.0,4.0,2.75,4010,87555,2.0,0,0,3,10,4010,0,2004,0,98038,47.4299,-121.998,2451,209523
8545,8545,6852700476,20141211T000000,752000.0,4.0,1.5,1650,2970,1.5,0,0,3,7,1650,0,1903,0,98102,47.6233,-122.319,1670,2970
8546,8546,424049043,20140811T000000,450000.0,9.0,7.5,4050,6504,2.0,0,0,3,7,4050,0,1996,0,98144,47.5923,-122.301,1448,3866
8547,8547,7646900360,20140918T000000,420000.0,3.0,1.0,1320,5500,1.0,0,0,3,7,1320,0,1955,0,98116,47.5705,-122.398,1480,5250
8548,8548,2991000220,20150317T000000,330000.0,4.0,2.5,2310,6320,2.0,0,0,3,8,2310,0,1997,0,98092,47.3287,-122.167,1850,6181
8549,8549,3034200366,20141203T000000,409000.0,3.0,1.75,1440,9065,1.0,0,0,4,8,1440,0,1972,0,98133,47.7163,-122.333,1990,8812
8550,8550,5127000410,20140627T000000,350000.0,5.0,1.75,2330,14322,1.0,0,0,4,7,1180,1150,1968,0,98059,47.4768,-122.155,1690,10010
8551,8551,2826079101,20150415T000000,570000.0,4.0,2.5,2430,44001,1.0,0,0,3,8,2430,0,1994,0,98019,47.7125,-121.916,2200,46924
8552,8552,3972900195,20140916T000000,315000.0,3.0,1.0,1390,8333,1.0,0,0,3,7,1390,0,1982,0,98155,47.7652,-122.31,1320,7090
8553,8553,8018600870,20141006T000000,224000.0,2.0,1.0,1150,15000,1.0,0,0,3,6,1060,90,1930,2013,98168,47.4935,-122.316,1350,15000
8554,8554,257000038,20141006T000000,293550.0,4.0,1.75,2120,9706,1.0,0,0,3,7,1370,750,1965,0,98168,47.4939,-122.297,1730,11337
8555,8555,7981900110,20141003T000000,350000.0,4.0,2.75,2300,3175,1.5,0,0,3,6,1340,960,1966,0,98144,47.5732,-122.305,1260,3175
8556,8556,8965500880,20140916T000000,1108000.0,4.0,2.5,3320,9380,2.0,0,3,3,10,3320,0,1988,0,98006,47.5655,-122.114,2870,11779
8557,8557,5253300437,20150319T000000,442500.0,4.0,2.5,2400,7092,2.0,0,0,3,7,2400,0,1997,0,98133,47.7522,-122.338,2350,8310
8558,8558,2523069172,20140804T000000,616500.0,3.0,2.5,3580,118047,1.0,0,0,3,9,3240,340,1992,0,98027,47.4453,-121.98,3240,123275
8559,8559,6388910360,20141119T000000,506400.0,3.0,2.5,2100,9040,1.0,0,0,3,8,1700,400,1989,0,98056,47.5329,-122.173,2430,8809
8560,8560,7326200110,20141222T000000,324000.0,3.0,2.25,1550,4411,2.0,0,0,3,7,1550,0,2001,0,98019,47.7373,-121.966,1620,4621
8561,8561,3701900085,20140805T000000,169000.0,3.0,1.5,1570,6450,1.5,0,0,4,6,1570,0,1931,0,98022,47.2021,-121.996,1400,6450
8562,8562,9376301520,20140529T000000,595000.0,3.0,2.0,1480,5000,1.0,0,0,4,7,750,730,1928,0,98117,47.6859,-122.37,1250,4000
8563,8563,2111000580,20140521T000000,299900.0,3.0,2.5,2720,6014,2.0,0,0,3,7,2720,0,2002,0,98092,47.3344,-122.174,2760,6537
8564,8564,8645510230,20140529T000000,332000.0,3.0,2.25,2270,8876,1.0,0,0,3,7,1380,890,1977,0,98058,47.4653,-122.176,2150,7455
8565,8565,6204410330,20141020T000000,432000.0,4.0,1.75,2410,8400,1.0,0,0,3,7,1600,810,1978,0,98011,47.7341,-122.2,1850,8400
8566,8566,8159300040,20141002T000000,510000.0,4.0,2.75,2730,9112,1.0,0,2,3,9,1740,990,1996,0,98198,47.4005,-122.312,3050,10454
8567,8567,8091410530,20150501T000000,270000.0,3.0,2.5,1540,7739,2.0,0,0,4,7,1540,0,1986,0,98030,47.3511,-122.169,1720,7200
8568,8568,8653600100,20150330T000000,750000.0,5.0,2.5,3120,15593,2.0,0,4,3,11,3120,0,1986,0,98074,47.6142,-122.065,3390,17003
8569,8569,9550202730,20141014T000000,509250.0,2.0,1.5,1480,3120,1.0,0,0,3,7,930,550,1914,2007,98105,47.6684,-122.323,1000,3780
8570,8570,8651410740,20150219T000000,189000.0,3.0,1.0,860,5200,1.0,0,0,5,6,860,0,1969,0,98042,47.3677,-122.078,1010,5200
8571,8571,225039177,20141208T000000,726500.0,4.0,2.5,2180,3893,2.0,0,0,3,8,2180,0,1999,0,98117,47.6886,-122.388,1710,4550
8572,8572,6082400191,20140619T000000,287000.0,3.0,2.0,1300,11374,1.5,0,0,5,7,1300,0,1933,0,98168,47.4839,-122.302,1480,9670
8573,8573,3622069095,20140917T000000,679000.0,4.0,3.5,3420,49223,2.0,0,0,3,9,3420,0,2004,0,98010,47.3534,-121.992,3580,49223
8574,8574,6666860210,20140602T000000,316000.0,3.0,2.25,2130,8721,1.0,0,0,3,8,1570,560,1987,0,98031,47.4202,-122.204,2130,9477
8575,8575,8161000230,20150427T000000,498000.0,4.0,2.5,2300,22445,2.0,0,0,4,8,2300,0,1992,0,98014,47.6454,-121.902,2640,21886
8576,8576,7214820610,20141007T000000,448000.0,4.0,1.75,2560,8270,1.0,0,0,3,7,1480,1080,1979,0,98072,47.7572,-122.147,2320,8450
8577,8577,434000040,20140527T000000,535000.0,2.0,1.0,1040,5527,1.0,0,0,3,7,1040,0,1951,0,98115,47.6774,-122.284,2080,7020
8578,8578,8914200220,20150116T000000,560000.0,4.0,3.0,3080,9601,2.0,0,1,3,10,3080,0,1990,0,98003,47.334,-122.332,3200,9375
8579,8579,6072760210,20141002T000000,437850.0,4.0,2.25,2670,14255,1.0,0,0,4,8,1610,1060,1975,0,98006,47.5623,-122.175,2470,10290
8580,8580,9485950040,20140606T000000,435000.0,4.0,2.75,3270,50994,2.0,0,0,4,8,2720,550,1983,0,98042,47.347,-122.087,2780,36036
8581,8581,4027700456,20140619T000000,510000.0,4.0,2.5,2610,8031,2.0,0,0,3,8,2610,0,1998,0,98155,47.7717,-122.27,2320,8031
8582,8582,1023059365,20140506T000000,520000.0,3.0,2.5,2460,54885,2.0,0,0,4,8,2460,0,1980,0,98059,47.4996,-122.146,2770,21407
8583,8583,8944600620,20140703T000000,509000.0,2.0,1.5,1930,3521,2.0,0,0,3,8,1930,0,1989,0,98007,47.6092,-122.146,1840,3576
8584,8584,2997800090,20150406T000000,575000.0,3.0,1.0,1220,5652,1.0,0,0,3,6,1220,0,1905,0,98116,47.5767,-122.408,1490,2467
8585,8585,2787700150,20150422T000000,365000.0,4.0,2.5,2030,7210,1.0,0,0,5,7,1330,700,1969,0,98059,47.5067,-122.16,1980,7560
8586,8586,4055701110,20140612T000000,795000.0,3.0,2.0,2420,17859,1.0,0,1,5,9,1500,920,1979,0,98034,47.7074,-122.246,2955,17859
8587,8587,2517000790,20140611T000000,285000.0,3.0,2.5,1870,4060,2.0,0,0,3,7,1870,0,2005,0,98042,47.3986,-122.163,2190,4060
8588,8588,2125059124,20140602T000000,955000.0,3.0,2.25,3020,43560,2.0,0,0,3,10,2720,300,1969,0,98005,47.6456,-122.173,3910,43560
8589,8589,7284900405,20140714T000000,775000.0,4.0,2.5,2880,8400,2.0,0,4,3,8,2050,830,1955,1987,98177,47.7704,-122.386,2880,7440
8590,8590,3937900120,20141006T000000,400000.0,4.0,3.0,1810,5012,2.0,0,0,4,7,1810,0,1997,0,98108,47.5691,-122.292,1670,5161
8591,8591,200520120,20140701T000000,570000.0,4.0,2.5,2590,8483,2.0,0,0,3,9,2590,0,1991,0,98011,47.738,-122.221,2660,8717
8592,8592,7203220360,20141020T000000,955990.0,5.0,3.25,3830,6507,2.0,0,0,3,9,3830,0,2014,0,98053,47.6843,-122.016,3950,6723
8593,8593,3425059219,20140929T000000,1150000.0,3.0,2.25,3250,34848,1.0,0,0,3,10,2260,990,2006,0,98005,47.6077,-122.158,2770,21512
8594,8594,5469502170,20150414T000000,459950.0,4.0,2.0,2760,21465,1.0,0,0,4,9,2120,640,1979,0,98042,47.3818,-122.165,2550,13144
8595,8595,6303401395,20150219T000000,245000.0,2.0,1.75,1220,8382,1.0,0,0,3,6,1220,0,1942,0,98146,47.5033,-122.359,1100,8382
8596,8596,8822901301,20140908T000000,281000.0,3.0,1.5,1280,974,3.0,0,0,3,7,1280,0,2003,0,98125,47.7162,-122.293,1420,1422
8597,8597,6730700385,20141022T000000,205000.0,3.0,0.75,770,7000,1.0,0,0,3,4,770,0,1942,0,98024,47.5661,-121.887,950,10500
8598,8598,4396000530,20140611T000000,290000.0,3.0,1.75,1520,15090,1.0,0,0,4,7,1520,0,1968,0,98038,47.398,-121.964,1580,18618
8599,8599,4077800590,20150226T000000,635000.0,4.0,2.5,2080,11176,1.0,0,0,5,8,2080,0,1954,0,98125,47.7107,-122.289,1390,7928
8600,8600,2461900845,20140903T000000,310000.0,1.0,1.0,570,6000,1.0,0,0,2,5,570,0,1918,0,98136,47.5517,-122.385,1530,6000
8601,8601,5366200330,20150114T000000,470000.0,4.0,2.0,1500,3659,1.0,0,0,3,7,830,670,1906,0,98122,47.6088,-122.293,1560,3706
8602,8602,6899990230,20140701T000000,600000.0,2.0,2.5,2510,14878,2.0,0,0,3,10,2510,0,1990,0,98011,47.7525,-122.205,3080,13594
8603,8603,7950700120,20141217T000000,279000.0,4.0,2.0,1980,10051,1.0,0,0,3,7,1980,0,1969,2003,98092,47.3231,-122.103,1520,10125
8604,8604,7852090180,20140804T000000,538500.0,3.0,3.5,2500,4270,2.0,0,0,3,8,2500,0,2000,0,98065,47.536,-121.877,2420,4205
8605,8605,3066410850,20140709T000000,594950.0,4.0,2.5,2720,10006,2.0,0,0,3,9,2720,0,1989,0,98074,47.6295,-122.042,2720,10759
8606,8606,2422059015,20140808T000000,533050.0,2.0,1.0,910,295772,1.0,0,0,3,5,910,0,1953,0,98042,47.3752,-122.11,2050,48351
8607,8607,7436500360,20140606T000000,510000.0,3.0,1.75,1480,7040,1.0,0,0,3,7,1480,0,1974,0,98033,47.6723,-122.169,2040,7810
8608,8608,984210590,20140929T000000,360000.0,4.0,2.25,2470,8686,1.0,0,0,4,7,1270,1200,1974,0,98058,47.4371,-122.166,1900,7350
8609,8609,8024202350,20140721T000000,435000.0,2.0,1.0,1650,5106,1.0,0,0,3,7,1090,560,1960,0,98115,47.6992,-122.309,1300,6947
8610,8610,6392002020,20150324T000000,559000.0,3.0,1.75,1700,6500,1.0,0,0,3,8,1700,0,1967,0,98115,47.6837,-122.284,1880,6000
8611,8611,6398000191,20140827T000000,645000.0,2.0,1.5,1995,115670,1.5,0,1,4,8,1995,0,1991,0,98070,47.4022,-122.464,2142,29375
8612,8612,3904100065,20141028T000000,340000.0,2.0,1.0,1280,9690,1.0,0,0,4,6,640,640,1919,0,98118,47.5341,-122.279,1630,15884
8613,8613,5535600150,20150312T000000,565000.0,4.0,2.5,2980,10459,2.0,0,0,3,9,2980,0,2001,0,98019,47.7354,-121.974,2920,7700
8614,8614,8024200820,20150213T000000,575700.0,3.0,1.75,1730,6130,1.0,0,0,3,7,1480,250,1941,0,98115,47.6978,-122.316,1730,6131
8615,8615,9301300215,20140617T000000,1010000.0,3.0,3.25,2420,1923,2.0,0,2,3,10,1840,580,2006,0,98109,47.637,-122.341,1840,2890
8616,8616,1122069006,20140710T000000,540500.0,3.0,2.0,2800,185130,1.0,0,0,3,8,2320,480,1996,0,98038,47.4133,-122.006,2200,72055
8617,8617,5379801972,20140818T000000,265000.0,5.0,4.0,1400,8580,1.0,0,0,5,7,900,500,1954,0,98188,47.456,-122.292,1220,8832
8618,8618,4077800088,20140811T000000,699950.0,4.0,2.0,2070,7830,1.0,0,1,5,7,1180,890,1941,0,98125,47.7058,-122.278,2390,7830
8619,8619,1823069059,20140611T000000,355000.0,1.0,1.75,750,20339,1.0,0,0,4,4,550,200,1946,0,98059,47.4756,-122.09,2020,23958
8620,8620,7979900215,20140611T000000,381000.0,3.0,1.5,1460,11407,1.0,0,0,3,7,1460,0,1954,0,98155,47.746,-122.294,1470,11407
8621,8621,5101404444,20150414T000000,564000.0,5.0,2.25,2140,8700,1.0,0,2,3,8,1220,920,1962,0,98115,47.6969,-122.31,1720,6670
8622,8622,892000025,20140710T000000,114975.0,2.0,1.0,740,6250,1.0,0,0,3,6,740,0,1942,0,98146,47.506,-122.335,980,6957
8623,8623,6303400395,20150130T000000,325000.0,1.0,0.75,410,8636,1.0,0,0,2,4,410,0,1953,0,98146,47.5077,-122.357,1190,8636
8624,8624,2320069189,20141027T000000,299990.0,2.0,1.0,1570,125452,1.0,0,3,4,7,1570,0,1953,0,98022,47.2077,-122.016,1660,46119
8625,8625,2568200610,20150513T000000,751000.0,5.0,2.75,2860,5280,2.0,0,0,3,9,2860,0,2006,0,98052,47.707,-122.102,3150,6442
8626,8626,6073230230,20141231T000000,425000.0,3.0,2.25,1400,6970,2.0,0,0,3,8,1400,0,1984,0,98006,47.542,-122.184,1800,8140
8627,8627,1024049006,20150114T000000,665000.0,3.0,1.75,2700,5040,1.0,0,2,3,8,1560,1140,1947,0,98144,47.5834,-122.29,3010,5000
8628,8628,823069044,20150325T000000,833450.0,5.0,4.0,4460,269345,2.0,0,4,3,9,3330,1130,1996,0,98027,47.4992,-122.06,2670,115434
8629,8629,2926049086,20141028T000000,575000.0,7.0,1.5,2670,11250,1.5,0,0,4,8,2320,350,1948,0,98133,47.7121,-122.332,2030,9000
8630,8630,5127001320,20141125T000000,190000.0,3.0,1.75,1520,9600,1.0,0,0,4,7,1520,0,1967,0,98059,47.473,-122.149,1590,10183
8631,8631,5127001320,20150223T000000,314950.0,3.0,1.75,1520,9600,1.0,0,0,4,7,1520,0,1967,0,98059,47.473,-122.149,1590,10183
8632,8632,1994200375,20141203T000000,601150.0,2.0,2.0,1660,5200,1.0,0,0,5,7,1120,540,1906,0,98103,47.6871,-122.334,1260,5160
8633,8633,7100000035,20141212T000000,315000.0,2.0,1.0,860,8308,1.0,0,0,3,7,860,0,1948,0,98146,47.508,-122.378,1200,8308
8634,8634,6329000705,20150402T000000,545000.0,2.0,1.5,2340,13380,1.0,0,0,4,7,1280,1060,1954,0,98146,47.5017,-122.377,1490,8100
8635,8635,7524950870,20140519T000000,565000.0,4.0,2.25,2110,10698,2.0,0,0,4,8,2110,0,1979,0,98027,47.5614,-122.082,2220,8252
8636,8636,9564800145,20140506T000000,175000.0,3.0,1.0,1010,7034,1.0,0,0,3,7,1010,0,1954,0,98055,47.49,-122.22,1440,10994
8637,8637,2077700042,20140626T000000,530000.0,3.0,2.0,2330,26571,2.5,0,0,3,8,2330,0,1987,0,98005,47.6009,-122.158,2030,20037
8638,8638,3835500195,20140618T000000,4489000.0,4.0,3.0,6430,27517,2.0,0,0,3,12,6430,0,2001,0,98004,47.6208,-122.219,3720,14592
8639,8639,259000100,20141007T000000,430000.0,3.0,1.75,1610,7900,1.0,0,0,4,8,1310,300,1960,0,98177,47.7588,-122.36,2210,7700
8640,8640,1796360870,20141030T000000,225000.0,3.0,1.75,1460,8372,1.0,0,0,4,7,1460,0,1981,0,98042,47.3683,-122.087,1220,7803
8641,8641,923049440,20140717T000000,312000.0,5.0,4.0,2900,9779,2.0,0,0,4,7,1950,950,1937,0,98168,47.5003,-122.306,1360,8000
8642,8642,9144100298,20150302T000000,380000.0,3.0,1.0,1260,7980,1.0,0,0,3,7,1260,0,1951,0,98177,47.7013,-122.373,1760,7606
8643,8643,3223049158,20150417T000000,222200.0,2.0,1.0,1210,10000,1.0,0,0,3,7,1210,0,1953,0,98148,47.4402,-122.333,1620,10959
8644,8644,5456000025,20141201T000000,1438890.0,5.0,3.5,3420,8000,2.0,0,0,3,10,3420,0,2006,0,98040,47.5736,-122.212,1900,8000
8645,8645,3558000120,20140702T000000,329950.0,4.0,2.5,2120,4558,2.0,0,0,3,7,2120,0,2002,0,98038,47.3795,-122.022,2370,5506
8646,8646,6133100120,20140923T000000,995000.0,3.0,2.5,2460,10300,1.0,0,0,3,10,2460,0,1992,0,98117,47.6999,-122.391,2410,5250
8647,8647,5608000590,20140714T000000,929950.0,3.0,3.5,3790,10829,2.0,0,0,3,11,3790,0,1993,0,98027,47.5525,-122.098,3620,10989
8648,8648,8651480090,20150327T000000,692000.0,4.0,2.5,2350,9779,1.0,0,0,3,10,2350,0,1987,0,98074,47.6411,-122.065,2700,10441
8649,8649,2768301490,20140626T000000,402000.0,2.0,1.0,620,2475,1.0,0,0,5,6,620,0,1911,0,98107,47.6655,-122.371,1290,2475
8650,8650,3325069060,20140912T000000,510000.0,3.0,1.75,1920,43560,1.0,0,0,4,7,1340,580,1962,0,98074,47.6052,-122.044,2540,58806
8651,8651,8802400411,20140619T000000,249000.0,3.0,1.0,1050,8498,1.0,0,0,4,7,1050,0,1959,0,98031,47.4043,-122.202,1050,8498
8652,8652,2953000090,20141202T000000,244900.0,3.0,1.5,1360,9980,1.0,0,0,4,7,1360,0,1966,0,98031,47.4143,-122.206,1360,9750
8653,8653,7657600025,20150219T000000,289900.0,3.0,1.0,1180,7068,1.0,0,0,3,6,1180,0,1944,0,98178,47.4947,-122.238,1180,7068
8654,8654,8118600025,20150331T000000,552500.0,4.0,1.0,1560,7980,1.0,0,0,4,7,1170,390,1939,0,98146,47.5093,-122.387,1570,7980
8655,8655,326069118,20140630T000000,760000.0,4.0,2.5,3300,165528,2.0,0,0,3,8,3300,0,1984,0,98077,47.7657,-122.028,3030,144696
8656,8656,2902200838,20141027T000000,440000.0,2.0,2.75,1100,1088,2.0,0,0,3,7,750,350,2006,0,98102,47.6405,-122.324,2090,4125
8657,8657,798000062,20140801T000000,286000.0,3.0,1.75,1770,9000,1.0,0,0,3,7,1090,680,1954,0,98168,47.4997,-122.326,1520,21141
8658,8658,3298700941,20140905T000000,260000.0,3.0,1.0,1200,4592,1.0,0,0,3,6,800,400,1950,0,98106,47.519,-122.352,940,4440
8659,8659,114100155,20140627T000000,355000.0,2.0,2.25,1330,10838,2.0,0,0,3,8,1330,0,1985,0,98028,47.7689,-122.241,1390,10310
8660,8660,5151600360,20150130T000000,318000.0,3.0,1.75,1570,12506,1.0,0,0,4,8,1570,0,1959,0,98003,47.3365,-122.319,2120,13243
8661,8661,523049106,20140826T000000,255000.0,2.0,1.0,1610,19965,1.0,0,0,3,7,1610,0,1952,0,98168,47.5095,-122.313,2100,28400
8662,8662,3751600025,20140514T000000,139000.0,3.0,1.0,1100,17334,1.0,0,0,3,7,1100,0,1978,0,98001,47.3003,-122.27,1530,18694
8663,8663,6918730230,20150401T000000,485000.0,4.0,2.25,1810,7068,2.0,0,0,5,7,1810,0,1976,0,98034,47.7319,-122.204,1460,7274
8664,8664,3226079059,20141019T000000,549950.0,3.0,1.75,2930,266587,2.0,0,0,3,8,2440,490,1995,0,98014,47.6991,-121.947,2700,438213
8665,8665,9521100880,20140916T000000,588000.0,3.0,1.5,1780,4200,1.5,0,0,4,8,1780,0,1916,0,98103,47.662,-122.349,1380,3333
8666,8666,425049146,20140715T000000,975000.0,3.0,2.5,3050,7410,1.5,0,0,5,8,1950,1100,1950,0,98115,47.6772,-122.296,1890,5814
8667,8667,3630010040,20140523T000000,402000.0,3.0,2.0,1540,1827,2.0,0,0,3,8,1540,0,2005,0,98029,47.5479,-121.998,1540,1827
8668,8668,6620400025,20150501T000000,245000.0,3.0,1.0,1380,9875,1.0,0,0,3,7,1380,0,1959,0,98168,47.5131,-122.334,1200,6250
8669,8669,8886000021,20140616T000000,445000.0,3.0,1.75,1890,32340,1.5,0,3,3,8,1890,0,1976,0,98070,47.4137,-122.439,1890,40180
8670,8670,766800090,20140525T000000,195000.0,3.0,1.75,1570,8459,1.0,0,0,3,7,1570,0,1991,0,98022,47.2016,-122.006,1650,8844
8671,8671,4022900571,20150112T000000,385000.0,5.0,2.0,2540,11750,1.0,0,0,3,7,1480,1060,1962,0,98155,47.7754,-122.291,2000,12000
8672,8672,2206700165,20140716T000000,450000.0,3.0,1.5,1520,7903,1.0,0,0,4,7,1000,520,1955,0,98006,47.5659,-122.141,1520,9830
8673,8673,4151800530,20141028T000000,1090000.0,4.0,2.5,2780,6837,2.0,0,0,3,9,2780,0,2004,0,98033,47.666,-122.201,1160,6837
8674,8674,8122600195,20140520T000000,396675.0,2.0,1.0,1730,6375,2.0,0,0,4,6,1730,0,1945,0,98126,47.5357,-122.368,1180,6250
8675,8675,5379805160,20141002T000000,242000.0,5.0,2.25,2340,7494,1.0,0,0,3,7,1170,1170,1951,0,98188,47.448,-122.28,1650,10125
8676,8676,323089095,20141031T000000,380000.0,3.0,1.75,1300,12378,1.0,0,0,4,6,1300,0,1943,0,98045,47.4996,-121.778,1300,11596
8677,8677,9000025,20141203T000000,496000.0,2.0,1.0,1420,4635,2.0,0,0,4,7,1420,0,1941,1973,98115,47.68,-122.304,1810,4635
8678,8678,8835200330,20141208T000000,399950.0,3.0,2.5,1470,4488,2.0,0,0,5,7,1470,0,1980,0,98034,47.723,-122.162,1400,4441
8679,8679,1239400064,20150304T000000,895000.0,4.0,2.5,2850,8526,2.0,0,0,3,9,2850,0,1998,0,98033,47.6747,-122.191,2440,7072
8680,8680,2719100115,20141104T000000,690000.0,3.0,2.0,2360,6149,2.0,0,3,3,8,1560,800,1926,1989,98136,47.5433,-122.384,2000,6149
8681,8681,5589300361,20140902T000000,270000.0,3.0,1.5,1610,8375,2.0,0,0,3,7,1610,0,1927,0,98155,47.7527,-122.306,1610,9107
8682,8682,2523069146,20140623T000000,349900.0,3.0,2.0,2420,38781,1.0,0,0,5,7,1210,1210,1949,0,98027,47.4511,-121.976,2650,88426
8683,8683,3630020090,20150504T000000,454280.0,3.0,2.5,1470,1741,2.0,0,0,3,8,1170,300,2004,0,98029,47.5464,-121.999,1470,1583
8684,8684,1775700011,20150512T000000,390000.0,3.0,2.5,1410,26375,1.0,0,0,3,6,1410,0,1992,0,98077,47.7432,-122.076,1410,12474
8685,8685,9264921110,20150115T000000,275000.0,3.0,1.75,1840,14005,1.0,0,0,3,8,1840,0,1983,0,98023,47.3124,-122.345,2170,7992
8686,8686,6837820330,20150429T000000,300000.0,4.0,2.5,2450,8932,2.0,0,0,3,8,2450,0,1990,0,98023,47.3093,-122.345,2410,8775
8687,8687,6822100750,20150508T000000,700000.0,3.0,1.75,1500,6000,1.0,0,0,5,7,850,650,1940,0,98199,47.6474,-122.402,1700,6000
8688,8688,6769200040,20141218T000000,520000.0,3.0,1.75,2080,6609,1.0,0,0,3,7,1280,800,1950,0,98115,47.6883,-122.3,1680,6270
8689,8689,1668500090,20150402T000000,715000.0,3.0,2.5,2770,39529,2.0,0,0,3,9,2770,0,1987,0,98053,47.6495,-122.042,3010,35435
8690,8690,5104530220,20150420T000000,404000.0,3.0,2.5,2370,4324,2.0,0,0,3,8,2370,0,2006,0,98038,47.3515,-121.999,2370,4348
8691,8691,726059048,20140926T000000,490500.0,3.0,2.0,3000,21883,2.0,0,0,3,7,1970,1030,1998,0,98011,47.7599,-122.214,2280,14025
8692,8692,8835401250,20150506T000000,1485000.0,6.0,2.75,4430,6440,2.0,0,3,3,10,2680,1750,1964,2015,98118,47.5462,-122.265,3530,7314
8693,8693,6821100090,20150409T000000,557800.0,4.0,1.75,1550,6000,1.0,0,0,5,7,1550,0,1944,0,98199,47.6567,-122.399,1550,6000
8694,8694,5072400100,20150413T000000,571000.0,4.0,2.25,2290,9900,1.0,0,2,4,8,1550,740,1959,0,98166,47.4434,-122.343,2320,9900
8695,8695,2781200090,20140708T000000,410000.0,4.0,2.5,2560,4020,2.0,0,0,3,9,2560,0,2006,0,98038,47.3533,-122.027,3010,4916
8696,8696,4006000580,20150313T000000,225000.0,3.0,1.5,1240,5506,1.0,0,0,4,7,1240,0,1971,0,98118,47.5294,-122.285,1670,5589
8697,8697,3825310530,20140716T000000,700000.0,4.0,2.5,2590,4498,2.0,0,0,3,9,2590,0,2004,0,98052,47.7047,-122.128,2660,5238
8698,8698,3797000745,20150209T000000,500000.0,3.0,1.0,1370,3500,1.5,0,0,3,7,1370,0,1905,1985,98103,47.6857,-122.348,1590,4500
8699,8699,7550801207,20150428T000000,536500.0,2.0,2.0,1360,1860,1.0,0,0,4,7,680,680,1925,0,98107,47.6727,-122.396,1440,5000
8700,8700,2468800040,20150410T000000,330000.0,3.0,2.5,2060,25046,1.0,0,0,4,8,1600,460,1980,0,98022,47.184,-121.959,2050,21255
8701,8701,8092700230,20150211T000000,249950.0,3.0,1.75,1120,15210,1.0,0,0,5,7,1120,0,1976,0,98042,47.3659,-122.113,1710,8470
8702,8702,4435000490,20141015T000000,249000.0,4.0,1.75,1630,8410,1.5,0,0,5,7,1630,0,1943,0,98188,47.4538,-122.288,1390,8410
8703,8703,3686900025,20150408T000000,249000.0,3.0,1.75,1590,7535,1.5,0,0,5,6,1590,0,1909,0,98032,47.3769,-122.234,1110,6000
8704,8704,2450500110,20140508T000000,780000.0,4.0,1.75,2480,9195,1.0,0,0,3,7,1390,1090,1950,0,98004,47.584,-122.195,2440,9195
8705,8705,1257200315,20140705T000000,1200000.0,4.0,2.5,2700,4275,2.0,0,0,3,9,2700,0,2004,0,98115,47.6725,-122.327,1810,4500
8706,8706,3876312370,20140915T000000,434500.0,3.0,1.75,1930,7210,1.0,0,0,3,7,1110,820,1975,0,98072,47.735,-122.174,1870,7877
8707,8707,2821079081,20141010T000000,590000.0,4.0,2.0,2490,339332,1.0,0,0,3,8,2490,0,2002,0,98022,47.2725,-121.929,1910,129373
8708,8708,7550800915,20150219T000000,417200.0,2.0,1.0,1000,4000,1.0,0,0,3,6,1000,0,1910,0,98107,47.6742,-122.396,1490,5000
8709,8709,7504010750,20140924T000000,649990.0,4.0,2.25,2130,11900,2.0,0,0,3,9,2130,0,1976,0,98074,47.6408,-122.058,2590,11900
8710,8710,1175000110,20141202T000000,506000.0,2.0,1.0,1060,3588,1.0,0,0,4,7,960,100,1926,0,98107,47.6721,-122.395,1570,3741
8711,8711,9320990090,20150421T000000,348000.0,3.0,2.5,1730,4004,2.0,0,0,3,7,1730,0,1999,0,98148,47.4317,-122.328,1730,5523
8712,8712,3791400100,20140728T000000,301000.0,4.0,2.5,2810,6146,2.0,0,0,3,9,2810,0,1998,0,98031,47.4045,-122.208,2810,6180
8713,8713,6021503885,20140708T000000,427550.0,2.0,1.0,880,4000,1.0,0,0,3,7,880,0,1940,0,98117,47.6848,-122.386,1150,4000
8714,8714,7979900552,20150501T000000,361000.0,3.0,1.0,1040,6720,1.5,0,0,3,7,1040,0,1951,0,98155,47.7444,-122.294,1880,11407
8715,8715,5101405340,20140821T000000,460000.0,2.0,2.5,1830,8107,1.0,0,0,5,7,930,900,1946,0,98125,47.701,-122.305,1260,6960
8716,8716,5016003146,20140710T000000,958000.0,4.0,3.5,1800,6400,2.0,0,2,3,8,1800,0,1984,2011,98112,47.625,-122.3,1700,4736
8717,8717,2734100065,20140612T000000,445000.0,5.0,1.75,2460,6846,1.5,0,0,5,7,1340,1120,1911,0,98108,47.5445,-122.321,1410,4800
8718,8718,8029650040,20140519T000000,373000.0,3.0,2.5,1670,3565,2.0,0,0,3,7,1670,0,1999,0,98072,47.7623,-122.161,1510,3770
8719,8719,6204410150,20150414T000000,525000.0,4.0,2.25,2660,7957,1.0,0,0,4,8,1750,910,1977,0,98011,47.7351,-122.199,1890,8250
8720,8720,662310620,20140826T000000,364988.0,3.0,2.5,2850,12593,2.0,0,0,3,9,2850,0,1997,0,98023,47.2848,-122.345,2850,9435
8721,8721,924000040,20140814T000000,324000.0,2.0,1.0,820,8370,1.0,0,0,4,7,820,0,1941,0,98177,47.7256,-122.361,1410,8370
8722,8722,3333500096,20150305T000000,625000.0,4.0,3.0,2350,5627,1.0,0,0,5,8,1490,860,1960,0,98118,47.5514,-122.268,2020,5627
8723,8723,349400100,20140908T000000,237500.0,3.0,1.75,1480,7830,1.0,0,0,3,7,1480,0,1980,0,98022,47.1967,-121.998,1130,7553
8724,8724,3876000970,20140806T000000,429300.0,6.0,2.25,2930,15949,1.0,0,0,4,8,1730,1200,1965,0,98034,47.7188,-122.185,1730,8550
8725,8725,7883603425,20140529T000000,155000.0,3.0,1.0,1250,6250,1.0,0,0,2,7,1030,220,1949,0,98108,47.5292,-122.323,1130,6250
8726,8726,923000580,20150223T000000,614000.0,4.0,2.75,2760,8160,1.5,0,2,4,8,1780,980,1940,0,98177,47.7248,-122.365,2720,8160
8727,8727,6635000110,20150331T000000,650000.0,3.0,2.5,2380,3332,2.0,0,0,3,9,2380,0,2014,0,98034,47.7194,-122.199,2590,4382
8728,8728,7000100775,20140721T000000,625000.0,3.0,2.0,1730,12219,1.0,0,0,4,7,1730,0,1986,0,98004,47.5825,-122.189,2470,13594
8729,8729,6383000690,20150325T000000,587100.0,3.0,2.25,1670,6414,1.0,0,0,4,8,1670,0,1961,0,98117,47.6921,-122.386,2130,7035
8730,8730,9113600210,20140617T000000,380000.0,4.0,2.5,2150,37647,2.0,0,0,3,8,2150,0,1991,0,98042,47.3117,-122.083,2410,42193
8731,8731,5249804760,20150505T000000,479500.0,2.0,1.0,930,5760,1.0,0,0,3,6,730,200,1917,0,98118,47.5598,-122.266,1970,5760
8732,8732,3364900156,20150317T000000,382888.0,1.0,1.0,620,2380,1.0,0,0,3,6,620,0,1900,0,98115,47.6746,-122.326,980,3570
8733,8733,117000001,20140527T000000,540000.0,4.0,4.25,1960,3565,2.0,0,0,3,7,1960,0,1940,2003,98116,47.5849,-122.384,1920,5750
8734,8734,7555200230,20140521T000000,691000.0,4.0,2.75,2550,8632,1.0,0,0,3,8,1700,850,1972,0,98033,47.6477,-122.197,2550,9534
8735,8735,9178600360,20140604T000000,760500.0,3.0,2.0,1990,3990,1.0,0,0,5,7,1130,860,1912,0,98103,47.6572,-122.333,1710,4000
8736,8736,7853301570,20150430T000000,685000.0,4.0,2.5,3550,10968,2.0,0,0,3,9,3550,0,2006,0,98065,47.5431,-121.886,3550,8583
8737,8737,5066400564,20140929T000000,199129.0,3.0,1.0,860,33664,1.0,0,0,4,6,860,0,1955,0,98001,47.295,-122.275,1290,18287
8738,8738,9264950600,20140724T000000,335000.0,3.0,3.0,2031,7702,2.0,0,0,3,9,2031,0,1988,0,98023,47.3058,-122.348,2390,7700
8739,8739,4010800110,20140609T000000,305100.0,3.0,2.0,1590,35988,1.0,0,0,4,8,1590,0,1974,0,98058,47.4365,-122.106,2780,23789
8740,8740,1546600120,20150325T000000,830000.0,4.0,2.25,3010,12202,1.0,0,0,4,9,3010,0,1959,0,98005,47.6387,-122.174,2480,10143
8741,8741,4139440100,20150128T000000,810000.0,3.0,2.5,2610,8481,2.0,0,0,3,10,2610,0,1993,0,98006,47.5535,-122.115,3140,10008
8742,8742,1939050110,20150113T000000,500000.0,3.0,2.25,1440,15661,1.0,0,0,3,8,1180,260,1988,0,98074,47.6225,-122.038,1440,13963
8743,8743,6126601445,20140530T000000,490000.0,3.0,1.75,1920,5405,1.0,0,2,4,7,960,960,1947,0,98126,47.5583,-122.38,1190,5405
8744,8744,9274200620,20141028T000000,490000.0,2.0,1.75,1670,4200,2.0,0,0,3,7,1670,0,1912,0,98116,47.5862,-122.387,1340,2875
8745,8745,2868300061,20140918T000000,272000.0,4.0,1.75,1390,10660,1.0,0,0,4,7,1030,360,1960,0,98198,47.4128,-122.323,1800,11960
8746,8746,3831200210,20140910T000000,280000.0,3.0,2.25,2140,7200,2.0,0,0,4,7,2140,0,1979,0,98031,47.3913,-122.191,1890,7455
8747,8747,7301300150,20140625T000000,233000.0,3.0,1.0,1250,6180,1.5,0,0,3,7,1250,0,1955,0,98155,47.7474,-122.327,1490,6180
8748,8748,3368900084,20140623T000000,275000.0,3.0,1.0,1080,6000,1.0,0,0,4,7,1080,0,1952,0,98133,47.7579,-122.33,1200,7210
8749,8749,8856500220,20140728T000000,375000.0,3.0,3.25,2760,6420,2.0,0,2,3,9,2110,650,1991,0,98031,47.3895,-122.221,2030,7725
8750,8750,9527310110,20140826T000000,445000.0,3.0,2.75,2180,3703,2.0,0,0,3,8,2180,0,2004,0,98011,47.776,-122.169,2190,3963
8751,8751,2767604712,20140919T000000,437500.0,3.0,2.5,1260,1125,3.0,0,0,3,8,1260,0,2002,0,98107,47.6706,-122.381,1360,1250
8752,8752,3336001515,20150511T000000,426250.0,4.0,1.0,1610,6000,1.5,0,0,4,7,1510,100,1905,0,98118,47.5261,-122.266,1430,6000
8753,8753,5103900015,20140626T000000,358000.0,3.0,1.5,2450,12497,1.0,0,0,4,7,2450,0,1967,0,98065,47.5317,-121.834,1560,11700
8754,8754,1025069255,20141023T000000,1175000.0,4.0,3.5,4150,49503,2.0,0,0,3,11,4150,0,2003,0,98053,47.6746,-122.018,3330,60137
8755,8755,2724069010,20150430T000000,305000.0,2.0,1.0,960,8276,1.0,0,0,3,5,960,0,1939,0,98027,47.5322,-122.033,1620,6000
8756,8756,8682262170,20140530T000000,415000.0,2.0,1.75,1340,4664,1.0,0,0,3,8,1340,0,2004,0,98053,47.7182,-122.034,1350,4236
8757,8757,1773100755,20140821T000000,520000.0,11.0,3.0,3000,4960,2.0,0,0,3,7,2400,600,1918,1999,98106,47.556,-122.363,1420,4960
8758,8758,8691390770,20141013T000000,733000.0,4.0,3.5,3080,5974,2.0,0,0,3,9,3080,0,2003,0,98075,47.6007,-121.974,2950,5425
8759,8759,7771300085,20150309T000000,411500.0,3.0,1.0,1130,8159,1.0,0,0,4,7,1130,0,1954,0,98133,47.7362,-122.333,1570,8162
8760,8760,9194101388,20140919T000000,540000.0,3.0,1.75,2280,16671,1.5,0,0,4,6,1760,520,1909,0,98034,47.7096,-122.219,1850,9351
8761,8761,7633400110,20150224T000000,270500.0,3.0,1.5,1952,8613,1.0,0,0,4,7,1652,300,1960,0,98032,47.3715,-122.29,1400,8712
8762,8762,2767704302,20150410T000000,422250.0,2.0,1.5,1280,1256,2.0,0,0,3,8,1200,80,1998,0,98107,47.6741,-122.375,1390,1256
8763,8763,8562970040,20140516T000000,655000.0,5.0,3.25,3690,12353,2.0,0,0,5,9,3690,0,1977,0,98155,47.7672,-122.292,2290,9082
8764,8764,8562720410,20140807T000000,1200000.0,5.0,3.25,4610,10576,2.0,0,3,3,11,3310,1300,2006,0,98027,47.5373,-122.07,4042,8321
8765,8765,120069059,20140804T000000,550000.0,3.0,2.5,2920,169448,2.5,0,0,3,9,2920,0,1990,0,98022,47.2492,-121.975,2360,326097
8766,8766,9828702513,20140506T000000,460000.0,2.0,2.25,1230,929,2.0,0,0,3,8,1020,210,2004,0,98122,47.6191,-122.301,1270,1370
8767,8767,7812800515,20141025T000000,159075.0,4.0,1.5,1580,6200,1.0,0,0,3,6,790,790,1944,0,98178,47.4971,-122.24,1320,6499
8768,8768,3363900155,20141209T000000,470000.0,2.0,1.0,1220,4000,1.5,0,0,4,6,1220,0,1908,0,98103,47.6801,-122.354,1580,4000
8769,8769,9448300061,20140708T000000,235000.0,2.0,1.0,1020,7920,1.0,0,0,3,6,1020,0,1939,0,98108,47.5558,-122.31,1530,6900
8770,8770,1840300100,20140918T000000,309950.0,2.0,1.5,1510,9843,1.0,0,0,4,7,1510,0,1961,0,98188,47.4419,-122.27,1590,9368
8771,8771,4246000180,20140523T000000,433000.0,4.0,1.75,1830,9600,1.0,0,0,4,7,1010,820,1966,0,98006,47.5728,-122.125,1910,11100
8772,8772,7856000110,20150203T000000,895000.0,3.0,2.5,2750,10000,1.0,0,3,3,8,1650,1100,1967,0,98006,47.5644,-122.153,2490,10000
8773,8773,2422059111,20140620T000000,291000.0,3.0,1.5,1860,60960,1.0,0,0,4,7,1140,720,1967,0,98042,47.3796,-122.102,2170,82764
8774,8774,1925069199,20150209T000000,835000.0,3.0,2.5,2720,13124,2.0,0,0,3,9,2720,0,1988,0,98052,47.6371,-122.094,2760,16200
8775,8775,2771603940,20150109T000000,640000.0,2.0,1.0,1360,5000,1.0,0,0,3,7,1200,160,1936,0,98199,47.6372,-122.392,1540,4000
8776,8776,6028000090,20150126T000000,438000.0,3.0,2.25,2340,14279,1.0,0,0,3,8,1340,1000,1965,0,98006,47.5715,-122.124,2340,13600
8777,8777,5126310110,20140722T000000,540000.0,4.0,2.5,2600,9935,2.0,0,0,3,8,2600,0,2005,0,98059,47.4865,-122.142,2830,7620
8778,8778,7520000616,20150309T000000,325000.0,4.0,2.5,2090,7434,1.0,0,0,3,7,1090,1000,1993,0,98146,47.4962,-122.349,1260,8404
8779,8779,3343900120,20150126T000000,380000.0,4.0,1.75,2260,7200,1.5,0,0,5,7,1360,900,1924,0,98056,47.5122,-122.186,1410,7465
8780,8780,714000195,20141113T000000,510000.0,2.0,1.0,1390,5544,1.0,0,0,3,7,930,460,1947,0,98105,47.6696,-122.267,1710,6200
8781,8781,2310100230,20140812T000000,380000.0,4.0,2.5,2300,7707,2.0,0,0,3,8,2300,0,2004,0,98038,47.3497,-122.044,2320,6035
8782,8782,7856600900,20140616T000000,825000.0,4.0,2.5,2810,9800,1.0,0,0,4,8,1710,1100,1973,0,98006,47.5657,-122.149,2800,9800
8783,8783,926069192,20140926T000000,880000.0,4.0,3.25,4060,52707,2.0,0,0,4,9,4060,0,1996,0,98077,47.7615,-122.041,3100,50755
8784,8784,3343302110,20150306T000000,1800000.0,3.0,3.0,2790,13295,2.0,1,4,4,10,2370,420,1933,1989,98006,47.5466,-122.197,3140,11949
8785,8785,5100403405,20150107T000000,790000.0,3.0,1.0,1290,6380,1.5,0,0,3,7,1290,0,1930,0,98115,47.6951,-122.319,1630,6380
8786,8786,3298700302,20141212T000000,287000.0,2.0,1.5,720,4346,1.0,0,0,4,6,720,0,1942,0,98106,47.5225,-122.351,790,4346
8787,8787,3333001430,20140912T000000,509000.0,3.0,3.0,2130,5000,1.5,0,0,3,7,1570,560,1913,0,98118,47.5451,-122.284,1638,4500
8788,8788,8849700040,20140908T000000,270000.0,3.0,2.25,1750,8400,1.0,0,0,3,7,1350,400,1965,0,98188,47.4571,-122.272,2020,9110
8789,8789,3256400051,20140708T000000,210000.0,3.0,2.0,960,9380,1.0,0,0,3,6,960,0,1949,0,98146,47.4852,-122.343,1460,9240
8790,8790,7283900551,20141124T000000,415000.0,3.0,1.0,1570,11752,1.5,0,0,5,8,1570,0,1930,0,98133,47.7686,-122.348,2010,8291
8791,8791,5067400032,20141205T000000,550000.0,3.0,2.5,3070,14400,1.0,0,3,5,9,1720,1350,1985,0,98198,47.3716,-122.321,2020,18211
8792,8792,1370801020,20140709T000000,1250000.0,4.0,2.5,2920,5500,1.0,0,3,3,10,2030,890,1957,0,98199,47.6406,-122.412,3790,5500
8793,8793,3852900026,20140801T000000,499950.0,3.0,1.0,1870,4984,1.0,0,0,3,7,1120,750,1955,0,98116,47.5771,-122.391,1650,5750
8794,8794,1189000025,20140905T000000,659000.0,3.0,1.5,1540,5040,2.0,0,0,3,8,1540,0,1907,0,98122,47.6138,-122.299,1590,3600
8795,8795,4047200580,20150302T000000,265000.0,2.0,1.5,1440,22081,2.0,0,0,3,7,1440,0,1990,0,98019,47.7698,-121.896,1440,19544
8796,8796,2607720150,20140605T000000,492000.0,4.0,3.75,2810,10840,2.0,0,2,4,8,2070,740,1994,0,98045,47.4861,-121.804,2370,11248
8797,8797,5459300040,20140813T000000,715000.0,4.0,2.5,2450,7700,1.0,0,0,3,8,1250,1200,1958,0,98040,47.5731,-122.212,2450,8000
8798,8798,2613200025,20150313T000000,175000.0,2.0,1.0,1330,28270,1.5,0,0,3,6,1330,0,1925,0,98168,47.4824,-122.274,1210,6926
8799,8799,686050100,20141128T000000,975000.0,4.0,3.5,3130,52322,2.0,0,0,3,9,2430,700,2011,0,98005,47.5932,-122.159,3200,5820
8800,8800,2117700065,20141009T000000,306950.0,1.0,1.0,730,5005,1.0,0,0,4,5,730,0,1945,0,98117,47.6992,-122.364,1630,5667
8801,8801,5742600115,20150407T000000,630000.0,4.0,2.0,2480,3680,1.5,0,0,4,7,1470,1010,1916,0,98116,47.5686,-122.392,1500,5750
8802,8802,2064800600,20150109T000000,367500.0,3.0,1.0,1270,8792,1.0,0,0,5,7,1270,0,1969,0,98056,47.5351,-122.174,1780,8792
8803,8803,34001765,20150325T000000,699950.0,3.0,3.25,2230,5460,1.0,0,1,4,8,1430,800,1977,0,98136,47.53,-122.388,2070,5600
8804,8804,1186000065,20150416T000000,1000000.0,3.0,3.0,2880,3750,2.0,0,0,3,9,2220,660,1909,1991,98122,47.6155,-122.29,1910,4000
8805,8805,1687000220,20141016T000000,285000.0,4.0,2.5,2434,4400,2.0,0,0,3,8,2434,0,2007,0,98001,47.2874,-122.283,2434,4400
8806,8806,7985400133,20150114T000000,215000.0,2.0,1.5,1120,1312,2.0,0,0,3,7,1000,120,2004,0,98106,47.534,-122.364,1560,1314
8807,8807,3303980090,20150306T000000,1050000.0,4.0,2.5,4080,11054,2.0,0,0,3,11,4080,0,2001,0,98059,47.5188,-122.151,3520,11914
8808,8808,7855200120,20140509T000000,1370000.0,4.0,2.75,3720,9450,1.0,0,4,5,10,1960,1760,1962,0,98006,47.5627,-122.156,2900,8605
8809,8809,2800031,20150401T000000,235000.0,3.0,1.0,1430,7599,1.5,0,0,4,6,1010,420,1930,0,98168,47.4783,-122.265,1290,10320
8810,8810,2306400040,20150416T000000,604000.0,3.0,2.0,1560,2589,1.0,0,0,3,7,790,770,1923,2001,98103,47.6587,-122.344,1450,3893
8811,8811,5035300834,20140530T000000,750000.0,3.0,1.75,1700,8400,1.0,0,0,3,8,1460,240,1947,0,98199,47.6534,-122.415,2010,7000
8812,8812,9542300530,20141124T000000,800000.0,4.0,2.25,2510,9963,1.0,0,0,4,9,2200,310,1967,0,98005,47.5973,-122.177,3110,9963
8813,8813,9191201250,20150107T000000,580000.0,5.0,2.0,2600,3750,1.5,0,0,4,6,1400,1200,1914,0,98105,47.6691,-122.299,1700,3750
8814,8814,7950300775,20141204T000000,350000.0,1.0,1.0,790,4590,1.0,0,0,3,6,790,0,1911,0,98118,47.5677,-122.285,1070,4590
8815,8815,2934800025,20141216T000000,353750.0,4.0,2.0,1710,7490,2.0,0,0,3,7,1320,390,1956,0,98166,47.4544,-122.357,1880,7704
8816,8816,7855400330,20140604T000000,1100000.0,5.0,2.75,2660,8737,1.0,0,4,5,8,1470,1190,1969,0,98006,47.5667,-122.155,3280,8783
8817,8817,259600330,20150209T000000,465000.0,4.0,2.0,1470,10291,1.0,0,0,4,7,1470,0,1963,0,98008,47.6316,-122.121,1460,9601
8818,8818,3723800409,20140507T000000,568000.0,3.0,2.0,2350,5080,1.5,0,0,3,8,1780,570,1929,0,98118,47.5516,-122.263,1700,5080
8819,8819,5191100180,20141106T000000,1005000.0,5.0,2.0,2440,3080,2.0,0,0,4,8,2440,0,1910,0,98112,47.6242,-122.306,1640,3077
8820,8820,257000057,20140916T000000,213500.0,3.0,1.5,1150,11571,1.0,0,0,3,7,1150,0,1961,0,98168,47.4931,-122.298,1630,11571
8821,8821,1771100330,20140605T000000,250000.0,3.0,2.5,1510,10384,1.0,0,0,2,7,1030,480,1976,0,98077,47.758,-122.071,1490,10000
8822,8822,1782500035,20140703T000000,357000.0,2.0,1.0,870,4600,1.0,0,0,4,7,870,0,1942,0,98126,47.5274,-122.379,930,4600
8823,8823,7104100065,20140926T000000,425000.0,2.0,2.0,1280,4095,2.0,0,0,4,8,1280,0,1918,0,98136,47.5501,-122.393,1470,5500
8824,8824,200500610,20140611T000000,571000.0,3.0,2.5,2600,7465,2.0,0,0,3,9,2600,0,1988,0,98011,47.7387,-122.217,2660,7683
8825,8825,7199320600,20140519T000000,588000.0,3.0,2.25,2030,7350,1.0,0,0,4,7,1190,840,1977,0,98052,47.6939,-122.126,1950,7350
8826,8826,3322049201,20140523T000000,275000.0,4.0,1.5,1930,15531,2.0,0,0,3,7,1930,0,1979,0,98003,47.345,-122.296,1580,7800
8827,8827,5153200100,20150225T000000,565000.0,3.0,2.75,3210,15939,2.0,0,1,3,10,3210,0,1998,0,98023,47.3357,-122.351,2870,15939
8828,8828,726059349,20150319T000000,460000.0,3.0,1.75,1970,9135,1.0,0,0,4,7,1370,600,1961,0,98011,47.7603,-122.215,1880,9650
8829,8829,8833510230,20140604T000000,603500.0,4.0,2.5,4060,9734,1.0,0,4,3,9,2150,1910,1977,0,98028,47.7678,-122.254,2750,10370
8830,8830,7298000090,20140703T000000,490600.0,3.0,2.5,3316,11447,2.0,0,0,3,9,3316,0,1986,0,98023,47.3036,-122.34,3000,11447
8831,8831,3885804225,20140624T000000,1010000.0,2.0,2.0,1460,9052,1.0,0,2,5,6,1460,0,1900,0,98033,47.6857,-122.208,2554,7834
8832,8832,2558600100,20140827T000000,500000.0,4.0,2.0,2100,12620,1.0,0,0,4,7,2100,0,1972,0,98034,47.7239,-122.173,1720,7840
8833,8833,7697920450,20140625T000000,249000.0,4.0,2.25,1830,6136,2.0,0,0,3,7,1830,0,1990,0,98030,47.367,-122.181,1830,7664
8834,8834,8899200110,20140603T000000,235000.0,3.0,2.0,1530,8700,1.0,0,0,4,7,1530,0,1970,0,98055,47.4529,-122.207,1960,7600
8835,8835,3992700775,20150121T000000,410000.0,4.0,2.0,1490,13736,1.0,0,0,4,6,1490,0,1942,0,98125,47.712,-122.281,2040,7200
8836,8836,6384500035,20140701T000000,370000.0,2.0,1.0,860,6050,1.0,0,0,3,7,860,0,1952,0,98116,47.5697,-122.4,1130,6050
8837,8837,2787700210,20140916T000000,360000.0,5.0,2.5,2130,7111,1.0,0,0,3,7,1330,800,1968,0,98059,47.5071,-122.16,1840,7592
8838,8838,2524049018,20141205T000000,1406890.0,5.0,2.25,3580,16789,2.0,0,0,5,9,3580,0,1966,0,98040,47.5364,-122.239,3390,17000
8839,8839,7569450090,20141121T000000,298000.0,4.0,2.5,2420,3825,2.0,0,0,3,8,2420,0,2003,0,98042,47.3687,-122.126,1880,4250
8840,8840,123039570,20140708T000000,485000.0,4.0,2.25,1900,7200,1.0,0,0,3,8,1370,530,1977,0,98146,47.5033,-122.372,2030,8008
8841,8841,6071300090,20140826T000000,400000.0,3.0,1.75,1330,9143,1.0,0,0,3,7,1330,0,1960,0,98006,47.5538,-122.176,1950,10384
8842,8842,4221250100,20140805T000000,580000.0,3.0,2.5,2150,4604,2.0,0,0,3,8,2150,0,2003,0,98075,47.5893,-122.019,2280,4253
8843,8843,8730000210,20140807T000000,355000.0,2.0,2.5,1370,1140,2.0,0,0,3,8,1080,290,2009,0,98133,47.7055,-122.342,1340,1050
8844,8844,4178600100,20140721T000000,650000.0,3.0,2.5,2430,12997,2.0,0,0,3,9,2430,0,1992,0,98011,47.744,-122.194,2720,12500
8845,8845,9476200485,20140929T000000,261490.0,4.0,1.0,1640,8467,1.0,0,2,4,6,1220,420,1943,0,98056,47.4894,-122.188,1060,7396
8846,8846,3205400230,20140716T000000,347000.0,3.0,1.0,1010,7200,1.0,0,0,3,7,1010,0,1968,0,98034,47.7225,-122.179,1120,7200
8847,8847,9307300100,20140519T000000,485000.0,3.0,1.0,1500,4100,1.5,0,0,3,7,1370,130,1926,0,98107,47.6689,-122.367,1500,4100
8848,8848,2770600930,20141022T000000,601000.0,3.0,2.5,1740,1251,2.0,0,0,3,9,1180,560,2012,0,98199,47.644,-122.385,1740,1625
8849,8849,2817900180,20150411T000000,380000.0,3.0,3.25,2090,51212,1.0,0,0,3,8,1510,580,1989,0,98092,47.3097,-122.099,2690,40820
8850,8850,7504001340,20140829T000000,565000.0,3.0,3.0,1850,12556,2.0,0,0,3,9,1850,0,1976,0,98074,47.6286,-122.053,2390,12474
8851,8851,3121500330,20150323T000000,750000.0,3.0,2.5,2790,21043,2.0,0,0,3,9,2790,0,1993,0,98053,47.673,-122.03,2900,34589
8852,8852,1099760230,20150107T000000,291000.0,3.0,2.25,1480,7200,1.0,0,0,3,7,1190,290,1975,0,98023,47.3037,-122.375,1830,7200
8853,8853,3904920600,20141105T000000,560000.0,3.0,2.5,2280,12498,2.0,0,0,4,9,2280,0,1987,0,98029,47.5688,-122.014,2330,8844
8854,8854,7504100590,20150325T000000,725000.0,4.0,2.25,3180,9600,2.0,0,0,3,10,3180,0,1984,0,98074,47.6313,-122.045,2840,10739
8855,8855,1725079025,20140903T000000,539000.0,3.0,2.0,2350,209088,1.0,0,0,3,7,2350,0,1993,0,98014,47.6527,-121.949,2300,209088
8856,8856,9406540150,20140722T000000,470000.0,5.0,3.25,3910,7077,2.0,0,0,3,9,2710,1200,2000,0,98038,47.3766,-122.027,2650,7077
8857,8857,6163900032,20150109T000000,264950.0,2.0,1.0,770,7434,1.0,0,0,3,6,770,0,1947,0,98155,47.7606,-122.32,1060,7453
8858,8858,844000180,20150225T000000,200000.0,4.0,1.5,1780,8000,2.0,0,0,4,6,1080,700,1900,1996,98010,47.3124,-122.003,1750,9147
8859,8859,7229800175,20140604T000000,453500.0,5.0,2.5,2300,23345,1.0,0,0,5,7,1170,1130,1967,0,98059,47.4739,-122.114,2280,23345
8860,8860,325059086,20140825T000000,811000.0,2.0,2.5,2510,17986,2.0,0,0,3,9,2510,0,1943,2014,98052,47.6832,-122.164,2440,8039
8861,8861,4310701565,20140916T000000,425000.0,3.0,3.25,1410,1350,3.0,0,0,3,8,1410,0,2005,0,98103,47.698,-122.34,1410,1253
8862,8862,2524049257,20140918T000000,1530000.0,4.0,2.25,4250,16940,1.0,0,2,4,9,2380,1870,1974,0,98040,47.5453,-122.234,3460,17693
8863,8863,1226059161,20141229T000000,562000.0,4.0,2.75,2560,83200,1.0,0,0,3,8,1860,700,1980,0,98072,47.7511,-122.111,1990,38332
8864,8864,7212660900,20140723T000000,281000.0,3.0,2.5,1760,7601,2.0,0,0,3,8,1760,0,1992,0,98003,47.2672,-122.313,1920,6851
8865,8865,6147650300,20141016T000000,270000.0,3.0,2.25,2100,14027,2.0,0,0,3,8,2100,0,1979,0,98042,47.3833,-122.1,2730,5999
8866,8866,8945300090,20140811T000000,205950.0,3.0,1.0,1490,8239,1.0,0,0,4,6,1490,0,1963,0,98023,47.306,-122.37,1200,8470
8867,8867,7452500365,20140625T000000,310000.0,2.0,1.0,870,5400,1.0,0,0,3,6,870,0,1950,2007,98126,47.52,-122.374,990,5200
8868,8868,3629960600,20150312T000000,350000.0,3.0,1.75,1260,1111,2.0,0,0,3,8,1260,0,2003,0,98029,47.5476,-122.005,1410,1630
8869,8869,540100056,20140601T000000,843500.0,4.0,2.0,2630,16475,2.0,0,0,4,8,2630,0,1953,0,98004,47.639,-122.219,2670,15001
8870,8870,1109000175,20150508T000000,370000.0,4.0,2.0,1950,3757,1.0,0,0,4,6,1160,790,1908,0,98118,47.5372,-122.269,1720,3757
8871,8871,8645500900,20140620T000000,279000.0,4.0,2.0,2200,7700,1.0,0,0,3,7,1100,1100,1979,0,98058,47.464,-122.18,1790,7700
8872,8872,722069057,20150102T000000,408000.0,3.0,1.75,1600,313672,1.0,0,0,4,7,1600,0,1960,0,98058,47.4129,-122.08,1780,90860
8873,8873,2660500365,20150106T000000,392000.0,3.0,1.0,1230,9600,1.0,0,0,3,7,1230,0,1952,0,98118,47.5553,-122.288,1510,6600
8874,8874,2516000475,20140929T000000,455000.0,2.0,1.0,1030,5000,1.0,0,0,5,6,1030,0,1917,0,98107,47.6585,-122.363,1550,5000
8875,8875,522039103,20141113T000000,310000.0,2.0,1.5,1040,83199,1.0,0,0,4,7,870,170,1965,0,98070,47.4222,-122.443,1760,75794
8876,8876,7689600650,20140917T000000,323500.0,3.0,3.0,2240,11536,2.0,0,0,3,7,2240,0,1943,2005,98178,47.4886,-122.245,1650,8760
8877,8877,9285800801,20140926T000000,364500.0,3.0,1.0,1600,4489,1.0,0,2,3,6,800,800,1944,0,98126,47.5686,-122.378,1640,6013
8878,8878,3750607974,20140509T000000,280000.0,4.0,2.0,2190,14439,1.0,0,0,4,7,1180,1010,1977,0,98001,47.2702,-122.29,2160,14439
8879,8879,1622049154,20141215T000000,289900.0,3.0,1.75,1899,11325,2.0,0,0,3,7,1899,0,1943,2005,98198,47.3987,-122.3,2000,10454
8880,8880,9530100555,20140613T000000,585000.0,3.0,1.0,1870,2807,1.5,0,0,4,7,1580,290,1927,0,98107,47.6674,-122.358,1640,4500
8881,8881,4178500300,20140916T000000,269000.0,3.0,2.5,1730,6653,1.0,0,0,4,7,1360,370,1990,0,98042,47.3588,-122.088,1730,7061
8882,8882,8856960720,20140808T000000,280000.0,3.0,2.25,1860,9210,2.0,0,0,3,7,1860,0,1994,0,98038,47.3864,-122.03,1530,8091
8883,8883,9117000230,20150409T000000,287000.0,3.0,1.75,1940,9000,1.0,0,0,3,7,1290,650,1965,0,98055,47.4361,-122.189,1900,9120
8884,8884,8122100835,20140812T000000,183000.0,2.0,1.0,670,5140,1.0,0,0,3,6,670,0,1926,0,98126,47.5387,-122.371,850,5140
8885,8885,2788500090,20141219T000000,309000.0,3.0,1.0,1820,8142,1.0,0,0,3,7,1040,780,1961,0,98168,47.505,-122.316,1820,8142
8886,8886,324059161,20141013T000000,920000.0,4.0,2.5,3810,13579,2.0,0,0,3,10,3810,0,2003,0,98007,47.6006,-122.153,3310,9270
8887,8887,4217400540,20140929T000000,815241.0,5.0,2.25,2060,4800,2.5,0,0,3,8,2060,0,1907,0,98105,47.66,-122.282,1740,4800
8888,8888,3876312290,20141121T000000,405000.0,3.0,1.75,1520,7252,1.0,0,0,3,7,1140,380,1975,0,98072,47.7358,-122.175,1910,7820
8889,8889,8556800090,20150430T000000,525000.0,5.0,3.5,3450,19080,2.0,0,3,3,9,3450,0,2001,0,98022,47.2123,-122.005,2570,17007
8890,8890,2113701095,20140717T000000,150000.0,2.0,1.0,830,4045,1.0,0,0,3,6,830,0,1943,0,98106,47.5293,-122.351,1100,4116
8891,8891,3750603940,20140925T000000,240000.0,4.0,1.75,1880,9600,1.0,0,0,5,7,1020,860,1946,0,98001,47.2633,-122.281,1560,14400
8892,8892,1245003160,20140502T000000,698000.0,4.0,2.25,2200,11250,1.5,0,0,5,7,1300,900,1920,0,98033,47.6845,-122.201,2320,10814
8893,8893,2600010360,20150309T000000,440000.0,3.0,2.0,1800,10950,1.0,0,0,4,8,1800,0,1982,0,98006,47.557,-122.163,2400,11300
8894,8894,7893200900,20150414T000000,204000.0,3.0,1.0,1200,12500,1.5,0,0,3,6,1200,0,1936,0,98198,47.4162,-122.329,1200,7500
8895,8895,269000615,20140516T000000,875000.0,3.0,2.0,2220,6641,1.0,0,2,4,7,1220,1000,1947,0,98199,47.6426,-122.388,1800,5900
8896,8896,2174503441,20140703T000000,650000.0,3.0,1.5,1380,4500,1.0,0,0,5,7,1380,0,1960,0,98040,47.5866,-122.25,1590,9000
8897,8897,4025300371,20150408T000000,392500.0,3.0,1.0,1660,8839,1.0,0,0,4,7,1660,0,1947,0,98155,47.7485,-122.3,1230,9236
8898,8898,3101500090,20141017T000000,400000.0,4.0,1.0,2320,4000,1.5,0,0,3,6,1310,1010,1921,0,98144,47.573,-122.312,1750,4000
8899,8899,3447000090,20150428T000000,653000.0,3.0,2.25,2800,17300,1.0,0,0,4,8,1420,1380,1971,0,98006,47.5716,-122.128,2140,12650
8900,8900,917000300,20140520T000000,452000.0,4.0,1.0,1210,3760,1.5,0,0,3,6,1210,0,1900,0,98103,47.6872,-122.344,1540,3800
8901,8901,9510400100,20140506T000000,345000.0,4.0,2.5,2331,3826,2.0,0,0,3,8,2331,0,2007,0,98058,47.4444,-122.182,2441,3826
8902,8902,4058801225,20141202T000000,350000.0,4.0,1.75,1820,6930,1.0,0,2,4,7,1320,500,1952,0,98178,47.5053,-122.242,1820,6825
8903,8903,3578600201,20140731T000000,650000.0,4.0,2.5,2860,5576,2.0,0,0,3,8,2860,0,2004,0,98028,47.745,-122.224,2290,10667
8904,8904,5282200015,20140527T000000,525000.0,5.0,3.0,2750,3800,1.5,0,0,5,7,1750,1000,1926,0,98115,47.6845,-122.313,1900,3800
8905,8905,5282200015,20150126T000000,840000.0,5.0,3.0,2750,3800,1.5,0,0,5,7,1750,1000,1926,0,98115,47.6845,-122.313,1900,3800
8906,8906,4219400555,20141124T000000,1325000.0,3.0,2.5,2280,5000,2.0,0,3,4,9,2280,0,1926,0,98105,47.6574,-122.278,2200,5000
8907,8907,104550540,20150120T000000,259950.0,4.0,2.0,1610,6650,1.0,0,0,3,7,1610,0,1989,0,98023,47.3085,-122.358,1960,6650
8908,8908,3317500100,20150220T000000,998000.0,5.0,3.5,3760,10207,2.0,0,0,3,10,3150,610,1969,0,98040,47.5605,-122.225,3550,12118
8909,8909,2436200395,20140610T000000,1070000.0,3.0,3.0,2940,4622,2.0,0,0,4,9,2230,710,1988,0,98105,47.6641,-122.293,1580,4000
8910,8910,1118001560,20140710T000000,1910000.0,4.0,3.0,4460,6833,2.0,0,0,3,10,3140,1320,1955,2007,98112,47.6342,-122.289,3130,7450
8911,8911,8728100775,20150309T000000,190500.0,3.0,1.5,1110,1150,2.0,0,0,3,8,940,170,2007,0,98144,47.5929,-122.306,1380,1751
8912,8912,2223069112,20141112T000000,465000.0,3.0,2.25,2560,117176,1.0,0,0,4,9,1280,1280,1977,0,98027,47.4655,-122.033,2760,57063
8913,8913,7278100665,20150204T000000,370000.0,3.0,1.0,1060,7419,1.0,0,2,4,6,1060,0,1906,0,98177,47.7712,-122.392,2190,5953
8914,8914,822059038,20140731T000000,290000.0,6.0,4.5,2810,11214,1.0,0,0,3,8,2010,800,1958,0,98031,47.4045,-122.197,1940,8349
8915,8915,7977201065,20141104T000000,350000.0,3.0,1.75,1380,4590,1.0,0,0,2,7,930,450,1950,0,98115,47.6841,-122.293,1320,4692
8916,8916,7977201065,20150305T000000,740000.0,3.0,1.75,1380,4590,1.0,0,0,2,7,930,450,1950,0,98115,47.6841,-122.293,1320,4692
8917,8917,5255000110,20141007T000000,460000.0,3.0,1.75,2560,8400,1.0,0,0,3,7,1970,590,1959,0,98011,47.7668,-122.197,1970,8400
8918,8918,9407001790,20140826T000000,290000.0,3.0,1.0,1010,10800,1.0,0,0,4,7,1010,0,1972,0,98045,47.4483,-121.773,1370,9500
8919,8919,1120069059,20140918T000000,475000.0,3.0,1.5,1790,229125,2.0,0,3,3,7,1790,0,1987,0,98022,47.2309,-122.009,1970,216928
8920,8920,2048000330,20140926T000000,214000.0,3.0,2.5,1600,2231,2.0,0,0,3,7,1600,0,2003,0,98001,47.3314,-122.29,1600,2962
8921,8921,8820903080,20150508T000000,455000.0,2.0,1.0,910,5759,1.0,0,0,3,6,910,0,1951,0,98125,47.7153,-122.284,1520,7518
8922,8922,1687000210,20140725T000000,275000.0,3.0,2.5,2497,4400,2.0,0,0,3,8,2497,0,2007,0,98001,47.2873,-122.283,2434,4400
8923,8923,621049103,20140709T000000,305000.0,3.0,1.5,1800,12196,1.0,0,0,4,7,1800,0,1966,0,98023,47.333,-122.345,1490,11730
8924,8924,1321059052,20150409T000000,449000.0,5.0,2.5,2570,61855,1.0,0,0,4,7,1470,1100,1981,0,98092,47.3013,-122.109,1990,49658
8925,8925,2114700540,20141021T000000,366000.0,3.0,2.5,1320,4320,1.0,0,0,3,6,660,660,1918,0,98106,47.5327,-122.347,1190,4200
8926,8926,4307330180,20150328T000000,348000.0,3.0,2.5,1670,5090,2.0,0,0,3,7,1670,0,2003,0,98056,47.4799,-122.18,2560,4851
8927,8927,114100304,20141203T000000,515000.0,4.0,2.5,2800,21370,2.0,0,0,3,8,2800,0,2003,0,98028,47.776,-122.246,1880,9336
8928,8928,7501000220,20140620T000000,950000.0,4.0,2.5,3360,11548,2.0,0,0,3,9,3360,0,1988,0,98033,47.6534,-122.182,3400,14091
8929,8929,8562901910,20140730T000000,815000.0,3.0,2.5,2590,21494,2.0,0,0,4,8,2590,0,1991,0,98074,47.6139,-122.061,2590,10720
8930,8930,1442800150,20150120T000000,199950.0,3.0,3.0,1530,2132,2.0,0,0,3,8,1530,0,1993,0,98038,47.3746,-122.056,1530,3384
8931,8931,3715500220,20140605T000000,386000.0,3.0,2.0,1330,8100,1.0,0,0,4,7,1330,0,1969,0,98034,47.7251,-122.175,1590,8100
8932,8932,8647800150,20150102T000000,273000.0,3.0,2.25,2160,7964,2.0,0,0,3,8,2160,0,1991,0,98042,47.3622,-122.074,2000,7964
8933,8933,2508800220,20150325T000000,284000.0,4.0,2.5,1830,6360,2.0,0,0,3,8,1830,0,1994,0,98031,47.4184,-122.18,1830,6596
8934,8934,106000044,20140826T000000,399950.0,3.0,1.0,1470,7930,1.0,0,0,3,7,1070,400,1950,0,98177,47.7013,-122.368,1440,8100
8935,8935,5652601035,20150115T000000,285000.0,3.0,1.75,1150,6423,1.0,0,0,3,5,590,560,1927,0,98115,47.6973,-122.297,1150,8367
8936,8936,4142450490,20150403T000000,315000.0,3.0,2.5,1790,6452,2.0,0,0,3,7,1790,0,2004,0,98038,47.3841,-122.042,1610,3600
8937,8937,2788400090,20140807T000000,250000.0,3.0,1.0,1700,7700,1.0,0,0,3,7,1120,580,1960,0,98168,47.5114,-122.318,1700,8800
8938,8938,7524200330,20150316T000000,290000.0,4.0,2.0,1630,7618,1.5,0,0,3,7,1630,0,1967,0,98198,47.3658,-122.317,1320,8774
8939,8939,9359300220,20140623T000000,725000.0,4.0,2.5,3420,30410,2.0,0,0,3,9,3420,0,1988,0,98077,47.7745,-122.088,2940,45916
8940,8940,3840700455,20140523T000000,410000.0,3.0,2.0,1650,9641,1.5,0,0,3,7,1650,0,1983,0,98034,47.7145,-122.231,1940,6701
8941,8941,6790950150,20140817T000000,855000.0,4.0,2.5,2810,52062,1.5,0,0,4,9,2810,0,1988,0,98075,47.5941,-122.029,3330,49783
8942,8942,3303950760,20140728T000000,399900.0,4.0,2.5,2710,8127,2.0,0,0,3,8,2710,0,1994,0,98038,47.379,-122.032,2520,8436
8943,8943,2600000210,20140611T000000,852600.0,4.0,2.5,3320,11901,2.0,0,0,5,9,2650,670,1977,0,98006,47.554,-122.16,2700,11114
8944,8944,2341300115,20140808T000000,235000.0,2.0,1.0,720,6321,1.0,0,0,3,6,720,0,1940,0,98118,47.551,-122.289,920,5684
8945,8945,8655900100,20140807T000000,230950.0,2.0,1.0,930,12724,1.0,0,0,4,6,930,0,1912,0,98014,47.6567,-121.909,1240,21828
8946,8946,4345000210,20150330T000000,230000.0,3.0,2.25,1490,8722,2.0,0,0,3,7,1490,0,1997,0,98030,47.3648,-122.185,1510,8061
8947,8947,8929000330,20140729T000000,404763.0,3.0,2.5,1690,1609,2.0,0,0,3,8,1150,540,2014,0,98029,47.5521,-121.998,1690,1860
8948,8948,6700390150,20140923T000000,245000.0,3.0,2.5,1720,3407,2.0,0,0,3,7,1720,0,1992,0,98031,47.4034,-122.188,1720,3407
8949,8949,1645000100,20150129T000000,188000.0,3.0,1.5,1140,8500,1.0,0,0,4,7,1140,0,1964,0,98022,47.2093,-122.005,1600,8500
8950,8950,8078350100,20141204T000000,626100.0,4.0,2.5,2280,7219,2.0,0,0,4,8,2280,0,1987,0,98029,47.5719,-122.021,2240,7471
8951,8951,6430500008,20150302T000000,428750.0,3.0,1.0,1100,4080,1.0,0,0,4,7,900,200,1929,0,98103,47.6872,-122.351,1170,4080
8952,8952,3902300100,20140512T000000,522000.0,4.0,2.25,1800,8623,1.0,0,0,4,8,1360,440,1980,0,98033,47.692,-122.184,2370,8623
8953,8953,2193330090,20150311T000000,684000.0,4.0,2.5,2500,8434,2.0,0,0,4,8,2500,0,1988,0,98052,47.6915,-122.101,1900,8131
8954,8954,3524039202,20150420T000000,1065500.0,3.0,2.25,2950,7232,1.0,0,2,3,8,1520,1430,1983,0,98136,47.5257,-122.382,2130,7140
8955,8955,59000201,20150505T000000,611206.0,1.0,1.0,1940,6300,1.0,0,3,3,8,1940,0,1963,0,98116,47.5782,-122.4,2560,6300
8956,8956,1782000085,20140915T000000,350000.0,2.0,1.0,1280,5250,1.0,0,0,4,7,1140,140,1942,0,98126,47.5258,-122.377,1050,5250
8957,8957,3121500150,20150423T000000,894000.0,4.0,2.5,3800,22029,2.0,0,0,3,9,3800,0,1993,0,98053,47.6734,-122.026,3170,24979
8958,8958,5207200360,20140903T000000,420000.0,2.0,1.0,930,5368,1.0,0,0,4,7,930,0,1953,0,98115,47.6952,-122.275,1770,6000
8959,8959,2570500230,20140529T000000,400000.0,5.0,2.0,1930,9747,1.0,0,0,4,7,1020,910,1962,0,98028,47.7743,-122.235,2040,9370
8960,8960,2481600110,20140525T000000,675000.0,3.0,3.0,2980,28000,1.0,0,0,3,10,1820,1160,1981,0,98052,47.7318,-122.139,2570,28500
8961,8961,5104520150,20140520T000000,426000.0,4.0,2.5,2800,8494,2.0,0,0,3,8,2800,0,2004,0,98038,47.3521,-122.009,3740,8494
8962,8962,7504110760,20140627T000000,750000.0,4.0,2.25,3190,11597,2.0,0,0,3,10,2300,890,1984,0,98074,47.6323,-122.039,2990,10679
8963,8963,3649100276,20140609T000000,368000.0,3.0,1.75,1710,10800,1.0,0,0,4,7,1710,0,1958,0,98028,47.7391,-122.241,1890,10800
8964,8964,4302700559,20150327T000000,342000.0,3.0,1.0,1980,6450,1.0,0,0,4,6,1120,860,1950,0,98106,47.5291,-122.356,1180,5160
8965,8965,2883200961,20140605T000000,700000.0,3.0,1.75,1910,4800,1.0,0,0,3,7,1080,830,1959,0,98103,47.6844,-122.332,1750,4800
8966,8966,2767601280,20140722T000000,848750.0,6.0,3.75,3160,5000,2.0,0,0,3,8,3160,0,1989,0,98107,47.6748,-122.384,1740,5000
8967,8967,625049274,20150303T000000,720000.0,3.0,2.0,1590,5200,1.0,0,0,3,7,1320,270,1939,0,98103,47.6864,-122.341,1620,5150
8968,8968,686400210,20140922T000000,525000.0,4.0,2.25,1890,8549,1.0,0,0,3,8,1890,0,1967,0,98008,47.6328,-122.117,1940,7210
8969,8969,121059038,20150324T000000,397900.0,3.0,2.75,2500,35245,1.0,0,0,3,7,1580,920,2000,0,98042,47.3414,-122.117,2060,153766
8970,8970,3649100264,20140815T000000,405000.0,3.0,2.0,1740,18000,1.0,0,0,3,7,1230,510,1989,0,98028,47.7397,-122.242,1740,11250
8971,8971,6743700015,20150128T000000,392800.0,3.0,2.0,1080,11856,1.0,0,0,5,7,1080,0,1986,0,98033,47.6955,-122.175,1220,9247
8972,8972,217500015,20150224T000000,394999.0,3.0,1.5,1730,7800,1.0,0,0,3,7,1330,400,1958,0,98133,47.7365,-122.337,1780,8309
8973,8973,8691500410,20140619T000000,340000.0,3.0,2.5,2480,6112,2.0,0,0,3,7,2480,0,2004,0,98058,47.4387,-122.114,3220,6727
8974,8974,9828702667,20140519T000000,482500.0,3.0,2.25,1450,1445,2.0,0,0,3,7,980,470,2005,0,98122,47.6184,-122.301,1510,1370
8975,8975,2597531110,20140909T000000,812500.0,4.0,2.5,2750,10159,2.0,0,0,3,10,2750,0,1991,0,98006,47.5426,-122.135,3160,10159
8976,8976,1126049095,20140926T000000,450000.0,3.0,2.5,2820,10208,1.0,0,1,4,8,1410,1410,1954,0,98028,47.7609,-122.26,1540,10684
8977,8977,126049100,20141104T000000,398000.0,3.0,1.75,1830,27468,1.0,0,0,3,7,1830,0,1954,0,98028,47.7754,-122.233,1860,10180
8978,8978,1724069060,20150507T000000,1075000.0,2.0,3.25,1550,1767,3.0,1,3,3,8,1550,0,2006,0,98075,47.5684,-122.06,2710,3444
8979,8979,9530101385,20141014T000000,540000.0,2.0,2.0,1640,3021,1.0,0,2,3,7,840,800,1959,0,98107,47.666,-122.358,1780,4500
8980,8980,7243500015,20141003T000000,275000.0,4.0,2.0,1720,5472,1.0,0,0,3,6,860,860,1923,0,98118,47.5299,-122.288,1720,5670
8981,8981,1498303700,20140822T000000,780000.0,5.0,2.0,2880,12000,2.0,0,0,3,8,2880,0,1921,0,98144,47.5861,-122.295,1720,5000
8982,8982,3352400325,20140724T000000,225000.0,3.0,1.5,1220,8345,1.5,0,0,3,7,1220,0,1931,0,98178,47.5038,-122.266,1880,10169
8983,8983,8021700495,20140722T000000,503045.0,3.0,3.0,1560,2250,2.0,0,0,3,9,1560,0,2009,0,98103,47.6929,-122.333,1610,4500
8984,8984,9406500530,20140912T000000,249000.0,2.0,2.0,1090,1357,2.0,0,0,3,7,1090,0,1990,0,98028,47.7526,-122.244,1078,1318
8985,8985,9468200100,20140710T000000,569950.0,4.0,1.0,1140,5940,1.0,0,2,3,7,1140,0,1916,0,98103,47.6795,-122.354,1630,4000
8986,8986,3179100482,20150126T000000,450000.0,2.0,2.25,1040,1377,2.0,0,0,3,8,1040,0,2003,0,98105,47.6692,-122.279,1264,1892
8987,8987,5035300650,20140603T000000,1099500.0,4.0,2.0,2580,6000,1.0,0,0,5,9,1300,1280,1950,0,98199,47.6514,-122.413,2300,6200
8988,8988,6431000015,20140530T000000,700000.0,4.0,2.5,2310,3570,1.5,0,0,3,7,1490,820,1927,2014,98103,47.6889,-122.347,1580,3060
8989,8989,5366200210,20140819T000000,454000.0,3.0,2.5,1590,4094,2.0,0,0,3,7,1590,0,1991,0,98122,47.61,-122.293,1940,3924
8990,8990,9512501450,20150429T000000,555000.0,3.0,1.75,1270,9170,1.0,0,0,3,7,1270,0,1969,0,98052,47.6706,-122.151,1700,8500
8991,8991,8651411460,20150106T000000,214000.0,3.0,1.5,1240,5200,1.0,0,0,5,6,1240,0,1970,0,98042,47.3683,-122.079,1060,5200
8992,8992,8078380230,20140808T000000,590000.0,3.0,2.5,2210,8622,2.0,0,0,3,8,2210,0,1988,0,98029,47.5715,-122.02,2340,7192
8993,8993,1523069096,20140811T000000,459900.0,3.0,1.75,2340,51836,1.5,0,0,3,8,1510,830,1978,0,98027,47.4846,-122.035,2060,77536
8994,8994,7893203480,20150512T000000,205000.0,3.0,1.5,1420,5000,1.0,0,0,3,7,920,500,1987,0,98198,47.4192,-122.33,1400,7500
8995,8995,7795810110,20150512T000000,390000.0,3.0,1.75,1430,9857,1.0,0,2,4,7,1140,290,1980,0,98045,47.4964,-121.771,1310,9880
8996,8996,191100410,20140620T000000,970500.0,3.0,2.75,2470,10125,2.0,0,0,3,8,2470,0,1960,2012,98040,47.5651,-122.223,2290,10125
8997,8997,6151800330,20150421T000000,790000.0,3.0,2.5,2390,15084,2.0,0,0,3,8,2390,0,2000,0,98010,47.3389,-122.048,1850,17494
8998,8998,1771100360,20140707T000000,320000.0,3.0,1.0,1120,10576,1.0,0,0,4,7,1120,0,1969,0,98077,47.7575,-122.072,1300,10000
8999,8999,1556200265,20140723T000000,552500.0,3.0,2.25,2700,4025,2.0,0,0,4,8,1760,940,1907,0,98122,47.6074,-122.294,1580,4025
9000,9000,6742700210,20141119T000000,1050000.0,3.0,3.0,3490,4500,2.5,0,0,3,9,3170,320,1924,0,98102,47.6394,-122.321,2840,4050
9001,9001,1423800210,20140923T000000,230000.0,3.0,1.0,1640,7187,1.0,0,0,3,7,1640,0,1966,0,98058,47.455,-122.182,1340,8346
9002,9002,2125049131,20140729T000000,680000.0,3.0,1.75,1620,5500,1.0,0,0,3,7,1110,510,1950,0,98112,47.6393,-122.308,2100,6500
9003,9003,5318101765,20140602T000000,985000.0,3.0,1.75,1670,5400,2.0,0,0,5,8,1670,0,1912,0,98112,47.635,-122.284,2100,5400
9004,9004,6624300110,20140623T000000,375000.0,4.0,2.5,1870,7471,2.0,0,0,3,8,1870,0,1990,0,98055,47.4314,-122.204,2020,8912
9005,9005,5160700035,20150422T000000,431000.0,2.0,1.5,1300,4000,1.5,0,0,4,6,1300,0,1900,0,98144,47.5937,-122.301,1480,4000
9006,9006,1472800220,20140909T000000,463000.0,3.0,2.5,2190,17108,2.0,0,0,3,8,2190,0,1991,0,98019,47.7321,-121.964,2400,14040
9007,9007,3755000090,20141006T000000,350000.0,3.0,1.75,1320,10500,1.0,0,0,3,7,1320,0,1966,0,98034,47.7267,-122.226,1310,10500
9008,9008,259601010,20150414T000000,485000.0,3.0,1.0,1250,7200,1.0,0,0,3,7,1250,0,1964,0,98008,47.6342,-122.12,1430,7400
9009,9009,7939000090,20140929T000000,355000.0,4.0,1.75,2040,15000,1.0,0,0,4,7,1360,680,1967,0,98092,47.3107,-122.189,2310,15000
9010,9010,2675600025,20150327T000000,603500.0,3.0,1.75,2140,7280,1.0,0,0,3,7,1070,1070,1910,0,98117,47.6993,-122.377,2280,8400
9011,9011,5700000975,20140819T000000,860000.0,5.0,1.75,2510,6000,1.5,0,0,5,8,2010,500,1920,0,98144,47.5798,-122.292,2240,5000
9012,9012,9407150360,20150306T000000,259875.0,5.0,2.5,2200,6250,2.0,0,0,3,7,2200,0,1996,0,98038,47.3675,-122.021,1850,6091
9013,9013,8146300015,20140716T000000,685000.0,4.0,2.5,2170,8680,1.0,0,0,3,7,1220,950,1959,0,98004,47.6078,-122.192,2010,8680
9014,9014,9406570300,20140930T000000,382500.0,4.0,2.5,2980,8786,2.0,0,0,3,8,2980,0,2003,0,98038,47.378,-122.03,2980,6718
9015,9015,7518500301,20150301T000000,490000.0,3.0,1.0,1180,2250,1.5,0,0,3,7,1180,0,1902,0,98117,47.6779,-122.377,1320,5100
9016,9016,3739500096,20150126T000000,229000.0,3.0,2.0,1540,6000,1.0,0,0,4,6,1540,0,1953,0,98155,47.7372,-122.307,1490,8213
9017,9017,3739500096,20150505T000000,430000.0,3.0,2.0,1540,6000,1.0,0,0,4,6,1540,0,1953,0,98155,47.7372,-122.307,1490,8213
9018,9018,267020090,20140818T000000,580000.0,5.0,2.5,3110,15783,1.0,0,0,3,8,1720,1390,1974,0,98052,47.6301,-122.103,2550,12220
9019,9019,534000195,20141113T000000,510000.0,3.0,1.75,1370,6700,1.0,0,0,3,8,1370,0,1940,2012,98117,47.6982,-122.362,1180,6694
9020,9020,5469502700,20140508T000000,489990.0,5.0,2.25,2440,20828,1.5,0,0,4,8,2440,0,1975,0,98042,47.3762,-122.158,2670,14472
9021,9021,7010700110,20140916T000000,440000.0,3.0,2.25,1760,1800,2.0,0,0,3,7,1330,430,1983,0,98199,47.6579,-122.394,1150,4575
9022,9022,8106300090,20150428T000000,479950.0,3.0,2.5,2810,4984,1.0,0,0,3,9,1750,1060,2006,0,98055,47.4461,-122.209,2810,5711
9023,9023,225069013,20140623T000000,806000.0,4.0,2.5,2500,206474,1.0,0,0,3,10,2500,0,1997,0,98053,47.6778,-121.994,3680,208652
9024,9024,1685800100,20140624T000000,875000.0,4.0,2.5,3220,22588,2.0,0,0,3,10,3220,0,1996,0,98077,47.7311,-122.055,3220,22922
9025,9025,293800870,20140911T000000,710800.0,3.0,2.5,2880,36820,2.0,0,0,3,10,2880,0,1992,0,98077,47.766000000000005,-122.044,3190,36820
9026,9026,7852190580,20150210T000000,565000.0,3.0,2.5,2700,6037,2.0,0,0,3,8,2700,0,2004,0,98065,47.5376,-121.879,2740,6054
9027,9027,5636000210,20150223T000000,359999.0,5.0,3.0,2680,9624,2.0,0,0,3,7,1870,810,1995,0,98010,47.3279,-122.006,1860,9921
9028,9028,1623301185,20150123T000000,625000.0,3.0,1.75,1780,4500,1.0,0,0,4,7,920,860,1922,0,98117,47.6827,-122.362,1360,4000
9029,9029,3260810590,20140912T000000,349950.0,3.0,2.5,2240,7565,2.0,0,0,3,8,2240,0,1999,0,98003,47.3485,-122.301,2190,8254
9030,9030,8589100090,20140617T000000,415000.0,4.0,2.0,1610,9600,1.0,0,0,5,7,1610,0,1967,0,98056,47.5327,-122.186,1450,9600
9031,9031,7579200767,20141105T000000,435000.0,2.0,2.0,1440,1170,2.0,0,0,3,9,960,480,2004,0,98116,47.5592,-122.385,1440,1350
9032,9032,623049273,20141121T000000,225000.0,3.0,1.75,1550,9060,2.0,0,0,3,7,1550,0,1948,1979,98146,47.5093,-122.345,1080,7620
9033,9033,1186000035,20140512T000000,770000.0,3.0,1.75,1720,5000,1.0,0,0,3,9,1720,0,1954,2014,98122,47.6157,-122.29,2120,4188
9034,9034,2228900191,20150106T000000,340000.0,3.0,1.75,1740,10800,1.0,0,0,3,7,1740,0,1959,0,98133,47.7717,-122.351,1810,7735
9035,9035,2597450120,20150312T000000,965000.0,5.0,2.75,3280,12673,1.0,0,0,4,9,2050,1230,1981,0,98006,47.5504,-122.146,3060,12847
9036,9036,3339400515,20150113T000000,667000.0,3.0,2.75,2216,31215,1.0,0,0,3,9,2216,0,1968,2005,98092,47.3164,-122.199,2216,30048
9037,9037,1221000395,20140507T000000,250000.0,1.0,1.0,1100,4373,1.0,0,0,2,6,820,280,1947,0,98166,47.4653,-122.338,1100,7500
9038,9038,1526300015,20140612T000000,397990.0,3.0,1.0,1180,11862,1.0,0,0,4,7,1180,0,1948,0,98177,47.7153,-122.363,1540,8100
9039,9039,6163901772,20140918T000000,535000.0,3.0,1.75,2020,10031,1.0,0,0,5,7,1370,650,1952,0,98155,47.7487,-122.319,1500,8456
9040,9040,1180007005,20140625T000000,265950.0,3.0,1.5,1150,8450,1.0,0,0,4,6,1150,0,1951,0,98178,47.4927,-122.224,1160,6800
9041,9041,5420300210,20141007T000000,258000.0,3.0,1.75,2090,7461,1.0,0,0,3,6,1200,890,1986,0,98030,47.3764,-122.184,1420,7462
9042,9042,476000331,20141202T000000,505500.0,3.0,2.5,1300,1187,3.0,0,0,3,8,1300,0,2005,0,98107,47.6704,-122.391,1320,1194
9043,9043,2558700090,20140506T000000,455000.0,5.0,2.5,2240,7770,1.0,0,0,3,7,1340,900,1978,0,98034,47.7198,-122.171,1820,7770
9044,9044,4151800410,20141031T000000,1348000.0,5.0,3.25,3540,5971,1.0,0,2,3,10,2000,1540,2005,0,98033,47.6643,-122.202,2820,6029
9045,9045,3586501075,20150109T000000,600000.0,4.0,2.25,2840,31720,1.0,0,0,3,8,1780,1060,1958,0,98177,47.7505,-122.375,2290,29577
9046,9046,4136870110,20150205T000000,329800.0,4.0,2.5,2080,7047,2.0,0,0,3,8,2080,0,1996,0,98092,47.2627,-122.215,2580,7227
9047,9047,6623400090,20150421T000000,222000.0,2.0,1.0,1550,38449,1.0,0,0,3,6,1550,0,1947,0,98055,47.4315,-122.199,1188,25875
9048,9048,1560800150,20150405T000000,450000.0,4.0,2.5,1900,9240,1.0,0,0,3,7,1900,0,1962,0,98007,47.6167,-122.137,2040,8052
9049,9049,2770605548,20141218T000000,952000.0,3.0,3.5,2760,4500,2.0,0,0,3,9,2120,640,2004,0,98119,47.6529,-122.372,1950,6000
9050,9050,2023700040,20140723T000000,625000.0,4.0,2.0,1410,4480,1.5,0,0,3,8,1410,0,1927,0,98109,47.6385,-122.344,1240,3400
9051,9051,1164000040,20150312T000000,226800.0,2.0,1.0,1240,11393,1.0,0,0,4,7,1240,0,1960,0,98030,47.3714,-122.207,1660,11393
9052,9052,7135520650,20141212T000000,1205000.0,5.0,4.25,4420,13497,2.0,0,0,3,11,3510,910,2000,0,98059,47.5262,-122.143,4220,12015
9053,9053,3528400180,20141003T000000,350000.0,4.0,2.75,3390,16153,1.0,0,0,4,7,1970,1420,1961,0,98031,47.3954,-122.184,2530,8495
9054,9054,7820000015,20150312T000000,395000.0,3.0,1.75,1400,8640,1.0,0,0,3,7,1400,0,1962,0,98011,47.7659,-122.204,1630,8640
9055,9055,1105000229,20140919T000000,285000.0,5.0,3.0,2110,5260,2.0,0,0,3,7,1670,440,2002,0,98118,47.5449,-122.272,2110,5260
9056,9056,3625059166,20150107T000000,553000.0,3.0,1.0,1310,18135,1.0,0,0,3,7,1310,0,1948,0,98008,47.6065,-122.113,2150,18135
9057,9057,8108600442,20150505T000000,254000.0,3.0,1.0,1270,16800,1.0,0,0,4,7,1270,0,1957,0,98188,47.4599,-122.276,1700,10200
9058,9058,8143600015,20140826T000000,348140.0,2.0,1.5,2060,10880,1.0,0,0,3,6,1190,870,1924,0,98106,47.515,-122.362,1430,8781
9059,9059,8731900790,20140626T000000,354950.0,4.0,2.75,2530,7350,1.0,0,0,5,8,1280,1250,1977,0,98023,47.313,-122.374,2280,7350
9060,9060,6079500230,20140612T000000,706000.0,3.0,2.75,1900,6400,1.0,0,0,5,7,1410,490,1942,0,98105,47.6697,-122.281,1350,6400
9061,9061,7853302370,20140505T000000,499000.0,4.0,2.5,2910,6479,2.0,0,0,3,7,2910,0,2006,0,98065,47.5402,-121.887,2320,5178
9062,9062,122069107,20141204T000000,427500.0,3.0,1.5,1900,43186,1.5,0,0,4,7,1300,600,1971,0,98038,47.4199,-121.99,2080,108028
9063,9063,4204400175,20150217T000000,439000.0,5.0,3.5,2880,10000,2.0,0,3,3,8,1980,900,1991,0,98055,47.4874,-122.223,2120,9535
9064,9064,2896310120,20141117T000000,545000.0,4.0,2.5,2820,25995,2.0,0,0,3,9,2820,0,1998,0,98010,47.3415,-122.029,3330,27653
9065,9065,4083301380,20141017T000000,842000.0,3.0,1.0,1620,4774,1.5,0,0,3,7,1620,0,1920,0,98103,47.659,-122.339,1880,4560
9066,9066,1332000100,20141210T000000,685000.0,4.0,2.5,3320,38043,2.0,0,0,3,9,3320,0,1997,0,98053,47.6504,-122.004,3170,42621
9067,9067,3622069122,20140903T000000,665000.0,4.0,3.5,3770,47480,2.0,0,0,3,9,3770,0,2003,0,98010,47.3552,-121.99,3380,42689
9068,9068,6052401215,20140609T000000,255000.0,2.0,1.0,1200,9000,1.0,0,2,5,6,1200,0,1917,0,98198,47.4039,-122.323,1660,9000
9069,9069,7010700245,20141231T000000,565000.0,5.0,2.25,2130,4360,1.0,0,2,3,8,1240,890,1959,0,98199,47.6586,-122.395,1830,5000
9070,9070,1311100490,20150225T000000,274000.0,5.0,1.75,1950,8720,1.0,0,0,3,7,1050,900,1962,0,98001,47.3381,-122.289,1660,8030
9071,9071,9510900360,20140509T000000,260000.0,3.0,2.0,1920,8075,1.0,0,0,4,7,1510,410,1969,0,98023,47.3092,-122.375,1920,7826
9072,9072,8679600150,20140507T000000,581000.0,4.0,2.0,2510,13695,1.0,0,0,4,7,1280,1230,1961,2001,98033,47.7005,-122.174,1220,12500
9073,9073,7203600040,20140725T000000,625000.0,3.0,1.5,1990,5978,1.5,1,4,4,7,1990,0,1926,0,98198,47.3449,-122.329,2100,6221
9074,9074,2212900180,20141229T000000,220000.0,3.0,1.0,1230,9720,1.0,0,0,5,7,1230,0,1969,0,98042,47.3266,-122.138,1230,9720
9075,9075,2124079010,20141028T000000,765000.0,3.0,2.25,3190,324086,2.0,0,2,3,9,3190,0,1982,0,98024,47.5477,-121.93,3190,217800
9076,9076,2424059052,20140710T000000,1325000.0,6.0,4.25,5720,10213,2.0,0,0,3,10,4170,1550,2004,0,98006,47.5464,-122.116,4300,10224
9077,9077,6746700615,20150318T000000,700000.0,8.0,2.5,2280,3000,1.5,0,0,3,7,1210,1070,1911,0,98105,47.6675,-122.316,1610,3000
9078,9078,3298300530,20140924T000000,351000.0,4.0,1.0,1550,7260,1.0,0,0,4,6,1550,0,1959,0,98008,47.6229,-122.121,1210,7260
9079,9079,8929000360,20140805T000000,413565.0,3.0,2.5,1690,1613,2.0,0,0,3,8,1150,540,2014,0,98029,47.5524,-121.998,1690,1619
9080,9080,2291400236,20140612T000000,363000.0,3.0,3.25,1651,1779,2.0,0,0,3,8,1341,310,2008,0,98133,47.7076,-122.346,1650,2908
9081,9081,6445800120,20150404T000000,679000.0,4.0,1.75,2260,41236,1.0,0,0,4,8,1690,570,1962,0,98029,47.5528,-122.034,3080,30240
9082,9082,8682261010,20140910T000000,473000.0,2.0,1.75,1510,4555,1.0,0,0,3,8,1510,0,2005,0,98053,47.7136,-122.031,1640,4500
9083,9083,8045000180,20150421T000000,585888.0,3.0,2.0,1490,7431,1.0,0,0,4,7,1490,0,1966,0,98052,47.6697,-122.162,1700,7725
9084,9084,9475700220,20140626T000000,405000.0,4.0,2.5,2220,4652,2.0,0,0,3,7,2220,0,2001,0,98059,47.4902,-122.154,1840,4500
9085,9085,3222049055,20150116T000000,650000.0,3.0,1.75,2800,19386,1.0,1,4,3,8,1400,1400,1965,0,98198,47.3554,-122.324,3270,31450
9086,9086,1222069133,20150224T000000,415000.0,4.0,2.5,2210,213008,1.0,0,0,4,7,1210,1000,1975,0,98038,47.4039,-121.98,2270,52707
9087,9087,9165100230,20141222T000000,575000.0,3.0,2.0,2150,3880,1.0,0,0,3,8,1080,1070,1951,0,98117,47.6814,-122.392,2130,4000
9088,9088,8091411120,20140717T000000,220000.0,3.0,2.25,1400,7205,1.0,0,0,3,7,1140,260,1985,0,98030,47.349,-122.166,1970,7252
9089,9089,1777600230,20140506T000000,610000.0,4.0,3.0,2450,10117,1.0,0,0,5,8,1580,870,1967,0,98006,47.5694,-122.132,2530,10125
9090,9090,5101400862,20140512T000000,499950.0,3.0,1.0,980,6380,1.0,0,0,3,7,760,220,1941,0,98115,47.692,-122.308,1390,6380
9091,9091,5317100325,20150303T000000,883000.0,4.0,2.5,2800,6874,2.0,0,0,3,9,2170,630,1990,0,98112,47.6215,-122.29,1430,6240
9092,9092,9324800455,20141023T000000,436000.0,2.0,1.0,1240,8100,1.5,0,2,3,7,1240,0,1925,0,98125,47.7326,-122.288,2790,8100
9093,9093,880000208,20141213T000000,320000.0,3.0,2.5,1610,1356,2.0,0,0,3,8,1240,370,2007,0,98106,47.5257,-122.361,1270,1314
9094,9094,1223089081,20140530T000000,425000.0,3.0,1.75,1510,44000,1.0,0,0,3,7,1240,270,1989,0,98045,47.4851,-121.716,2290,36242
9095,9095,5556800150,20140515T000000,204700.0,4.0,2.0,1670,9987,1.0,0,0,3,7,1670,0,1967,0,98001,47.3406,-122.284,1640,7280
9096,9096,4174600331,20140717T000000,384000.0,6.0,3.0,2320,4502,1.0,0,0,4,7,1200,1120,1987,0,98108,47.5552,-122.3,1160,5628
9097,9097,5419801120,20150113T000000,314000.0,3.0,2.75,1900,8200,2.0,0,0,4,7,1900,0,1984,0,98031,47.402,-122.183,1620,8200
9098,9098,3649100674,20150430T000000,535000.0,3.0,2.5,2390,6263,2.0,0,0,3,9,2390,0,2003,0,98028,47.7379,-122.248,2390,11761
9099,9099,1525069058,20140626T000000,568000.0,4.0,1.75,2110,265716,1.0,0,0,4,8,2110,0,1979,0,98053,47.657,-122.026,2110,110597
9100,9100,7202000220,20150501T000000,426000.0,4.0,1.5,1470,5850,1.0,0,0,4,7,810,660,1973,0,98052,47.7,-122.129,1290,7300
9101,9101,7129301001,20141209T000000,675000.0,4.0,2.75,2670,6780,2.0,0,3,5,8,1630,1040,1908,0,98118,47.5131,-122.256,2400,5989
9102,9102,8860500150,20140613T000000,380000.0,4.0,2.5,2540,6365,2.0,0,0,3,8,1870,670,2000,0,98055,47.4608,-122.215,2290,5942
9103,9103,7384500110,20140723T000000,685000.0,3.0,2.5,3450,8000,3.0,0,0,4,8,2970,480,1927,1975,98116,47.5605,-122.402,1880,6135
9104,9104,622069123,20140819T000000,429000.0,3.0,2.0,1700,52826,1.0,0,0,3,7,1700,0,1991,0,98058,47.4164,-122.092,2480,114728
9105,9105,164000361,20150421T000000,799000.0,4.0,1.5,1810,6583,1.0,0,0,3,7,1500,310,1968,0,98133,47.7273,-122.351,860,8670
9106,9106,3438500790,20140920T000000,318500.0,5.0,1.75,1550,6986,1.0,0,0,3,7,1030,520,1978,0,98106,47.5503,-122.356,1550,6986
9107,9107,2024059110,20150420T000000,925000.0,3.0,3.25,4110,20900,2.0,0,0,3,9,2630,1480,2002,0,98006,47.5506,-122.187,2640,14700
9108,9108,7338400945,20150224T000000,420000.0,3.0,1.5,2080,5000,1.0,0,0,3,7,1300,780,1963,0,98118,47.5322,-122.29,1860,5000
9109,9109,809003160,20141218T000000,570000.0,2.0,1.0,1100,4000,1.0,0,0,3,7,1100,0,1906,0,98109,47.6388,-122.35,1590,4000
9110,9110,8650700090,20140813T000000,1052500.0,4.0,2.75,3950,12840,2.0,0,0,5,8,3950,0,1960,0,98040,47.5489,-122.219,2350,12507
9111,9111,8151600663,20140917T000000,333000.0,3.0,1.0,1250,8450,1.0,0,0,4,7,1250,0,1954,0,98146,47.503,-122.364,1350,9300
9112,9112,7352200100,20150224T000000,1360000.0,2.0,1.75,2620,14138,2.0,1,4,3,8,2120,500,1931,1991,98125,47.7142,-122.277,1830,8279
9113,9113,1952200220,20140603T000000,660000.0,3.0,2.5,2290,2798,3.0,0,0,4,9,2290,0,1953,1983,98102,47.641000000000005,-122.315,2260,5000
9114,9114,1568100300,20140917T000000,350000.0,6.0,4.5,3500,8504,2.0,0,0,3,7,3500,0,1980,0,98155,47.7351,-122.295,1550,8460
9115,9115,1568100300,20150121T000000,682500.0,6.0,4.5,3500,8504,2.0,0,0,3,7,3500,0,1980,0,98155,47.7351,-122.295,1550,8460
9116,9116,2113700485,20141210T000000,399990.0,5.0,2.75,1690,4000,1.0,0,0,5,7,970,720,1943,0,98106,47.5312,-122.354,1240,4000
9117,9117,1454600156,20140625T000000,860000.0,5.0,3.25,4500,9648,2.0,0,4,4,8,3000,1500,1968,0,98125,47.7262,-122.282,2780,21132
9118,9118,4204400201,20141021T000000,216180.0,2.0,1.0,1120,7797,1.0,0,0,3,6,1120,0,1948,0,98055,47.4871,-122.22,2180,7200
9119,9119,8856890330,20140915T000000,300000.0,4.0,2.25,1740,9613,2.0,0,0,5,8,1740,0,1989,0,98058,47.463,-122.125,1680,9769
9120,9120,1922059278,20141014T000000,145000.0,3.0,1.0,1010,11880,1.0,0,0,3,7,1010,0,1960,0,98030,47.3762,-122.219,1150,9435
9121,9121,1922059278,20150305T000000,255000.0,3.0,1.0,1010,11880,1.0,0,0,3,7,1010,0,1960,0,98030,47.3762,-122.219,1150,9435
9122,9122,6623400356,20140702T000000,250000.0,3.0,1.75,1200,24805,1.0,0,0,3,6,1200,0,1984,0,98031,47.4236,-122.195,2150,4339
9123,9123,9407111250,20141029T000000,245000.0,3.0,1.0,1020,8625,1.0,0,0,3,7,1020,0,1978,0,98045,47.4465,-121.77,1290,9440
9124,9124,5422570760,20141014T000000,445000.0,3.0,1.75,1850,7056,2.5,0,0,4,8,1850,0,1979,0,98052,47.6602,-122.13,1970,7056
9125,9125,4036800910,20140514T000000,562000.0,3.0,1.5,1830,8000,1.0,0,0,4,7,1830,0,1957,0,98008,47.6017,-122.122,1310,7500
9126,9126,259600530,20140505T000000,501000.0,4.0,1.0,2070,7519,1.0,0,0,3,7,1160,910,1963,0,98008,47.632,-122.119,1730,7519
9127,9127,6303400981,20150113T000000,190000.0,3.0,1.75,1160,5850,1.0,0,0,4,6,1160,0,1918,0,98146,47.5064,-122.356,1110,8382
9128,9128,7701990300,20140516T000000,862500.0,4.0,2.75,3280,24440,2.0,0,0,3,10,3280,0,1996,0,98077,47.7073,-122.07,3490,25138
9129,9129,5700002510,20140611T000000,1085000.0,5.0,2.5,2340,6000,2.0,0,0,4,10,2340,0,1922,0,98144,47.5764,-122.287,2350,6000
9130,9130,2011400230,20140626T000000,575000.0,5.0,3.0,3690,49709,1.0,0,2,3,9,2690,1000,1960,0,98198,47.3908,-122.32,2590,8691
9131,9131,1921069059,20141230T000000,250000.0,1.0,1.0,720,123710,1.0,0,0,4,6,720,0,1935,0,98092,47.2893,-122.084,1860,297514
9132,9132,1471700410,20150506T000000,310000.0,7.0,1.5,2660,15111,1.5,0,0,4,7,2660,0,1962,0,98059,47.4644,-122.066,1710,15429
9133,9133,2102700025,20141009T000000,1400000.0,5.0,3.25,4300,9270,2.0,0,3,3,10,2910,1390,1957,2009,98116,47.5717,-122.409,2780,6610
9134,9134,4222300040,20141216T000000,284850.0,3.0,1.5,1590,8256,1.0,0,1,3,7,1090,500,1969,0,98003,47.3488,-122.304,1950,7840
9135,9135,3649100676,20150219T000000,570000.0,4.0,2.5,2590,7910,2.0,0,0,3,9,2590,0,2003,0,98028,47.7378,-122.248,2110,11761
9136,9136,372000040,20141003T000000,304000.0,3.0,1.75,1720,6000,1.0,0,2,3,7,1000,720,1954,0,98178,47.4999,-122.223,1690,6000
9137,9137,7312200040,20141216T000000,560000.0,4.0,2.5,1790,9787,1.0,0,2,4,8,1240,550,1983,0,98056,47.5344,-122.189,1790,9787
9138,9138,6052400975,20140826T000000,325000.0,3.0,1.0,1590,8160,1.0,0,1,3,7,1090,500,1954,0,98198,47.4013,-122.321,1540,10500
9139,9139,826000495,20150206T000000,557510.0,4.0,2.0,1580,4800,1.5,0,2,3,7,1580,0,1912,0,98136,47.5454,-122.383,1580,4800
9140,9140,8731900880,20150420T000000,305000.0,4.0,2.25,2580,8820,1.0,0,0,4,9,1620,960,1967,0,98023,47.3122,-122.376,2140,8400
9141,9141,1523059100,20140902T000000,320000.0,5.0,1.0,1740,27350,1.0,0,0,4,5,1740,0,1958,0,98059,47.4809,-122.153,2760,10749
9142,9142,2597550090,20140905T000000,455000.0,5.0,2.25,3470,28212,1.5,0,0,4,8,2790,680,1978,0,98042,47.3342,-122.108,2020,28177
9143,9143,3581000210,20140904T000000,383001.0,3.0,1.0,1180,7210,1.0,0,0,4,7,1180,0,1963,0,98034,47.7267,-122.241,1700,7210
9144,9144,4048400191,20140605T000000,545000.0,3.0,1.75,1700,51649,1.5,0,0,5,6,1700,0,1931,0,98059,47.4704,-122.076,1100,39504
9145,9145,7578200025,20150408T000000,487500.0,2.0,1.0,1190,5000,1.0,0,0,3,7,1190,0,1925,0,98116,47.5717,-122.382,1600,5000
9146,9146,2379300330,20140702T000000,345000.0,5.0,2.5,2450,6994,2.0,0,0,3,8,2450,0,2002,0,98030,47.3572,-122.192,1940,6035
9147,9147,8917100180,20140604T000000,583000.0,6.0,2.75,2630,16411,1.0,0,0,4,8,1650,980,1974,0,98052,47.6309,-122.093,2250,12255
9148,9148,3395300180,20140812T000000,534950.0,3.0,2.25,2130,12286,2.0,0,0,3,8,2130,0,1977,0,98052,47.6471,-122.114,2130,10158
9149,9149,369000690,20140812T000000,403504.0,4.0,1.0,1060,5750,1.0,0,0,3,6,950,110,1904,0,98199,47.6562,-122.389,1790,5857
9150,9150,7977200720,20150427T000000,500000.0,3.0,1.75,1480,6120,1.5,0,0,3,7,1480,0,1946,0,98115,47.6858,-122.295,1480,6120
9151,9151,2322069175,20150224T000000,319502.0,3.0,1.75,1610,38707,1.0,0,0,3,7,1610,0,1990,0,98010,47.3778,-122.001,1930,45151
9152,9152,2324039100,20141112T000000,525000.0,4.0,2.75,2440,5080,2.0,0,0,3,8,1750,690,1960,0,98126,47.5547,-122.379,1920,6375
9153,9153,5631500866,20140506T000000,563000.0,4.0,3.0,3100,15480,2.0,0,0,3,8,2400,700,1996,0,98028,47.7466,-122.241,2000,42500
9154,9154,2877101745,20140804T000000,898500.0,4.0,2.75,2890,5000,1.5,0,0,3,8,1990,900,1911,2014,98117,47.6768,-122.363,1080,3750
9155,9155,721069087,20140507T000000,651000.0,3.0,2.5,3240,108366,2.0,0,0,4,10,3240,0,1991,0,98042,47.327,-122.094,2090,108366
9156,9156,7934000145,20141201T000000,450000.0,4.0,2.75,2900,6400,2.0,0,0,3,7,2040,860,1911,1970,98136,47.5563,-122.393,1340,6144
9157,9157,6072760360,20150321T000000,665000.0,4.0,2.25,2650,8149,1.0,0,0,4,8,1610,1040,1975,0,98006,47.5624,-122.176,2290,8019
9158,9158,6021501635,20141102T000000,825000.0,4.0,2.5,2560,4000,2.0,0,0,5,8,1610,950,1929,0,98117,47.6885,-122.386,1760,4000
9159,9159,1821059067,20140625T000000,200000.0,3.0,1.0,1150,4800,1.5,0,0,4,6,1150,0,1938,0,98002,47.3101,-122.212,1310,9510
9160,9160,3295750610,20140904T000000,295000.0,3.0,2.0,1760,6092,1.0,0,0,3,7,1760,0,1998,0,98030,47.3838,-122.184,2590,6255
9161,9161,2926059146,20141215T000000,748000.0,4.0,2.5,3220,8379,2.0,0,0,3,10,3220,0,2004,0,98034,47.7043,-122.192,2720,7635
9162,9162,9429500146,20140714T000000,580000.0,3.0,2.5,3200,18750,1.0,0,0,2,9,2660,540,1967,1996,98027,47.5717,-122.12,3200,22475
9163,9163,7893207490,20150212T000000,275000.0,3.0,1.0,1250,10744,1.0,0,0,3,6,1250,0,1942,0,98198,47.4226,-122.327,1500,10710
9164,9164,8945300110,20150326T000000,196000.0,3.0,1.0,1000,8470,1.0,0,0,4,6,1000,0,1963,0,98023,47.3056,-122.37,1020,8470
9165,9165,8151600610,20140522T000000,235750.0,2.0,1.0,740,11250,1.0,0,0,2,6,740,0,1938,0,98146,47.5036,-122.362,1390,11250
9166,9166,2923049399,20150323T000000,315000.0,3.0,2.25,2170,8480,1.0,0,0,3,8,2170,0,1965,0,98148,47.4562,-122.33,2080,8452
9167,9167,3260810110,20140825T000000,338000.0,4.0,2.5,2370,10631,2.0,0,0,3,8,2370,0,1999,0,98003,47.3473,-122.302,2200,8297
9168,9168,5104530770,20150121T000000,353000.0,4.0,2.5,2300,4249,2.0,0,0,3,8,2300,0,2006,0,98038,47.3516,-122.0,2390,4385
9169,9169,8661000033,20140627T000000,235000.0,3.0,1.75,1400,6300,1.0,0,0,3,7,1400,0,1998,0,98022,47.2074,-122.001,1400,8490
9170,9170,4017050820,20150320T000000,569999.0,3.0,2.5,3080,13880,2.0,0,0,3,9,3080,0,1990,0,98038,47.3726,-122.025,2780,15318
9171,9171,226039279,20140918T000000,505000.0,4.0,2.25,2350,12540,2.0,0,0,3,8,2350,0,1968,0,98177,47.7732,-122.382,2090,7964
9172,9172,1338800785,20150306T000000,1234000.0,4.0,3.0,2660,4600,1.5,0,0,3,8,1820,840,1906,2002,98112,47.6258,-122.305,2350,4600
9173,9173,2921049079,20140514T000000,299000.0,2.0,1.75,1250,34395,1.0,0,0,4,7,1250,0,1950,0,98003,47.2802,-122.316,1910,26042
9174,9174,5113260040,20141016T000000,240000.0,3.0,2.0,1100,6360,1.0,0,0,3,7,1100,0,1991,0,98038,47.3878,-122.052,1620,6360
9175,9175,3124059023,20150213T000000,1955000.0,3.0,1.75,3330,12566,1.0,1,4,4,8,1940,1390,1960,0,98040,47.5287,-122.22,3730,16560
9176,9176,5351200265,20140911T000000,1265000.0,4.0,3.25,3640,3604,2.0,0,2,5,9,1960,1680,1913,0,98122,47.6145,-122.284,1940,4600
9177,9177,2591010150,20150414T000000,405000.0,2.0,1.75,1350,2653,2.0,0,0,3,7,1350,0,1986,0,98033,47.6934,-122.184,1370,4115
9178,9178,6163900821,20140624T000000,304000.0,4.0,2.0,1310,8454,1.0,0,0,4,7,1310,0,1953,0,98155,47.7572,-122.318,1320,8274
9179,9179,2310060230,20141010T000000,272000.0,4.0,2.25,1800,5555,2.0,0,0,3,7,1800,0,2003,0,98038,47.3498,-122.052,1810,5669
9180,9180,4449800315,20140620T000000,412000.0,2.0,1.0,1260,3960,1.0,0,0,3,6,690,570,1925,0,98117,47.6899,-122.391,1250,3960
9181,9181,3299600120,20140718T000000,698000.0,4.0,2.5,2990,7231,2.0,0,0,3,9,2990,0,2001,0,98075,47.5623,-122.032,3160,8339
9182,9182,2490200615,20140609T000000,400000.0,2.0,1.0,1140,5100,1.0,0,0,3,7,1140,0,1942,0,98136,47.5323,-122.383,1230,5100
9183,9183,1565950230,20141120T000000,305000.0,3.0,2.5,2100,6825,2.0,0,0,3,8,2100,0,1994,0,98055,47.4314,-122.189,2180,7614
9184,9184,6402700110,20140910T000000,585000.0,4.0,2.0,2400,12753,1.0,0,0,4,7,2400,0,1962,0,98033,47.6947,-122.177,1830,12060
9185,9185,5029450100,20140812T000000,190000.0,2.0,1.5,1400,9031,1.0,0,0,3,7,960,440,1982,0,98023,47.2915,-122.368,1450,7658
9186,9186,7525530590,20140720T000000,760000.0,4.0,2.5,2990,12788,2.0,0,0,3,10,2990,0,1988,0,98075,47.5601,-122.037,3250,12212
9187,9187,226059103,20140527T000000,570000.0,3.0,1.75,1930,36210,1.0,0,0,3,8,1930,0,1977,0,98072,47.7692,-122.128,1930,35060
9188,9188,6197200021,20141106T000000,144000.0,3.0,1.0,980,6800,1.0,0,0,3,6,980,0,1946,0,98058,47.4411,-122.186,1140,9975
9189,9189,7227500910,20140624T000000,139000.0,2.0,1.0,690,5280,1.0,0,0,4,5,690,0,1942,0,98056,47.4953,-122.187,1140,4860
9190,9190,5100402644,20141119T000000,525000.0,4.0,1.5,1430,6380,1.5,0,0,4,7,1130,300,1945,0,98115,47.6942,-122.319,1570,6380
9191,9191,748000205,20140716T000000,293000.0,1.0,1.0,1110,5421,1.0,0,0,3,6,1110,0,1935,0,98177,47.7322,-122.359,1230,8100
9192,9192,7899800476,20150427T000000,267100.0,2.0,2.5,1250,1580,2.0,0,0,3,7,1030,220,2005,0,98106,47.5243,-122.36,1250,1361
9193,9193,3885804390,20150421T000000,1500000.0,4.0,3.25,3470,5222,2.0,0,0,3,10,2830,640,2005,0,98033,47.6845,-122.209,3090,6758
9194,9194,1796370150,20141028T000000,240000.0,3.0,2.25,1500,15334,2.0,0,0,4,7,1500,0,1992,0,98042,47.3719,-122.091,1530,8102
9195,9195,7935000625,20150409T000000,975000.0,3.0,2.5,2530,7000,2.5,0,4,3,9,2530,0,1915,1999,98136,47.5465,-122.398,2380,7000
9196,9196,1761300100,20140618T000000,279950.0,5.0,1.75,2150,7171,1.0,0,0,4,7,1460,690,1970,0,98031,47.3952,-122.176,1710,7300
9197,9197,1112700150,20150127T000000,405000.0,3.0,1.75,1260,7373,1.0,0,0,4,7,1260,0,1979,0,98034,47.7296,-122.233,1360,7373
9198,9198,2622049052,20140516T000000,400000.0,3.0,2.5,2740,83199,2.0,0,4,3,9,2740,0,1973,0,98032,47.3581,-122.266,2500,29269
9199,9199,423000035,20141124T000000,225000.0,3.0,1.0,960,6500,1.0,0,0,4,5,960,0,1954,0,98056,47.497,-122.171,1150,6500
9200,9200,1555300490,20141229T000000,250000.0,3.0,1.0,1520,7800,1.0,0,0,4,7,1120,400,1967,0,98032,47.3784,-122.29,1740,8000
9201,9201,6802210450,20150331T000000,272950.0,3.0,2.25,1570,9096,1.0,0,0,4,7,1180,390,1991,0,98022,47.1937,-121.99,1570,8418
9202,9202,7853310150,20140722T000000,625000.0,5.0,1.0,3240,5324,2.0,0,0,3,9,3240,0,2007,0,98065,47.523,-121.875,3240,6036
9203,9203,4086300065,20140718T000000,670000.0,3.0,1.75,1280,2147,1.5,0,0,4,7,1280,0,1910,0,98102,47.6362,-122.324,2010,2640
9204,9204,809003085,20150401T000000,1065000.0,3.0,2.5,2130,3545,3.0,0,0,5,9,2130,0,1990,0,98109,47.6389,-122.349,1970,3464
9205,9205,259100110,20140618T000000,540000.0,3.0,1.75,1970,8200,1.0,0,0,5,8,1420,550,1963,0,98177,47.7602,-122.363,2140,8000
9206,9206,2316800100,20141105T000000,525000.0,3.0,2.5,2990,6725,2.0,0,0,3,9,2990,0,2003,0,98059,47.4928,-122.142,2790,6725
9207,9207,6414600051,20150303T000000,425000.0,2.0,1.0,1160,17700,1.0,0,0,3,7,1160,0,1947,0,98133,47.7244,-122.331,1440,9000
9208,9208,1704900206,20140602T000000,465500.0,3.0,1.75,1890,7004,1.0,0,0,3,7,1290,600,1965,0,98118,47.5557,-122.28,1440,5378
9209,9209,7853301240,20140717T000000,443500.0,3.0,2.5,2170,5866,2.0,0,0,3,7,2170,0,2006,0,98065,47.5403,-121.889,2440,5798
9210,9210,3420069055,20141203T000000,350000.0,4.0,2.25,1570,499571,1.0,0,3,4,7,1570,0,1972,0,98022,47.1808,-122.023,1700,181708
9211,9211,1726069198,20140918T000000,850000.0,3.0,2.5,3260,91911,2.0,0,0,4,9,3260,0,1984,0,98077,47.737,-122.074,2520,65775
9212,9212,4468400211,20150220T000000,205000.0,3.0,2.25,1250,952,3.0,0,0,3,8,1250,0,2008,0,98133,47.7098,-122.333,1250,1030
9213,9213,1864900230,20140626T000000,315000.0,4.0,2.5,1940,10200,1.0,0,0,4,8,1140,800,1977,0,98042,47.4157,-122.161,1920,12600
9214,9214,8079040490,20140623T000000,470000.0,3.0,2.5,2150,8221,2.0,0,0,3,8,2150,0,1992,0,98059,47.5085,-122.15,2490,7951
9215,9215,7856400410,20140729T000000,1100000.0,4.0,2.25,3310,8540,1.0,0,4,4,9,1660,1650,1973,0,98006,47.5603,-122.158,3450,9566
9216,9216,1825079018,20141120T000000,340000.0,3.0,1.75,3400,46382,1.0,0,0,3,7,2050,1350,1979,0,98053,47.6458,-121.955,2320,20624
9217,9217,5151600120,20140618T000000,310000.0,4.0,2.5,2660,12672,1.0,0,0,4,8,1740,920,1960,0,98003,47.3334,-122.323,2280,12477
9218,9218,4024101050,20140602T000000,305000.0,3.0,1.0,950,13475,1.0,0,0,3,7,950,0,1950,0,98155,47.7543,-122.306,1240,8910
9219,9219,2854800090,20140710T000000,307150.0,3.0,1.5,1480,6752,1.0,0,0,4,7,1480,0,1959,0,98056,47.4993,-122.176,1450,8023
9220,9220,1726600120,20140701T000000,729032.0,4.0,2.5,2840,12866,1.0,0,0,4,9,1780,1060,1977,0,98005,47.6388,-122.167,2840,13209
9221,9221,627300195,20150303T000000,750000.0,5.0,2.5,3240,9960,1.0,0,1,3,8,2020,1220,1958,0,98008,47.5858,-122.112,2730,10400
9222,9222,2140900100,20150203T000000,289000.0,4.0,2.5,1961,3207,2.0,0,0,3,7,1961,0,2006,0,98042,47.3507,-122.16,1961,3401
9223,9223,446000150,20150415T000000,480000.0,3.0,1.0,1100,5700,1.0,0,0,3,7,1100,0,1950,0,98115,47.6883,-122.282,1560,6588
9224,9224,7436500120,20150219T000000,529000.0,3.0,1.75,1500,7367,1.0,0,0,3,8,1500,0,1974,0,98033,47.6722,-122.167,1920,7579
9225,9225,6917700195,20140728T000000,585000.0,3.0,1.75,1480,4800,2.0,0,0,4,7,1140,340,1944,0,98199,47.6567,-122.397,1810,4800
9226,9226,4377000100,20140925T000000,704000.0,4.0,2.75,2510,12500,1.0,0,0,5,8,2050,460,1976,0,98052,47.6278,-122.11,2200,12088
9227,9227,925049278,20150304T000000,607000.0,4.0,2.0,1490,4054,1.5,0,0,5,7,1490,0,1926,0,98115,47.6744,-122.301,1510,3889
9228,9228,7558750120,20150310T000000,580000.0,3.0,2.25,2190,8188,2.0,0,0,3,8,1810,380,1978,0,98052,47.6883,-122.113,2190,8374
9229,9229,7856610490,20140805T000000,875000.0,5.0,2.5,2530,8564,2.0,0,0,4,8,2530,0,1976,0,98006,47.5622,-122.153,2480,8714
9230,9230,9346930100,20141015T000000,610000.0,4.0,2.5,2440,9350,1.0,0,0,4,8,1560,880,1976,0,98006,47.5614,-122.13,2260,8500
9231,9231,114100763,20140728T000000,230000.0,3.0,0.75,1040,15000,1.0,0,0,3,6,1040,0,1941,0,98028,47.7639,-122.234,1410,19000
9232,9232,7214700580,20140608T000000,510000.0,4.0,2.25,2450,62290,2.0,0,0,3,8,2450,0,1976,0,98077,47.7603,-122.074,2450,41181
9233,9233,4237901075,20150305T000000,733000.0,4.0,2.5,2210,5002,1.0,0,0,3,7,1370,840,1977,0,98199,47.6637,-122.401,1970,4920
9234,9234,302000375,20140814T000000,169100.0,3.0,2.0,1050,18304,1.0,0,0,4,7,1050,0,1953,0,98001,47.3206,-122.269,1690,15675
9235,9235,302000375,20150506T000000,250000.0,3.0,2.0,1050,18304,1.0,0,0,4,7,1050,0,1953,0,98001,47.3206,-122.269,1690,15675
9236,9236,6843300090,20141103T000000,500000.0,4.0,2.25,2730,35100,2.0,0,0,3,8,2730,0,1977,0,98075,47.5913,-122.012,2730,36677
9237,9237,3524039144,20141007T000000,700000.0,2.0,1.0,1620,9855,1.0,0,4,3,8,1320,300,1948,0,98136,47.5264,-122.384,1820,7700
9238,9238,1787250210,20141222T000000,379000.0,4.0,2.75,2410,5225,2.0,0,0,3,8,2410,0,2001,0,98058,47.4244,-122.151,2300,5378
9239,9239,3022079080,20140715T000000,650000.0,4.0,2.5,3420,222156,2.0,0,0,3,9,3420,0,2002,0,98010,47.3608,-121.97,3340,222156
9240,9240,2402100205,20141119T000000,412133.0,2.0,1.0,920,4400,1.0,0,0,3,7,920,0,1948,0,98103,47.6903,-122.332,1560,4600
9241,9241,1973800150,20150402T000000,480000.0,4.0,2.25,2330,14190,1.0,0,0,3,8,1740,590,1962,0,98034,47.718,-122.242,2330,14190
9242,9242,5315100805,20141218T000000,650000.0,3.0,1.75,1940,10245,1.0,0,0,3,7,1940,0,1957,0,98040,47.5833,-122.241,2720,11448
9243,9243,8682262240,20150330T000000,505000.0,2.0,2.5,1900,5065,2.0,0,0,3,8,1900,0,2005,0,98053,47.7175,-122.034,1350,4664
9244,9244,9541600490,20150505T000000,931088.0,4.0,2.5,3510,17400,1.0,0,0,4,9,1930,1580,1957,0,98005,47.5963,-122.171,2730,12120
9245,9245,686200490,20140926T000000,570000.0,4.0,1.75,1860,7700,1.0,0,0,4,8,1860,0,1964,0,98008,47.626000000000005,-122.112,1860,7700
9246,9246,8121101380,20140813T000000,475000.0,3.0,1.0,1380,4635,1.0,0,0,4,6,1380,0,1919,0,98144,47.57,-122.285,1790,4635
9247,9247,9198600035,20140805T000000,240000.0,6.0,1.75,2210,8594,1.0,0,0,3,7,1310,900,1959,0,98188,47.4594,-122.273,1850,8594
9248,9248,322069141,20150114T000000,462000.0,4.0,2.5,2640,47480,1.0,0,0,4,8,1590,1050,1979,0,98038,47.4258,-122.021,2390,67415
9249,9249,2523039054,20150210T000000,1115000.0,3.0,2.5,4530,22873,2.0,0,2,5,8,3220,1310,1912,0,98166,47.4567,-122.369,3100,18210
9250,9250,1446401540,20140916T000000,243000.0,3.0,1.0,1500,6600,1.0,0,0,2,6,1500,0,1970,0,98168,47.4845,-122.33,1730,6600
9251,9251,9541600015,20150211T000000,660000.0,4.0,2.25,2010,15375,1.0,0,0,4,8,2010,0,1957,0,98005,47.5956,-122.174,1930,15375
9252,9252,7352200025,20141013T000000,1190000.0,2.0,1.75,2080,8112,1.0,1,4,4,8,1040,1040,1939,1984,98125,47.7134,-122.277,2030,8408
9253,9253,853600150,20140524T000000,1680000.0,4.0,4.25,5584,68257,2.0,0,0,3,11,5584,0,1998,0,98014,47.6113,-121.952,5030,101901
9254,9254,9208900037,20140919T000000,6885000.0,6.0,7.75,9890,31374,2.0,0,4,3,13,8860,1030,2001,0,98039,47.6305,-122.24,4540,42730
9255,9255,7853230720,20140910T000000,368000.0,3.0,2.5,2080,4307,2.0,0,0,3,7,2080,0,2004,0,98065,47.53,-121.848,2080,4947
9256,9256,8562750220,20141120T000000,811500.0,5.0,4.25,3970,4500,2.0,0,0,3,9,2860,1110,2004,0,98027,47.5402,-122.069,3480,4500
9257,9257,3995700325,20140604T000000,275000.0,2.0,1.0,770,8149,1.0,0,0,5,6,770,0,1948,0,98155,47.7406,-122.302,770,8150
9258,9258,2387400120,20140929T000000,650000.0,4.0,2.5,2500,6005,2.0,0,0,3,9,2500,0,2001,0,98033,47.6922,-122.174,2680,7200
9259,9259,822039146,20150219T000000,485000.0,3.0,2.0,2410,50654,1.5,0,0,3,7,2410,0,1995,0,98070,47.4154,-122.458,1900,36300
9260,9260,1925069183,20140815T000000,425000.0,3.0,2.5,1340,10018,1.0,0,0,4,7,1340,0,1976,0,98052,47.6366,-122.094,2520,13068
9261,9261,6205500580,20141210T000000,530000.0,3.0,2.5,2640,13775,1.0,0,0,3,8,1550,1090,1978,0,98005,47.5875,-122.177,2120,12432
9262,9262,8835400805,20140522T000000,657000.0,4.0,1.75,2740,8520,1.0,0,2,3,8,1370,1370,1954,0,98118,47.5445,-122.263,2740,9286
9263,9263,1518000230,20141231T000000,315000.0,4.0,2.75,1580,3770,1.0,0,0,3,7,1080,500,2002,0,98019,47.7368,-121.968,1740,3800
9264,9264,4053200410,20140513T000000,273000.0,4.0,1.5,2180,22870,1.0,0,0,4,6,1280,900,1954,1975,98042,47.3187,-122.081,2420,22614
9265,9265,2141300620,20140915T000000,550000.0,3.0,2.75,1960,13252,1.0,0,0,5,8,1240,720,1975,0,98006,47.5582,-122.139,2040,9866
9266,9266,3278602170,20141215T000000,347000.0,2.0,2.25,1560,1705,2.0,0,0,3,8,1270,290,2006,0,98126,47.5482,-122.374,1560,1758
9267,9267,3876310300,20140606T000000,525000.0,5.0,2.75,2440,8000,1.0,0,0,4,7,1240,1200,1972,0,98034,47.7283,-122.17,1780,8391
9268,9268,8141200027,20140925T000000,490000.0,3.0,1.5,990,1343,2.0,0,0,3,8,840,150,2007,0,98112,47.6236,-122.306,1350,2521
9269,9269,3034200543,20141229T000000,500000.0,3.0,2.25,2210,7916,2.0,0,0,3,8,2210,0,1978,0,98133,47.7175,-122.339,1450,7955
9270,9270,7787050180,20150128T000000,585000.0,3.0,2.75,3080,7282,2.0,0,0,3,9,3080,0,2008,0,98059,47.4826,-122.149,3080,7274
9271,9271,3760500475,20141106T000000,926500.0,4.0,2.75,2900,17802,1.0,0,2,3,9,1750,1150,1981,0,98034,47.7004,-122.229,2900,15720
9272,9272,9301301145,20141024T000000,465000.0,1.0,1.0,1020,3200,1.0,0,0,3,7,1020,0,1927,0,98109,47.6361,-122.343,1670,3480
9273,9273,5615100330,20150327T000000,200000.0,4.0,2.0,1900,8160,1.0,0,0,3,7,1900,0,1975,0,98022,47.2114,-121.986,1280,6532
9274,9274,4139500410,20150126T000000,1680000.0,6.0,4.75,5770,16747,2.0,0,3,3,12,4500,1270,1998,0,98006,47.5512,-122.11,4470,14571
9275,9275,722039087,20140923T000000,220500.0,2.0,1.0,990,57499,1.0,0,0,2,6,990,0,1949,0,98070,47.4145,-122.463,2090,27442
9276,9276,722039087,20150504T000000,329000.0,2.0,1.0,990,57499,1.0,0,0,2,6,990,0,1949,0,98070,47.4145,-122.463,2090,27442
9277,9277,8129700644,20140703T000000,715000.0,3.0,4.0,2080,2250,3.0,0,4,3,8,2080,0,1997,0,98103,47.6598,-122.355,2080,2250
9278,9278,8129700644,20150424T000000,780000.0,3.0,4.0,2080,2250,3.0,0,4,3,8,2080,0,1997,0,98103,47.6598,-122.355,2080,2250
9279,9279,4443800385,20140818T000000,410000.0,2.0,1.0,1480,4080,1.0,0,0,3,7,1050,430,1949,0,98117,47.6842,-122.393,1310,4080
9280,9280,4443800385,20150506T000000,778100.0,2.0,1.0,1480,4080,1.0,0,0,3,7,1050,430,1949,0,98117,47.6842,-122.393,1310,4080
9281,9281,7405700015,20150330T000000,406000.0,3.0,1.0,1090,11292,1.0,0,0,4,7,1090,0,1952,0,98133,47.7429,-122.358,1570,8198
9282,9282,2780400035,20140505T000000,665000.0,4.0,2.5,2800,5900,1.0,0,0,3,8,1660,1140,1963,0,98115,47.6809,-122.286,2580,5900
9283,9283,5562100325,20141125T000000,305000.0,2.0,1.0,1000,8212,1.0,0,0,4,7,1000,0,1947,0,98133,47.7444,-122.341,1620,8214
9284,9284,7437101030,20140822T000000,265000.0,3.0,2.5,1640,7668,2.0,0,0,3,7,1640,0,1991,0,98038,47.3505,-122.027,1850,7200
9285,9285,3856904610,20141002T000000,485000.0,4.0,1.0,1620,4080,1.5,0,0,3,7,1620,0,1923,0,98105,47.6696,-122.324,1760,4080
9286,9286,1423069095,20140507T000000,600000.0,3.0,2.5,2460,108900,1.0,0,0,4,9,1860,600,1977,0,98027,47.4824,-122.0,2870,102366
9287,9287,2523400205,20150421T000000,510000.0,2.0,1.5,1860,5100,1.0,0,0,3,7,1060,800,1940,0,98136,47.5573,-122.392,1710,5100
9288,9288,3530420110,20140521T000000,195000.0,2.0,1.0,1080,3899,1.0,0,0,4,8,1080,0,1972,0,98198,47.3792,-122.321,1090,3899
9289,9289,6046401030,20140528T000000,432500.0,3.0,1.75,1980,5100,1.0,0,0,3,7,1270,710,1965,0,98103,47.6911,-122.347,1400,5100
9290,9290,8563000770,20141210T000000,490000.0,3.0,1.75,1510,8433,1.0,0,0,4,7,1220,290,1967,0,98008,47.6226,-122.103,1950,8199
9291,9291,2215900180,20140711T000000,270000.0,3.0,2.5,1690,7165,2.0,0,0,4,7,1690,0,1992,0,98038,47.3498,-122.058,1410,8590
9292,9292,2771602450,20140826T000000,370000.0,2.0,1.5,1010,2102,2.0,0,0,3,7,1010,0,1984,0,98119,47.6374,-122.375,1480,2632
9293,9293,722059233,20141215T000000,327500.0,3.0,2.5,2090,12027,2.0,0,0,3,8,2090,0,1991,0,98031,47.4084,-122.213,2090,12666
9294,9294,1257201095,20150323T000000,826000.0,2.0,1.0,1060,6120,1.0,0,0,3,7,1060,0,1908,0,98103,47.6739,-122.329,1730,4080
9295,9295,4391600035,20140701T000000,510000.0,3.0,1.75,1750,7020,2.0,0,0,3,7,1750,0,1934,1978,98010,47.3264,-122.038,1170,9546
9296,9296,625049310,20150311T000000,587750.0,2.0,1.0,890,4730,1.0,0,0,3,7,890,0,1941,0,98103,47.6876,-122.341,1330,5904
9297,9297,424059100,20150327T000000,449228.0,5.0,2.5,3020,24750,1.0,0,0,3,8,1650,1370,1965,0,98005,47.5897,-122.179,2930,16062
9298,9298,1422029138,20140902T000000,565000.0,3.0,2.5,2030,217805,1.0,0,0,3,9,2030,0,1999,0,98070,47.3942,-122.515,1870,109468
9299,9299,2723069146,20150424T000000,660000.0,4.0,2.5,3170,186436,2.0,0,0,3,9,3170,0,2000,0,98038,47.4475,-122.034,3250,215186
9300,9300,5112800042,20141203T000000,400000.0,5.0,2.75,2470,19200,1.0,0,0,5,8,1250,1220,1977,0,98058,47.4496,-122.083,2140,35140
9301,9301,579002870,20140506T000000,612500.0,4.0,2.0,2060,5000,1.0,0,0,3,7,1030,1030,1949,2013,98117,47.6992,-122.379,1280,5000
9302,9302,2461900790,20150313T000000,560000.0,4.0,1.75,2120,6250,1.0,0,0,5,7,1060,1060,1917,0,98136,47.5506,-122.385,1410,6250
9303,9303,6788200360,20140903T000000,727000.0,3.0,2.25,2180,4200,1.5,0,0,5,8,1520,660,1939,0,98112,47.6412,-122.302,1850,4200
9304,9304,1018000110,20150423T000000,224000.0,4.0,3.0,2300,7609,2.0,0,0,4,7,2300,0,1976,0,98002,47.2943,-122.227,940,5937
9305,9305,7701960720,20141017T000000,1080000.0,4.0,2.5,4200,35267,2.0,0,0,3,11,4200,0,1990,0,98077,47.7108,-122.071,3540,22234
9306,9306,9477201530,20150423T000000,439000.0,3.0,2.25,1480,7565,1.0,0,0,3,7,1220,260,1977,0,98034,47.7288,-122.191,1660,7565
9307,9307,1821069072,20140508T000000,335000.0,3.0,1.5,2240,87625,1.5,0,0,2,7,1480,760,1980,0,98092,47.3043,-122.094,1920,110206
9308,9308,5035300572,20141016T000000,779000.0,4.0,1.5,2740,4912,1.0,0,0,4,8,1370,1370,1937,0,98199,47.6523,-122.412,2160,5006
9309,9309,1023089019,20140730T000000,452000.0,5.0,1.75,1830,47916,1.5,0,0,3,6,1830,0,1948,0,98045,47.4881,-121.777,2010,13135
9310,9310,2710600015,20150327T000000,775000.0,4.0,3.0,2000,5304,1.5,0,0,4,7,2000,0,1947,0,98115,47.6762,-122.285,1670,5304
9311,9311,1502400300,20140916T000000,235000.0,3.0,1.75,1380,8362,1.0,0,0,3,7,1380,0,1967,0,98003,47.3121,-122.323,1380,8800
9312,9312,4045700115,20141028T000000,370000.0,3.0,1.75,1620,37913,2.0,0,0,4,7,1620,0,1953,1975,98001,47.2875,-122.289,2190,21518
9313,9313,7504010590,20141114T000000,790000.0,4.0,3.0,3180,12070,2.0,0,0,4,9,3180,0,1976,0,98074,47.6371,-122.058,3110,12600
9314,9314,4389200610,20141201T000000,903000.0,2.0,1.5,1140,7800,1.0,0,0,4,6,1140,0,1947,0,98004,47.6142,-122.209,2020,7800
9315,9315,1321039076,20140627T000000,209950.0,3.0,1.0,970,9583,1.0,0,0,4,6,970,0,1967,0,98023,47.3044,-122.366,970,7875
9316,9316,4123800180,20140827T000000,309000.0,3.0,2.5,1780,7859,2.0,0,0,3,7,1780,0,1988,0,98038,47.3772,-122.045,1670,6618
9317,9317,6415100410,20140609T000000,440000.0,3.0,1.75,2240,8153,1.0,0,0,3,7,1120,1120,1948,0,98125,47.7303,-122.329,1710,8100
9318,9318,4420600015,20141006T000000,571500.0,4.0,2.25,2810,25990,2.0,0,0,3,8,1860,950,1959,0,98001,47.2993,-122.293,2020,16140
9319,9319,3856901880,20140815T000000,514000.0,2.0,1.0,920,4000,1.0,0,0,4,7,920,0,1906,0,98105,47.6711,-122.328,1300,4000
9320,9320,3878900395,20140728T000000,323000.0,3.0,1.75,1830,12500,1.0,0,1,3,7,1200,630,1947,0,98178,47.5087,-122.25,1830,7300
9321,9321,9183701345,20141103T000000,290000.0,2.0,1.75,1560,7575,1.0,0,0,3,8,1560,0,2002,0,98030,47.3776,-122.228,2050,9000
9322,9322,7768700300,20141205T000000,2575000.0,4.0,4.25,5540,15408,2.0,0,1,3,11,4280,1260,2006,0,98004,47.6071,-122.212,3570,14750
9323,9323,3536900110,20141009T000000,1362500.0,3.0,2.0,2310,21318,1.0,0,0,3,10,2310,0,1979,1996,98004,47.6381,-122.224,2950,21814
9324,9324,7518503830,20140723T000000,551000.0,4.0,1.5,1470,5100,1.5,0,0,3,7,1470,0,1946,0,98117,47.6769,-122.381,1470,5100
9325,9325,2125059161,20141023T000000,960000.0,4.0,2.5,3430,43560,1.5,0,2,5,10,3430,0,1979,0,98005,47.6426,-122.18,3700,44431
9326,9326,2597520720,20141103T000000,720000.0,5.0,2.5,2900,9525,2.0,0,0,3,9,2900,0,1989,0,98006,47.5442,-122.138,2910,11854
9327,9327,109200730,20140506T000000,218000.0,3.0,1.75,1850,7684,1.0,0,0,3,8,1320,530,1979,0,98023,47.2975,-122.37,1940,7630
9328,9328,2621750110,20141223T000000,334950.0,4.0,2.5,2190,7000,2.0,0,0,3,8,2190,0,1997,0,98042,47.3718,-122.109,2040,7700
9329,9329,8644400040,20140729T000000,605000.0,4.0,2.25,2510,31584,2.0,0,0,4,9,2510,0,1979,0,98074,47.6153,-122.054,2510,39221
9330,9330,4237901345,20141217T000000,825000.0,4.0,3.25,3200,4477,2.0,0,0,3,9,2390,810,2006,0,98199,47.664,-122.402,1830,4920
9331,9331,8731982250,20140812T000000,268500.0,4.0,1.75,1670,8000,1.0,0,0,4,8,1670,0,1974,0,98023,47.3193,-122.383,1720,8000
9332,9332,7942100180,20140627T000000,230000.0,3.0,1.75,1010,9600,1.0,0,0,5,7,1010,0,1969,0,98042,47.3828,-122.09,1320,9600
9333,9333,3324079089,20141121T000000,1335000.0,4.0,4.0,5050,202554,2.0,0,0,3,10,3260,1790,2000,0,98027,47.5269,-121.922,3370,213444
9334,9334,7147800015,20150401T000000,245500.0,2.0,1.5,1430,9782,1.0,0,0,3,7,1430,0,1955,0,98188,47.441,-122.282,1430,9828
9335,9335,2826049023,20140729T000000,440000.0,3.0,2.25,1880,7989,1.0,0,0,3,7,1280,600,1982,0,98125,47.7077,-122.299,1820,7414
9336,9336,3905081530,20141007T000000,571500.0,4.0,2.75,2180,5799,2.0,0,0,4,8,2180,0,1993,0,98029,47.5702,-121.995,2060,6061
9337,9337,9543000945,20150427T000000,182500.0,3.0,2.25,1830,4744,2.0,0,0,3,7,1830,0,1997,0,98001,47.2734,-122.248,1670,8001
9338,9338,402000145,20141028T000000,217000.0,2.0,1.0,970,5600,1.0,0,0,3,6,970,0,1951,0,98118,47.5297,-122.277,1020,5600
9339,9339,4364200015,20150109T000000,335000.0,2.0,1.5,1170,5248,1.0,0,0,5,6,1170,0,1941,0,98126,47.5318,-122.374,1170,5120
9340,9340,2979800845,20140524T000000,501000.0,2.0,1.0,1010,4320,1.0,0,0,5,7,1010,0,1924,0,98115,47.6846,-122.317,1680,4320
9341,9341,7230900120,20141027T000000,339950.0,3.0,2.5,2140,7641,1.0,0,0,3,8,1290,850,1979,0,98056,47.5053,-122.186,2090,8000
9342,9342,5018200155,20150121T000000,340000.0,3.0,1.75,2230,10403,1.0,0,0,3,8,1630,600,1968,0,98198,47.4092,-122.295,1730,9450
9343,9343,6743700317,20150204T000000,582500.0,2.0,1.0,1140,23779,1.5,0,0,3,6,1140,0,1966,0,98033,47.6948,-122.172,2940,8417
9344,9344,3738900035,20140825T000000,298800.0,2.0,1.0,860,8189,1.0,0,0,3,6,860,0,1948,0,98155,47.735,-122.306,1180,8189
9345,9345,1328300040,20150312T000000,317500.0,6.0,1.75,2540,8400,1.0,0,0,3,8,1340,1200,1977,0,98058,47.4414,-122.129,1900,7695
9346,9346,952000495,20150402T000000,598000.0,4.0,2.5,2420,5118,1.5,0,2,5,7,1550,870,1926,0,98126,47.5671,-122.378,1740,5750
9347,9347,7996700220,20150430T000000,375000.0,2.0,2.25,1640,2240,2.0,0,0,3,8,1640,0,1980,0,98133,47.7154,-122.341,1640,2240
9348,9348,7972601445,20150116T000000,465000.0,4.0,2.25,2550,7650,2.0,0,2,4,9,2550,0,1996,0,98106,47.5296,-122.342,2550,7650
9349,9349,3751601785,20150225T000000,551870.0,3.0,2.5,2507,18400,2.0,0,0,3,8,2507,0,2006,0,98001,47.2867,-122.27,1520,14709
9350,9350,7212650650,20140508T000000,295000.0,3.0,2.5,1920,7229,2.0,0,0,3,8,1920,0,1993,0,98003,47.2659,-122.31,2310,8009
9351,9351,2413300730,20140924T000000,263500.0,4.0,1.75,2210,6375,1.0,0,0,3,8,1640,570,1977,0,98003,47.3268,-122.328,2070,7210
9352,9352,8127700735,20140616T000000,1095000.0,4.0,4.0,3530,8400,2.0,0,0,5,8,2630,900,1958,0,98199,47.6402,-122.395,2340,8216
9353,9353,2113701080,20141112T000000,300000.0,2.0,1.0,1100,4010,1.5,0,0,5,6,1100,0,1920,0,98106,47.5296,-122.351,980,4501
9354,9354,5700000120,20140722T000000,780000.0,4.0,1.0,3390,4500,1.5,0,0,3,8,2190,1200,1924,2014,98144,47.5824,-122.293,2030,4872
9355,9355,3172600031,20150327T000000,325000.0,3.0,1.5,1590,7936,1.0,0,0,3,7,1590,0,1956,0,98106,47.5201,-122.366,1590,7936
9356,9356,66000265,20140807T000000,370000.0,2.0,1.0,820,6550,1.0,0,0,3,7,820,0,1949,2012,98126,47.5478,-122.381,1640,6550
9357,9357,4045800040,20140725T000000,715000.0,4.0,2.5,2370,10000,1.0,0,0,5,8,1660,710,1974,0,98052,47.6383,-122.099,2480,9875
9358,9358,1430800100,20150116T000000,356000.0,4.0,2.0,1600,12500,1.0,0,0,5,7,1600,0,1938,0,98166,47.4713,-122.355,1260,8306
9359,9359,2473411240,20150324T000000,329950.0,4.0,1.75,1740,7208,1.5,0,0,3,8,1740,0,1976,0,98058,47.4483,-122.13,1680,7350
9360,9360,2877100985,20140623T000000,490000.0,3.0,2.25,1470,2500,2.0,0,0,3,8,1080,390,1984,0,98117,47.6762,-122.36,1640,4300
9361,9361,4310701575,20140610T000000,429000.0,3.0,3.25,1410,1246,3.0,0,0,3,8,1410,0,2005,0,98103,47.6981,-122.34,1410,1253
9362,9362,7715801030,20150331T000000,510000.0,4.0,2.5,1620,8125,2.0,0,0,4,7,1620,0,1983,0,98074,47.6255,-122.059,1480,8120
9363,9363,7202331050,20140924T000000,550000.0,3.0,2.5,2360,4080,2.0,0,0,3,7,2360,0,2003,0,98053,47.6825,-122.038,2290,4080
9364,9364,8820903555,20150105T000000,467500.0,3.0,1.0,1830,6453,1.0,0,0,4,7,1830,0,1956,0,98125,47.7139,-122.288,1670,8012
9365,9365,5708500315,20140623T000000,615000.0,5.0,2.0,2130,4180,1.5,0,0,5,7,1270,860,1926,0,98116,47.575,-122.388,1710,4180
9366,9366,526059103,20141013T000000,325000.0,2.0,1.0,990,15120,1.0,0,0,4,6,990,0,1953,0,98011,47.7669,-122.206,1300,11500
9367,9367,1352300315,20140808T000000,219950.0,2.0,1.0,1010,4120,2.0,0,0,3,6,1010,0,1907,1953,98055,47.488,-122.2,1200,4120
9368,9368,3307700150,20150413T000000,950000.0,3.0,1.0,1720,9830,1.0,0,0,4,7,1720,0,1946,0,98040,47.5905,-122.245,3200,8923
9369,9369,809001400,20140922T000000,925000.0,3.0,1.0,1630,3200,1.5,0,0,4,8,1630,0,1912,0,98109,47.6351,-122.352,1710,3600
9370,9370,6123600090,20140519T000000,251200.0,4.0,1.5,1310,8250,1.0,0,0,3,7,1060,250,1953,0,98148,47.425,-122.332,1260,8255
9371,9371,8651401720,20140918T000000,215000.0,3.0,1.5,1610,5304,1.0,0,0,4,6,1610,0,1968,0,98042,47.3632,-122.087,1060,5304
9372,9372,6386700110,20140805T000000,245000.0,3.0,2.0,1850,8208,1.0,0,0,4,7,1180,670,1970,0,98023,47.3109,-122.362,1790,8174
9373,9373,8100900115,20150206T000000,259000.0,3.0,1.75,1270,4815,1.5,0,0,3,6,980,290,1922,0,98108,47.5495,-122.31,1270,6431
9374,9374,7549801395,20141113T000000,349950.0,4.0,1.5,1420,6720,1.5,0,0,3,7,1420,0,1925,0,98108,47.5518,-122.311,1560,5600
9375,9375,226059096,20141118T000000,1565000.0,5.0,4.5,5220,67319,2.0,0,0,3,11,5220,0,2001,0,98072,47.7666,-122.128,4190,40609
9376,9376,6021502070,20150508T000000,600000.0,2.0,1.0,1410,4500,1.0,0,0,3,7,1020,390,1939,0,98117,47.6883,-122.384,1300,4500
9377,9377,2767603608,20141002T000000,405000.0,2.0,1.5,1170,1274,3.0,0,0,3,8,1170,0,2001,0,98107,47.6719,-122.381,1290,1308
9378,9378,425059103,20141202T000000,625000.0,3.0,2.5,1860,10027,2.0,0,0,3,8,1860,0,1993,0,98033,47.6775,-122.165,1530,9204
9379,9379,1624079057,20140717T000000,430000.0,4.0,1.0,1620,37075,1.5,0,0,3,7,1620,0,1943,0,98024,47.5654,-121.929,2190,87117
9380,9380,1931300688,20150429T000000,533000.0,3.0,3.0,1280,1085,3.0,0,0,3,8,1280,0,2004,0,98103,47.6569,-122.346,1300,1310
9381,9381,7732650120,20140728T000000,1050000.0,4.0,2.5,2750,9949,2.0,0,0,3,10,2750,0,1999,0,98007,47.6595,-122.147,2750,9860
9382,9382,179001425,20141024T000000,230000.0,3.0,1.75,1420,3000,1.0,0,0,3,5,710,710,1931,2014,98178,47.4928,-122.274,1960,5000
9383,9383,5469300330,20140905T000000,275000.0,4.0,1.75,2000,8700,1.0,0,0,5,7,1010,990,1975,0,98042,47.374,-122.141,1490,7350
9384,9384,3678900110,20140610T000000,403000.0,2.0,1.0,1100,3598,1.0,0,0,4,7,1100,0,1926,0,98144,47.5738,-122.313,1240,3598
9385,9385,3388300730,20140910T000000,550388.0,3.0,3.0,1720,70567,1.0,0,2,5,7,1720,0,1966,0,98027,47.4936,-122.069,2740,70567
9386,9386,4037600115,20140922T000000,415500.0,3.0,1.5,1240,12400,1.0,0,0,3,7,1240,0,1958,0,98007,47.607,-122.132,1640,9600
9387,9387,4083302485,20150420T000000,913000.0,3.0,1.75,2170,4000,1.0,0,0,4,7,1110,1060,1925,0,98103,47.6546,-122.337,1890,4000
9388,9388,7857000716,20150313T000000,334998.0,2.0,1.0,1800,5182,1.0,0,0,3,6,900,900,1942,0,98108,47.5508,-122.3,1570,5876
9389,9389,8857600490,20140509T000000,201500.0,3.0,1.0,1160,8320,1.0,0,0,4,7,1160,0,1959,0,98032,47.3831,-122.288,1480,7800
9390,9390,925069100,20150327T000000,820000.0,3.0,2.5,3030,46538,2.0,0,0,3,10,3030,0,1997,0,98053,47.664,-122.041,3370,51450
9391,9391,4077800518,20140611T000000,371000.0,3.0,1.0,890,7200,1.0,0,0,3,7,890,0,1951,0,98125,47.71,-122.286,1630,7455
9392,9392,2212200100,20141022T000000,229950.0,4.0,2.5,2150,7670,1.0,0,0,5,7,1240,910,1976,0,98031,47.3942,-122.189,1610,7350
9393,9393,2212200100,20150422T000000,344900.0,4.0,2.5,2150,7670,1.0,0,0,5,7,1240,910,1976,0,98031,47.3942,-122.189,1610,7350
9394,9394,5100403876,20140820T000000,840000.0,3.0,2.5,2060,9715,2.0,0,0,3,8,2060,0,1924,2006,98115,47.6961,-122.316,1240,7072
9395,9395,821049191,20140916T000000,285000.0,3.0,1.5,1380,12196,1.0,0,0,4,7,1380,0,1967,0,98003,47.3204,-122.322,1600,10720
9396,9396,126039599,20150326T000000,475000.0,4.0,2.25,1800,7200,1.0,0,0,3,7,1230,570,1979,0,98177,47.7717,-122.376,2260,7498
9397,9397,1218000195,20150303T000000,420000.0,2.0,1.0,1460,7832,1.0,0,0,3,6,1460,0,1924,0,98166,47.4617,-122.346,1460,7632
9398,9398,9287800375,20141030T000000,685000.0,3.0,2.0,2210,5000,1.5,0,2,3,7,1710,500,1909,0,98103,47.6754,-122.357,1920,5000
9399,9399,926069140,20140721T000000,879000.0,4.0,3.0,3590,89640,2.0,0,0,3,10,3590,0,2005,0,98077,47.7557,-122.036,2790,54014
9400,9400,2407000145,20150120T000000,197200.0,3.0,1.0,1140,8775,1.0,0,0,3,6,990,150,1942,0,98146,47.4824,-122.336,1300,8775
9401,9401,452001280,20140703T000000,529950.0,3.0,1.0,1240,5000,1.5,0,0,5,7,1240,0,1909,0,98107,47.6755,-122.367,1240,4900
9402,9402,425069020,20140505T000000,1090000.0,4.0,2.5,4340,141570,2.5,0,0,3,11,4340,0,1992,0,98053,47.6805,-122.048,2720,97138
9403,9403,4232901120,20140520T000000,792000.0,3.0,1.5,1570,1050,2.0,0,0,3,8,1570,0,1915,0,98109,47.6358,-122.356,2070,3600
9404,9404,4233400490,20140820T000000,262000.0,3.0,2.5,1680,10300,2.0,0,0,4,7,1680,0,1994,0,98010,47.31399999999999,-122.001,1680,9849
9405,9405,4302201005,20141007T000000,353900.0,3.0,1.75,1560,5760,1.0,0,0,5,6,780,780,1927,0,98106,47.5272,-122.359,1320,7680
9406,9406,2026079055,20140818T000000,380000.0,1.0,1.5,1200,44866,1.5,0,0,3,7,1200,0,1983,0,98019,47.7205,-121.93,1480,67082
9407,9407,5104510120,20150327T000000,305000.0,3.0,2.5,1690,5175,2.0,0,0,3,7,1690,0,2002,0,98038,47.3564,-122.016,1830,5175
9408,9408,7857003851,20150420T000000,440000.0,4.0,2.0,2310,5004,1.0,0,0,3,7,1430,880,1994,0,98108,47.5471,-122.298,1630,5060
9409,9409,1257202430,20140617T000000,1008000.0,4.0,3.5,2650,3060,2.0,0,0,3,9,2060,590,2001,0,98103,47.6735,-122.332,1470,3060
9410,9410,5104511530,20140919T000000,549900.0,5.0,3.0,3610,7555,2.0,0,0,3,8,3610,0,2003,0,98038,47.3534,-122.012,3610,7979
9411,9411,522069111,20150127T000000,678500.0,4.0,3.0,2620,214750,2.0,0,0,3,8,2620,0,1992,0,98058,47.4239,-122.068,2060,212137
9412,9412,5379804537,20140826T000000,270000.0,3.0,2.25,1760,8287,1.0,0,0,3,7,1160,600,1986,0,98188,47.4501,-122.274,1290,9587
9413,9413,3034200410,20150330T000000,430000.0,3.0,1.0,940,12521,1.5,0,0,4,7,940,0,1949,0,98133,47.7169,-122.331,1920,9046
9414,9414,5700003630,20140630T000000,1925000.0,5.0,4.25,4830,8050,2.5,0,2,4,11,3710,1120,1914,0,98144,47.5789,-122.286,4470,9194
9415,9415,7203220410,20140813T000000,790500.0,4.0,2.75,3350,5416,2.0,0,0,3,9,3350,0,2014,0,98053,47.6849,-122.016,3625,5637
9416,9416,2426049168,20141017T000000,447450.0,3.0,2.25,1570,7200,2.0,0,0,3,8,1570,0,1991,0,98034,47.7332,-122.232,1620,7318
9417,9417,9828701565,20150209T000000,375000.0,3.0,2.0,2240,5200,1.0,0,0,3,7,1630,610,1954,0,98112,47.6191,-122.296,1470,3775
9418,9418,259600620,20150206T000000,565000.0,4.0,2.0,1950,9940,1.0,0,0,4,7,1950,0,1963,0,98008,47.6332,-122.118,1920,9270
9419,9419,5312100040,20150423T000000,400000.0,2.0,1.0,1010,3916,1.0,0,2,4,6,810,200,1918,0,98144,47.5728,-122.306,1580,3888
9420,9420,1938400040,20150220T000000,246000.0,3.0,1.5,1630,10200,1.0,0,0,4,8,1300,330,1976,0,98023,47.3155,-122.364,1960,6700
9421,9421,6632900405,20141029T000000,329922.0,3.0,1.75,1420,6289,1.0,0,0,3,7,1100,320,1967,0,98155,47.7398,-122.314,1460,7402
9422,9422,2125059123,20150414T000000,1249000.0,5.0,3.25,3950,44431,1.0,0,0,3,10,2100,1850,1969,0,98005,47.6451,-122.173,3860,45870
9423,9423,6411600113,20150420T000000,375000.0,3.0,1.0,1210,7425,1.0,0,0,4,6,1210,0,1910,0,98133,47.7125,-122.33,1260,7425
9424,9424,6381500035,20140508T000000,385000.0,3.0,1.75,1890,9920,1.0,0,0,3,7,1230,660,1944,0,98125,47.7327,-122.306,1380,9086
9425,9425,7518500985,20140903T000000,591500.0,4.0,2.5,1690,4080,1.5,0,0,4,7,1140,550,1912,0,98117,47.6825,-122.379,1600,4590
9426,9426,5149800040,20140918T000000,255000.0,4.0,2.0,2560,12155,1.0,0,0,4,7,1350,1210,1960,0,98003,47.3326,-122.323,1790,11906
9427,9427,3211000930,20150316T000000,275000.0,3.0,1.5,1350,7800,1.0,0,0,3,7,1350,0,1959,0,98059,47.4805,-122.158,1510,8040
9428,9428,1853081250,20141229T000000,800000.0,4.0,2.75,3120,5000,2.0,0,0,3,9,3120,0,2010,0,98074,47.594,-122.062,3200,5000
9429,9429,6632300040,20150425T000000,327000.0,2.0,1.0,1140,7435,1.0,0,0,3,7,1140,0,1952,1990,98125,47.73,-122.31,1320,9385
9430,9430,6117501755,20141230T000000,355000.0,4.0,1.5,2230,11536,1.0,0,1,4,7,1220,1010,1954,0,98166,47.4409,-122.348,2170,12465
9431,9431,6163900411,20141003T000000,310000.0,2.0,1.0,1050,8220,1.0,0,0,4,6,780,270,1947,0,98155,47.7598,-122.316,1340,7651
9432,9432,1924069039,20140519T000000,869000.0,5.0,3.25,4180,49222,2.0,0,0,4,8,2880,1300,1979,0,98027,47.5488,-122.094,3170,8029
9433,9433,4058801065,20140808T000000,272000.0,3.0,2.0,1200,5700,1.0,0,0,5,7,1200,0,1942,0,98178,47.5031,-122.242,1190,6384
9434,9434,1223089038,20140711T000000,665000.0,5.0,2.25,3320,60984,2.0,0,0,3,9,3320,0,2000,0,98045,47.4862,-121.718,1580,55322
9435,9435,5420800090,20141117T000000,225000.0,3.0,2.5,1590,8449,2.0,0,0,3,7,1590,0,1989,0,98030,47.3493,-122.177,1750,7172
9436,9436,2591720360,20141226T000000,375000.0,3.0,2.5,2750,37096,2.0,0,0,3,9,2750,0,1989,0,98038,47.3732,-122.023,2700,40091
9437,9437,9286750100,20140610T000000,375500.0,3.0,1.5,1530,7200,1.0,0,0,3,8,1530,0,1975,0,98155,47.7691,-122.297,2150,7216
9438,9438,2392100090,20150402T000000,550000.0,3.0,1.75,1570,6500,1.0,0,0,3,7,920,650,1948,0,98116,47.565,-122.398,1570,5750
9439,9439,4302201085,20140918T000000,248000.0,3.0,1.0,1470,7680,1.0,0,0,3,7,1220,250,1946,0,98106,47.5276,-122.359,1470,6784
9440,9440,4302201085,20150506T000000,546940.0,3.0,1.0,1470,7680,1.0,0,0,3,7,1220,250,1946,0,98106,47.5276,-122.359,1470,6784
9441,9441,7215730580,20140902T000000,680000.0,4.0,3.0,3150,6175,2.0,0,0,3,9,3150,0,2001,0,98075,47.5968,-122.017,3150,6986
9442,9442,2095500120,20140718T000000,350000.0,4.0,2.5,2380,6124,2.0,0,0,3,8,2380,0,1997,0,98030,47.3662,-122.175,2170,6097
9443,9443,136000220,20150325T000000,593000.0,2.0,2.5,2000,2500,3.0,0,1,3,8,1810,190,1994,0,98116,47.5788,-122.396,1970,5650
9444,9444,3834000720,20150319T000000,390000.0,2.0,1.0,1140,8147,1.0,0,0,3,7,1140,0,1958,0,98125,47.7278,-122.289,1260,8148
9445,9445,3523029077,20141007T000000,297000.0,3.0,1.0,1340,18000,1.0,0,0,4,7,1340,0,1924,0,98070,47.4443,-122.509,1660,196591
9446,9446,42000065,20150305T000000,355000.0,2.0,1.0,1450,9150,1.0,0,0,4,7,1450,0,1965,0,98188,47.4689,-122.277,1440,10636
9447,9447,3275330120,20140814T000000,309900.0,3.0,2.5,2020,26670,2.0,0,0,3,7,2020,0,1987,0,98003,47.2597,-122.31,1680,10939
9448,9448,2312400230,20140924T000000,257000.0,3.0,2.25,1810,12000,2.0,0,0,3,7,1810,0,1992,0,98003,47.3476,-122.3,1720,9916
9449,9449,3472800065,20140826T000000,1698000.0,4.0,3.0,3600,9687,2.0,0,0,4,9,3600,0,1959,1995,98004,47.6257,-122.208,2620,10400
9450,9450,7518501140,20150113T000000,300000.0,3.0,2.0,1260,2550,2.0,0,0,3,7,1260,0,1987,0,98117,47.6821,-122.378,1590,3825
9451,9451,9126100815,20141217T000000,500000.0,3.0,2.0,1560,1156,3.0,0,0,3,8,1560,0,2014,0,98122,47.605,-122.304,1560,1728
9452,9452,2769600590,20141016T000000,900000.0,8.0,4.0,4020,7500,1.0,0,0,3,8,2010,2010,1968,0,98107,47.6732,-122.363,1560,3737
9453,9453,7215730040,20140515T000000,695000.0,4.0,3.0,3150,9130,2.0,0,0,3,9,3150,0,2001,0,98075,47.5974,-122.017,2970,6228
9454,9454,8155760040,20141218T000000,213400.0,4.0,2.5,1680,6655,2.0,0,0,3,7,1680,0,2001,0,98030,47.3867,-122.191,1680,6982
9455,9455,1376800220,20140709T000000,425000.0,2.0,1.0,1320,8830,1.0,0,0,3,7,1020,300,1939,0,98199,47.6433,-122.404,1620,8531
9456,9456,3623059101,20140811T000000,420000.0,3.0,3.0,2700,47050,2.0,0,0,4,9,1570,1130,1986,0,98058,47.4446,-122.104,2260,45901
9457,9457,7010701016,20150209T000000,411000.0,1.0,1.0,1080,5000,1.5,0,0,3,7,1080,0,1948,0,98199,47.6603,-122.394,1620,4000
9458,9458,1025069210,20150209T000000,762500.0,4.0,2.25,3130,41382,2.0,0,0,3,9,3130,0,1986,0,98053,47.6683,-122.034,3130,54886
9459,9459,721049096,20140527T000000,569950.0,5.0,4.5,4850,40902,2.0,0,0,3,10,4850,0,2001,0,98023,47.3181,-122.344,1640,13503
9460,9460,7347600210,20150424T000000,258000.0,4.0,1.0,1220,8500,1.5,0,0,5,6,1220,0,1916,0,98168,47.4792,-122.277,1460,8500
9461,9461,3630030180,20150224T000000,499000.0,3.0,2.25,1780,3665,2.0,0,0,3,8,1780,0,2004,0,98029,47.5495,-121.997,1770,3669
9462,9462,9353300820,20150511T000000,310000.0,3.0,1.0,1250,10723,1.0,0,0,4,7,1250,0,1961,0,98059,47.4894,-122.135,1520,10723
9463,9463,4310702876,20141103T000000,398500.0,2.0,2.5,1780,1311,3.0,0,0,3,8,1350,430,2005,0,98103,47.6962,-122.34,1390,1227
9464,9464,5647900120,20140613T000000,250600.0,4.0,2.5,1930,8660,1.0,0,0,3,7,1120,810,1981,0,98001,47.3261,-122.26,1830,9591
9465,9465,4123800580,20140812T000000,352000.0,4.0,2.5,2470,6116,1.0,0,0,3,7,1420,1050,1985,0,98038,47.3792,-122.047,1670,7627
9466,9466,6169901006,20140715T000000,600000.0,2.0,1.0,1180,2160,1.0,0,1,3,7,940,240,1909,0,98119,47.6313,-122.368,2700,5400
9467,9467,3735901080,20150324T000000,645000.0,3.0,1.0,2270,4182,1.0,0,0,4,7,1170,1100,1946,0,98115,47.688,-122.32,1860,4080
9468,9468,5104520620,20140724T000000,291500.0,4.0,2.5,1770,5000,2.0,0,0,3,7,1770,0,2004,0,98038,47.3503,-122.005,2080,5100
9469,9469,2422049107,20140508T000000,350000.0,4.0,1.75,2250,13515,1.0,0,0,4,8,2150,100,1940,0,98030,47.3789,-122.229,2150,12508
9470,9470,3260700360,20140919T000000,279000.0,3.0,2.5,1540,7280,1.0,0,0,3,7,1080,460,1974,0,98003,47.3102,-122.322,1220,6440
9471,9471,1862400057,20150304T000000,320000.0,2.0,1.0,820,5400,1.0,0,0,3,6,820,0,1940,0,98117,47.6976,-122.375,1370,5632
9472,9472,8682262720,20150310T000000,495000.0,2.0,2.0,1580,5203,1.0,0,0,3,8,1580,0,2004,0,98053,47.7174,-122.032,1560,4770
9473,9473,3183110180,20140828T000000,490000.0,4.0,2.5,2430,42646,1.0,0,0,3,7,1450,980,1989,0,98014,47.6164,-121.953,2000,38159
9474,9474,7986400360,20140717T000000,770000.0,5.0,1.5,2160,5000,1.5,0,2,4,8,2160,0,1926,0,98107,47.6645,-122.36,1450,4265
9475,9475,1789900065,20140709T000000,215000.0,3.0,1.75,1770,29004,1.0,0,0,3,8,1770,0,1959,0,98023,47.3204,-122.364,2300,24534
9476,9476,222069057,20150330T000000,665000.0,3.0,3.5,3580,95832,1.5,0,0,3,9,3580,0,2005,0,98038,47.4239,-122.015,2880,60548
9477,9477,3822200164,20140819T000000,423500.0,3.0,2.25,1890,7498,1.0,0,0,3,7,1190,700,1987,0,98125,47.73,-122.297,1660,8100
9478,9478,1931300665,20141009T000000,850000.0,3.0,3.0,1910,4800,1.5,0,0,3,9,1910,0,1900,1991,98103,47.6572,-122.346,1280,1310
9479,9479,1443500385,20140513T000000,155000.0,2.0,1.0,910,6232,1.0,0,0,3,6,910,0,1943,0,98118,47.5328,-122.272,1070,6232
9480,9480,259600410,20150413T000000,505000.0,3.0,2.25,1460,7210,1.0,0,0,3,7,1460,0,1963,0,98008,47.6316,-122.119,1850,7519
9481,9481,3630120880,20150227T000000,780000.0,3.0,3.5,3310,5558,2.0,0,0,3,9,3310,0,2005,0,98029,47.5553,-122.003,3310,5270
9482,9482,2822049210,20140825T000000,165000.0,3.0,1.5,1630,22764,1.0,0,0,3,7,1630,0,1970,0,98032,47.3611,-122.293,1620,17859
9483,9483,6821100015,20140828T000000,707000.0,2.0,2.5,2130,5001,1.0,0,0,5,8,1330,800,1972,0,98199,47.6573,-122.399,1750,6000
9484,9484,2267000458,20150501T000000,497000.0,3.0,2.5,1220,1475,3.0,0,0,3,8,1220,0,2000,0,98117,47.6909,-122.395,1220,1546
9485,9485,2976800115,20141105T000000,349170.0,4.0,1.75,1670,8856,1.0,0,2,3,7,1070,600,1955,0,98178,47.5056,-122.251,1660,8088
9486,9486,7436600090,20150102T000000,287000.0,4.0,1.5,1300,10050,1.5,0,0,3,7,1300,0,1963,0,98059,47.4899,-122.116,1730,10050
9487,9487,6072800205,20141119T000000,2375000.0,4.0,2.5,3220,20251,1.0,0,0,3,10,3220,0,1969,0,98006,47.5692,-122.192,4200,22114
9488,9488,3296000110,20140602T000000,645000.0,4.0,2.5,2430,14400,1.0,0,0,5,8,1670,760,1963,0,98007,47.6202,-122.138,2140,9048
9489,9489,5054800110,20141016T000000,238000.0,5.0,2.25,2240,9652,2.0,0,0,3,7,2240,0,1990,0,98055,47.4249,-122.211,2180,11644
9490,9490,5054800110,20150213T000000,328000.0,5.0,2.25,2240,9652,2.0,0,0,3,7,2240,0,1990,0,98055,47.4249,-122.211,2180,11644
9491,9491,7443000652,20141103T000000,365000.0,2.0,1.5,790,1123,2.0,0,0,3,8,700,90,2003,0,98119,47.651,-122.368,1370,1281
9492,9492,3995700220,20150317T000000,380000.0,3.0,1.0,1380,8147,1.0,0,0,4,7,1380,0,1948,0,98155,47.7407,-122.3,1360,8147
9493,9493,4191400090,20150310T000000,525000.0,4.0,1.5,1680,10500,2.0,0,0,3,7,1680,0,1962,0,98033,47.6806,-122.166,1830,10264
9494,9494,7518505070,20140625T000000,402000.0,4.0,2.25,2000,3672,2.0,0,0,5,7,1650,350,1926,0,98117,47.6769,-122.383,2000,5100
9495,9495,9144300110,20150424T000000,308000.0,2.0,1.0,1680,9250,1.0,0,0,3,7,860,820,1969,0,98072,47.7618,-122.162,1590,9542
9496,9496,7853301930,20141009T000000,405000.0,3.0,2.5,1960,6997,2.0,0,0,3,7,1960,0,2006,0,98065,47.5415,-121.887,2320,5178
9497,9497,3586500770,20140923T000000,808000.0,3.0,1.75,2590,32380,1.0,0,0,3,8,2590,0,1951,1994,98177,47.7539,-122.37,2340,28456
9498,9498,7203100730,20150210T000000,875000.0,4.0,3.5,3790,6874,2.5,0,0,3,9,3790,0,2010,0,98053,47.6956,-122.022,3370,6535
9499,9499,8644400180,20150319T000000,860000.0,3.0,2.5,2370,55321,3.0,0,0,4,8,2370,0,1982,0,98074,47.6148,-122.057,2590,41553
9500,9500,2071500011,20140811T000000,367500.0,4.0,2.25,1930,7925,1.0,0,0,3,8,1300,630,1960,0,98155,47.7626,-122.312,1930,7200
9501,9501,5423600100,20140805T000000,604000.0,6.0,3.5,2580,13572,1.0,0,0,3,8,1290,1290,1987,0,98052,47.6796,-122.113,2020,11656
9502,9502,3734900110,20150204T000000,230000.0,2.0,0.75,890,19703,1.0,0,0,3,6,890,0,1934,0,98045,47.4922,-121.783,1270,9800
9503,9503,2126049154,20141217T000000,435000.0,4.0,2.75,2160,8148,1.0,0,0,3,7,1410,750,1978,0,98125,47.7261,-122.306,2060,8100
9504,9504,1864700300,20141010T000000,347500.0,4.0,2.5,1970,7098,2.0,0,0,3,7,1970,0,2007,0,98038,47.3576,-122.058,1970,5361
9505,9505,1310930100,20150318T000000,525000.0,4.0,1.75,1570,16697,1.0,0,2,3,7,1030,540,1981,0,98052,47.67100000000001,-122.135,1560,9698
9506,9506,8103000110,20140603T000000,280000.0,2.0,1.5,1480,15641,1.0,0,0,4,7,1480,0,1940,0,98146,47.5008,-122.366,1520,7525
9507,9507,8103000110,20150205T000000,490000.0,2.0,1.5,1480,15641,1.0,0,0,4,7,1480,0,1940,0,98146,47.5008,-122.366,1520,7525
9508,9508,7227501765,20150323T000000,265000.0,4.0,1.75,1430,5490,1.0,0,0,5,6,1430,0,1942,0,98056,47.494,-122.184,1030,5900
9509,9509,824069188,20140902T000000,645000.0,4.0,2.25,2720,18295,1.0,0,0,4,8,2000,720,1979,0,98075,47.5851,-122.073,2720,18295
9510,9510,1402000210,20150427T000000,390000.0,3.0,2.25,2420,31497,1.0,0,0,4,8,1750,670,1964,0,98058,47.4422,-122.151,2040,30472
9511,9511,5412400180,20150417T000000,267500.0,3.0,2.5,1400,7629,1.0,0,0,3,7,1120,280,1988,0,98030,47.3788,-122.179,1530,7688
9512,9512,8894200150,20141217T000000,1275000.0,4.0,3.5,5844,10766,2.0,0,1,3,11,5844,0,2007,0,98023,47.3293,-122.364,3413,10766
9513,9513,4037500110,20140506T000000,404000.0,4.0,1.75,1840,10720,1.0,0,0,3,7,960,880,1958,0,98008,47.6074,-122.125,1840,9044
9514,9514,1843100540,20150429T000000,380000.0,3.0,2.25,2530,12042,2.0,0,0,3,8,2530,0,1989,0,98042,47.3742,-122.125,2480,10172
9515,9515,7856620210,20140808T000000,812500.0,4.0,2.75,2810,10300,1.0,0,0,4,9,1810,1000,1978,0,98006,47.5626,-122.149,2710,9900
9516,9516,425200145,20140703T000000,265000.0,3.0,1.0,1020,8610,1.0,0,0,5,7,1020,0,1959,0,98056,47.4974,-122.169,1070,5940
9517,9517,6073300750,20140709T000000,480000.0,5.0,2.75,2550,7725,1.0,0,0,5,8,1390,1160,1967,0,98056,47.5388,-122.171,2450,7725
9518,9518,6450301220,20140916T000000,264000.0,1.0,1.0,710,4725,1.0,0,0,3,6,710,0,1939,0,98133,47.7328,-122.34,900,5250
9519,9519,3401700150,20150423T000000,1350000.0,5.0,3.0,5530,38816,1.5,0,2,3,10,5530,0,1969,1994,98072,47.7352,-122.116,3800,44417
9520,9520,7200001254,20140709T000000,550000.0,4.0,1.75,2150,9000,1.0,0,0,4,7,1110,1040,1966,0,98052,47.6812,-122.113,2040,9000
9521,9521,9828201745,20150504T000000,615000.0,2.0,1.5,880,2400,1.5,0,0,3,7,880,0,1929,0,98122,47.6144,-122.295,1220,4440
9522,9522,9238500410,20140519T000000,464000.0,3.0,1.75,1630,28600,1.0,0,0,3,8,1630,0,1967,0,98072,47.7742,-122.14,2260,26000
9523,9523,2587910180,20140716T000000,365000.0,3.0,1.0,1380,30940,2.0,0,0,3,8,1380,0,1976,0,98042,47.334,-122.106,2350,32500
9524,9524,8663200450,20140715T000000,490000.0,4.0,2.25,2800,10800,1.0,0,0,3,8,1680,1120,1977,0,98011,47.7448,-122.177,2260,9800
9525,9525,1310960220,20140626T000000,280927.0,4.0,2.25,2070,7350,2.0,0,0,4,8,2070,0,1977,0,98032,47.3615,-122.274,2080,7210
9526,9526,396100110,20140516T000000,282613.0,2.0,1.0,830,6017,1.0,0,0,4,6,830,0,1954,0,98133,47.7466,-122.334,1340,6040
9527,9527,7785350490,20141023T000000,675000.0,3.0,2.25,2770,15886,2.0,0,0,3,10,2770,0,1982,0,98177,47.7464,-122.362,3290,15886
9528,9528,1795900210,20140518T000000,575550.0,4.0,2.5,2060,7475,1.0,0,0,3,8,1440,620,1985,0,98052,47.7272,-122.105,2280,8396
9529,9529,1796370730,20140520T000000,259900.0,3.0,2.0,1490,7770,1.0,0,0,4,7,1490,0,1990,0,98042,47.3686,-122.09,1540,7366
9530,9530,7787100210,20141209T000000,450000.0,4.0,2.25,2120,8267,2.0,0,0,3,8,2120,0,1996,0,98045,47.4885,-121.779,2150,7746
9531,9531,1137450120,20140729T000000,487500.0,4.0,2.5,2810,6296,2.0,0,0,3,9,2810,0,2013,0,98059,47.5019,-122.151,2850,6140
9532,9532,1921059303,20150128T000000,275000.0,4.0,2.25,2400,17842,2.0,0,0,4,7,2400,0,1973,0,98002,47.2866,-122.217,1610,12100
9533,9533,6699000610,20140811T000000,305000.0,3.0,2.5,2460,5027,2.0,0,0,3,8,2460,0,2002,0,98042,47.372,-122.102,2740,5000
9534,9534,3621059048,20141010T000000,395000.0,3.0,1.75,2030,217800,1.0,0,2,4,8,2030,0,1977,0,98092,47.2618,-122.12,2570,216057
9535,9535,2620069077,20150422T000000,215000.0,3.0,1.0,880,7648,1.0,0,2,4,6,880,0,1940,0,98022,47.1963,-121.997,1020,7566
9536,9536,3083000910,20140708T000000,410000.0,3.0,2.0,1320,6000,1.5,0,0,4,7,1320,0,1920,0,98144,47.5752,-122.304,1620,4000
9537,9537,192600100,20140626T000000,440000.0,4.0,2.5,2160,7826,1.0,0,0,4,7,1390,770,1976,0,98155,47.7754,-122.276,2190,9900
9538,9538,5608010750,20140829T000000,1160000.0,4.0,3.5,4190,15724,2.0,0,2,3,11,4190,0,1994,0,98027,47.5518,-122.096,3300,10113
9539,9539,6140100150,20141125T000000,500000.0,4.0,2.0,2280,7200,1.0,0,0,4,7,2280,0,1956,0,98133,47.7132,-122.355,1100,7620
9540,9540,9550203690,20141120T000000,961000.0,5.0,2.75,2590,6120,2.0,0,0,3,8,2590,0,1909,0,98105,47.6667,-122.327,1390,3060
9541,9541,5423010180,20140724T000000,825000.0,4.0,2.25,2770,9340,2.0,0,0,4,9,2770,0,1979,0,98027,47.5628,-122.081,3010,9340
9542,9542,2919200665,20141103T000000,734000.0,3.0,1.75,2145,3840,1.5,0,0,5,8,2145,0,1910,0,98103,47.6875,-122.357,1140,3840
9543,9543,2122059199,20141002T000000,490000.0,4.0,4.25,4480,5715,2.0,0,0,3,7,3680,800,2003,0,98030,47.373000000000005,-122.179,2190,6070
9544,9544,3601200017,20140702T000000,175000.0,4.0,2.5,1780,6000,2.0,0,0,3,7,1780,0,1991,0,98198,47.3828,-122.302,1630,6000
9545,9545,2658000115,20140618T000000,190000.0,1.0,1.0,720,4800,1.0,0,0,3,6,720,0,1914,0,98118,47.5303,-122.27,1240,4860
9546,9546,7349400610,20140812T000000,305000.0,4.0,2.25,2050,12581,2.0,0,0,4,7,2050,0,1978,0,98002,47.3215,-122.204,1620,7400
9547,9547,868001790,20150316T000000,1300000.0,3.0,1.0,2040,7936,1.0,0,3,5,8,1680,360,1940,0,98177,47.7028,-122.385,2300,10080
9548,9548,1105000015,20140609T000000,417000.0,2.0,1.0,920,6600,1.0,0,0,3,6,920,0,1919,2003,98118,47.5452,-122.27,1510,5944
9549,9549,2919201385,20141113T000000,275000.0,2.0,1.0,680,4190,1.0,0,0,2,5,680,0,1906,0,98103,47.6901,-122.358,1070,4175
9550,9550,7202470100,20141210T000000,661000.0,3.0,2.5,1940,8196,2.0,0,0,3,8,1940,0,1991,0,98052,47.6786,-122.151,2070,8514
9551,9551,2832100910,20140708T000000,435000.0,4.0,2.75,2230,9640,1.0,0,0,3,8,1320,910,1998,0,98125,47.7269,-122.325,2100,9600
9552,9552,4100000040,20141023T000000,788000.0,5.0,2.25,2910,9454,1.0,0,1,3,8,1910,1000,1972,0,98005,47.5871,-122.173,2400,10690
9553,9553,9320100090,20140610T000000,1795000.0,5.0,3.25,5270,17232,2.0,0,1,3,10,4010,1260,1977,2003,98040,47.5536,-122.228,3550,13917
9554,9554,2589300180,20140630T000000,408000.0,5.0,3.25,2820,6589,1.5,0,0,3,7,2320,500,1906,2014,98118,47.5357,-122.273,1560,5647
9555,9555,357000025,20141020T000000,570000.0,2.0,1.0,1790,3760,1.5,0,0,4,8,1490,300,1912,0,98144,47.5926,-122.293,1458,3760
9556,9556,3179100180,20150507T000000,1540000.0,5.0,3.25,2920,6960,2.0,0,1,3,9,2120,800,1953,2008,98105,47.6712,-122.272,2470,6735
9557,9557,2487700065,20140505T000000,400000.0,2.0,1.0,840,5510,1.0,0,0,3,7,840,0,1955,0,98136,47.5247,-122.391,1630,5510
9558,9558,8732040820,20141017T000000,247000.0,3.0,1.75,1820,8740,1.0,0,0,4,8,1820,0,1987,0,98023,47.3074,-122.385,2210,8320
9559,9559,1160000300,20150304T000000,453000.0,3.0,1.75,1550,7200,1.0,0,0,3,7,1100,450,1949,0,98125,47.7071,-122.314,1560,7440
9560,9560,3904100035,20140508T000000,235000.0,2.0,1.0,1270,3008,1.0,0,0,4,6,650,620,1923,0,98118,47.5351,-122.279,1270,1514
9561,9561,5288200230,20150421T000000,675000.0,4.0,1.75,2460,5750,1.5,0,3,5,7,1620,840,1919,0,98126,47.5601,-122.378,1760,4830
9562,9562,3331500820,20140610T000000,516200.0,3.0,2.0,2110,5150,1.0,0,0,5,6,1080,1030,1919,0,98118,47.5521,-122.271,1170,5107
9563,9563,3023039231,20140714T000000,650000.0,1.0,1.0,920,91476,1.5,0,0,3,6,920,0,1996,2002,98070,47.448,-122.472,1746,91476
9564,9564,5595900355,20141216T000000,257100.0,3.0,1.5,1500,10227,1.0,0,0,4,7,1000,500,1945,0,98022,47.2043,-121.996,1490,7670
9565,9565,8682290360,20150330T000000,457000.0,2.0,2.0,1440,9985,1.0,0,0,3,8,1440,0,2006,0,98053,47.7217,-122.03,1510,4560
9566,9566,5200100115,20141117T000000,540000.0,3.0,1.75,1610,3478,1.5,0,0,4,7,1060,550,1929,0,98117,47.6774,-122.372,1610,3478
9567,9567,1310700210,20140603T000000,268000.0,3.0,1.75,1970,10270,1.0,0,0,4,8,1970,0,1966,0,98032,47.3619,-122.285,1970,8400
9568,9568,3298500690,20140708T000000,300000.0,3.0,1.0,1150,7314,1.0,0,0,3,7,1150,0,1960,0,98008,47.6246,-122.113,1350,7350
9569,9569,722059002,20140909T000000,380000.0,2.0,2.5,2110,114127,1.0,0,0,4,8,1590,520,1975,0,98031,47.4137,-122.212,1960,11250
9570,9570,1022069183,20140627T000000,725000.0,3.0,2.5,3580,54450,1.5,0,0,3,9,3580,0,1990,0,98038,47.4026,-122.033,3090,35943
9571,9571,4053200933,20140623T000000,249000.0,3.0,1.0,1000,19204,1.0,0,0,3,7,1000,0,1968,2010,98042,47.3167,-122.081,2450,25927
9572,9572,5589300205,20140805T000000,274000.0,5.0,1.0,1680,9383,1.0,0,0,3,7,1400,280,1929,0,98155,47.7523,-122.311,1680,9458
9573,9573,644000040,20150429T000000,1780000.0,4.0,3.25,3950,10912,2.0,0,0,3,10,3950,0,2003,0,98004,47.5877,-122.196,3000,10998
9574,9574,1787600165,20140623T000000,396500.0,3.0,1.75,2390,7149,1.0,0,0,3,8,1350,1040,1955,0,98125,47.7244,-122.326,1710,7402
9575,9575,405100165,20141119T000000,460000.0,2.0,1.5,1820,7800,1.0,0,0,4,7,1240,580,1956,0,98133,47.7513,-122.357,1400,7800
9576,9576,223049087,20140616T000000,277000.0,3.0,1.0,1100,8536,1.0,0,0,4,7,1100,0,1957,0,98118,47.5162,-122.261,1570,8040
9577,9577,2742100085,20141104T000000,449500.0,6.0,4.0,2280,5275,1.0,0,0,3,7,1270,1010,1998,0,98108,47.5556,-122.294,1760,6642
9578,9578,3204300625,20140903T000000,785950.0,4.0,3.0,2530,4560,1.5,0,0,3,7,1540,990,1925,2014,98112,47.6287,-122.3,1640,4560
9579,9579,6619910230,20140616T000000,545000.0,3.0,2.5,1940,9775,1.0,0,2,3,8,1440,500,1975,0,98034,47.7142,-122.222,2830,9775
9580,9580,3275310220,20141222T000000,244000.0,3.0,2.0,1360,9688,1.0,0,0,4,7,1360,0,1983,0,98003,47.2574,-122.31,1390,9685
9581,9581,5466310730,20140822T000000,165000.0,3.0,2.5,1660,2415,2.0,0,0,3,7,1660,0,1983,0,98042,47.3763,-122.148,1740,2624
9582,9582,2767704055,20140609T000000,435000.0,2.0,1.0,800,5000,1.0,0,0,3,7,800,0,1906,0,98107,47.6751,-122.372,1410,5000
9583,9583,7504100110,20140530T000000,642000.0,3.0,2.5,2670,10082,1.0,0,0,3,10,2670,0,1987,0,98074,47.6359,-122.045,2740,10854
9584,9584,9320990110,20150409T000000,340000.0,3.0,2.5,1720,4120,2.0,0,0,3,7,1720,0,1999,0,98148,47.4319,-122.328,1720,5544
9585,9585,1400700150,20140722T000000,730000.0,4.0,2.5,3550,35689,2.0,0,0,4,9,3550,0,1991,0,98077,47.7503,-122.074,3350,35711
9586,9586,1186000150,20150123T000000,563250.0,3.0,1.75,1370,2800,1.0,0,0,5,7,800,570,1982,0,98122,47.6157,-122.291,2270,3773
9587,9587,1024069009,20140502T000000,675000.0,5.0,2.5,2820,67518,2.0,0,0,3,8,2820,0,1979,0,98029,47.5794,-122.025,2820,48351
9588,9588,464001115,20140512T000000,620000.0,3.0,1.5,1620,6630,1.0,0,0,3,8,1280,340,1954,0,98117,47.6948,-122.394,1880,5100
9589,9589,886000015,20141210T000000,275000.0,2.0,2.0,1290,9041,1.0,0,0,3,7,950,340,1956,0,98108,47.5346,-122.291,1290,5000
9590,9590,3578600062,20140512T000000,270000.0,3.0,1.0,1830,8209,1.0,0,0,3,7,1830,0,1942,0,98028,47.7439,-122.228,2150,12000
9591,9591,1402950450,20150415T000000,325000.0,4.0,2.5,2040,5472,2.0,0,0,3,8,2040,0,2003,0,98092,47.3337,-122.189,2420,5782
9592,9592,3629970620,20141003T000000,476100.0,4.0,2.5,1850,1836,2.0,0,0,3,7,1600,250,2005,0,98029,47.5529,-121.996,1770,2236
9593,9593,3537900180,20141020T000000,700000.0,2.0,1.0,1300,12000,1.0,0,0,4,8,1300,0,1959,0,98004,47.6366,-122.229,2420,15000
9594,9594,8651442510,20140926T000000,220000.0,4.0,2.0,1620,5200,1.5,0,0,4,7,1620,0,1978,0,98042,47.3629,-122.091,1500,5200
9595,9595,114700150,20141114T000000,236000.0,3.0,1.75,1560,10919,1.0,0,0,3,7,1560,0,1975,0,98023,47.2917,-122.366,1730,10919
9596,9596,472000620,20140502T000000,790000.0,3.0,2.5,2600,4750,1.0,0,0,4,9,1700,900,1951,0,98117,47.6833,-122.4,2380,4750
9597,9597,5491200210,20140820T000000,350000.0,3.0,1.0,2010,6000,1.0,0,0,3,7,1210,800,1967,0,98108,47.5515,-122.298,2460,6000
9598,9598,7973202712,20150324T000000,130000.0,2.0,1.0,780,5300,1.0,0,0,3,6,780,0,1941,0,98146,47.513000000000005,-122.354,780,5300
9599,9599,7970800100,20140527T000000,283200.0,4.0,2.5,1982,6406,2.0,0,0,3,8,1982,0,2004,0,98030,47.3636,-122.192,2340,6501
9600,9600,8122600165,20141015T000000,273000.0,3.0,1.0,1500,6250,1.0,0,0,3,6,890,610,1945,0,98126,47.5365,-122.368,1210,6250
9601,9601,686530110,20141215T000000,599000.0,5.0,2.25,2460,8710,1.0,0,0,4,8,1330,1130,1976,0,98052,47.6651,-122.15,2460,8870
9602,9602,5151600530,20150423T000000,460000.0,4.0,2.5,2680,11998,1.0,0,3,3,8,1510,1170,1960,0,98003,47.337,-122.321,2680,12746
9603,9603,1926069192,20140509T000000,1157200.0,4.0,4.25,5860,52889,2.0,0,0,4,10,4910,950,1996,0,98072,47.7245,-122.095,3320,39066
9604,9604,5649000150,20140610T000000,385000.0,4.0,1.75,1720,8750,1.0,0,0,3,7,860,860,1971,0,98034,47.726000000000006,-122.21,1790,8750
9605,9605,7812800775,20140910T000000,264250.0,3.0,1.0,1420,7420,1.5,0,0,3,6,1420,0,1944,0,98178,47.4949,-122.239,1290,6600
9606,9606,2770604410,20141029T000000,608000.0,3.0,2.5,1760,1472,3.0,0,0,3,8,1640,120,2006,0,98119,47.6473,-122.374,1760,5400
9607,9607,9485951510,20140915T000000,450000.0,3.0,2.5,2790,48994,2.0,0,0,4,9,2790,0,1984,0,98042,47.3487,-122.088,2550,37834
9608,9608,1337800805,20140703T000000,1755000.0,3.0,2.0,2360,4800,2.0,0,0,3,9,2360,0,1909,2014,98112,47.6317,-122.312,2260,4800
9609,9609,4059400265,20141114T000000,339950.0,5.0,2.0,1890,6050,2.0,0,0,4,7,1890,0,1944,0,98178,47.5018,-122.242,1170,6050
9610,9610,993000100,20150410T000000,760000.0,6.0,3.75,3810,6150,2.0,0,0,4,8,3810,0,1977,0,98103,47.694,-122.34,1830,5125
9611,9611,2917200085,20150408T000000,350000.0,2.0,1.0,1160,5395,1.0,0,0,3,7,860,300,1940,0,98103,47.7007,-122.354,1664,5363
9612,9612,3914000090,20150421T000000,541500.0,3.0,1.75,2320,55847,1.0,0,2,4,8,2320,0,1960,0,98001,47.3121,-122.253,2400,26112
9613,9613,4157600150,20150327T000000,730000.0,6.0,2.75,3280,16449,1.0,0,0,4,7,1910,1370,1963,0,98007,47.5914,-122.134,2550,9532
9614,9614,3624039111,20150429T000000,215000.0,3.0,1.0,980,5600,1.0,0,0,2,6,980,0,1949,0,98106,47.5308,-122.361,1840,5302
9615,9615,8099900490,20140515T000000,420000.0,3.0,2.0,1640,9972,1.0,0,0,4,7,1640,0,1977,0,98075,47.5812,-122.002,1680,10165
9616,9616,1687910100,20140530T000000,655000.0,4.0,2.25,2060,8470,1.0,0,0,3,8,1440,620,1983,0,98006,47.5605,-122.124,2180,8978
9617,9617,5419800330,20150115T000000,240000.0,3.0,2.5,1500,10652,2.0,0,0,4,7,1500,0,1981,0,98031,47.4015,-122.176,1610,7417
9618,9618,5035300085,20140602T000000,730000.0,4.0,2.0,2360,6000,1.0,0,0,5,7,1260,1100,1939,0,98199,47.6534,-122.41,1720,6000
9619,9619,325059131,20141013T000000,390000.0,4.0,1.5,1940,12100,1.0,0,0,3,7,1940,0,1962,0,98033,47.6892,-122.164,1380,12100
9620,9620,2201500450,20141028T000000,473000.0,3.0,1.0,1280,10000,1.0,0,0,4,7,1280,0,1954,0,98006,47.5716,-122.139,1240,10000
9621,9621,3342101270,20150324T000000,698000.0,4.0,3.5,3630,5670,2.0,0,0,3,10,3630,0,1970,2008,98056,47.5189,-122.206,1620,5400
9622,9622,3574750150,20140514T000000,511000.0,3.0,2.5,1820,4883,2.0,0,0,3,9,1820,0,2005,0,98028,47.7355,-122.224,2720,5002
9623,9623,9828702055,20140508T000000,358000.0,2.0,1.5,960,1808,2.0,0,0,3,7,960,0,1993,0,98122,47.6183,-122.298,1290,1668
9624,9624,2207100650,20150410T000000,499990.0,3.0,1.75,1630,8400,1.0,0,0,4,7,1060,570,1955,0,98007,47.5983,-122.149,1630,7245
9625,9625,240000031,20150313T000000,322000.0,4.0,2.25,1940,10200,1.0,0,0,3,7,1360,580,1960,0,98188,47.4253,-122.283,1940,10200
9626,9626,2953000300,20141008T000000,201000.0,3.0,1.0,980,9682,1.0,0,0,3,7,980,0,1969,0,98031,47.4136,-122.207,1580,9682
9627,9627,6119700150,20141112T000000,765000.0,4.0,2.5,3140,16200,1.0,0,1,3,9,2570,570,1988,0,98166,47.4363,-122.342,2530,13200
9628,9628,9274200365,20140606T000000,920000.0,4.0,2.75,2880,5750,1.5,0,0,5,9,1710,1170,1928,0,98116,47.5874,-122.387,1640,5750
9629,9629,6187700501,20150415T000000,360000.0,4.0,2.0,1650,7552,1.0,0,0,4,7,860,790,1977,0,98155,47.7765,-122.324,1410,7199
9630,9630,4137020910,20150507T000000,297300.0,3.0,1.75,1980,9220,2.0,0,0,3,8,1980,0,1987,0,98092,47.2602,-122.219,2080,8305
9631,9631,1233100720,20140925T000000,399000.0,3.0,1.0,860,9403,1.0,0,0,4,6,860,0,1942,1990,98033,47.6815,-122.173,2136,13009
9632,9632,3034200530,20140620T000000,400000.0,3.0,1.0,1430,10005,1.5,0,0,4,7,1430,0,1950,0,98133,47.7181,-122.338,1720,8822
9633,9633,1463400081,20140827T000000,230000.0,3.0,1.75,1260,10164,1.0,0,0,4,6,1260,0,1964,0,98059,47.4752,-122.133,1190,10640
9634,9634,1773101050,20150220T000000,290000.0,3.0,1.0,960,4560,1.0,0,0,4,7,960,0,1968,0,98106,47.5539,-122.365,970,4800
9635,9635,1895450090,20150430T000000,323800.0,3.0,2.5,2060,7658,2.0,0,0,3,8,2060,0,2003,0,98023,47.2923,-122.36,2250,7299
9636,9636,5101406384,20141020T000000,574500.0,4.0,1.5,1430,6380,1.5,0,0,4,9,1430,0,1930,0,98125,47.7014,-122.313,1220,5112
9637,9637,6821102346,20140522T000000,505000.0,3.0,2.25,1670,1596,2.0,0,0,3,8,1220,450,2002,0,98199,47.6474,-122.396,1670,1596
9638,9638,1926049210,20150422T000000,372500.0,2.0,1.0,880,10950,1.0,0,0,4,7,880,0,1944,0,98133,47.7332,-122.352,1450,7560
9639,9639,1842200040,20140701T000000,425000.0,3.0,1.5,1300,19163,1.0,0,0,3,7,1300,0,1964,0,98052,47.6686,-122.153,1590,9744
9640,9640,2623089002,20150416T000000,446250.0,3.0,2.5,2380,214315,1.5,0,0,3,9,2380,0,2000,0,98045,47.4525,-121.748,2400,68824
9641,9641,4391600065,20140814T000000,330000.0,2.0,0.75,520,6862,1.0,0,0,4,4,520,0,1924,1980,98010,47.326,-122.037,1170,8756
9642,9642,3760500602,20150427T000000,608095.0,3.0,2.5,2680,17707,2.0,0,1,3,9,2680,0,1983,0,98034,47.7031,-122.224,2840,21743
9643,9643,6071000265,20150125T000000,550000.0,3.0,2.5,2140,10136,1.0,0,0,3,8,1320,820,1958,0,98006,47.5602,-122.184,1980,11200
9644,9644,3222059206,20140828T000000,265000.0,4.0,2.5,1820,16103,2.0,0,0,3,7,1820,0,2004,0,98030,47.3553,-122.196,2120,21277
9645,9645,3034200933,20140619T000000,399888.0,4.0,2.25,1820,8255,1.5,0,0,4,7,1320,500,1930,0,98133,47.723,-122.337,1550,7628
9646,9646,2028701165,20140627T000000,430000.0,2.0,1.0,1050,2570,1.0,0,0,5,7,850,200,1927,0,98117,47.6764,-122.366,1080,2800
9647,9647,5634500234,20150513T000000,554990.0,3.0,2.5,2100,6092,2.0,0,0,3,8,2100,0,2013,0,98028,47.7508,-122.239,2250,8592
9648,9648,2310100180,20141107T000000,359950.0,3.0,2.5,2210,6280,2.0,0,0,3,8,2210,0,2003,0,98038,47.35,-122.043,2250,5972
9649,9649,2767600921,20140623T000000,405000.0,2.0,1.0,860,2599,1.0,0,0,4,6,860,0,1901,0,98107,47.675,-122.379,1300,3900
9650,9650,8835200790,20150406T000000,280000.0,2.0,1.0,870,4025,1.0,0,0,3,7,870,0,1981,0,98034,47.7243,-122.161,1370,3488
9651,9651,2473000410,20150408T000000,479950.0,4.0,2.25,2570,11070,2.0,0,0,4,8,2570,0,1966,0,98058,47.4507,-122.152,2210,9600
9652,9652,3286800110,20140904T000000,575000.0,5.0,1.75,2980,53578,1.0,0,0,4,9,2230,750,1976,0,98027,47.4908,-122.059,2860,75546
9653,9653,1402600110,20150226T000000,392000.0,4.0,2.25,2360,7733,2.0,0,0,3,8,2360,0,1983,0,98058,47.4403,-122.137,2160,7733
9654,9654,1126059170,20150225T000000,760500.0,4.0,2.25,2310,36136,2.0,0,0,4,9,2310,0,1977,0,98072,47.7506,-122.122,3930,36136
9655,9655,8035350090,20140616T000000,435000.0,3.0,2.5,2300,9521,2.0,0,0,3,8,2300,0,2003,0,98019,47.7447,-121.976,3020,10042
9656,9656,4389200753,20140819T000000,1565000.0,4.0,2.75,2810,8570,2.0,0,0,3,10,2810,0,1993,0,98004,47.6159,-122.211,2810,9621
9657,9657,6818400110,20141203T000000,261000.0,4.0,1.5,2040,10488,1.0,0,0,3,7,1190,850,1961,0,98188,47.4557,-122.269,1960,10488
9658,9658,4217401035,20150507T000000,1482500.0,3.0,2.25,3290,5000,2.0,0,0,3,9,2730,560,1939,0,98105,47.6582,-122.28,2340,4000
9659,9659,1683400165,20150430T000000,853800.0,7.0,4.0,2960,2665,2.0,0,0,3,9,1950,1010,1927,2013,98144,47.5835,-122.313,1970,4410
9660,9660,1939120450,20140522T000000,657500.0,3.0,2.5,2670,10496,2.0,0,0,3,9,2670,0,1989,0,98074,47.6272,-122.026,2490,8636
9661,9661,4137010530,20140504T000000,331950.0,4.0,2.5,2530,9933,2.0,0,2,3,8,2010,520,1990,0,98092,47.2654,-122.216,2140,9933
9662,9662,2624039133,20140611T000000,514000.0,3.0,1.75,1720,5899,1.0,0,1,3,8,1220,500,1986,0,98136,47.5399,-122.385,1900,6244
9663,9663,2794700120,20140912T000000,496000.0,3.0,3.5,3090,27598,2.0,0,2,4,9,2020,1070,1995,0,98070,47.3541,-122.453,2180,17085
9664,9664,2944010210,20150218T000000,1093000.0,4.0,2.5,3930,21894,2.0,0,0,3,11,3930,0,1987,0,98052,47.7209,-122.128,3930,20000
9665,9665,8651443360,20141106T000000,195700.0,3.0,1.0,1120,5200,1.0,0,0,5,7,1120,0,1976,0,98042,47.3638,-122.088,1690,5200
9666,9666,1338300180,20140729T000000,1395710.0,4.0,2.25,3960,8640,2.0,0,2,3,9,2630,1330,1925,0,98112,47.6317,-122.304,3850,8640
9667,9667,624110540,20141205T000000,1175000.0,4.0,3.25,4060,20822,2.0,0,0,3,10,4060,0,1991,0,98077,47.7213,-122.055,4170,23958
9668,9668,4039700090,20140923T000000,643403.0,3.0,2.5,2350,9648,1.0,0,0,4,9,2350,0,1966,0,98008,47.6156,-122.108,2320,10512
9669,9669,6752601110,20140512T000000,357000.0,4.0,2.5,2380,7066,2.0,0,0,4,7,2380,0,1997,0,98031,47.3982,-122.172,2310,8127
9670,9670,8861000210,20150408T000000,865000.0,3.0,1.75,1480,8163,1.0,0,0,3,7,1040,440,1953,0,98004,47.638000000000005,-122.206,2170,11124
9671,9671,1088700100,20141118T000000,905000.0,3.0,2.5,2930,9280,2.0,0,0,4,10,2930,0,1988,0,98007,47.6335,-122.151,2730,10090
9672,9672,7893207925,20141022T000000,265000.0,3.0,1.5,1290,7100,1.0,0,0,3,6,1290,0,1954,0,98198,47.4227,-122.332,1300,7183
9673,9673,3449820100,20141224T000000,535000.0,2.0,2.5,2730,7246,2.0,0,0,3,9,2730,0,1998,0,98056,47.512,-122.175,3220,7214
9674,9674,1588600110,20140811T000000,450000.0,3.0,1.0,1290,5440,1.0,0,0,4,6,790,500,1929,0,98117,47.6951,-122.367,1220,5464
9675,9675,8079040300,20150218T000000,460500.0,4.0,2.5,2170,7533,2.0,0,0,3,8,2170,0,1991,0,98059,47.5057,-122.149,2170,8728
9676,9676,7390400026,20141124T000000,315000.0,4.0,1.75,1850,8580,1.0,0,0,3,7,1140,710,1960,0,98178,47.4877,-122.24,2210,9240
9677,9677,2425059144,20150213T000000,607500.0,4.0,2.5,2110,13939,1.0,0,0,3,8,1270,840,1978,0,98008,47.6431,-122.113,2140,8882
9678,9678,7821200375,20150126T000000,432000.0,2.0,1.0,960,3235,1.0,0,0,4,7,960,0,1916,0,98103,47.661,-122.344,1290,2069
9679,9679,1370800700,20150209T000000,1695000.0,3.0,4.0,3910,5350,2.0,0,2,5,10,2610,1300,1933,0,98199,47.6393,-122.408,2890,5350
9680,9680,8857640710,20140820T000000,479000.0,4.0,2.5,2590,6139,2.0,0,0,3,8,2590,0,2001,0,98038,47.3883,-122.035,2410,6139
9681,9681,9558020240,20150320T000000,475000.0,5.0,2.75,3080,6600,2.0,0,0,3,9,3080,0,2002,0,98058,47.4501,-122.122,3080,6600
9682,9682,3834000400,20141119T000000,415000.0,3.0,1.0,1630,8146,1.0,0,0,3,7,1630,0,1952,0,98125,47.7293,-122.29,1480,8146
9683,9683,461002050,20140826T000000,450000.0,2.0,1.0,910,5000,1.0,0,0,4,6,910,0,1914,0,98117,47.683,-122.374,1480,5000
9684,9684,724069065,20140703T000000,1140000.0,3.0,2.5,2780,33503,1.5,0,1,4,8,2110,670,1969,0,98075,47.5844,-122.081,3150,15542
9685,9685,4307351180,20140915T000000,430000.0,5.0,3.0,3880,8432,2.0,0,0,3,7,3880,0,2004,0,98056,47.4806,-122.176,2620,5623
9686,9686,984100340,20140903T000000,296000.0,3.0,1.75,1360,10742,1.0,0,0,5,7,960,400,1971,0,98058,47.4351,-122.173,1830,9000
9687,9687,8159620260,20140711T000000,303000.0,4.0,2.25,2560,8927,1.0,0,0,3,7,1790,770,1976,0,98001,47.34,-122.271,1920,9669
9688,9688,7559600200,20141021T000000,641000.0,4.0,2.5,2600,6015,2.0,0,0,3,8,2600,0,2004,0,98075,47.5971,-122.031,2910,5305
9689,9689,1995200320,20150210T000000,280000.0,3.0,2.25,1220,5739,1.0,0,0,3,7,790,430,1984,0,98115,47.6952,-122.326,1870,5739
9690,9690,4223000140,20140805T000000,260750.0,3.0,2.0,1560,9635,1.0,0,0,3,7,1260,300,1966,0,98003,47.341,-122.309,1570,8276
9691,9691,7215730200,20141119T000000,601000.0,4.0,2.5,2080,5191,2.0,0,0,3,8,2080,0,2001,0,98075,47.5978,-122.017,2170,5518
9692,9692,1900600105,20140828T000000,255000.0,3.0,1.5,1490,6604,1.0,0,0,4,6,1490,0,1918,0,98166,47.4683,-122.351,1330,6604
9693,9693,8644300200,20140605T000000,555000.0,4.0,2.75,2020,10720,1.0,0,0,4,8,1420,600,1976,0,98052,47.6373,-122.104,2190,10164
9694,9694,3262301610,20141118T000000,865000.0,3.0,1.5,1530,10827,1.0,0,0,4,8,1530,0,1955,0,98039,47.6354,-122.234,2050,10827
9695,9695,524059250,20140922T000000,1388000.0,4.0,2.5,3450,17400,1.5,0,0,4,9,2180,1270,1964,0,98004,47.5969,-122.206,3770,19530
9696,9696,8594400350,20140520T000000,315000.0,3.0,2.25,1400,31626,1.0,0,0,2,7,1140,260,1987,0,98092,47.3029,-122.069,1680,35093
9697,9697,4031000260,20140606T000000,200000.0,2.0,1.0,1730,9610,1.0,0,0,3,7,1380,350,1962,0,98001,47.2956,-122.285,1310,9812
9698,9698,1454100260,20141117T000000,357000.0,3.0,1.0,1370,6450,1.0,0,0,3,7,1370,0,1948,0,98125,47.7195,-122.288,1550,6898
9699,9699,1934800138,20141204T000000,390000.0,2.0,1.5,1050,934,2.0,0,0,3,8,960,90,2007,0,98122,47.6029,-122.309,1470,1885
9700,9700,9508500075,20140729T000000,462000.0,5.0,1.75,2840,10220,1.0,0,0,4,7,2210,630,1954,0,98177,47.764,-122.36,2000,9750
9701,9701,2946003415,20140516T000000,174500.0,2.0,1.0,1010,5200,1.0,0,0,3,7,1010,0,1955,0,98198,47.4166,-122.323,1580,7500
9702,9702,1926049326,20150210T000000,305000.0,2.0,1.0,1210,7140,1.5,0,0,3,6,1210,0,1921,0,98133,47.7225,-122.349,1150,7376
9703,9703,7655900187,20150205T000000,449000.0,5.0,1.75,1720,14040,1.0,0,0,4,8,1150,570,1956,0,98133,47.7365,-122.339,1750,7800
9704,9704,7452500565,20140829T000000,260000.0,3.0,2.0,2710,5000,2.0,0,0,3,6,2710,0,1951,0,98126,47.5188,-122.373,850,5000
9705,9705,2871000400,20140512T000000,751000.0,4.0,2.5,3110,6142,2.0,0,0,3,9,3110,0,2004,0,98052,47.701,-122.111,3200,6826
9706,9706,6150200060,20150401T000000,370037.0,2.0,1.0,1250,9270,1.0,0,0,4,7,1250,0,1948,0,98133,47.7284,-122.339,1130,6800
9707,9707,3668000830,20140825T000000,229950.0,3.0,1.75,1900,8910,2.0,0,0,4,7,1900,0,1988,0,98092,47.2769,-122.145,1610,8586
9708,9708,2473460060,20150422T000000,349000.0,3.0,1.75,1740,7682,1.0,0,0,3,8,1330,410,1978,0,98058,47.4451,-122.126,2010,8820
9709,9709,9558021000,20150120T000000,348000.0,4.0,2.5,2070,3808,2.0,0,0,3,8,2070,0,2003,0,98058,47.4498,-122.12,1900,2992
9710,9710,1250201610,20150417T000000,1220000.0,3.0,3.25,3030,5600,2.0,0,2,3,9,2220,810,1905,2005,98144,47.5978,-122.292,2040,6600
9711,9711,1321720160,20150102T000000,510000.0,4.0,3.0,3610,18948,2.0,0,0,3,10,3610,0,1993,0,98023,47.2911,-122.342,3568,18948
9712,9712,5029450200,20150323T000000,265000.0,3.0,1.5,1520,6805,1.0,0,0,4,7,1040,480,1981,0,98023,47.2907,-122.367,1440,7041
9713,9713,723000226,20141028T000000,1250000.0,3.0,2.75,2780,4815,3.0,0,2,3,10,2780,0,1974,0,98105,47.6569,-122.286,2820,5000
9714,9714,225079036,20150107T000000,937500.0,4.0,4.0,5545,871200,2.0,0,0,3,11,3605,1940,2003,0,98014,47.676,-121.882,3420,871200
9715,9715,5255700160,20140805T000000,485000.0,3.0,1.75,2590,8384,1.0,0,0,4,8,1590,1000,1971,0,98011,47.7739,-122.199,2590,8800
9716,9716,5683500030,20150320T000000,489000.0,4.0,1.0,1150,5217,1.5,0,0,3,7,1150,0,1951,0,98115,47.6806,-122.287,1220,5217
9717,9717,312000295,20150122T000000,400000.0,2.0,1.0,920,5120,1.0,0,0,5,7,920,0,1952,0,98136,47.5569,-122.394,1190,5120
9718,9718,9510970520,20140616T000000,638000.0,3.0,2.5,2110,3600,2.0,0,0,3,9,2110,0,2005,0,98052,47.665,-122.082,2540,4384
9719,9719,193600200,20140619T000000,440000.0,3.0,1.75,1170,8740,1.0,0,0,4,7,1170,0,1968,0,98052,47.6849,-122.117,1870,8448
9720,9720,2568300045,20140625T000000,305000.0,6.0,2.0,1900,8240,1.0,0,0,2,7,1200,700,1964,0,98125,47.7037,-122.296,1900,8240
9721,9721,2568300045,20150319T000000,649950.0,6.0,2.0,1900,8240,1.0,0,0,2,7,1200,700,1964,0,98125,47.7037,-122.296,1900,8240
9722,9722,8691410310,20150213T000000,680000.0,4.0,2.5,3290,6012,2.0,0,0,3,9,3290,0,2005,0,98075,47.5961,-121.98,3210,6005
9723,9723,1656600310,20140714T000000,629000.0,4.0,2.5,2660,22050,2.0,0,0,3,9,2660,0,1996,0,98059,47.4911,-122.125,3060,21111
9724,9724,3904940160,20140904T000000,555000.0,3.0,2.5,2160,7584,2.0,0,0,3,8,2160,0,1988,0,98029,47.5751,-122.014,2160,7372
9725,9725,1774200060,20140617T000000,669000.0,4.0,2.75,2700,35362,2.0,0,0,5,8,2700,0,1976,0,98077,47.7628,-122.094,2810,35915
9726,9726,4137070030,20140808T000000,272000.0,3.0,2.5,1980,6608,2.0,0,0,3,8,1980,0,1994,0,98092,47.2642,-122.213,2150,7495
9727,9727,2144800117,20140626T000000,270000.0,4.0,2.25,2600,9900,1.0,0,0,3,7,1600,1000,1965,0,98178,47.4881,-122.237,1770,11250
9728,9728,3392100140,20150106T000000,215000.0,3.0,1.0,1280,9775,1.0,0,0,3,6,1280,0,1964,0,98003,47.3262,-122.334,1230,8750
9729,9729,2581900060,20150402T000000,690000.0,3.0,1.5,1710,17707,1.0,0,0,4,7,1180,530,1947,0,98040,47.5393,-122.216,2590,9508
9730,9730,4058801230,20150305T000000,256000.0,4.0,1.75,1270,6825,1.0,0,2,3,7,1270,0,1950,0,98178,47.5051,-122.242,1800,6930
9731,9731,2787320140,20150324T000000,255000.0,3.0,2.25,1890,7314,1.0,0,0,3,7,1100,790,1981,0,98031,47.4121,-122.172,1520,7676
9732,9732,263000324,20140513T000000,550000.0,7.0,4.0,3440,8100,2.0,0,0,3,7,3440,0,1970,0,98103,47.6981,-122.349,1420,1560
9733,9733,254000695,20150508T000000,410000.0,3.0,1.0,1190,5280,1.0,0,0,4,7,1190,0,1957,0,98146,47.5131,-122.383,1280,5280
9734,9734,3013300830,20141106T000000,410000.0,2.0,1.0,1030,4366,1.0,0,0,3,7,1030,0,1912,0,98136,47.5311,-122.384,1890,4499
9735,9735,2475201070,20140716T000000,259000.0,3.0,1.75,1240,4000,1.0,0,0,3,7,1240,0,1986,0,98055,47.4728,-122.191,1570,4586
9736,9736,798000421,20150327T000000,292000.0,3.0,1.0,1730,21183,1.0,0,0,3,7,1030,700,1955,0,98168,47.5024,-122.332,1610,13000
9737,9737,4104500181,20140812T000000,1648000.0,4.0,3.5,4610,12500,2.0,0,2,3,11,4610,0,2003,0,98033,47.6508,-122.203,2340,11538
9738,9738,8701600030,20141113T000000,518000.0,5.0,1.0,1590,5000,1.5,0,0,3,7,1190,400,1929,0,98116,47.5752,-122.381,1590,5000
9739,9739,8944360390,20150305T000000,485000.0,3.0,2.5,1760,3097,2.0,0,0,3,8,1760,0,1992,0,98029,47.5764,-121.996,1760,3285
9740,9740,7968460270,20150303T000000,259500.0,3.0,2.0,1330,35060,1.0,0,0,3,7,1330,0,1989,0,98092,47.3128,-122.13,1660,35100
9741,9741,9406570350,20150423T000000,354000.0,4.0,2.5,2340,5420,2.0,0,0,3,8,2340,0,2003,0,98038,47.3773,-122.029,2420,6252
9742,9742,686900030,20150323T000000,999950.0,3.0,2.25,3740,22464,2.0,0,0,5,8,2330,1410,1966,0,98004,47.6354,-122.196,2680,19564
9743,9743,6071300030,20140624T000000,464500.0,3.0,1.75,1150,10466,1.0,0,0,5,7,1150,0,1959,0,98006,47.5531,-122.177,1350,10384
9744,9744,5416500520,20140825T000000,300000.0,3.0,2.5,1750,4200,2.0,0,0,3,7,1750,0,2005,0,98038,47.3605,-122.04,1890,4048
9745,9745,1102000270,20140701T000000,1080000.0,3.0,2.75,3890,7216,2.0,0,1,3,8,3260,630,1967,2010,98118,47.5445,-122.266,2490,9920
9746,9746,5422430320,20140721T000000,309950.0,4.0,2.5,1770,6666,2.0,0,0,3,7,1770,0,1989,0,98023,47.2877,-122.349,1780,6666
9747,9747,3157600340,20140917T000000,315000.0,3.0,1.0,1160,3700,1.5,0,0,3,7,1160,0,1909,0,98106,47.5651,-122.359,1340,3750
9748,9748,2061100435,20140724T000000,499950.0,3.0,1.0,1440,5580,1.5,0,0,3,7,1440,0,1908,0,98115,47.6898,-122.326,2010,5580
9749,9749,7011201550,20140707T000000,780000.0,4.0,2.0,2600,4800,1.0,0,2,3,8,1400,1200,1953,0,98119,47.637,-122.371,2050,3505
9750,9750,2581300055,20141121T000000,885000.0,3.0,3.25,2640,16090,1.0,0,2,4,8,1960,680,1976,0,98040,47.5374,-122.213,3690,15000
9751,9751,1344300045,20140507T000000,500000.0,2.0,1.0,1010,3885,1.5,0,0,4,7,1010,0,1906,1990,98112,47.6224,-122.304,1770,4200
9752,9752,7575620640,20141219T000000,329000.0,3.0,2.0,1840,6755,1.0,0,2,3,8,1840,0,1989,0,98003,47.3512,-122.305,1790,6459
9753,9753,8645500270,20141028T000000,246000.0,4.0,1.75,1720,7455,1.0,0,0,4,7,1020,700,1963,0,98058,47.4669,-122.182,1720,7700
9754,9754,1246700136,20141223T000000,405000.0,3.0,1.5,1280,9600,1.0,0,0,4,7,1280,0,1960,0,98033,47.6922,-122.163,1510,10005
9755,9755,3211100240,20140529T000000,349000.0,4.0,1.75,1700,7800,1.0,0,0,5,7,1120,580,1981,0,98059,47.4801,-122.158,1560,7800
9756,9756,8078100140,20150323T000000,374950.0,4.0,2.5,1980,12062,2.0,0,0,3,8,1980,0,1992,0,98031,47.4038,-122.167,2300,7902
9757,9757,6675500105,20140729T000000,306000.0,3.0,2.0,1160,7217,1.0,0,0,3,7,1160,0,1969,0,98034,47.7279,-122.227,1870,9104
9758,9758,4040700310,20140805T000000,416000.0,4.0,1.75,1980,7840,1.0,0,0,4,7,990,990,1961,0,98008,47.6226,-122.115,1520,8400
9759,9759,6388910160,20140623T000000,560000.0,3.0,2.5,1960,12476,2.0,0,0,4,8,1960,0,1989,0,98056,47.5315,-122.172,2450,12177
9760,9760,4023500990,20140617T000000,260000.0,3.0,1.5,1270,20700,1.0,0,0,2,7,1150,120,1948,0,98155,47.7576,-122.296,1990,15000
9761,9761,2921049121,20140516T000000,306500.0,3.0,2.25,2060,38377,1.0,0,0,4,8,1560,500,1978,0,98003,47.2752,-122.319,2080,60513
9762,9762,7229210060,20141211T000000,299950.0,3.0,1.75,1980,11274,1.0,0,0,4,7,1480,500,1968,0,98058,47.4474,-122.167,1520,8010
9763,9763,4137040060,20150406T000000,265500.0,3.0,2.5,1450,8977,1.0,0,0,3,8,1450,0,1990,0,98092,47.2576,-122.214,2410,8850
9764,9764,7982600030,20140812T000000,219000.0,3.0,1.5,1200,12000,1.0,0,0,3,7,1200,0,1986,0,98001,47.268,-122.245,1200,9405
9765,9765,1775930140,20150505T000000,365000.0,3.0,1.75,1830,17349,1.0,0,0,3,8,1230,600,1977,0,98072,47.7427,-122.109,1840,11694
9766,9766,3222079083,20140514T000000,499000.0,3.0,2.0,2090,42689,1.5,0,0,3,7,2090,0,1959,1998,98010,47.3497,-121.944,1890,18276
9767,9767,3585210200,20140602T000000,366000.0,3.0,1.75,1510,8301,1.0,0,0,3,7,1510,0,1967,0,98034,47.7243,-122.222,1460,7910
9768,9768,2705600069,20150501T000000,514950.0,3.0,2.25,1310,1264,3.0,0,0,3,8,1310,0,2014,0,98117,47.6987,-122.366,1330,2183
9769,9769,8691360200,20140604T000000,875000.0,4.0,2.75,3790,10669,2.0,0,0,3,10,3790,0,1999,0,98075,47.5976,-121.983,3750,11634
9770,9770,9541600350,20150120T000000,831000.0,3.0,2.25,2240,8800,1.0,0,0,5,8,2240,0,1957,0,98005,47.5937,-122.172,2240,8800
9771,9771,8562740400,20140515T000000,689900.0,4.0,3.25,2740,7266,2.0,0,0,3,9,2060,680,2003,0,98027,47.5346,-122.066,3030,6546
9772,9772,705700960,20140724T000000,315000.0,3.0,2.5,1660,10763,2.0,0,0,3,7,1660,0,1994,0,98038,47.3812,-122.029,2010,7983
9773,9773,3374500520,20150429T000000,355000.0,3.37287037037037,2.1157362403369904,2460,8049,2.0,0,0,3,8,2460,0,1990,0,98031,47.4095,-122.168,2520,8050
9774,9774,2645500013,20140624T000000,336500.0,3.0,1.0,1480,7284,1.0,0,0,3,7,970,510,1963,0,98133,47.7757,-122.353,2020,7920
9775,9775,5318100200,20140527T000000,1100000.0,3.0,2.75,2640,4050,1.5,0,0,5,8,1750,890,1926,0,98112,47.6332,-122.281,1920,3600
9776,9776,2224700045,20140804T000000,375000.0,6.0,2.0,1900,8057,1.0,0,0,4,7,1170,730,1959,0,98133,47.762,-122.335,2090,8626
9777,9777,4047200135,20140811T000000,289275.0,3.0,2.0,2860,24046,1.0,0,0,3,9,1700,1160,1985,0,98019,47.7718,-121.904,1460,13648
9778,9778,2009000830,20140708T000000,455000.0,4.0,3.5,3440,6000,2.0,0,0,4,8,3440,0,2002,0,98198,47.4077,-122.331,1660,7800
9779,9779,6619910240,20140625T000000,505000.0,3.0,1.75,1640,10695,1.0,0,2,3,8,1640,0,1975,0,98034,47.7145,-122.222,2790,9775
9780,9780,5288200070,20140730T000000,450000.0,3.0,1.0,1450,3350,1.5,0,0,4,7,1450,0,1919,0,98126,47.5607,-122.378,1340,4255
9781,9781,7852110070,20140608T000000,567500.0,3.0,2.5,2300,7398,2.0,0,0,3,8,2300,0,2001,0,98065,47.5369,-121.876,2580,6983
9782,9782,740500070,20141006T000000,265000.0,3.0,1.5,1460,8505,1.0,0,0,4,7,1460,0,1955,0,98055,47.4402,-122.195,1580,8505
9783,9783,4046601420,20141230T000000,340000.0,3.0,2.0,1570,14992,1.0,0,0,3,8,1570,0,2001,0,98014,47.6965,-121.922,1640,15000
9784,9784,2130700860,20150430T000000,375000.0,3.0,2.0,1540,8885,1.5,0,0,5,6,1540,0,1939,0,98019,47.7403,-121.984,1730,5000
9785,9785,3975400045,20141226T000000,920000.0,6.0,3.0,3300,4218,2.0,0,0,3,8,2200,1100,1970,0,98103,47.6557,-122.344,1420,4218
9786,9786,5451200520,20140612T000000,850000.0,4.0,2.25,2130,11843,2.0,0,0,4,9,2130,0,1972,0,98040,47.5358,-122.225,2380,11643
9787,9787,6600400270,20141210T000000,202000.0,3.0,1.0,1010,9750,1.0,0,0,5,7,1010,0,1969,0,98042,47.3244,-122.144,1230,9750
9788,9788,624100990,20140929T000000,725000.0,4.0,3.0,2420,12000,1.0,0,0,3,9,2420,0,1984,0,98077,47.7267,-122.063,3100,13020
9789,9789,2424059139,20150206T000000,900000.0,3.0,3.25,3870,33980,2.0,0,0,3,10,3150,720,1991,0,98006,47.5589,-122.117,3590,10750
9790,9790,2883200875,20150206T000000,680200.0,2.0,1.5,1960,6000,1.0,0,0,3,8,1210,750,1951,0,98103,47.6849,-122.333,2060,6000
9791,9791,1917300105,20150414T000000,216500.0,3.0,1.0,1170,9000,1.0,0,0,4,6,1170,0,1918,0,98022,47.2109,-121.987,1280,8160
9792,9792,7203000200,20141212T000000,325000.0,3.0,1.5,1890,7650,1.0,0,0,5,7,1890,0,1966,0,98003,47.3454,-122.314,1510,7560
9793,9793,9510971070,20140812T000000,675000.0,3.0,2.5,2250,4134,2.0,0,0,3,9,2250,0,2004,0,98052,47.6651,-122.084,2390,4134
9794,9794,3760500240,20150512T000000,435000.0,2.0,0.75,750,16321,1.0,0,1,3,4,750,0,1936,0,98034,47.6985,-122.229,3020,10625
9795,9795,4068300160,20150122T000000,263500.0,3.0,1.75,1610,14000,1.0,0,0,4,7,1050,560,1977,0,98010,47.3429,-122.036,1550,10080
9796,9796,1774220070,20150507T000000,550000.0,4.0,2.25,2590,36256,2.0,0,0,3,8,2590,0,1978,0,98077,47.769,-122.094,2670,35657
9797,9797,1563102685,20150422T000000,875000.0,3.0,2.5,2520,3750,2.0,0,1,4,9,2520,0,1995,0,98116,47.5671,-122.404,2250,6200
9798,9798,395800370,20150411T000000,246600.0,4.0,1.0,1340,8400,1.0,0,0,5,7,1340,0,1966,0,98023,47.3313,-122.343,1120,8400
9799,9799,3918400013,20140701T000000,337000.0,3.0,2.25,1460,941,3.0,0,0,3,8,1460,0,2006,0,98133,47.7145,-122.356,1490,1399
9800,9800,1545804820,20141111T000000,240000.0,3.0,1.75,1380,7500,1.0,0,0,3,7,1380,0,1988,0,98038,47.3628,-122.045,1530,7500
9801,9801,7811220070,20140910T000000,490000.0,3.0,1.75,1510,11120,1.0,0,0,4,8,1510,0,1984,0,98005,47.5931,-122.158,2660,10800
9802,9802,5561100431,20140806T000000,510000.0,5.0,2.5,2510,83231,1.0,0,0,4,7,1260,1250,1975,0,98027,47.4576,-121.984,2460,46431
9803,9803,5145100310,20150307T000000,305000.0,3.0,1.0,910,8008,1.0,0,0,3,7,910,0,1971,0,98034,47.726000000000006,-122.22,1480,7404
9804,9804,255550270,20150403T000000,350000.0,3.0,2.5,1970,3655,2.0,0,0,3,7,1970,0,2003,0,98019,47.7453,-121.984,1970,2952
9805,9805,1123049129,20150224T000000,284200.0,3.0,1.75,1540,6632,1.0,0,0,3,7,1070,470,1959,0,98178,47.4973,-122.252,2510,6618
9806,9806,9407150310,20150128T000000,357000.0,4.0,2.5,1980,9757,2.0,0,0,5,7,1980,0,1995,0,98038,47.3675,-122.019,1610,6147
9807,9807,7732501000,20140617T000000,854000.0,4.0,2.75,3150,38865,1.0,0,0,3,10,2480,670,1986,0,98052,47.7302,-122.106,3150,35880
9808,9808,1024069205,20150114T000000,1175000.0,4.0,2.5,4700,49658,2.0,0,0,3,10,4700,0,1999,0,98075,47.5878,-122.022,2870,49658
9809,9809,5426300060,20141008T000000,1000000.0,3.0,2.25,2300,15952,1.0,0,0,4,8,1150,1150,1963,0,98039,47.6322,-122.232,2200,14284
9810,9810,3797000400,20141125T000000,616500.0,4.0,2.25,1880,3000,2.0,0,0,3,8,1760,120,1909,1977,98103,47.6864,-122.349,1880,3000
9811,9811,2877102196,20141125T000000,750000.0,4.0,2.75,2640,3750,2.0,0,0,5,7,1840,800,1911,0,98117,47.6783,-122.363,1690,5000
9812,9812,9265200060,20141007T000000,650000.0,6.0,4.5,3900,9100,2.0,0,0,3,8,2870,1030,1979,0,98052,47.6612,-122.137,2080,9216
9813,9813,2894700270,20140715T000000,275000.0,4.0,2.25,2670,10050,1.0,0,0,4,8,1420,1250,1962,0,98032,47.3792,-122.28,2190,10050
9814,9814,2862100260,20141003T000000,540000.0,4.0,1.75,1840,4280,1.0,0,0,4,7,920,920,1918,0,98105,47.6681,-122.32,1660,4280
9815,9815,2730000070,20140814T000000,225000.0,3.0,1.0,1120,10665,1.0,0,0,4,6,1120,0,1961,0,98001,47.2886,-122.274,1240,10639
9816,9816,4139400060,20150409T000000,845000.0,4.0,2.5,2970,9072,2.0,0,0,3,10,2970,0,1991,0,98006,47.562,-122.114,2740,8729
9817,9817,4365200520,20150312T000000,490000.0,3.0,2.25,1410,7740,1.0,0,0,5,6,1410,0,1923,0,98126,47.523,-122.371,1220,7740
9818,9818,3629980350,20141209T000000,753000.0,4.0,2.5,3060,8167,2.0,0,0,3,9,3060,0,2005,0,98029,47.5521,-121.989,2930,4800
9819,9819,3211600140,20150209T000000,475000.0,3.0,1.75,2490,7210,1.0,0,0,3,7,1290,1200,1972,0,98034,47.726000000000006,-122.198,1610,7210
9820,9820,3598600049,20141003T000000,124000.0,1.0,0.75,840,7203,1.5,0,0,3,6,840,0,1949,0,98168,47.4756,-122.301,1560,8603
9821,9821,3598600049,20150424T000000,224000.0,1.0,0.75,840,7203,1.5,0,0,3,6,840,0,1949,0,98168,47.4756,-122.301,1560,8603
9822,9822,1232001070,20140814T000000,485000.0,2.0,1.0,1130,3800,1.0,0,0,4,7,1130,0,1916,0,98117,47.6862,-122.378,1470,3800
9823,9823,7812801925,20140624T000000,230000.0,4.0,1.75,1850,6000,1.0,0,0,4,6,1270,580,1944,0,98178,47.4923,-122.247,1270,6600
9824,9824,522059062,20141105T000000,372000.0,4.0,2.75,2330,14175,1.0,0,0,3,7,1800,530,1980,0,98031,47.4193,-122.194,1480,10125
9825,9825,4178500640,20150507T000000,306000.0,4.0,2.5,1880,9426,2.0,0,0,4,7,1880,0,1990,0,98042,47.3584,-122.089,1760,7040
9826,9826,9528104660,20140827T000000,905000.0,4.0,3.5,2980,3000,2.0,0,0,3,9,2340,640,2008,0,98115,47.6768,-122.326,1810,4545
9827,9827,5013500400,20150326T000000,440000.0,4.0,1.0,1440,6678,1.0,0,0,3,7,1040,400,1950,0,98116,47.571000000000005,-122.392,1320,6678
9828,9828,2550820060,20150428T000000,280000.0,3.0,1.75,1630,10001,1.0,0,0,4,7,1100,530,1977,0,98042,47.3605,-122.12,1630,10001
9829,9829,425079046,20140729T000000,435000.0,3.0,2.5,1778,147823,2.0,0,0,3,7,1778,0,1999,0,98014,47.6811,-121.915,2840,43676
9830,9830,3905050240,20140624T000000,425000.0,3.0,2.5,1930,4500,2.0,0,0,3,8,1930,0,1990,0,98029,47.5791,-122.001,1770,4500
9831,9831,5381000070,20140826T000000,204950.0,2.0,0.75,1130,11429,1.0,0,0,3,7,1130,0,1956,0,98188,47.4526,-122.284,1550,10700
9832,9832,1245002445,20140714T000000,670000.0,2.0,1.75,1650,7500,1.0,0,0,4,7,1000,650,1959,0,98033,47.6871,-122.207,2530,9000
9833,9833,6865200831,20140507T000000,475000.0,2.0,1.0,820,2723,1.0,0,0,3,7,820,0,1921,0,98103,47.6623,-122.339,1370,3850
9834,9834,1446801000,20150320T000000,352000.0,5.0,2.5,2900,6650,1.0,0,0,3,7,1450,1450,1964,0,98168,47.4935,-122.332,1600,8246
9835,9835,4038700830,20150409T000000,575000.0,4.0,1.75,2330,8800,1.0,0,2,4,7,1260,1070,1961,0,98008,47.6148,-122.113,2270,8800
9836,9836,4094800260,20141126T000000,1730000.0,4.0,3.5,4440,20668,2.0,0,2,5,10,3240,1200,1965,0,98040,47.5472,-122.235,4240,18650
9837,9837,2742100152,20141013T000000,491000.0,3.0,2.0,1660,5070,2.0,0,3,3,8,1660,0,1950,1990,98108,47.5552,-122.296,2440,6664
9838,9838,8691410060,20140709T000000,750000.0,4.0,2.5,3020,7465,2.0,0,0,3,9,3020,0,2004,0,98075,47.5982,-121.98,3100,5587
9839,9839,1325059083,20140527T000000,830000.0,4.0,2.5,1850,50662,1.0,0,0,3,8,1430,420,1978,0,98052,47.6535,-122.119,2090,10599
9840,9840,7852011070,20150109T000000,1140000.0,6.0,3.75,5960,20197,2.0,0,4,3,10,3900,2060,2005,0,98065,47.5398,-121.869,3860,12800
9841,9841,2323059074,20140709T000000,137124.0,3.0,1.0,960,27442,1.0,0,0,4,6,960,0,1970,0,98058,47.4676,-122.134,1100,29019
9842,9842,7950304075,20140813T000000,225000.0,4.0,1.0,1150,6000,1.5,0,0,3,6,1150,0,1907,0,98118,47.562,-122.283,840,3030
9843,9843,3260000340,20140622T000000,732600.0,4.0,2.5,2130,7300,1.0,0,0,4,7,1230,900,1963,0,98005,47.605,-122.167,2130,7560
9844,9844,9552701000,20150316T000000,818000.0,4.0,2.25,2460,8001,2.0,0,0,4,8,2460,0,1984,0,98006,47.548,-122.154,2460,9126
9845,9845,5469501200,20140820T000000,431000.0,3.0,2.25,2360,14950,1.0,0,0,4,9,2360,0,1978,0,98042,47.3856,-122.158,2720,14388
9846,9846,6300500105,20141002T000000,304000.0,2.0,2.25,1320,1034,3.0,0,0,3,7,1320,0,1996,0,98133,47.7039,-122.344,1330,1206
9847,9847,4400200060,20141021T000000,650000.0,5.0,2.0,1910,4667,1.0,0,0,3,7,1010,900,1908,0,98112,47.6236,-122.306,1230,2545
9848,9848,5422560860,20150410T000000,450000.0,2.0,2.0,1610,6160,2.0,0,0,4,8,1610,0,1977,0,98052,47.6644,-122.13,1750,6305
9849,9849,7789000260,20140822T000000,269000.0,4.0,1.0,1610,8401,1.0,0,0,3,7,1610,0,1958,0,98056,47.5104,-122.165,1610,8401
9850,9850,8861000060,20141231T000000,875000.0,3.0,1.0,1160,10732,1.0,0,0,3,7,1160,0,1953,0,98004,47.6391,-122.205,2390,13656
9851,9851,9350900550,20150429T000000,890000.0,4.0,2.25,2870,8393,1.0,0,0,4,8,1480,1390,1977,0,98040,47.5787,-122.245,2930,9850
9852,9852,9560800310,20141009T000000,565000.0,4.0,2.5,2280,9725,2.0,0,0,3,8,2280,0,1986,0,98072,47.7568,-122.141,2140,8780
9853,9853,9187200228,20150313T000000,448175.0,2.0,2.0,1370,1339,2.0,0,0,4,8,1150,220,2006,0,98122,47.6021,-122.295,1370,1339
9854,9854,7849202190,20141223T000000,235000.0,3.37287037037037,2.1157362403369904,1470,4800,2.0,0,0,3,7,1470,0,1996,0,98065,47.5265,-121.828,1060,7200
9855,9855,7215730070,20140911T000000,680000.0,5.0,3.0,2970,6500,2.0,0,0,3,9,2970,0,2000,0,98075,47.5973,-122.018,2970,6588
9856,9856,121039083,20150206T000000,629000.0,3.0,1.75,1460,12367,2.0,1,4,4,8,1120,340,1970,0,98023,47.3311,-122.375,1970,18893
9857,9857,2770601677,20150422T000000,494000.0,3.0,3.5,1570,1486,2.5,0,0,3,8,1330,240,2000,0,98199,47.652,-122.384,1610,1486
9858,9858,3720800070,20150127T000000,1100000.0,4.0,3.0,2880,5500,2.0,0,0,4,9,1920,960,1926,0,98102,47.6448,-122.317,2110,5500
9859,9859,3558910570,20150116T000000,450000.0,5.0,2.5,1900,9460,1.0,0,0,3,7,1190,710,1969,0,98034,47.7096,-122.202,1940,8360
9860,9860,1081300390,20141030T000000,330000.0,3.0,1.75,2020,11050,1.0,0,0,4,8,1320,700,1969,0,98059,47.4706,-122.119,1940,11050
9861,9861,7805450560,20140820T000000,960000.0,4.0,2.5,3110,11397,2.0,0,3,4,10,3110,0,1984,0,98006,47.5623,-122.106,3110,11586
9862,9862,6648770240,20141224T000000,360000.0,4.0,2.5,2390,7056,2.0,0,0,3,9,2390,0,1990,0,98001,47.3385,-122.264,2590,7801
9863,9863,5104520810,20140810T000000,378000.0,3.0,2.5,2150,11672,2.0,0,0,3,8,2150,0,2004,0,98038,47.3515,-122.006,2150,5450
9864,9864,2719100400,20140912T000000,499950.0,3.0,1.75,1340,6250,1.0,0,0,4,7,1090,250,1941,0,98136,47.5427,-122.386,1550,1755
9865,9865,255000320,20140724T000000,450000.0,3.0,2.5,1990,12866,2.0,0,0,4,7,1990,0,1986,0,98072,47.7477,-122.17,2310,8803
9866,9866,5398600075,20140825T000000,523500.0,2.0,2.0,1600,5969,1.0,0,0,4,7,800,800,1950,0,98116,47.5691,-122.394,1520,5969
9867,9867,7695470200,20141208T000000,600000.0,3.0,2.5,2680,43995,2.0,0,0,3,9,2680,0,1986,0,98077,47.7655,-122.086,2520,37277
9868,9868,6892510200,20140602T000000,290000.0,3.0,2.5,2080,4828,2.0,0,0,3,8,2080,0,2002,0,98042,47.3737,-122.132,2190,4620
9869,9869,4123800320,20150206T000000,176000.0,3.0,3.25,1340,5434,2.0,0,0,3,7,1340,0,1986,0,98038,47.3779,-122.045,1670,6203
9870,9870,809001505,20140918T000000,885000.0,3.0,2.0,2590,3750,1.5,0,0,5,7,1790,800,1904,0,98109,47.635,-122.353,2440,4000
9871,9871,3856905185,20140624T000000,483000.0,2.0,1.75,1240,3000,1.5,0,0,3,7,1240,0,1906,0,98105,47.6689,-122.326,1800,4080
9872,9872,4051100390,20150508T000000,240000.0,3.0,1.0,1310,7125,1.0,0,0,4,7,1310,0,1978,0,98042,47.3739,-122.148,1650,7290
9873,9873,579003240,20140925T000000,720000.0,4.0,2.25,2530,5200,1.0,0,1,4,8,1530,1000,1957,0,98117,47.6985,-122.382,2240,5200
9874,9874,2333230060,20141105T000000,311000.0,4.0,2.5,1780,5822,2.0,0,0,3,7,1780,0,2001,0,98058,47.4455,-122.169,1990,4092
9875,9875,7129303240,20150102T000000,332500.0,3.0,2.0,1600,7995,1.0,0,0,3,7,1600,0,1950,1984,98118,47.5177,-122.257,2440,6900
9876,9876,1219000473,20140626T000000,164950.0,3.0,1.75,1570,15330,1.0,0,0,3,7,1080,490,1956,0,98166,47.4608,-122.34,1250,13330
9877,9877,1219000473,20150323T000000,371000.0,3.0,1.75,1570,15330,1.0,0,0,3,7,1080,490,1956,0,98166,47.4608,-122.34,1250,13330
9878,9878,5469700060,20150123T000000,264500.0,3.0,1.75,1650,16200,1.0,0,0,3,7,1650,0,1976,0,98031,47.3926,-122.168,1650,8680
9879,9879,1118000935,20140705T000000,1738000.0,4.0,2.25,2920,6513,2.0,0,0,4,9,2260,660,1937,0,98112,47.638000000000005,-122.29,4510,9248
9880,9880,8819900055,20150330T000000,503000.0,2.0,1.0,870,4280,1.0,0,2,4,6,870,0,1921,0,98105,47.6697,-122.29,1750,4280
9881,9881,1995200338,20141029T000000,738000.0,4.0,2.5,2830,5010,2.0,0,0,3,9,2170,660,2000,0,98115,47.6952,-122.327,1880,5739
9882,9882,91000320,20140923T000000,393000.0,2.0,1.0,980,3350,1.0,0,0,4,7,980,0,1925,0,98103,47.6858,-122.352,1260,4000
9883,9883,8887001600,20150412T000000,280000.0,2.0,1.0,990,45528,1.0,0,0,4,7,990,0,1992,0,98070,47.5013,-122.463,1730,45528
9884,9884,7183000060,20150325T000000,260000.0,4.0,2.5,2360,9647,1.0,0,2,3,8,1530,830,1964,0,98003,47.3367,-122.332,2580,9680
9885,9885,194000565,20150409T000000,505000.0,2.0,1.0,1000,4640,1.0,0,2,3,7,1000,0,1915,0,98116,47.5659,-122.389,1940,5800
9886,9886,3830610320,20150105T000000,241000.0,3.0,1.5,1660,8000,1.0,0,0,4,7,1120,540,1976,0,98030,47.353,-122.172,1900,7500
9887,9887,7922710320,20150316T000000,530000.0,3.0,1.75,1520,9605,1.0,0,0,3,7,1520,0,1975,0,98052,47.667,-122.142,2040,9900
9888,9888,1231000310,20140812T000000,713000.0,1.0,1.0,1180,4000,1.5,0,2,4,8,840,340,1910,0,98118,47.5561,-122.266,1420,4000
9889,9889,173000140,20140722T000000,487000.0,3.0,1.75,1770,10125,2.0,0,0,3,7,1770,0,1944,1978,98133,47.7289,-122.353,1680,9825
9890,9890,8651411260,20141113T000000,128000.0,2.0,1.0,980,5393,1.0,0,0,3,6,980,0,1969,0,98042,47.3674,-122.081,980,5200
9891,9891,7272000260,20141113T000000,210500.0,3.0,1.0,1840,10178,1.0,0,0,3,7,1040,800,1960,0,98198,47.3979,-122.317,2040,10660
9892,9892,2787700060,20150115T000000,420000.0,3.0,2.5,1810,7210,1.0,0,0,5,7,1210,600,1968,0,98059,47.5067,-122.163,1770,7210
9893,9893,5499700045,20141030T000000,679000.0,3.0,2.5,1780,4320,2.0,0,0,4,8,1780,0,1930,1986,98115,47.6809,-122.293,1690,4952
9894,9894,9433000390,20141218T000000,784950.0,4.0,2.75,2840,4227,3.0,0,0,3,9,2840,0,2014,0,98052,47.7097,-122.107,2880,4227
9895,9895,7300400200,20141119T000000,352000.0,4.0,2.5,2650,6366,2.0,0,0,3,9,2650,0,1998,0,98092,47.3325,-122.171,2650,6200
9896,9896,2771101963,20140611T000000,386000.0,3.0,1.5,1270,1318,2.0,0,0,3,7,1080,190,2004,0,98199,47.6526,-122.384,1360,1488
9897,9897,123039346,20150430T000000,335000.0,3.0,1.75,1260,17000,1.0,0,0,3,7,1260,0,1994,0,98146,47.5114,-122.361,1540,7213
9898,9898,524069116,20140602T000000,472500.0,3.0,2.0,1750,15500,1.0,0,0,3,7,1490,260,1982,0,98075,47.5887,-122.065,2450,50094
9899,9899,3583300075,20141103T000000,599950.0,5.0,2.25,2680,13292,1.0,0,0,3,8,1340,1340,1976,0,98028,47.7422,-122.257,2220,13181
9900,9900,7203220030,20140724T000000,963990.0,4.0,3.25,3830,6765,2.0,0,0,3,9,3830,0,2014,0,98053,47.685,-122.016,3830,6507
9901,9901,1250201550,20140925T000000,735000.0,3.0,2.0,1610,3600,2.0,0,2,5,8,1610,0,1925,0,98144,47.5969,-122.293,2540,6600
9902,9902,8651611260,20150317T000000,858450.0,3.0,4.25,3840,9751,2.0,0,0,3,10,3840,0,1998,0,98074,47.6347,-122.064,3230,7189
9903,9903,1797501275,20150507T000000,665000.0,5.0,2.75,2670,4000,2.0,0,0,4,7,1800,870,1914,0,98105,47.6711,-122.315,2460,4000
9904,9904,2215900800,20140731T000000,290000.0,3.0,2.5,2000,7414,2.0,0,0,4,7,2000,0,1993,0,98038,47.3508,-122.057,2000,7414
9905,9905,7883602650,20150413T000000,250000.0,2.0,1.0,860,4320,1.0,0,0,3,7,860,0,1925,0,98108,47.5263,-122.325,980,6000
9906,9906,3546000340,20141008T000000,192500.0,3.0,1.75,1420,7205,1.0,0,0,3,7,1420,0,1986,0,98030,47.3555,-122.175,1690,7405
9907,9907,6118600045,20140825T000000,350000.0,4.0,2.0,2060,13400,1.0,0,2,4,8,2060,0,1957,0,98166,47.4404,-122.34,1950,10370
9908,9908,1123059116,20150319T000000,518000.0,4.0,2.5,2790,9910,2.0,0,0,3,8,2790,0,2003,0,98059,47.4891,-122.141,2590,9910
9909,9909,124000160,20140701T000000,563000.0,4.0,1.0,1410,3376,1.5,0,0,5,7,1410,0,1911,0,98107,47.6606,-122.365,1040,3600
9910,9910,8733000045,20141007T000000,375000.0,4.0,3.0,2420,9566,2.0,0,0,3,7,2420,0,2003,0,98188,47.4693,-122.266,2420,9135
9911,9911,263000327,20150227T000000,400000.0,3.0,2.5,1460,1319,3.0,0,0,3,8,1460,0,2002,0,98103,47.698,-122.349,1430,1530
9912,9912,5153200358,20141029T000000,240000.0,5.0,1.75,2460,16000,1.0,0,0,3,7,1230,1230,1957,0,98023,47.3305,-122.351,1990,16000
9913,9913,2258500045,20140923T000000,317500.0,2.0,1.0,1000,5120,1.0,0,0,3,6,1000,0,1902,0,98122,47.6088,-122.307,1940,4300
9914,9914,6137500310,20150213T000000,1315000.0,5.0,4.0,4420,36342,2.0,0,0,5,10,2740,1680,1982,0,98007,47.6468,-122.151,3720,37034
9915,9915,3323069045,20141110T000000,234000.0,3.0,1.0,1240,239144,1.0,0,0,3,6,1240,0,1921,1992,98038,47.4303,-122.046,1990,109335
9916,9916,8563070030,20140513T000000,645000.0,3.0,2.5,1740,13750,2.0,0,0,4,9,1740,0,1975,0,98008,47.6264,-122.092,2540,14300
9917,9917,425049036,20150309T000000,649000.0,2.0,1.0,1280,4840,1.0,0,0,3,7,1200,80,1908,0,98115,47.6762,-122.299,1860,5500
9918,9918,8562750550,20150417T000000,605000.0,4.0,2.5,2520,3980,2.0,0,0,3,8,2520,0,2004,0,98027,47.5399,-122.07,2580,3980
9919,9919,767000159,20140821T000000,337900.0,3.0,3.5,1500,1471,3.0,0,0,3,7,1500,0,1999,0,98177,47.7034,-122.362,1500,1445
9920,9920,5366200030,20150205T000000,535000.0,3.0,2.75,2490,3600,2.0,0,0,3,8,2290,200,1906,0,98122,47.6098,-122.292,1880,3600
9921,9921,7857000861,20140922T000000,325000.0,4.0,1.0,1530,5684,1.0,0,0,3,7,1130,400,1957,0,98108,47.5507,-122.298,1540,6095
9922,9922,1094000030,20141215T000000,429950.0,4.0,2.25,1740,10875,1.0,0,0,3,8,1740,0,1967,0,98059,47.5132,-122.157,1680,10701
9923,9923,1853000030,20150416T000000,775000.0,3.0,2.5,3550,32807,2.0,0,0,3,9,3550,0,1989,0,98077,47.7292,-122.082,3270,35001
9924,9924,5318101040,20140731T000000,650000.0,2.0,1.0,1280,6000,1.0,0,0,3,7,1280,0,1965,0,98112,47.6339,-122.282,2460,4800
9925,9925,3623500049,20150501T000000,1200000.0,4.0,2.25,2320,13114,2.0,0,0,5,8,2320,0,1967,0,98040,47.5762,-122.239,2740,15000
9926,9926,1026049036,20140910T000000,275000.0,2.0,1.0,1140,10404,1.0,0,0,3,5,1140,0,1935,0,98155,47.7497,-122.286,2200,11550
9927,9927,8568030030,20140729T000000,575000.0,4.0,3.5,3930,16970,2.0,0,0,3,9,3930,0,1997,0,98019,47.7412,-121.966,2740,17219
9928,9928,4022906531,20140806T000000,540000.0,3.0,2.5,2370,16455,1.0,0,0,5,7,1640,730,1959,0,98155,47.7634,-122.277,2170,15551
9929,9929,5700002325,20140605T000000,640000.0,3.0,1.75,2340,4206,1.0,0,0,5,7,1170,1170,1917,0,98144,47.5759,-122.288,1360,4725
9930,9930,2473100510,20140923T000000,275000.0,3.0,1.5,1240,9125,1.0,0,0,4,7,1240,0,1967,0,98058,47.4469,-122.155,1670,9125
9931,9931,629811600,20140724T000000,672800.0,4.0,2.5,2740,10533,2.0,0,0,3,9,2740,0,1997,0,98074,47.6095,-122.006,2760,8603
9932,9932,7923300310,20140527T000000,495000.0,4.0,2.25,1940,9144,1.0,0,0,4,7,1430,510,1956,0,98007,47.5942,-122.135,1460,9437
9933,9933,4054560140,20140926T000000,820000.0,3.0,2.5,2950,35108,1.5,0,0,3,10,2950,0,1995,0,98077,47.7316,-122.035,3810,35181
9934,9934,4027700632,20140609T000000,475000.0,4.0,2.75,1980,11443,1.0,0,0,5,7,1980,0,1952,0,98155,47.7707,-122.273,2080,15700
9935,9935,2818100060,20140520T000000,1275000.0,4.0,2.0,2850,7861,1.0,0,4,4,10,1450,1400,1970,0,98117,47.6995,-122.397,2810,8087
9936,9936,1771000960,20150429T000000,380000.0,3.0,1.0,1160,9375,1.0,0,0,3,7,1160,0,1967,0,98077,47.7419,-122.073,1160,9650
9937,9937,2591830350,20140820T000000,397500.0,3.0,2.0,2130,8225,1.0,0,0,4,8,2130,0,1987,0,98058,47.4396,-122.162,2580,8225
9938,9938,8842400071,20140507T000000,352000.0,5.0,2.5,2420,8560,1.0,0,2,3,7,1620,800,1978,0,98118,47.532,-122.285,2210,7040
9939,9939,7856700060,20150413T000000,893880.0,6.0,2.5,2820,8600,1.0,0,0,5,8,1430,1390,1967,0,98006,47.565,-122.144,2070,8900
9940,9940,9186300060,20140916T000000,635000.0,5.0,3.25,3710,34200,2.0,0,0,3,8,2510,1200,1986,0,98074,47.6101,-122.047,1720,23100
9941,9941,3275740030,20140507T000000,420000.0,3.0,2.25,1770,8165,2.0,0,0,3,7,1770,0,1977,0,98034,47.7166,-122.236,1650,8165
9942,9942,452001860,20150321T000000,503000.0,3.0,2.0,1260,2500,1.0,0,0,4,7,750,510,1987,0,98107,47.6748,-122.371,1710,5000
9943,9943,7779200075,20140909T000000,689000.0,2.0,1.75,2330,10143,1.0,0,2,4,7,1220,1110,1953,0,98146,47.4899,-122.359,2560,9750
9944,9944,3975400260,20140902T000000,749500.0,4.0,2.75,2490,3840,1.5,0,0,4,7,1610,880,1922,0,98103,47.6551,-122.344,1420,4000
9945,9945,2225059336,20141006T000000,1150000.0,6.0,3.75,4090,49542,2.0,0,0,3,9,3100,990,1984,0,98005,47.6408,-122.153,2980,43357
9946,9946,8567450060,20140609T000000,563500.0,4.0,2.5,2800,12831,2.0,0,0,3,8,2800,0,2001,0,98019,47.7392,-121.966,2810,10235
9947,9947,6178930340,20140630T000000,480000.0,4.0,3.0,2440,9664,2.0,0,0,3,8,1890,550,1981,0,98028,47.7649,-122.253,2380,9609
9948,9948,8731990370,20150422T000000,374950.0,4.0,3.0,2540,8800,1.0,0,1,3,9,1620,920,1977,0,98023,47.3204,-122.387,2540,8800
9949,9949,9407150350,20150410T000000,308950.0,3.0,2.5,1600,6250,2.0,0,0,3,7,1600,0,1995,0,98038,47.3675,-122.02,1760,6110
9950,9950,3438502200,20140917T000000,445000.0,4.0,2.75,2680,16934,1.0,0,0,4,7,1340,1340,1958,0,98106,47.542,-122.364,1240,7000
9951,9951,1274500700,20150421T000000,237200.0,3.0,1.5,1220,9000,1.0,0,0,4,7,1220,0,1968,0,98042,47.3642,-122.109,1220,9472
9952,9952,5667100045,20140902T000000,453500.0,3.0,1.75,1550,7270,1.5,0,0,5,7,1550,0,1953,0,98125,47.72,-122.317,1050,7210
9953,9953,2887700560,20150507T000000,616500.0,3.0,2.0,2080,4549,1.0,0,0,5,7,1040,1040,1954,0,98115,47.6886,-122.309,1620,4549
9954,9954,7215720070,20140806T000000,1250000.0,5.0,5.0,5000,32909,2.0,0,0,3,10,5000,0,2000,0,98075,47.6012,-122.022,3030,12601
9955,9955,6638900550,20150407T000000,396000.0,1.0,1.0,630,5150,1.0,0,0,4,5,630,0,1954,0,98117,47.6923,-122.369,1390,5150
9956,9956,723049307,20140708T000000,210000.0,3.0,1.0,1070,8179,1.0,0,0,3,6,1070,0,1949,0,98146,47.5015,-122.349,1050,8177
9957,9957,7577700521,20141001T000000,539000.0,2.0,1.75,1900,5175,1.0,0,0,3,7,1200,700,1919,0,98116,47.5689,-122.386,1370,5175
9958,9958,7888700030,20140825T000000,605000.0,3.0,2.5,2960,18600,2.0,0,0,3,8,2960,0,1979,0,98166,47.4358,-122.344,2740,15681
9959,9959,3501600135,20140707T000000,437500.0,3.0,2.0,1490,4800,2.0,0,0,5,6,1490,0,1948,0,98117,47.6933,-122.361,1500,4800
9960,9960,1822059331,20140716T000000,215000.0,3.0,1.5,1500,15000,1.0,0,0,3,7,1500,0,1952,0,98031,47.3926,-122.208,1790,13905
9961,9961,7852030310,20140618T000000,440000.0,4.0,2.5,2410,4780,2.0,0,0,3,7,2410,0,2000,0,98065,47.5326,-121.879,2410,4025
9962,9962,8901001090,20141117T000000,525000.0,3.0,1.0,2000,22500,1.0,0,0,3,7,1680,320,1939,0,98125,47.711000000000006,-122.308,2000,10000
9963,9963,192450200,20140821T000000,319900.0,3.0,1.5,1140,20383,1.0,0,0,3,7,840,300,1985,0,98045,47.4755,-121.758,1200,15625
9964,9964,1771100030,20150106T000000,335000.0,3.0,1.0,1120,9075,1.0,0,0,3,7,1120,0,1977,0,98077,47.7551,-122.072,1120,9705
9965,9965,1560920370,20141107T000000,485000.0,3.0,2.25,2900,35273,2.0,0,0,3,9,2900,0,1986,0,98038,47.4013,-122.03,2510,38487
9966,9966,8731981360,20140925T000000,359999.0,4.0,2.25,3220,7700,2.0,0,0,4,8,3220,0,1976,0,98023,47.3188,-122.38,2570,7700
9967,9967,9541600060,20140807T000000,799000.0,5.0,2.75,2500,19783,1.0,0,3,4,8,2500,0,1959,0,98005,47.5938,-122.174,1700,15375
9968,9968,2923049468,20140912T000000,280000.0,3.0,2.25,1610,10454,1.0,0,0,3,7,1610,0,1977,0,98148,47.4517,-122.331,1720,9583
9969,9969,8722100810,20140708T000000,1050000.0,4.0,2.75,2250,3433,1.5,0,0,3,8,1500,750,1927,2013,98112,47.6382,-122.307,1970,3484
9970,9970,7840800135,20141119T000000,290000.0,1.0,2.0,1240,4800,2.0,0,0,3,6,1240,0,1910,0,98055,47.4778,-122.211,1030,4800
9971,9971,8083350070,20141217T000000,235000.0,2.0,2.25,1660,2748,2.0,0,0,3,7,1660,0,1995,0,98055,47.4333,-122.212,1620,3167
9972,9972,1923800135,20141001T000000,495000.0,3.0,1.75,2080,3000,1.0,0,0,4,7,1040,1040,1925,0,98103,47.6853,-122.35,1000,3193
9973,9973,1310980070,20150224T000000,290000.0,3.0,2.25,1880,7488,2.0,0,0,3,8,1880,0,1980,0,98032,47.3631,-122.277,2180,7344
9974,9974,3110800030,20141028T000000,230000.0,4.0,1.5,1050,9516,1.0,0,0,4,7,1050,0,1969,0,98031,47.4151,-122.181,1390,9600
9975,9975,8731801260,20150220T000000,234000.0,3.0,1.75,1480,8475,1.0,0,0,4,7,1480,0,1968,0,98023,47.3126,-122.361,1800,8800
9976,9976,7202270700,20141003T000000,597400.0,4.0,2.5,2420,4500,2.0,0,0,3,7,2420,0,2001,0,98053,47.6874,-122.037,2280,4500
9977,9977,7230300060,20140805T000000,370000.0,4.0,2.5,2190,17600,1.0,0,0,4,7,1110,1080,1966,0,98059,47.4712,-122.112,1820,17600
9978,9978,11510700,20140519T000000,755000.0,4.0,2.5,2660,10452,2.0,0,0,3,9,2660,0,1993,0,98052,47.6972,-122.104,2890,9025
9979,9979,586470350,20150403T000000,342000.0,3.0,2.5,2430,5715,2.0,0,0,3,7,2430,0,1999,0,98030,47.3718,-122.168,3040,5702
9980,9980,6840700036,20140728T000000,497000.0,2.0,1.0,770,3325,1.0,0,0,3,7,770,0,1918,0,98122,47.6102,-122.299,960,4800
9981,9981,1824069083,20150429T000000,835000.0,3.0,1.0,3060,30166,1.0,0,0,5,8,3060,0,1959,0,98027,47.5656,-122.093,1880,19602
9982,9982,1836980240,20141015T000000,730000.0,4.0,2.75,2920,4500,2.0,0,0,3,9,2920,0,1999,0,98006,47.5646,-122.124,2920,4505
9983,9983,3528900160,20141001T000000,655000.0,3.0,1.0,1370,5250,1.0,0,0,3,7,1070,300,1939,0,98109,47.6421,-122.348,2410,4200
9984,9984,1442800060,20141120T000000,205000.0,3.0,2.5,1870,3118,2.0,0,0,3,8,1870,0,1993,0,98038,47.3739,-122.056,1580,3601
9985,9985,8722100030,20150407T000000,632750.0,4.0,2.0,1800,4800,1.5,0,0,3,7,1800,0,1918,0,98112,47.6388,-122.302,1950,4800
9986,9986,1723049624,20140512T000000,330000.0,5.0,3.0,2100,7715,1.0,0,0,3,7,1250,850,2013,0,98168,47.4866,-122.319,2100,7959
9987,9987,4040400200,20141007T000000,527500.0,5.0,2.25,2530,8250,2.0,0,0,4,7,2530,0,1961,0,98007,47.6117,-122.134,2020,8250
9988,9988,8691391090,20140508T000000,716500.0,4.0,2.5,3290,6465,2.0,0,0,3,9,3290,0,2002,0,98075,47.5981,-121.976,3100,5929
9989,9989,7853302190,20141217T000000,388500.0,4.0,2.5,1890,5395,2.0,0,0,3,7,1890,0,2006,0,98065,47.5415,-121.883,2060,5395
9990,9990,3260000700,20140904T000000,530000.0,3.0,1.75,1680,7770,1.0,0,0,4,7,1680,0,1967,0,98005,47.6028,-122.167,1880,7770
9991,9991,5126300510,20150108T000000,419000.0,3.0,2.5,2170,4517,2.0,0,0,3,8,2170,0,2002,0,98059,47.4819,-122.14,2610,4770
9992,9992,7199330370,20150309T000000,385000.0,3.0,1.75,1200,7360,1.0,0,0,4,7,1200,0,1978,0,98052,47.6979,-122.13,1200,7500
9993,9993,1854900240,20140528T000000,655000.0,4.0,2.5,2990,5669,2.0,0,0,3,8,2990,0,2003,0,98074,47.6119,-122.011,3110,5058
9994,9994,6738700335,20140701T000000,1695000.0,4.0,2.75,3770,10900,2.0,0,2,5,9,3070,700,1924,0,98144,47.5849,-122.29,3000,5000
9995,9995,322059264,20140926T000000,279000.0,2.0,1.0,1020,47044,1.0,0,0,5,7,1020,0,1904,1958,98042,47.4206,-122.155,1930,12139
9996,9996,5557500270,20150209T000000,262000.0,3.0,1.5,1700,9579,1.0,0,0,4,7,1100,600,1962,0,98023,47.3209,-122.338,1700,9628
9997,9997,9164100125,20140807T000000,533000.0,4.0,1.0,1550,4750,1.5,0,0,3,7,1550,0,1919,0,98117,47.6824,-122.389,1320,4750
9998,9998,7370600045,20150402T000000,640000.0,3.0,1.75,1680,8100,1.0,0,2,3,8,1680,0,1950,0,98177,47.7212,-122.364,1880,7750
9999,9999,8594400060,20140609T000000,285000.0,3.0,2.25,1680,35127,2.0,0,0,3,7,1680,0,1987,0,98092,47.3025,-122.067,1820,35166
10000,10000,7818900060,20140708T000000,458400.0,4.0,2.5,1910,10300,1.0,0,0,3,8,1910,0,1921,1968,98177,47.7581,-122.359,1910,7750
10001,10001,2126059139,20150318T000000,620000.0,5.0,3.25,3160,10587,1.0,0,0,5,7,2190,970,1960,0,98034,47.7238,-122.165,2200,7761
10002,10002,1759701600,20140512T000000,465000.0,3.0,1.5,2020,11358,1.0,0,0,4,6,1190,830,1956,0,98033,47.6641,-122.185,2370,9520
10003,10003,1795920310,20140804T000000,690000.0,4.0,3.75,3210,7054,2.0,0,0,4,8,3210,0,1985,0,98052,47.7268,-122.103,2350,8020
10004,10004,1626069139,20140821T000000,462500.0,3.0,2.25,2350,51400,1.0,0,0,3,7,1390,960,1977,0,98077,47.7417,-122.053,2350,51400
10005,10005,3303951600,20140820T000000,369950.0,4.0,2.5,1910,10221,2.0,0,0,3,8,1910,0,1994,0,98038,47.381,-122.035,2210,8705
10006,10006,3353402400,20150326T000000,124500.0,2.0,1.0,840,6480,1.0,0,0,4,5,840,0,1954,0,98001,47.264,-122.258,1100,7300
10007,10007,2332700060,20140806T000000,950000.0,4.0,2.25,2620,10920,1.0,0,0,3,9,2620,0,1965,0,98005,47.6117,-122.164,2370,11907
10008,10008,4040800260,20140616T000000,418000.0,4.0,1.5,1220,10580,1.0,0,0,3,7,1220,0,1965,0,98008,47.6205,-122.116,1350,7800
10009,10009,1202000140,20141210T000000,160000.0,3.0,1.0,1060,8000,1.0,0,0,4,6,1060,0,1927,0,98002,47.305,-122.218,1060,4697
10010,10010,4022902050,20150415T000000,457000.0,4.0,2.5,2200,10800,1.0,0,0,3,8,1500,700,1964,0,98155,47.7711,-122.288,2280,10800
10011,10011,4364200125,20150129T000000,530000.0,2.0,1.75,2120,7680,1.0,0,0,5,6,1130,990,1948,0,98126,47.5304,-122.374,1220,7680
10012,10012,4036801245,20140522T000000,385000.0,3.0,1.0,1250,7300,1.0,0,0,4,7,1250,0,1956,0,98008,47.6032,-122.125,1540,7400
10013,10013,7375100070,20150318T000000,491000.0,3.0,1.75,1440,7800,1.0,0,0,4,7,1440,0,1958,0,98008,47.5996,-122.12,1440,7800
10014,10014,686400060,20140820T000000,521000.0,4.0,2.25,1890,8034,1.0,0,0,4,8,1890,0,1967,0,98008,47.6338,-122.117,1920,7210
10015,10015,1645000710,20150410T000000,255000.0,3.0,1.0,1140,8528,1.0,0,0,5,7,1140,0,1967,0,98022,47.2098,-122.004,1140,8112
10016,10016,5476800069,20140527T000000,292050.0,5.0,3.0,2840,7199,1.0,0,0,3,7,1710,1130,2003,0,98178,47.5065,-122.275,2210,10800
10017,10017,823059185,20140520T000000,326000.0,6.0,3.0,1880,7200,1.0,0,0,4,7,1880,0,1966,0,98056,47.5029,-122.188,1540,13022
10018,10018,4364200075,20140624T000000,300000.0,2.0,1.0,750,5120,1.0,0,0,4,6,750,0,1941,0,98126,47.5312,-122.375,930,7200
10019,10019,2473420070,20150430T000000,291600.0,3.0,1.75,1630,7480,1.0,0,0,3,7,1330,300,1979,0,98058,47.4514,-122.159,1940,7480
10020,10020,5706201360,20150219T000000,435000.0,5.0,1.5,1720,12551,1.0,0,0,3,7,1720,0,1967,0,98027,47.5241,-122.053,1560,12960
10021,10021,4442800012,20141218T000000,465000.0,3.0,2.5,1600,1311,3.0,0,0,3,8,1600,0,2005,0,98117,47.6903,-122.394,1390,1321
10022,10022,3339900640,20140620T000000,200000.0,3.0,2.25,1230,7420,1.5,0,0,5,7,1230,0,1913,0,98002,47.3184,-122.22,1260,7556
10023,10023,425400070,20140717T000000,238000.0,3.0,1.5,1610,6132,1.0,0,2,4,7,1090,520,1959,0,98056,47.5017,-122.174,1650,6132
10024,10024,4036800370,20141103T000000,455000.0,4.0,2.5,1320,7000,1.0,0,0,4,7,1320,0,1956,0,98008,47.6007,-122.127,1550,8610
10025,10025,2412600070,20141030T000000,230000.0,6.0,3.0,2180,7220,2.0,0,0,3,7,2180,0,1980,0,98003,47.3046,-122.305,2260,7344
10026,10026,8805900570,20140911T000000,808000.0,4.0,2.25,2190,4104,2.0,0,0,5,8,1410,780,1928,0,98112,47.6419,-122.306,1990,3860
10027,10027,9178600810,20141217T000000,578500.0,3.0,1.0,1490,5700,1.5,0,0,3,7,1490,0,1916,0,98103,47.6549,-122.331,2290,5700
10028,10028,2979800764,20140605T000000,390000.0,3.0,2.0,1463,868,3.0,0,0,3,7,1463,0,2003,0,98115,47.6843,-122.317,1484,4320
10029,10029,3904980270,20150505T000000,517500.0,3.0,2.5,1800,3933,2.0,0,0,3,8,1800,0,1989,0,98029,47.5746,-122.009,1800,4659
10030,10030,6738700075,20140626T000000,755000.0,4.0,2.75,2880,4000,1.5,0,0,3,9,2100,780,1912,2000,98144,47.5843,-122.293,2110,4000
10031,10031,1646501920,20141030T000000,579500.0,3.0,1.75,1250,4120,1.0,0,0,4,7,980,270,1925,0,98117,47.685,-122.36,1250,4120
10032,10032,2997800075,20140929T000000,649950.0,3.0,2.75,1670,1350,3.0,0,0,3,9,1350,320,2014,0,98116,47.5764,-122.408,1520,4800
10033,10033,4440400125,20140508T000000,228000.0,4.0,1.75,2000,6120,1.0,0,0,3,7,1100,900,1965,0,98178,47.5035,-122.258,1880,6120
10034,10034,3423600060,20141202T000000,665000.0,4.0,1.75,2280,3680,1.5,0,0,5,7,1470,810,1926,0,98115,47.6754,-122.3,1850,3680
10035,10035,1523560030,20150325T000000,689000.0,4.0,2.5,2110,6069,2.0,0,0,3,9,2110,0,1999,0,98052,47.6374,-122.111,2180,9000
10036,10036,2896000710,20141022T000000,560000.0,4.0,2.5,2520,11240,1.0,0,0,3,8,1440,1080,1977,0,98052,47.6748,-122.144,2360,10345
10037,10037,9238900060,20140529T000000,529000.0,3.0,1.0,1590,6420,1.0,0,0,3,7,1590,0,1944,0,98136,47.5355,-122.392,1780,5900
10038,10038,1081310060,20150108T000000,375000.0,5.0,2.5,2100,14858,1.0,0,0,5,8,2100,0,1970,0,98059,47.4721,-122.123,1980,11730
10039,10039,3256400060,20140923T000000,325000.0,4.0,2.75,2090,9240,1.0,0,0,4,6,2090,0,1949,0,98146,47.4854,-122.343,1460,9240
10040,10040,8914200060,20150115T000000,583000.0,4.0,2.5,3390,10519,2.0,0,2,3,10,3390,0,1990,0,98003,47.332,-122.334,2830,10519
10041,10041,732000160,20150429T000000,330000.0,2.0,1.0,790,9784,1.0,0,0,3,6,790,0,1932,0,98155,47.7634,-122.284,2350,10102
10042,10042,1592080060,20150417T000000,262000.0,3.0,2.5,1970,8727,2.0,0,0,3,7,1970,0,1995,0,98092,47.3263,-122.189,1670,9168
10043,10043,7852190320,20150313T000000,555000.0,4.0,2.5,2870,6776,2.0,0,0,3,8,2870,0,2004,0,98065,47.539,-121.878,2770,6658
10044,10044,7950303270,20150302T000000,585000.0,2.0,1.0,1110,6000,1.0,0,0,3,7,1010,100,1951,0,98118,47.5632,-122.282,1410,3500
10045,10045,7853340960,20150227T000000,425590.0,3.0,2.75,1940,3088,2.0,0,3,3,8,1770,170,2008,0,98065,47.5185,-121.878,1410,2335
10046,10046,7312900060,20140603T000000,235000.0,2.0,1.0,720,4840,1.0,0,0,4,6,720,0,1947,0,98126,47.5534,-122.375,1510,4840
10047,10047,1231001090,20140724T000000,362362.0,2.0,1.0,710,4000,1.0,0,0,3,6,710,0,1909,0,98118,47.5535,-122.269,960,4000
10048,10048,1545805460,20150204T000000,252000.0,3.0,2.0,1370,7500,1.0,0,0,3,7,1370,0,1997,0,98038,47.3634,-122.046,1420,7500
10049,10049,1473120390,20141224T000000,439000.0,4.0,2.5,2690,9551,2.0,0,0,3,9,2690,0,1992,0,98058,47.4343,-122.156,2890,9121
10050,10050,1657300070,20140812T000000,465000.0,4.0,2.25,3360,10810,2.0,0,0,4,9,3360,0,1988,0,98092,47.3316,-122.203,2590,10810
10051,10051,104501040,20141003T000000,249900.0,4.0,2.0,1500,7854,1.5,0,0,3,7,1500,0,1983,0,98023,47.3127,-122.354,1500,7334
10052,10052,9345400350,20140718T000000,665000.0,2.0,2.5,2600,5000,1.0,0,0,5,8,1300,1300,1926,0,98126,47.5806,-122.379,2260,5000
10053,10053,2592400400,20141014T000000,370000.0,3.0,1.75,1160,8774,1.0,0,0,3,7,1160,0,1972,0,98034,47.7159,-122.165,1990,7908
10054,10054,6788200295,20140612T000000,620000.0,2.0,1.0,1430,3000,1.5,0,0,3,7,1300,130,1929,0,98112,47.6415,-122.303,1750,4000
10055,10055,7308900445,20140724T000000,375000.0,3.0,1.0,1870,7671,1.0,0,0,4,8,1720,150,1937,0,98177,47.7162,-122.36,1460,7679
10056,10056,3034200435,20140827T000000,552625.0,4.0,2.0,2560,9390,1.0,0,0,5,8,1280,1280,1957,0,98133,47.7169,-122.329,1830,8169
10057,10057,3755000060,20140930T000000,315500.0,3.0,1.0,1160,10500,1.0,0,0,4,7,1160,0,1966,0,98034,47.7267,-122.227,1520,10500
10058,10058,7524950710,20140919T000000,620000.0,2.0,1.75,1680,8187,1.0,0,0,4,8,1680,0,1983,0,98027,47.5603,-122.081,2390,7801
10059,10059,6071200400,20141125T000000,510000.0,4.0,2.5,2010,9075,1.0,0,0,4,8,1310,700,1959,0,98006,47.553,-122.182,1850,9220
10060,10060,1939000030,20140627T000000,652500.0,4.0,2.5,2540,38677,2.0,0,0,3,9,2540,0,1987,0,98053,47.6694,-122.044,2560,36280
10061,10061,6979900370,20141114T000000,574000.0,4.0,2.5,3240,22795,2.0,0,0,3,8,3240,0,1998,0,98053,47.6329,-121.969,2570,29761
10062,10062,3303860160,20150224T000000,430000.0,3.0,2.5,2670,12806,2.0,0,0,3,9,2670,0,2010,0,98038,47.3686,-122.059,3010,7231
10063,10063,6413100311,20140603T000000,390000.0,3.0,2.0,1080,7236,1.0,0,0,5,7,1080,0,1947,0,98125,47.7143,-122.32,1120,8008
10064,10064,1232002015,20140605T000000,466500.0,3.0,1.0,1430,3840,1.0,0,0,3,7,950,480,1945,0,98117,47.6847,-122.381,1430,3840
10065,10065,5116060030,20141028T000000,315000.0,2.0,2.25,1290,2436,2.0,0,0,3,7,1290,0,1984,0,98052,47.6803,-122.156,1360,3088
10066,10066,1898700310,20140505T000000,220000.0,4.0,1.5,1240,9600,1.0,0,0,3,7,1240,0,1971,0,98023,47.3206,-122.397,1240,9592
10067,10067,1079600270,20150306T000000,325000.0,3.0,1.75,1840,17286,1.0,0,0,4,7,1440,400,1978,0,98030,47.371,-122.173,1840,14541
10068,10068,1073100030,20150428T000000,365000.0,3.0,1.0,1120,8443,1.0,0,0,3,7,1120,0,1953,0,98133,47.7715,-122.336,1450,8433
10069,10069,1157200189,20140514T000000,356000.0,3.0,3.5,2100,12384,2.0,0,0,3,9,2100,0,1980,0,98188,47.4687,-122.263,2400,7776
10070,10070,3822200105,20140923T000000,380000.0,4.0,1.75,2030,12518,1.0,0,0,3,8,1610,420,1950,0,98125,47.7278,-122.297,1650,7872
10071,10071,8121200700,20140713T000000,579000.0,4.0,2.25,2030,8764,2.0,0,0,4,8,2030,0,1983,0,98052,47.7214,-122.11,1950,8750
10072,10072,4221900030,20150501T000000,682000.0,2.0,1.0,890,5000,1.0,0,0,3,7,890,0,1943,0,98105,47.6666,-122.279,1680,5000
10073,10073,9475200030,20140616T000000,499000.0,3.0,1.75,1750,12325,1.0,0,0,4,7,1470,280,1968,0,98052,47.6832,-122.118,1820,9750
10074,10074,3585220070,20150423T000000,333760.0,3.0,1.0,1300,5880,1.0,0,0,3,7,1300,0,1968,0,98052,47.6937,-122.113,1300,7700
10075,10075,8644220070,20140910T000000,745000.0,4.0,2.5,2650,18903,2.0,0,0,3,11,2650,0,1994,0,98075,47.5761,-121.989,3270,18843
10076,10076,9225900055,20140722T000000,380000.0,3.0,1.75,1750,10870,1.0,0,0,5,7,1750,0,1968,0,98056,47.4989,-122.188,1230,10868
10077,10077,1972202010,20140801T000000,435000.0,3.0,3.0,1440,1350,3.5,0,2,3,8,1440,0,2005,0,98103,47.6525,-122.345,1440,1350
10078,10078,9547200340,20150120T000000,520000.0,3.0,2.75,1700,3264,1.0,0,0,3,7,1060,640,1919,0,98115,47.6767,-122.311,1880,4080
10079,10079,2481630030,20150427T000000,965000.0,4.0,2.5,3920,41206,2.0,0,0,4,10,3920,0,1988,0,98072,47.7325,-122.132,3780,36562
10080,10080,3092000030,20140808T000000,270000.0,3.0,2.25,1470,16728,1.0,0,0,4,7,1350,120,1959,0,98168,47.4968,-122.302,1540,9000
10081,10081,3592500340,20150313T000000,1100000.0,5.0,2.75,2520,4643,1.5,0,0,4,8,2120,400,1916,0,98112,47.6348,-122.301,2100,4564
10082,10082,3447000060,20141008T000000,577500.0,3.0,1.75,2140,13286,1.0,0,0,4,8,1220,920,1964,0,98006,47.5722,-122.128,2250,13286
10083,10083,2767704860,20140728T000000,650000.0,3.0,1.75,1550,5000,1.0,0,0,3,7,1250,300,1911,2011,98107,47.6722,-122.372,1110,5000
10084,10084,4141000060,20141205T000000,1227500.0,4.0,2.5,3180,10319,2.0,0,0,4,11,3180,0,1986,0,98040,47.5372,-122.232,3130,12120
10085,10085,7767000060,20140912T000000,1900000.0,5.0,4.25,6510,16471,2.0,0,3,4,11,3250,3260,1980,0,98040,47.5758,-122.242,4480,16471
10086,10086,2061100390,20140721T000000,475000.0,2.0,2.0,1440,3720,1.5,0,0,3,7,1440,0,1983,0,98115,47.6902,-122.325,1490,4308
10087,10087,4388000260,20150330T000000,200000.0,3.0,1.0,1150,10132,1.0,0,0,4,7,1150,0,1970,0,98023,47.3172,-122.372,1180,8713
10088,10088,7787110510,20140620T000000,397000.0,4.0,2.5,2320,11717,2.0,0,0,3,8,2320,0,1997,0,98045,47.484,-121.78,2320,9714
10089,10089,4024100982,20150219T000000,383610.0,3.0,2.0,1230,8450,1.0,0,0,3,7,1230,0,1989,0,98155,47.7548,-122.305,2110,8536
10090,10090,2621420060,20140728T000000,275000.0,4.0,2.5,2060,5742,2.0,0,0,3,7,2060,0,1999,0,98030,47.3612,-122.185,1610,7298
10091,10091,4319200060,20140709T000000,840000.0,3.0,2.0,2783,11177,2.0,0,0,3,8,2783,0,1910,1999,98126,47.538,-122.38,1730,8018
10092,10092,2473480310,20140918T000000,365000.0,4.0,2.5,2140,7350,2.0,0,0,3,8,2140,0,1985,0,98058,47.4483,-122.124,2120,8395
10093,10093,3629960060,20140904T000000,362000.0,3.0,2.75,1420,955,2.0,0,0,3,8,1160,260,2004,0,98029,47.5477,-122.003,1420,955
10094,10094,7857000732,20141101T000000,350000.0,3.0,1.75,2090,6258,1.0,0,0,3,7,1390,700,1956,0,98108,47.5503,-122.301,1790,5793
10095,10095,7805600070,20141111T000000,200000.0,2.0,1.75,1320,13052,1.5,0,0,3,7,1320,0,1980,0,98014,47.712,-121.352,1320,13052
10096,10096,109200140,20150506T000000,299000.0,4.0,2.5,2300,8100,1.0,0,0,4,8,1360,940,1979,0,98023,47.2979,-122.371,1910,7630
10097,10097,3224059033,20141007T000000,555000.0,4.0,1.5,3050,82764,1.0,0,0,3,8,1650,1400,1966,0,98056,47.5266,-122.189,2930,10074
10098,10098,868002015,20150225T000000,1326000.0,3.0,2.25,2960,8330,1.0,0,3,4,10,2260,700,1953,0,98177,47.7035,-122.385,2960,8840
10099,10099,321100260,20140630T000000,896000.0,5.0,2.75,2520,16100,1.0,0,3,4,8,1570,950,1960,0,98040,47.528,-122.224,2760,16988
10100,10100,2325039084,20141217T000000,550000.0,2.0,1.75,1740,7290,1.0,0,0,3,8,1280,460,1950,0,98199,47.6461,-122.397,1820,6174
10101,10101,2126049083,20150508T000000,324500.0,2.0,1.0,1300,6617,1.0,0,0,3,7,1300,0,1986,0,98125,47.7238,-122.302,1820,7800
10102,10102,3298400350,20150105T000000,312500.0,3.0,1.0,1170,7350,1.0,0,0,4,7,1170,0,1960,0,98008,47.625,-122.117,1170,7350
10103,10103,7558800240,20150414T000000,485000.0,4.0,3.25,1946,17786,2.0,0,1,4,7,1946,0,1990,0,98070,47.359,-122.452,1460,16661
10104,10104,5100402782,20141020T000000,511000.0,2.0,1.0,1250,5413,1.0,0,0,4,7,1250,0,1923,0,98115,47.6945,-122.315,1250,5413
10105,10105,5466310060,20150324T000000,139500.0,2.0,1.5,1230,1561,2.0,0,0,3,7,1230,0,1983,0,98042,47.3768,-122.149,1660,2243
10106,10106,8079010310,20140611T000000,464000.0,4.0,2.5,2180,7203,2.0,0,0,4,8,2180,0,1989,0,98059,47.5119,-122.151,2350,7334
10107,10107,8581200240,20150429T000000,255000.0,3.0,1.75,1740,8800,1.0,0,0,3,7,1140,600,1978,0,98023,47.2968,-122.372,1690,7920
10108,10108,7853250070,20150417T000000,679975.0,4.0,2.5,3830,4644,2.0,0,0,3,8,2900,930,2004,0,98065,47.5384,-121.88,3400,6163
10109,10109,7785000260,20140709T000000,624800.0,3.0,2.0,2250,14274,1.0,0,0,4,8,1500,750,1964,0,98040,47.5762,-122.217,2820,13813
10110,10110,3525069037,20141120T000000,920000.0,3.0,2.75,2590,223027,2.0,0,0,3,9,2590,0,1983,0,98074,47.6145,-122.001,3410,212137
10111,10111,4217401180,20140530T000000,1365000.0,3.0,2.5,2090,6000,1.5,0,0,4,9,2090,0,1928,0,98105,47.6567,-122.281,2730,6000
10112,10112,8861700030,20141212T000000,510000.0,3.0,1.5,2400,10275,1.0,0,0,4,8,1540,860,1964,0,98052,47.6888,-122.126,2380,10125
10113,10113,2287400030,20140626T000000,289659.0,4.0,2.25,2260,7200,2.0,0,0,4,7,2260,0,1984,0,98031,47.4121,-122.183,1720,7200
10114,10114,7852010510,20150424T000000,585000.0,4.0,2.5,2910,6250,2.0,0,0,3,8,2910,0,1999,0,98065,47.538,-121.87,2550,6250
10115,10115,5104512180,20140626T000000,555000.0,5.0,3.0,3640,6930,2.0,0,0,3,8,3640,0,2004,0,98038,47.3521,-122.012,3740,7182
10116,10116,9201000030,20150313T000000,940000.0,4.0,2.75,3770,24897,2.0,0,2,4,8,2550,1220,1964,0,98075,47.5824,-122.078,2640,11502
10117,10117,7199340560,20140909T000000,460000.0,3.0,2.0,1600,7350,1.0,0,0,4,7,1600,0,1979,0,98052,47.6977,-122.126,1600,7200
10118,10118,5561700340,20141121T000000,319000.0,3.0,2.5,2110,7434,2.0,0,0,4,7,2110,0,1978,0,98031,47.3935,-122.169,2100,7749
10119,10119,1657530350,20140519T000000,280000.0,3.0,2.5,1720,1916,2.0,0,0,3,7,1720,0,2005,0,98059,47.4895,-122.166,1760,1916
10120,10120,9423800030,20141118T000000,250000.0,3.0,1.0,1100,7470,1.0,0,0,4,5,1100,0,1917,0,98065,47.5242,-121.831,1280,7055
10121,10121,1939100560,20150116T000000,749950.0,4.0,2.5,2620,8312,2.0,0,0,3,9,2620,0,1990,0,98074,47.6272,-122.033,2260,8515
10122,10122,626059276,20140530T000000,458000.0,5.0,2.5,3090,23265,1.0,0,0,3,8,2990,100,1957,0,98011,47.7709,-122.212,2560,18773
10123,10123,7852020800,20150402T000000,465000.0,3.0,2.5,1890,4808,2.0,0,0,3,8,1890,0,2000,0,98065,47.5348,-121.866,2460,5348
10124,10124,1994200012,20150413T000000,580000.0,3.0,1.75,1850,2797,1.0,0,0,3,8,1150,700,1977,0,98103,47.6871,-122.336,1450,4599
10125,10125,6626100260,20140806T000000,700000.0,4.0,2.5,3100,36562,2.0,0,0,3,10,3100,0,1994,0,98077,47.7646,-122.065,3080,39351
10126,10126,4166800320,20141110T000000,350000.0,4.0,2.5,2506,7206,2.0,0,0,3,8,2506,0,2007,0,98023,47.3236,-122.337,2441,7220
10127,10127,5490210200,20140905T000000,456000.0,4.0,1.0,1700,7689,1.0,0,0,3,7,1080,620,1977,0,98052,47.6955,-122.116,1700,7333
10128,10128,5067400162,20150218T000000,290000.0,3.0,2.0,1550,18958,1.5,0,0,3,7,1550,0,1983,0,98198,47.3699,-122.319,1840,12826
10129,10129,4306500070,20140711T000000,475000.0,4.0,2.75,2200,16288,1.0,0,0,3,7,1290,910,1980,0,98059,47.4793,-122.122,2650,6620
10130,10130,5416500260,20140908T000000,285000.0,3.0,2.5,1890,3629,2.0,0,0,3,7,1890,0,2005,0,98038,47.3613,-122.041,1980,4000
10131,10131,1446800710,20150227T000000,309000.0,3.0,1.0,1140,6400,1.0,0,0,3,7,1140,0,1962,0,98168,47.4902,-122.331,1340,6650
10132,10132,2324800350,20140506T000000,860000.0,4.0,2.0,3740,32417,2.0,0,0,3,9,3740,0,2000,0,98053,47.6728,-122.012,3180,32417
10133,10133,6648500390,20150226T000000,219000.0,3.0,2.25,1940,6500,1.0,0,0,3,8,1440,500,1979,0,98042,47.3565,-122.149,1880,8991
10134,10134,8078440140,20141009T000000,546500.0,3.0,2.5,2130,7199,2.0,0,0,3,8,2130,0,1990,0,98074,47.6331,-122.027,1890,7546
10135,10135,2624049050,20150213T000000,338000.0,2.0,1.0,1470,5566,1.0,0,0,4,7,770,700,1919,0,98118,47.5348,-122.269,1410,5808
10136,10136,1862400226,20150311T000000,505000.0,2.0,1.0,1070,8130,1.0,0,0,3,7,1070,0,1942,0,98117,47.697,-122.37,1360,7653
10137,10137,4046700140,20141002T000000,340000.0,4.0,1.75,1680,15084,1.0,0,0,4,7,840,840,1979,0,98014,47.6895,-121.912,1800,15092
10138,10138,3066410810,20140822T000000,678000.0,3.0,2.25,2730,10675,2.0,0,0,3,9,2730,0,1990,0,98074,47.6289,-122.042,2770,10570
10139,10139,5453700140,20141208T000000,800000.0,3.0,1.75,1890,10292,1.0,0,0,4,8,1890,0,1969,0,98040,47.535,-122.234,2630,10625
10140,10140,2648500030,20140725T000000,112000.0,1.0,1.0,1080,3230,1.0,0,0,3,6,1080,0,1963,0,98002,47.3075,-122.217,1210,5760
10141,10141,4167100240,20150310T000000,252000.0,3.0,1.75,1440,16819,1.5,0,0,4,6,1440,0,1925,0,98023,47.3318,-122.373,1560,12376
10142,10142,2460700030,20140604T000000,335000.0,4.0,2.75,2540,7210,1.0,0,0,4,7,1600,940,1979,0,98058,47.4601,-122.165,1820,7766
10143,10143,682000030,20140703T000000,610000.0,3.0,2.0,2300,13418,1.0,0,0,3,8,1430,870,1955,0,98004,47.6075,-122.2,2140,9380
10144,10144,9211500560,20141028T000000,245000.0,3.0,2.0,1690,6790,1.0,0,0,3,7,1360,330,1979,0,98023,47.2981,-122.38,1740,6790
10145,10145,3211800140,20150205T000000,493500.0,3.0,1.75,1800,16026,1.0,0,0,3,8,1390,410,1972,0,98008,47.5815,-122.121,2210,13959
10146,10146,2193340260,20150107T000000,596500.0,4.0,2.25,1770,8505,2.0,0,0,3,8,1770,0,1986,0,98052,47.6904,-122.102,1880,8939
10147,10147,3419600125,20140701T000000,245000.0,3.0,2.0,1190,4072,1.5,0,0,5,6,1190,0,1907,0,98118,47.5276,-122.274,1680,5850
10148,10148,1357300240,20141027T000000,333500.0,3.0,1.75,1320,7200,1.0,0,0,4,7,1320,0,1977,0,98028,47.7341,-122.237,1750,7260
10149,10149,3876820140,20141110T000000,373000.0,3.0,1.0,1290,8974,1.0,0,0,5,7,1290,0,1976,0,98072,47.74,-122.173,1540,7500
10150,10150,9526600710,20140724T000000,759900.0,4.0,2.5,3000,5639,2.0,0,0,3,8,3000,0,2008,0,98052,47.7066,-122.115,3000,4587
10151,10151,2291400350,20140826T000000,317000.0,3.0,2.25,1358,1204,3.0,0,0,3,7,1358,0,2007,0,98133,47.7054,-122.346,1358,1196
10152,10152,9834200390,20150512T000000,670000.0,3.0,1.5,1220,4080,1.5,0,0,5,7,1220,0,1914,0,98144,47.5746,-122.289,1320,4080
10153,10153,7631200310,20141106T000000,985000.0,2.0,2.5,2720,26761,2.0,1,4,3,7,2720,0,1990,0,98166,47.4499,-122.376,1870,12396
10154,10154,3438500796,20150430T000000,310000.0,3.0,1.5,1060,6954,1.0,0,0,4,6,1060,0,1983,0,98106,47.5497,-122.355,1560,6372
10155,10155,11520200,20141015T000000,750000.0,4.0,2.5,3020,13122,2.0,0,0,3,9,2540,480,1997,0,98052,47.6989,-122.111,3020,10873
10156,10156,339600070,20140721T000000,408000.0,3.0,2.0,1640,3440,2.0,0,0,3,7,1640,0,1987,0,98052,47.6829,-122.097,1070,3549
10157,10157,629810800,20140617T000000,900000.0,5.0,3.75,3870,8225,2.0,0,0,3,10,3870,0,1998,0,98074,47.6078,-122.01,3600,9361
10158,10158,8665900070,20150123T000000,460000.0,4.0,2.25,2860,15054,1.0,0,0,3,8,1460,1400,1957,0,98155,47.7655,-122.3,1730,18525
10159,10159,9282800075,20150317T000000,339000.0,4.0,2.5,1740,6000,1.0,0,0,4,7,1740,0,1952,0,98178,47.5026,-122.236,1190,6000
10160,10160,809002675,20150413T000000,660000.0,3.0,2.0,1140,6000,1.0,0,0,3,7,1140,0,1909,0,98109,47.637,-122.355,1260,4000
10161,10161,6305900350,20150422T000000,449950.0,4.0,3.0,3290,10783,2.0,0,0,3,9,3290,0,1990,0,98031,47.3904,-122.178,2810,10783
10162,10162,1180002075,20140825T000000,235000.0,3.0,1.0,1210,6000,1.0,0,0,3,7,1210,0,1930,0,98178,47.4984,-122.224,1210,6000
10163,10163,8832900135,20150113T000000,769000.0,5.0,2.25,3320,13138,1.0,0,2,4,9,1900,1420,1964,0,98028,47.75899999999999,-122.269,2820,13138
10164,10164,8682230400,20140507T000000,428000.0,2.0,2.0,1350,3900,1.0,0,0,3,8,1350,0,2003,0,98053,47.7094,-122.03,1440,3900
10165,10165,9560800390,20140516T000000,445000.0,3.0,2.25,1990,7340,2.0,0,0,3,8,1990,0,1984,0,98072,47.7579,-122.141,2180,11223
10166,10166,2558630350,20150321T000000,462000.0,4.0,2.5,2060,6958,1.0,0,0,3,7,1220,840,1974,0,98034,47.7251,-122.168,1760,7350
10167,10167,7517500310,20150506T000000,775000.0,3.0,1.0,1460,6198,1.5,0,0,4,7,1460,0,1916,0,98107,47.6626,-122.361,2280,5160
10168,10168,4141400030,20141201T000000,605000.0,4.0,1.75,2250,10108,1.0,0,0,4,8,2250,0,1967,0,98008,47.5922,-122.118,2050,9750
10169,10169,8570900162,20141016T000000,193500.0,2.0,1.0,950,15996,1.0,0,0,4,7,950,0,1946,1995,98045,47.4987,-121.787,950,25510
10170,10170,6837820030,20140522T000000,389950.0,4.0,2.5,3140,8060,2.0,0,0,3,9,3140,0,1991,0,98023,47.3091,-122.343,3000,8060
10171,10171,98030400,20140711T000000,790000.0,4.0,3.5,3560,6098,2.0,0,0,3,10,3560,0,2006,0,98075,47.5828,-121.972,3660,6846
10172,10172,7312400030,20150130T000000,442000.0,2.0,1.0,1410,5000,1.0,0,2,4,7,940,470,1918,0,98126,47.5531,-122.379,1450,5000
10173,10173,5452800800,20140613T000000,890000.0,4.0,2.25,2770,13500,2.0,0,0,3,8,2770,0,1974,0,98040,47.543,-122.231,2300,13500
10174,10174,7889000125,20150319T000000,235000.0,3.0,1.0,1864,6978,1.0,0,0,4,7,1864,0,1958,0,98002,47.285,-122.206,990,8000
10175,10175,5101402276,20141217T000000,495000.0,4.0,1.75,1930,6720,1.0,0,2,3,8,1130,800,1959,0,98115,47.6935,-122.312,1850,6380
10176,10176,1621069045,20150105T000000,600000.0,4.0,2.5,3870,50965,2.0,0,0,3,10,3870,0,2007,0,98010,47.3109,-122.045,2170,65843
10177,10177,1370800935,20140618T000000,1400000.0,3.0,2.0,2020,5500,1.5,0,3,3,10,1790,230,1937,0,98199,47.6388,-122.409,2580,5500
10178,10178,7522600030,20140826T000000,251000.0,3.0,2.0,1300,8400,1.0,0,0,4,7,1300,0,1967,0,98198,47.368,-122.315,1300,7500
10179,10179,123059046,20150326T000000,471000.0,4.0,2.25,3410,57063,2.0,0,0,4,8,2410,1000,1978,0,98059,47.505,-122.11,2870,145490
10180,10180,5201000030,20150323T000000,597000.0,4.0,2.5,2370,41338,2.0,0,0,3,8,2370,0,1995,0,98077,47.7379,-122.052,2340,46661
10181,10181,8965500030,20140923T000000,804000.0,5.0,3.5,2770,9305,2.0,0,0,3,9,2770,0,1985,0,98006,47.5628,-122.114,2520,9773
10182,10182,4019300030,20141013T000000,357000.0,3.0,1.75,1250,17493,1.0,0,0,3,7,1250,0,1972,0,98155,47.7613,-122.274,2180,19553
10183,10183,8929000030,20140821T000000,419990.0,3.0,2.5,1690,1689,2.0,0,0,3,8,1150,540,2014,0,98029,47.5528,-121.999,1540,1689
10184,10184,7880020030,20141110T000000,725000.0,4.0,2.5,3040,35201,2.0,0,0,4,10,3040,0,1987,0,98027,47.4872,-122.066,2990,35416
10185,10185,806800400,20150209T000000,275000.0,3.0,2.5,2710,5733,2.0,0,0,3,7,2710,0,2003,0,98092,47.3357,-122.171,2720,5733
10186,10186,7327500270,20140925T000000,445000.0,3.0,2.25,1190,13630,1.0,0,0,3,7,1190,0,1984,0,98045,47.4813,-121.735,1630,14405
10187,10187,8568010310,20140912T000000,510000.0,3.0,2.5,2300,27566,2.0,0,0,3,9,2300,0,1995,0,98019,47.7369,-121.96,2480,16650
10188,10188,1126049105,20140527T000000,330000.0,4.0,1.0,1360,13372,1.0,0,0,3,7,1360,0,1955,0,98028,47.7622,-122.263,1540,10283
10189,10189,3438501662,20140818T000000,270000.0,3.0,1.0,1500,5605,1.0,0,0,5,6,750,750,1942,0,98106,47.5456,-122.359,1050,9100
10190,10190,293000036,20150403T000000,495000.0,4.0,2.0,1610,4770,1.0,0,0,4,7,1230,380,1941,0,98126,47.5333,-122.381,1180,6120
10191,10191,2648000071,20150306T000000,225000.0,4.0,1.75,1420,10300,2.0,0,0,3,7,1420,0,1950,2001,98002,47.3121,-122.215,1420,10300
10192,10192,5273200060,20150504T000000,716528.0,3.0,1.5,1750,5400,1.0,0,0,4,7,1050,700,1952,0,98115,47.6799,-122.279,1750,5400
10193,10193,2025701360,20141014T000000,260000.0,3.0,2.5,1510,6095,2.0,0,0,4,7,1510,0,1991,0,98038,47.3498,-122.037,1520,6000
10194,10194,7787120260,20140609T000000,471000.0,4.0,2.5,2330,9928,2.0,0,0,3,8,2330,0,1998,0,98045,47.4836,-121.783,2430,8175
10195,10195,4154305085,20150226T000000,690000.0,5.0,3.5,2690,4800,2.0,0,2,3,8,1930,760,1919,1984,98118,47.5592,-122.269,2080,4900
10196,10196,967000400,20150428T000000,548000.0,5.0,1.5,1700,7200,1.5,0,0,3,7,1700,0,1937,0,98011,47.7614,-122.203,1460,7194
10197,10197,5101401816,20140726T000000,505000.0,3.0,1.0,1020,5410,1.0,0,0,4,7,880,140,1928,0,98115,47.6924,-122.31,1580,5376
10198,10198,3755000310,20141217T000000,325000.0,3.0,1.0,1160,11799,1.0,0,0,3,7,1160,0,1966,0,98034,47.7263,-122.229,1220,10500
10199,10199,7300200400,20141105T000000,682000.0,4.0,2.25,2450,34092,2.0,0,0,4,8,2450,0,1980,0,98075,47.5751,-122.049,2410,35378
10200,10200,1795920350,20140617T000000,605000.0,3.0,2.25,2010,10760,2.0,0,0,3,8,2010,0,1985,0,98052,47.7276,-122.103,2240,9357
10201,10201,3530440140,20150505T000000,276200.0,2.0,1.75,1370,4495,1.0,0,0,4,8,1370,0,1975,0,98198,47.3794,-122.317,1370,4686
10202,10202,6690500060,20140724T000000,530000.0,3.0,1.0,1370,4040,1.5,0,0,3,7,1370,0,1906,0,98103,47.6867,-122.354,1220,3030
10203,10203,3568200060,20140902T000000,245000.0,3.0,3.0,1990,9600,1.0,0,0,3,7,1440,550,1988,0,98003,47.3499,-122.296,1670,9600
10204,10204,3530200160,20140603T000000,654950.0,4.0,2.5,2790,45902,2.0,0,0,3,9,2790,0,1987,0,98077,47.7674,-122.086,2890,42421
10205,10205,40000228,20141015T000000,221900.0,2.0,1.0,780,6727,1.0,0,0,3,6,780,0,1939,0,98168,47.4733,-122.281,1860,10124
10206,10206,3878900270,20150429T000000,466000.0,4.0,2.0,2240,4508,1.0,0,2,4,8,1340,900,1926,0,98178,47.5096,-122.25,1930,5250
10207,10207,8029600400,20150213T000000,383150.0,3.0,2.0,2210,6387,1.0,0,0,3,8,2210,0,2003,0,98003,47.265,-122.302,2570,6497
10208,10208,4083300510,20140505T000000,657100.0,4.0,1.0,1390,4240,1.0,0,0,3,7,1050,340,1924,0,98103,47.6596,-122.338,1810,4240
10209,10209,1026069155,20150312T000000,539000.0,3.0,2.0,1800,43995,2.0,0,0,3,8,1800,0,1988,0,98077,47.7585,-122.022,2290,51400
10210,10210,3298600340,20140905T000000,400000.0,6.0,3.0,3320,15600,1.0,0,0,4,8,1660,1660,1977,0,98092,47.2983,-122.166,2330,15360
10211,10211,1921059235,20140620T000000,215000.0,4.0,2.5,1960,11600,1.0,0,0,5,6,980,980,1931,0,98002,47.2898,-122.222,1160,7685
10212,10212,2887701420,20141124T000000,489000.0,2.0,1.0,850,2850,1.0,0,0,4,7,850,0,1927,0,98115,47.6875,-122.309,1450,4015
10213,10213,2553300270,20141105T000000,649000.0,4.0,2.5,2980,12764,2.0,0,0,3,10,2980,0,1994,0,98075,47.5857,-122.027,3080,9810
10214,10214,6206100075,20150512T000000,700000.0,4.0,1.75,1980,10800,1.0,0,0,4,8,1320,660,1953,0,98005,47.5899,-122.173,2310,10800
10215,10215,1397300055,20140520T000000,268500.0,2.0,1.0,790,8424,1.0,0,0,4,6,790,0,1953,0,98133,47.7511,-122.352,1470,8424
10216,10216,1357900060,20140610T000000,515000.0,3.0,2.5,1800,5001,2.0,0,0,3,7,1800,0,1996,0,98034,47.7126,-122.231,2106,5618
10217,10217,9346700030,20150223T000000,685000.0,4.0,2.0,2260,10800,1.0,0,0,3,9,2260,0,1978,0,98007,47.6124,-122.153,2650,9900
10218,10218,730000139,20141016T000000,305000.0,2.0,1.5,800,2142,2.0,0,0,3,7,800,0,2006,0,98144,47.5917,-122.297,1320,2742
10219,10219,4219400465,20150112T000000,950000.0,4.0,2.0,2490,4600,1.5,0,2,3,8,2090,400,1926,0,98105,47.6557,-122.278,2910,5000
10220,10220,8947250060,20150326T000000,292500.0,4.0,2.5,1610,4568,2.0,0,0,3,7,1610,0,2006,0,98001,47.3351,-122.289,1834,4604
10221,10221,3293700496,20140814T000000,270000.0,4.0,1.75,1850,7730,1.0,0,0,5,7,1100,750,1956,0,98133,47.7481,-122.355,2260,8581
10222,10222,3293700496,20141204T000000,450000.0,4.0,1.75,1850,7730,1.0,0,0,5,7,1100,750,1956,0,98133,47.7481,-122.355,2260,8581
10223,10223,2921700060,20141027T000000,535000.0,4.0,1.0,1920,6480,1.5,0,0,3,7,1920,0,1920,0,98117,47.6897,-122.374,1600,6470
10224,10224,3629870200,20150306T000000,550000.0,3.0,2.5,1740,3082,2.0,0,0,3,8,1740,0,2000,0,98029,47.5489,-122.006,1910,3075
10225,10225,6909200335,20140624T000000,457500.0,3.0,2.25,1430,2003,2.0,0,0,3,8,980,450,1996,0,98144,47.5908,-122.292,2210,4000
10226,10226,8945100320,20140506T000000,136500.0,3.0,1.5,1420,8580,1.0,0,0,3,6,1420,0,1962,0,98023,47.3076,-122.362,1200,8580
10227,10227,8945100320,20141008T000000,224097.0,3.0,1.5,1420,8580,1.0,0,0,3,6,1420,0,1962,0,98023,47.3076,-122.362,1200,8580
10228,10228,6792200282,20140922T000000,254000.0,3.0,2.5,1560,10608,2.0,0,0,3,7,1560,0,1994,0,98042,47.3572,-122.161,1360,10608
10229,10229,1471701170,20140611T000000,335000.0,4.0,2.25,2030,13500,1.0,0,0,3,7,1230,800,1963,0,98059,47.4596,-122.066,1830,13800
10230,10230,8564850200,20150402T000000,594950.0,5.0,2.5,3280,6553,2.0,0,0,3,9,3280,0,2012,0,98045,47.475,-121.737,3360,7242
10231,10231,1471610070,20140827T000000,350000.0,3.0,1.75,1360,18123,1.0,0,0,3,8,1360,0,1983,0,98045,47.4716,-121.756,1570,16817
10232,10232,3384300160,20140916T000000,169950.0,3.0,1.0,1180,9832,1.0,0,0,3,7,1180,0,1970,0,98042,47.3845,-122.085,1220,9894
10233,10233,6139800390,20141006T000000,432500.0,3.0,2.5,1940,10800,1.0,0,0,3,8,1340,600,1979,0,98077,47.7471,-122.075,2080,9600
10234,10234,8819900270,20140520T000000,440000.0,2.0,1.75,1300,4000,2.0,0,0,3,7,1300,0,1948,0,98105,47.6687,-122.288,1350,4013
10235,10235,8944290200,20140918T000000,233703.0,3.0,2.25,1650,3788,2.0,0,0,3,7,1650,0,1985,0,98031,47.3908,-122.167,1510,3994
10236,10236,4057300030,20141114T000000,310000.0,3.0,1.5,1140,3292,2.0,0,0,3,7,1140,0,1988,0,98029,47.5701,-122.017,1150,3592
10237,10237,1277000240,20150402T000000,735000.0,3.0,2.5,2540,6762,2.0,0,0,3,10,2540,0,1998,0,98007,47.6239,-122.144,2870,6631
10238,10238,3345100002,20141217T000000,730000.0,4.0,2.75,3440,8150,2.0,0,0,3,10,3440,0,2014,0,98056,47.5168,-122.189,2560,8315
10239,10239,179000505,20141024T000000,257000.0,3.0,1.75,1800,9000,1.0,0,0,3,7,1200,600,1961,0,98178,47.4932,-122.278,980,6000
10240,10240,1972200751,20140519T000000,485000.0,2.0,2.25,1260,1240,3.0,0,0,3,8,1260,0,2004,0,98103,47.6531,-122.352,1330,1300
10241,10241,868002080,20140619T000000,899000.0,4.0,2.25,2370,6000,1.0,0,2,3,8,1440,930,1959,0,98177,47.7023,-122.388,3280,8843
10242,10242,4426600125,20141118T000000,279000.0,3.0,1.0,1520,8055,1.5,0,0,3,7,1520,0,1952,0,98125,47.7222,-122.305,1560,8160
10243,10243,1683500140,20141211T000000,225000.0,4.0,2.0,1750,7245,1.0,0,0,4,7,1050,700,1974,0,98092,47.3164,-122.196,1640,7245
10244,10244,1689401230,20140625T000000,1355000.0,3.0,1.5,2680,4775,2.0,0,2,5,8,1880,800,1913,0,98109,47.6333,-122.347,2280,5947
10245,10245,7852060370,20140811T000000,355000.0,3.0,2.5,1590,4242,2.0,0,0,3,7,1590,0,2000,0,98065,47.5309,-121.876,1590,3702
10246,10246,3876200060,20140502T000000,382500.0,4.0,1.75,1560,8700,1.0,0,0,4,7,1560,0,1967,0,98034,47.7274,-122.181,2080,8000
10247,10247,2571910260,20141107T000000,324360.0,3.0,2.5,2000,9669,2.0,0,0,4,8,2000,0,1992,0,98022,47.1964,-122.009,1930,9202
10248,10248,8731900640,20150324T000000,315000.0,3.0,1.75,2380,10450,1.5,0,0,3,8,2380,0,1966,0,98023,47.3143,-122.37,2320,8500
10249,10249,1826049094,20140716T000000,426000.0,2.0,1.0,2230,11472,2.0,0,0,3,7,2230,0,1951,0,98133,47.7372,-122.35,1870,8649
10250,10250,2345700260,20150406T000000,395000.0,5.0,2.5,2820,6305,2.0,0,0,3,8,2820,0,2003,0,98003,47.2616,-122.296,2610,6306
10251,10251,3622069050,20141121T000000,212644.0,3.0,1.0,1570,9650,1.5,0,0,5,5,1570,0,1922,0,98010,47.3531,-121.982,1330,9650
10252,10252,3342100160,20141009T000000,510000.0,3.0,3.0,1845,5100,2.0,0,2,5,8,1845,0,1947,0,98056,47.5204,-122.208,2100,7650
10253,10253,2422049104,20140915T000000,85000.0,2.0,1.0,830,9000,1.0,0,0,3,6,830,0,1939,0,98032,47.3813,-122.243,1160,7680
10254,10254,2422049104,20141230T000000,235000.0,2.0,1.0,830,9000,1.0,0,0,3,6,830,0,1939,0,98032,47.3813,-122.243,1160,7680
10255,10255,6600350140,20150408T000000,295000.0,4.0,2.5,2030,5754,2.0,0,0,3,8,2030,0,2001,0,98042,47.3542,-122.137,2030,5784
10256,10256,510003230,20140810T000000,720001.0,3.0,2.5,1430,2200,1.5,0,0,4,7,1430,0,1910,0,98103,47.6601,-122.331,1740,4275
10257,10257,1995200200,20140506T000000,313950.0,3.0,1.0,1510,6083,1.0,0,0,4,6,860,650,1940,0,98115,47.6966,-122.324,1510,5712
10258,10258,1995200200,20141008T000000,415000.0,3.0,1.0,1510,6083,1.0,0,0,4,6,860,650,1940,0,98115,47.6966,-122.324,1510,5712
10259,10259,2473480350,20140519T000000,305000.0,3.0,1.75,1610,12247,1.0,0,0,3,8,1610,0,1981,0,98058,47.4476,-122.124,2010,9271
10260,10260,1189000700,20141001T000000,625000.0,3.0,1.5,1600,4128,1.5,0,0,3,8,1250,350,1906,0,98122,47.6122,-122.297,1540,3976
10261,10261,7923700030,20150414T000000,490000.0,3.0,1.0,1420,11040,1.0,0,0,4,7,1420,0,1961,0,98007,47.5969,-122.14,1530,8208
10262,10262,1796360340,20140722T000000,269950.0,3.0,2.0,1660,8641,2.0,0,0,4,8,1660,0,1987,0,98042,47.3663,-122.088,1490,8641
10263,10263,625059036,20140813T000000,2700000.0,5.0,4.0,4230,27295,2.0,1,4,3,8,3230,1000,1949,1985,98033,47.6803,-122.214,2660,27295
10264,10264,5694500200,20140813T000000,829000.0,4.0,3.0,3310,4500,2.5,0,0,5,9,2910,400,1900,0,98103,47.6594,-122.345,1440,3750
10265,10265,224069114,20140829T000000,635000.0,4.0,2.5,2470,77550,1.0,0,0,4,7,2470,0,1987,0,98075,47.5888,-122.011,2490,40894
10266,10266,5379802871,20150312T000000,217500.0,3.0,1.0,1040,9750,1.0,0,0,3,7,1040,0,1959,0,98188,47.4553,-122.274,1510,11100
10267,10267,1311600030,20140716T000000,270000.0,4.0,1.75,1850,7350,1.0,0,0,3,7,1050,800,1965,0,98001,47.3413,-122.277,1450,7250
10268,10268,669000350,20140926T000000,1245000.0,3.0,3.0,4610,8400,2.0,0,2,3,8,2790,1820,1947,1999,98144,47.5854,-122.292,2160,5000
10269,10269,2494000070,20150127T000000,480000.0,4.0,2.5,2480,5100,2.0,0,0,3,8,2480,0,2007,0,98019,47.7383,-121.969,2270,5115
10270,10270,2771600350,20140506T000000,575000.0,3.0,1.75,2130,6500,1.0,0,2,3,8,1170,960,1954,0,98199,47.6424,-122.386,2020,5000
10271,10271,1091310140,20141103T000000,426950.0,4.0,2.75,2350,5589,2.0,0,0,3,7,2350,0,2001,0,98059,47.5098,-122.155,2014,6365
10272,10272,1450100390,20140905T000000,125000.0,3.0,1.0,920,7314,1.0,0,0,3,6,920,0,1960,0,98002,47.2892,-122.22,1010,7420
10273,10273,1450100390,20150316T000000,208000.0,3.0,1.0,920,7314,1.0,0,0,3,6,920,0,1960,0,98002,47.2892,-122.22,1010,7420
10274,10274,2473250400,20140924T000000,325000.0,4.0,2.0,1780,10622,1.0,0,0,4,7,900,880,1976,0,98058,47.4573,-122.158,1550,8900
10275,10275,1420700030,20140922T000000,597157.0,7.0,4.0,2690,10880,1.0,0,0,4,8,2690,0,1960,0,98033,47.6787,-122.168,1840,10836
10276,10276,3630110340,20150107T000000,728725.0,4.0,2.5,3010,3120,2.5,0,2,3,8,3010,0,2006,0,98029,47.5539,-121.996,2140,3840
10277,10277,1313000240,20140818T000000,708000.0,5.0,2.0,3180,10800,1.0,0,0,3,8,1910,1270,1968,0,98052,47.6354,-122.103,2440,9750
10278,10278,1441600160,20140723T000000,1300000.0,4.0,3.0,4120,14021,2.0,0,0,3,11,4120,0,2005,0,98075,47.5985,-122.026,4390,14684
10279,10279,8807600140,20150424T000000,405000.0,3.0,1.0,1280,11625,1.0,0,0,4,7,1280,0,1977,0,98053,47.6827,-122.059,1320,10875
10280,10280,8928100125,20141028T000000,550000.0,4.0,2.75,1690,6090,1.5,0,0,3,7,1400,290,1945,0,98115,47.6814,-122.269,1820,6090
10281,10281,7853302180,20150409T000000,451000.0,4.0,2.5,2320,5375,2.0,0,0,3,7,2320,0,2006,0,98065,47.5415,-121.883,2060,5395
10282,10282,9325200160,20140619T000000,540500.0,5.0,3.75,3090,7415,2.0,0,0,3,8,3090,0,2014,0,98166,47.435,-122.329,2790,7425
10283,10283,98001000,20141007T000000,1025000.0,5.0,3.5,5050,16500,2.0,0,2,3,11,5050,0,2001,0,98075,47.5863,-121.967,4570,16500
10284,10284,3306200240,20141125T000000,218000.0,4.0,1.0,1640,10455,1.0,0,0,3,7,950,690,1963,0,98023,47.2974,-122.366,1360,9750
10285,10285,7436500060,20141020T000000,562000.0,4.0,2.25,2170,7007,1.0,0,0,3,8,1540,630,1974,0,98033,47.672,-122.169,2040,7700
10286,10286,1022059032,20140812T000000,401500.0,4.0,2.5,3140,94525,2.0,0,0,4,8,2280,860,1977,0,98042,47.4155,-122.163,1910,14300
10287,10287,1523049083,20141112T000000,196700.0,2.0,1.0,1090,9994,1.0,0,0,3,7,1090,0,1954,0,98168,47.4761,-122.287,1090,11700
10288,10288,9346920070,20140822T000000,583000.0,3.0,1.75,1930,10183,1.0,0,0,4,8,1480,450,1975,0,98006,47.5624,-122.135,2320,10000
10289,10289,5709200030,20141204T000000,309900.0,5.0,2.5,2100,17825,1.0,0,0,4,7,1400,700,1974,0,98092,47.3094,-122.191,2200,14602
10290,10290,5104470070,20141016T000000,485000.0,4.0,3.0,3110,18843,2.0,0,0,3,9,3110,0,1995,0,98058,47.4619,-122.154,3080,14735
10291,10291,3330500075,20150424T000000,465000.0,3.0,1.0,930,3348,1.0,0,0,4,6,930,0,1926,0,98118,47.5532,-122.277,1210,3348
10292,10292,200800200,20140812T000000,595000.0,4.0,2.25,2050,8372,2.0,0,0,4,8,2050,0,1984,0,98052,47.7234,-122.107,2010,8037
10293,10293,1432400570,20140718T000000,254000.0,3.0,1.0,1160,7560,1.0,0,0,4,6,1160,0,1958,0,98058,47.45,-122.179,1160,7560
10294,10294,1552510160,20141030T000000,488500.0,3.0,2.75,1820,9490,2.0,0,0,3,7,1820,0,1994,0,98011,47.7481,-122.178,1950,8851
10295,10295,2473460860,20141027T000000,260000.0,4.0,2.5,2110,8990,2.0,0,0,3,8,2110,0,1977,0,98058,47.4457,-122.127,2040,8800
10296,10296,7812800681,20150102T000000,166000.0,2.0,1.0,870,8487,1.0,0,0,4,6,870,0,1944,0,98178,47.4955,-122.239,1350,6850
10297,10297,579000550,20141107T000000,440000.0,2.0,1.5,1080,6760,1.0,0,2,3,6,1080,0,1923,0,98117,47.7008,-122.386,2080,5800
10298,10298,2916200138,20150202T000000,375000.0,3.0,2.0,1260,7560,2.0,0,0,5,6,1260,0,1943,0,98133,47.7225,-122.351,1260,7595
10299,10299,6821100125,20150225T000000,529500.0,2.0,1.0,900,4800,1.0,0,0,4,6,780,120,1944,0,98199,47.6575,-122.4,1270,5520
10300,10300,1529300135,20141014T000000,338000.0,2.0,1.0,750,6439,1.0,0,0,4,6,750,0,1934,0,98103,47.6995,-122.354,1470,6374
10301,10301,4124000320,20150316T000000,335620.0,3.0,2.25,1800,15903,1.0,0,0,3,8,1340,460,1986,0,98038,47.3813,-122.043,2000,15233
10302,10302,1775910370,20150205T000000,464000.0,4.0,2.25,2220,15232,1.0,0,0,3,9,1690,530,1978,0,98072,47.7449,-122.103,2110,15280
10303,10303,4365200505,20141003T000000,354000.0,2.0,1.0,1390,7740,1.0,0,0,4,6,1390,0,1925,0,98126,47.5232,-122.371,1290,7740
10304,10304,7960100030,20140814T000000,601000.0,4.0,3.5,2160,3600,2.0,0,0,3,8,1660,500,1998,0,98122,47.6103,-122.297,1230,3840
10305,10305,9264900350,20150424T000000,285000.0,3.0,2.25,1840,9040,1.0,0,0,3,8,1370,470,1979,0,98023,47.3144,-122.339,1870,8992
10306,10306,955000060,20140930T000000,462500.0,2.0,2.0,1690,4200,2.0,0,0,3,7,1690,0,1906,0,98112,47.621,-122.303,1540,4200
10307,10307,5205000160,20140711T000000,350000.0,4.0,2.5,2650,10459,2.0,0,0,4,8,2650,0,1989,0,98003,47.2739,-122.293,2340,8777
10308,10308,6145600955,20141224T000000,329000.0,4.0,1.0,1120,3844,1.0,0,0,3,7,1120,0,1972,0,98133,47.7038,-122.352,1480,3844
10309,10309,2472950350,20150411T000000,312500.0,4.0,2.5,2500,11983,1.0,0,0,3,7,1320,1180,1984,2008,98058,47.4292,-122.148,1460,9005
10310,10310,9475710060,20140613T000000,370000.0,4.0,2.5,2220,5338,2.0,0,0,3,7,2220,0,2001,0,98059,47.4887,-122.15,2220,5338
10311,10311,1112700060,20150311T000000,399900.0,3.0,1.75,1260,12750,1.0,0,0,3,7,1260,0,1979,0,98034,47.7289,-122.233,1460,7865
10312,10312,66000140,20141120T000000,398000.0,3.0,1.0,1480,6550,1.5,0,0,4,6,1480,0,1925,0,98126,47.5498,-122.381,1200,6550
10313,10313,1021000060,20150304T000000,550500.0,2.0,1.5,930,7400,1.0,0,2,4,7,830,100,1909,0,98116,47.5691,-122.408,1920,4152
10314,10314,4154304740,20150224T000000,709000.0,3.0,2.75,2780,7200,1.5,0,0,4,8,1870,910,1913,0,98118,47.5632,-122.27,1700,7200
10315,10315,7972604215,20141212T000000,402000.0,5.0,2.75,2770,7620,1.0,0,0,3,7,1700,1070,1965,0,98106,47.5188,-122.348,1720,7620
10316,10316,7979900126,20140626T000000,450000.0,3.0,1.5,1530,23660,1.0,0,0,3,7,1530,0,1952,0,98155,47.7467,-122.295,1800,11407
10317,10317,2821100125,20141120T000000,524000.0,3.0,2.25,2140,6720,1.0,0,0,3,8,1440,700,1961,0,98117,47.6949,-122.396,2060,6720
10318,10318,2323089065,20141217T000000,800000.0,4.0,2.75,4600,322188,1.0,0,4,3,10,2400,2200,1989,0,98045,47.4626,-121.739,3740,114562
10319,10319,6623400187,20140923T000000,185000.0,4.0,1.0,1760,8906,1.0,0,0,3,7,1230,530,1966,0,98055,47.4288,-122.198,1180,10407
10320,10320,6623400187,20150220T000000,365000.0,4.0,1.0,1760,8906,1.0,0,0,3,7,1230,530,1966,0,98055,47.4288,-122.198,1180,10407
10321,10321,325049234,20140909T000000,925000.0,4.0,2.5,3110,11422,2.0,0,0,3,9,3110,0,1989,0,98115,47.6833,-122.271,2850,7254
10322,10322,8016300240,20150402T000000,714000.0,3.0,1.75,2260,11781,1.0,0,0,4,8,1520,740,1968,0,98008,47.5982,-122.128,2530,10176
10323,10323,7955040160,20141016T000000,495000.0,3.0,2.0,1460,9759,1.0,0,0,5,7,1460,0,1972,0,98052,47.6644,-122.144,1620,8421
10324,10324,6414600232,20150420T000000,535000.0,3.0,2.25,2050,6648,1.0,0,0,3,7,1230,820,1990,0,98133,47.7258,-122.332,1760,7200
10325,10325,1824059070,20141024T000000,880000.0,4.0,2.5,2340,10800,1.0,0,0,3,8,2340,0,1953,2007,98040,47.5715,-122.225,2650,13500
10326,10326,6031400013,20140616T000000,150000.0,3.0,1.5,1230,8056,1.0,0,0,4,6,1230,0,1949,0,98168,47.4878,-122.314,850,6714
10327,10327,9557300570,20150327T000000,554500.0,3.0,2.25,1880,6565,1.0,0,0,4,8,1420,460,1972,0,98008,47.6396,-122.113,2060,7280
10328,10328,4443800960,20150408T000000,520000.0,3.0,1.75,1280,3880,1.5,0,0,5,7,1280,0,1916,0,98117,47.6871,-122.391,980,3880
10329,10329,7203220310,20140822T000000,839990.0,4.0,2.75,3660,5637,2.0,0,0,3,9,3660,0,2014,0,98053,47.6845,-122.017,3625,5639
10330,10330,7202330030,20140822T000000,500000.0,3.0,2.5,1650,5683,2.0,0,0,3,7,1650,0,2003,0,98053,47.683,-122.035,1650,4193
10331,10331,3353404510,20150107T000000,305000.0,2.0,1.0,1960,186872,1.5,0,0,4,6,1960,0,1936,0,98001,47.2681,-122.267,1650,19200
10332,10332,6064800550,20140802T000000,247800.0,3.0,2.5,1580,2170,2.0,0,0,3,7,1580,0,2003,0,98118,47.5418,-122.289,1610,1917
10333,10333,1786630160,20140711T000000,344200.0,4.0,2.5,2490,5812,2.0,0,0,3,8,2490,0,2000,0,98042,47.3875,-122.155,2690,6012
10334,10334,3709500140,20140623T000000,459950.0,4.0,2.5,2000,6107,2.0,0,0,3,8,2000,0,2003,0,98011,47.7557,-122.221,2040,6520
10335,10335,7942300070,20140915T000000,229900.0,4.0,1.75,1550,9899,1.0,0,0,4,7,1550,0,1967,0,98030,47.3583,-122.183,1500,11272
10336,10336,7525300240,20150219T000000,750000.0,4.0,2.25,2820,9602,1.0,0,1,3,8,1950,870,1974,0,98008,47.5881,-122.113,2890,9602
10337,10337,3579000800,20141024T000000,509000.0,4.0,2.5,2600,9355,1.0,0,0,3,9,1840,760,1983,0,98028,47.7446,-122.249,2250,7691
10338,10338,3577000116,20150325T000000,680000.0,4.0,1.0,2200,12137,1.0,0,4,4,8,1640,560,1956,0,98028,47.7473,-122.261,3250,17153
10339,10339,5490210320,20140627T000000,661500.0,5.0,2.5,2500,7200,1.0,0,0,4,7,1490,1010,1977,0,98052,47.6964,-122.12,1960,8325
10340,10340,3259400030,20141125T000000,370000.0,2.0,1.0,1270,1399,3.0,0,0,3,7,1270,0,2000,0,98136,47.5552,-122.381,1140,1442
10341,10341,3134100162,20140717T000000,785000.0,4.0,2.75,2900,17400,1.0,0,0,4,8,2410,490,1978,0,98052,47.6431,-122.108,2620,12240
10342,10342,9277700075,20140818T000000,355000.0,2.0,1.0,840,6720,1.0,0,0,3,7,840,0,1952,0,98116,47.5707,-122.396,1250,6720
10343,10343,1172000135,20140731T000000,446000.0,4.0,2.0,1940,6350,1.0,0,0,4,7,970,970,1951,0,98103,47.6948,-122.357,960,6350
10344,10344,1025059094,20150128T000000,830000.0,5.0,3.5,3490,21780,2.0,0,0,3,8,3490,0,1996,0,98052,47.6707,-122.144,3070,7829
10345,10345,6705900070,20141028T000000,324000.0,3.0,2.5,1940,8347,2.0,0,0,3,8,1940,0,1990,0,98042,47.3654,-122.164,1940,7131
10346,10346,9522400350,20141008T000000,500000.0,4.0,2.25,2490,23478,2.0,0,0,3,8,2490,0,1981,0,98072,47.7547,-122.094,2030,12611
10347,10347,650000030,20141017T000000,745000.0,3.0,1.0,1390,9112,1.0,0,0,4,7,1390,0,1951,0,98004,47.6071,-122.197,2290,9112
10348,10348,8712100435,20141110T000000,1197000.0,4.0,2.5,3940,4407,2.0,0,0,4,8,2620,1320,1921,0,98112,47.6374,-122.299,1790,4407
10349,10349,1530900560,20141215T000000,385000.0,2.0,2.5,1760,3710,1.0,0,0,3,8,1130,630,1988,0,98072,47.7335,-122.16,1760,4200
10350,10350,6868200060,20141211T000000,565000.0,3.0,2.25,2560,8040,1.0,0,0,3,8,1510,1050,1958,0,98125,47.7124,-122.303,1980,8040
10351,10351,7767400060,20141119T000000,465000.0,4.0,2.5,2300,7314,1.0,0,0,4,8,1420,880,1979,0,98133,47.7671,-122.33,2010,7314
10352,10352,820000012,20140827T000000,401000.0,3.0,3.25,1770,1977,3.0,0,0,3,8,1770,0,2001,0,98125,47.7186,-122.314,1860,2210
10353,10353,3308030060,20140619T000000,385000.0,3.0,1.75,2310,11200,1.0,0,0,4,8,1630,680,1978,0,98030,47.3637,-122.21,2350,13300
10354,10354,9485750240,20141017T000000,395000.0,3.0,2.5,2310,4930,2.0,0,0,4,8,2310,0,1989,0,98055,47.4512,-122.208,2230,5324
10355,10355,3826000550,20150414T000000,245000.0,5.0,1.5,2000,8100,1.5,0,0,3,6,2000,0,1946,0,98168,47.4945,-122.304,960,9239
10356,10356,7960100075,20150325T000000,500000.0,3.0,2.0,1540,3600,1.0,0,0,3,7,890,650,1994,0,98122,47.6103,-122.296,1540,3600
10357,10357,7461400400,20141103T000000,334000.0,5.0,1.75,2590,6720,1.0,0,0,4,7,1750,840,1979,0,98055,47.435,-122.192,1820,7521
10358,10358,6206100030,20150501T000000,550000.0,3.0,1.0,980,10960,1.0,0,0,4,7,980,0,1953,0,98005,47.5908,-122.173,2100,10960
10359,10359,7888300340,20141124T000000,216000.0,3.0,1.0,1730,7950,1.0,0,0,4,7,1180,550,1961,0,98198,47.3644,-122.312,1830,8890
10360,10360,1180000885,20141030T000000,340500.0,3.0,2.5,3070,5871,3.0,0,0,4,8,2510,560,1928,0,98178,47.5007,-122.223,2220,4000
10361,10361,1081330060,20140813T000000,375000.0,4.0,2.25,2100,12738,2.0,0,0,4,8,2100,0,1975,0,98059,47.4698,-122.118,2000,12090
10362,10362,9536600105,20150109T000000,600000.0,3.0,2.75,2080,16740,1.0,0,3,3,8,1580,500,1966,0,98198,47.3632,-122.324,2175,7568
10363,10363,2783100160,20140515T000000,375000.0,4.0,1.75,1890,8000,1.0,0,0,4,7,1250,640,1960,0,98133,47.7576,-122.333,1870,8270
10364,10364,9297301505,20140509T000000,536500.0,4.0,1.75,2000,4000,1.5,0,0,5,7,1450,550,1926,0,98126,47.5659,-122.375,1430,4000
10365,10365,5561300340,20140924T000000,599900.0,3.0,3.0,3030,35123,2.0,0,0,4,8,1760,1270,1984,0,98027,47.4694,-122.006,2810,36205
10366,10366,1794500695,20150304T000000,750000.0,2.0,1.5,1110,3600,1.0,0,0,5,7,1110,0,1904,0,98119,47.6382,-122.359,1670,5400
10367,10367,2797500030,20150211T000000,355000.0,3.0,1.0,1650,10075,1.0,0,0,3,7,1170,480,1955,0,98177,47.7695,-122.359,1690,8125
10368,10368,9214400125,20140701T000000,590000.0,3.0,2.0,1410,6413,1.0,0,0,4,7,910,500,1947,0,98115,47.6826,-122.298,1330,6050
10369,10369,6821101895,20150507T000000,680000.0,2.0,1.0,2140,6000,1.0,0,0,4,7,1070,1070,1946,0,98199,47.651,-122.399,1560,6000
10370,10370,8079040140,20141006T000000,429000.0,3.0,2.5,1860,11122,2.0,0,0,3,8,1860,0,1994,0,98059,47.5062,-122.151,2420,8542
10371,10371,7518507580,20150502T000000,581000.0,2.0,1.0,1170,4080,1.0,0,0,4,7,1170,0,1909,0,98117,47.6784,-122.386,1560,4586
10372,10372,3863800030,20150331T000000,463800.0,3.0,1.5,980,7770,1.0,0,0,4,7,980,0,1968,0,98033,47.6923,-122.201,1470,7350
10373,10373,3303850390,20141212T000000,2983000.0,5.0,5.5,7400,18898,2.0,0,3,3,13,6290,1110,2001,0,98006,47.5431,-122.112,6110,26442
10374,10374,7128300060,20140707T000000,443000.0,5.0,1.75,1650,3000,1.5,0,0,3,8,1650,0,1902,0,98144,47.5955,-122.306,1740,4000
10375,10375,104510340,20140925T000000,276200.0,3.0,2.5,1480,7210,1.0,0,0,3,7,1180,300,1986,0,98023,47.3124,-122.351,1690,7396
10376,10376,114101505,20150423T000000,630000.0,5.0,3.5,4060,8309,2.0,0,0,3,9,2960,1100,2001,0,98028,47.757,-122.228,1730,11711
10377,10377,1928300350,20141222T000000,570000.0,3.0,1.75,1370,3300,2.0,0,0,5,7,1370,0,1927,0,98105,47.6714,-122.32,1560,3927
10378,10378,1370800560,20141013T000000,979700.0,4.0,2.25,2480,6000,2.0,0,2,3,10,2380,100,1929,0,98199,47.6392,-122.406,3030,5600
10379,10379,8825900310,20141211T000000,730000.0,4.0,2.5,2030,4080,1.5,0,0,4,8,1730,300,1921,0,98115,47.6753,-122.311,1980,4080
10380,10380,4167700240,20141204T000000,268450.0,5.0,2.25,2200,9600,1.0,0,0,4,7,1100,1100,1963,0,98023,47.3263,-122.364,1780,9680
10381,10381,2138800060,20150304T000000,490000.0,3.0,1.75,1770,7508,1.0,0,0,3,7,1270,500,1962,0,98133,47.7354,-122.343,1690,8880
10382,10382,579002220,20140827T000000,808000.0,3.0,2.5,2550,6240,1.0,0,3,5,8,1750,800,1957,0,98117,47.6992,-122.387,2180,5200
10383,10383,9144300060,20150430T000000,350000.0,3.0,1.0,1250,9786,1.0,0,0,4,7,1250,0,1969,0,98072,47.7622,-122.163,1660,9621
10384,10384,4441300416,20141028T000000,695000.0,4.0,1.75,2390,5880,1.0,0,2,3,8,1390,1000,1957,0,98117,47.6956,-122.399,2210,6260
10385,10385,3225069301,20140612T000000,1228000.0,4.0,2.5,5730,44947,2.0,0,4,3,11,4280,1450,1991,0,98074,47.6052,-122.064,3310,17628
10386,10386,6620400400,20140813T000000,309950.0,1.0,1.0,1120,11800,1.5,0,0,3,7,1120,0,1950,0,98168,47.5123,-122.331,2330,9290
10387,10387,3361402041,20141030T000000,134000.0,3.0,1.0,1270,8508,1.0,0,0,4,6,650,620,1942,0,98168,47.4961,-122.322,1200,9415
10388,10388,1150000340,20141118T000000,645500.0,4.0,2.5,2390,9638,2.0,0,0,3,10,2390,0,1988,0,98029,47.5598,-122.018,2630,9258
10389,10389,7015200800,20150309T000000,750000.0,3.0,2.0,1760,5488,1.5,0,0,3,7,1540,220,1927,0,98119,47.6479,-122.367,1760,5943
10390,10390,5316100106,20141010T000000,1399000.0,3.0,2.5,2560,3600,2.0,0,0,3,9,2110,450,1967,2003,98112,47.632,-122.279,2690,4800
10391,10391,3102700160,20140925T000000,344900.0,4.0,1.75,1820,7700,1.0,0,0,4,7,1100,720,1955,0,98177,47.7545,-122.357,1700,8500
10392,10392,8129700565,20141008T000000,601450.0,2.0,3.25,1840,1500,3.0,0,0,3,8,1840,0,2001,0,98103,47.6595,-122.354,1910,2500
10393,10393,9839300125,20150107T000000,575000.0,4.0,2.0,1810,4400,2.0,0,0,3,8,1700,110,1909,0,98122,47.6132,-122.292,1470,4400
10394,10394,2011400710,20140521T000000,405000.0,3.0,1.75,2470,9620,1.0,0,1,4,7,1570,900,1962,0,98198,47.3996,-122.32,2600,9620
10395,10395,1522700060,20140624T000000,518000.0,4.0,2.75,2520,14021,2.0,0,0,3,9,2520,0,1999,0,98019,47.7344,-121.957,2330,14007
10396,10396,7568700135,20140717T000000,265000.0,2.0,1.0,1600,7936,1.0,0,0,3,7,1600,0,1947,0,98155,47.7411,-122.322,1580,7440
10397,10397,8651411070,20140925T000000,180000.0,3.0,1.0,1280,4875,1.0,0,0,5,6,1280,0,1969,0,98042,47.3686,-122.081,1060,4875
10398,10398,2616700520,20150318T000000,285000.0,3.0,2.5,1590,9736,2.0,0,0,3,7,1590,0,1985,0,98001,47.33,-122.278,1580,7500
10399,10399,4415600030,20150316T000000,433000.0,3.0,2.75,2000,7200,1.0,0,0,3,7,1000,1000,1954,2014,98166,47.4531,-122.352,1440,7200
10400,10400,1072000260,20150223T000000,399000.0,3.0,1.75,1780,11440,1.0,0,0,3,8,1350,430,1977,0,98059,47.474,-122.139,2180,11440
10401,10401,8045000340,20140802T000000,565000.0,3.0,2.5,1700,7210,2.0,0,0,5,7,1700,0,1966,0,98052,47.6688,-122.161,1700,7566
10402,10402,42000127,20150224T000000,406500.0,3.0,1.5,1970,10080,1.0,0,0,3,7,1970,0,1966,0,98168,47.4703,-122.276,2240,10080
10403,10403,2205500335,20140807T000000,420000.0,4.0,1.75,1940,11500,1.0,0,0,4,7,1090,850,1955,0,98006,47.5774,-122.147,1700,8360
10404,10404,1814800060,20150220T000000,965000.0,4.0,3.5,3290,5559,1.5,0,0,3,8,2290,1000,1906,2004,98103,47.6788,-122.346,1790,6000
10405,10405,3885804260,20141024T000000,1375000.0,4.0,3.5,3500,9523,2.0,0,0,3,10,2460,1040,1996,0,98033,47.6848,-122.208,3160,5997
10406,10406,9264920270,20141007T000000,353950.0,5.0,2.25,3260,7969,2.0,0,0,4,8,3260,0,1982,0,98023,47.31399999999999,-122.344,2070,7962
10407,10407,1778350160,20140710T000000,847700.0,5.0,3.25,4230,10260,2.0,0,0,3,10,3860,370,1996,0,98027,47.5503,-122.081,2980,10997
10408,10408,623049185,20140702T000000,185000.0,5.0,1.0,1590,6700,1.5,0,0,3,6,1090,500,1942,0,98146,47.5075,-122.35,1370,8040
10409,10409,1180002735,20141119T000000,269000.0,2.0,1.5,1010,6000,1.0,0,0,4,7,1010,0,1923,0,98178,47.498000000000005,-122.222,1290,6000
10410,10410,3876313100,20141224T000000,422800.0,3.0,1.75,1820,8400,1.0,0,0,3,7,1340,480,1976,0,98072,47.734,-122.17,1900,8112
10411,10411,826000295,20141215T000000,379950.0,2.0,1.0,870,7500,1.0,0,0,3,7,870,0,1947,0,98136,47.5465,-122.384,1240,5709
10412,10412,3876311860,20141226T000000,525000.0,3.0,2.0,1620,7800,1.0,0,0,3,7,1200,420,1969,0,98034,47.7288,-122.171,1540,7565
10413,10413,2224079050,20140718T000000,810000.0,4.0,3.5,3980,209523,2.0,0,2,3,9,3980,0,2006,0,98024,47.5574,-121.89,2220,65775
10414,10414,8945000260,20140722T000000,209950.0,4.0,1.0,1630,8400,1.0,0,0,3,6,1630,0,1962,0,98023,47.3052,-122.362,1190,8989
10415,10415,2768301182,20141204T000000,439950.0,3.0,2.0,1230,1613,2.0,0,0,3,8,1010,220,2003,0,98107,47.6661,-122.37,1610,1873
10416,10416,1827200135,20140523T000000,554820.0,4.0,2.0,3510,12905,1.0,0,2,3,8,2210,1300,1965,1982,98166,47.4466,-122.36,2530,16143
10417,10417,4307300520,20150423T000000,359000.0,4.0,2.5,2160,4500,2.0,0,0,3,7,2160,0,2002,0,98056,47.4819,-122.182,2160,4496
10418,10418,6632900354,20140910T000000,242500.0,3.0,1.0,1020,5870,1.0,0,0,3,6,1020,0,1941,0,98155,47.74100000000001,-122.314,1160,6901
10419,10419,9540100060,20140926T000000,330000.0,3.0,1.75,1590,9417,1.0,0,0,4,7,1590,0,1954,0,98177,47.7617,-122.36,1600,9272
10420,10420,2424059116,20141105T000000,740000.0,3.0,2.25,3440,44374,2.0,0,3,4,10,2190,1250,1979,0,98006,47.547,-122.111,3470,40185
10421,10421,7600125,20141218T000000,630000.0,5.0,1.0,3020,4800,2.0,0,0,3,7,3020,0,1901,0,98122,47.6025,-122.313,1350,1307
10422,10422,579003645,20140815T000000,750000.0,3.0,1.75,2280,7800,1.0,0,3,4,8,1360,920,1941,0,98117,47.6985,-122.387,2280,5200
10423,10423,3224600340,20141013T000000,695000.0,4.0,2.5,2790,6540,2.0,0,0,3,9,2790,0,1999,0,98074,47.6087,-122.016,2790,6270
10424,10424,7129800036,20150114T000000,109000.0,2.0,0.5,580,6900,1.0,0,0,3,5,580,0,1941,0,98118,47.5135,-122.262,1570,5040
10425,10425,3294700421,20150225T000000,389000.0,3.0,1.5,2030,10075,1.0,0,0,5,7,1080,950,1961,0,98055,47.4713,-122.197,2210,10075
10426,10426,6746700565,20141023T000000,447000.0,2.0,1.0,850,2700,1.0,0,0,5,6,850,0,1924,0,98105,47.6684,-122.316,1630,3000
10427,10427,742000060,20141230T000000,1200000.0,3.0,2.0,2480,13310,1.0,0,0,2,7,2480,0,1955,0,98052,47.6759,-122.114,2400,11340
10428,10428,626059155,20141210T000000,315000.0,3.0,1.75,1010,12000,1.0,0,0,4,7,1010,0,1977,0,98011,47.77,-122.207,1080,10619
10429,10429,1150000200,20150414T000000,640000.0,3.0,2.5,2420,8244,2.0,0,0,3,10,2420,0,1988,0,98029,47.5595,-122.019,2500,9320
10430,10430,1592000640,20141119T000000,570000.0,3.0,2.25,2180,9246,2.0,0,0,3,9,2180,0,1984,0,98074,47.6215,-122.031,2300,9298
10431,10431,3123039171,20140805T000000,495000.0,3.0,2.75,1830,208216,2.0,0,0,3,8,1830,0,1997,0,98070,47.4377,-122.464,1530,16988
10432,10432,3876312010,20140603T000000,449500.0,5.0,2.75,2040,7488,1.0,0,0,4,7,1200,840,1969,0,98034,47.7289,-122.172,1530,7488
10433,10433,5364200695,20150317T000000,1084500.0,4.0,2.75,2640,5000,2.0,0,0,3,9,1840,800,1943,2004,98105,47.6619,-122.275,2010,5000
10434,10434,7979900806,20150311T000000,294950.0,2.0,1.0,1060,7868,1.0,0,0,3,7,1060,0,1952,0,98155,47.7414,-122.295,1530,10728
10435,10435,8643200060,20140923T000000,170500.0,3.0,1.0,1640,13939,1.0,0,0,3,7,1040,600,1960,0,98198,47.3947,-122.313,2080,13000
10436,10436,7972602080,20141208T000000,312000.0,4.0,1.0,1190,7620,1.5,0,0,3,6,1190,0,1926,0,98106,47.5281,-122.348,1060,7320
10437,10437,7212650200,20141027T000000,350000.0,3.0,2.5,2180,15484,1.0,0,0,3,8,2180,0,1992,0,98003,47.2688,-122.309,2090,10775
10438,10438,8079100140,20140728T000000,690000.0,4.0,2.5,2120,8448,2.0,0,0,4,9,2120,0,1989,0,98029,47.5654,-122.01,2140,8122
10439,10439,8091800140,20140610T000000,375000.0,4.0,2.5,2210,9427,2.0,0,0,3,7,2210,0,1999,0,98148,47.4323,-122.327,1770,8770
10440,10440,7214720510,20140806T000000,575000.0,4.0,2.5,2510,47044,2.0,0,0,3,9,2510,0,1987,0,98077,47.7699,-122.085,2600,42612
10441,10441,9346920260,20140604T000000,646000.0,4.0,2.25,2500,8500,1.0,0,0,4,8,1600,900,1978,0,98006,47.5615,-122.131,2290,8927
10442,10442,3750603471,20150327T000000,239950.0,3.0,2.5,1560,4800,2.0,0,0,4,7,1560,0,1974,0,98001,47.2653,-122.285,1510,12240
10443,10443,3438502501,20140729T000000,400000.0,5.0,2.5,2510,7525,1.5,0,0,4,7,1710,800,1929,0,98106,47.5422,-122.359,1270,6741
10444,10444,1775500310,20150121T000000,455000.0,4.0,1.75,3060,94089,1.0,0,0,3,8,3060,0,1958,0,98072,47.744,-122.087,2180,43995
10445,10445,1796380310,20140904T000000,240000.0,3.0,2.0,1310,8069,1.0,0,0,3,7,1310,0,1990,0,98042,47.3694,-122.083,1310,8392
10446,10446,1118000320,20150508T000000,3400000.0,4.0,4.0,4260,11765,2.0,0,0,3,11,3280,980,1939,2010,98112,47.638000000000005,-122.288,4260,10408
10447,10447,3362401000,20140701T000000,695000.0,3.0,2.0,2500,4080,1.5,0,0,5,7,1680,820,1922,0,98103,47.6813,-122.346,1550,3060
10448,10448,7454000990,20140924T000000,304950.0,2.0,1.0,670,6720,1.0,0,0,5,6,670,0,1942,0,98126,47.5151,-122.372,710,6720
10449,10449,5244800125,20140805T000000,650000.0,3.0,1.75,1840,2310,1.0,0,2,4,8,1140,700,1914,0,98109,47.6462,-122.351,1670,4000
10450,10450,789000520,20140715T000000,402500.0,3.0,1.75,1480,2211,2.0,0,0,3,7,1480,0,1995,0,98103,47.6966,-122.35,1480,2197
10451,10451,7852000340,20140625T000000,482000.0,3.0,2.5,2420,7307,2.0,0,0,3,7,2420,0,1998,0,98065,47.5361,-121.871,2420,5577
10452,10452,8827900560,20141031T000000,655000.0,3.0,2.0,1820,4480,1.0,0,0,5,7,1120,700,1923,0,98105,47.6717,-122.295,1920,4480
10453,10453,2768000390,20140926T000000,577000.0,5.0,2.75,1940,5000,2.0,0,0,5,7,1940,0,1951,0,98107,47.6704,-122.362,1940,4230
10454,10454,2475200370,20141020T000000,350000.0,3.0,2.5,1630,5996,2.0,0,0,3,7,1630,0,1986,0,98055,47.4738,-122.19,1660,4504
10455,10455,8731981940,20140908T000000,415000.0,4.0,2.25,2520,8000,1.0,0,2,3,8,1680,840,1970,0,98023,47.3202,-122.383,2300,8000
10456,10456,3626079032,20140730T000000,396400.0,4.0,2.5,2120,215186,2.0,0,0,2,7,2120,0,1983,0,98014,47.701,-121.857,2000,215186
10457,10457,6646200710,20150409T000000,654300.0,3.0,2.5,2490,8582,2.0,0,0,3,9,2490,0,2000,0,98074,47.625,-122.042,2870,7598
10458,10458,7167000060,20141124T000000,774950.0,4.0,2.5,3410,179419,2.0,0,0,3,10,3410,0,2004,0,98010,47.3602,-121.986,3350,175421
10459,10459,5249802085,20140902T000000,855000.0,4.0,2.0,2380,10800,2.0,0,2,3,8,2380,0,1925,0,98118,47.5682,-122.275,2112,6600
10460,10460,3528900060,20140626T000000,1145000.0,3.0,2.5,2490,4000,2.0,0,0,5,8,1670,820,1918,0,98109,47.6403,-122.35,2310,4000
10461,10461,6056100295,20140530T000000,330000.0,2.0,2.5,1240,1546,2.0,0,0,3,7,1240,0,2007,0,98108,47.5634,-122.298,1520,2468
10462,10462,9392200030,20140923T000000,290000.0,4.0,2.25,1900,10950,1.0,0,0,4,7,1400,500,1959,0,98032,47.3582,-122.284,1700,11850
10463,10463,936000055,20141119T000000,519500.0,3.0,3.0,2390,19454,1.5,0,0,3,8,2390,0,2008,0,98166,47.4545,-122.336,1540,26979
10464,10464,3840700560,20140814T000000,450000.0,3.0,1.75,1810,12600,1.0,0,0,3,7,1400,410,1977,0,98034,47.7143,-122.233,1934,12600
10465,10465,333100295,20141124T000000,3120000.0,3.0,3.5,4490,56609,2.0,1,4,3,12,4490,0,1993,0,98034,47.6997,-122.24,2710,51330
10466,10466,133000127,20140623T000000,265000.0,3.0,1.0,1620,9450,1.5,0,0,3,7,1620,0,1928,0,98168,47.5136,-122.313,2070,11970
10467,10467,4221970060,20150506T000000,359000.0,4.0,2.5,2640,7883,2.0,0,0,3,8,2640,0,1990,0,98092,47.3124,-122.188,2150,7683
10468,10468,1732800310,20150302T000000,2000000.0,4.0,3.75,2870,4500,2.0,0,3,3,10,2510,360,2012,0,98119,47.6291,-122.363,2870,6354
10469,10469,2025069037,20150210T000000,1050000.0,4.0,2.5,3250,48037,1.0,0,2,3,8,2030,1220,1985,0,98074,47.6326,-122.07,2970,48037
10470,10470,2516000486,20140701T000000,402500.0,2.0,1.0,800,2280,1.0,0,0,5,6,800,0,1946,0,98107,47.6588,-122.362,1310,4200
10471,10471,4037400070,20140825T000000,450000.0,3.0,1.75,1360,5445,1.0,0,0,4,7,1360,0,1957,0,98008,47.6071,-122.123,1570,7840
10472,10472,3375300370,20150306T000000,262500.0,5.0,2.25,1950,8086,1.0,0,0,3,7,1130,820,1980,0,98003,47.3179,-122.331,1670,8550
10473,10473,1682500240,20150225T000000,285000.0,4.0,2.25,1970,7200,2.0,0,0,3,8,1970,0,1979,0,98092,47.3132,-122.182,1790,7500
10474,10474,6806100340,20150304T000000,290000.0,3.0,2.5,2020,4861,2.0,0,0,3,7,2020,0,2005,0,98058,47.4659,-122.144,2170,4600
10475,10475,8682281070,20140807T000000,752500.0,2.0,2.5,2280,6230,1.0,0,0,3,8,2280,0,2005,0,98053,47.7065,-122.013,1640,5931
10476,10476,8691330260,20141208T000000,820000.0,4.0,2.75,3540,13515,2.0,0,0,3,10,3540,0,1998,0,98075,47.5945,-121.982,3540,11538
10477,10477,869700140,20140811T000000,292000.0,3.0,2.5,1560,2740,2.0,0,0,3,8,1560,0,1999,0,98059,47.4909,-122.154,1310,2698
10478,10478,7221400320,20141003T000000,213000.0,2.0,1.0,750,6089,1.0,0,2,3,6,750,0,1937,0,98055,47.475,-122.199,1430,6451
10479,10479,7454001125,20141117T000000,400000.0,4.0,3.0,2240,7035,2.0,0,0,3,7,2240,0,1942,1993,98146,47.5124,-122.374,1060,6300
10480,10480,7129304375,20140714T000000,202000.0,1.0,0.75,590,5650,1.0,0,0,3,6,590,0,1944,0,98118,47.5181,-122.267,980,5650
10481,10481,203100435,20140918T000000,484000.0,1.0,2.1157362403369904,690,23244,1.0,0,0,4,7,690,0,1948,0,98053,47.6429,-121.955,1690,19290
10482,10482,6189200260,20150504T000000,617450.0,3.0,2.0,1580,14398,1.0,0,0,3,7,1080,500,1981,0,98005,47.6328,-122.174,1650,14407
10483,10483,1430800162,20150114T000000,250000.0,3.0,1.0,1040,8000,1.0,0,0,4,7,1040,0,1956,0,98166,47.4711,-122.35,1170,9450
10484,10484,2570300240,20140529T000000,405000.0,5.0,1.75,1880,10000,1.0,0,0,3,7,960,920,1963,0,98034,47.7182,-122.201,1580,10000
10485,10485,3294700320,20150331T000000,325000.0,2.0,1.0,1070,8750,1.0,0,0,3,7,1070,0,1951,0,98055,47.4734,-122.198,1300,9670
10486,10486,2976800700,20140522T000000,301350.0,3.0,3.0,1860,7440,1.0,0,0,5,7,1040,820,1954,0,98178,47.5035,-122.255,1490,8160
10487,10487,7625704340,20150303T000000,425000.0,2.0,1.75,1550,7800,1.0,0,0,3,7,1050,500,1940,0,98136,47.5436,-122.39,1370,5000
10488,10488,9238900390,20140905T000000,460000.0,3.0,1.0,1860,6360,1.0,0,0,3,8,1470,390,1954,0,98136,47.5327,-122.392,1770,6175
10489,10489,4139430310,20150419T000000,938000.0,3.0,2.5,3090,10940,2.0,0,2,3,10,3090,0,1992,0,98006,47.5492,-122.119,3410,12157
10490,10490,1402630270,20140729T000000,348000.0,3.0,1.75,1720,8867,1.0,0,0,3,8,1320,400,1985,0,98058,47.44,-122.136,2200,9170
10491,10491,3735901600,20140606T000000,435000.0,2.0,1.0,1260,4080,1.5,0,0,5,7,1260,0,1926,0,98115,47.687,-122.32,1720,4080
10492,10492,739500270,20141113T000000,227950.0,3.0,1.5,1120,11430,1.0,0,0,4,7,1120,0,1963,0,98031,47.4105,-122.194,1790,8760
10493,10493,3566800125,20150330T000000,425000.0,2.0,1.0,1250,5880,1.0,0,0,3,6,900,350,1948,0,98117,47.6908,-122.391,1520,5020
10494,10494,2886200070,20140602T000000,550000.0,3.0,2.0,1810,4064,1.5,0,0,3,7,1810,0,1925,0,98103,47.6859,-122.339,1518,2945
10495,10495,3529300060,20140721T000000,347500.0,3.0,2.5,1890,7053,2.0,0,0,4,8,1890,0,1992,0,98031,47.3967,-122.183,2000,7226
10496,10496,3085001610,20140930T000000,397000.0,4.0,1.75,2020,6000,1.0,0,0,3,7,1620,400,1959,0,98144,47.577,-122.302,1870,4000
10497,10497,9414500200,20140602T000000,410000.0,4.0,1.75,1790,11875,1.0,0,0,4,7,1490,300,1969,0,98027,47.522,-122.047,1870,11760
10498,10498,8651611230,20140711T000000,780000.0,3.0,3.5,3190,6776,2.0,0,0,3,10,3190,0,1998,0,98074,47.6348,-122.064,3230,7189
10499,10499,8712100350,20140909T000000,1350000.0,4.0,3.25,3030,5164,1.5,0,0,5,9,2700,330,1925,0,98112,47.6394,-122.299,1890,4415
10500,10500,7202350310,20141028T000000,476000.0,3.0,2.25,1630,3070,2.0,0,0,3,7,1630,0,2004,0,98053,47.6785,-122.03,1690,3200
10501,10501,1326059070,20140708T000000,390000.0,3.0,1.75,1180,16552,1.0,0,0,4,7,1180,0,1967,0,98072,47.7426,-122.116,2780,45302
10502,10502,1311900240,20141230T000000,226500.0,3.0,2.0,1560,7000,1.0,0,0,4,7,1560,0,1968,0,98001,47.3355,-122.284,1560,7200
10503,10503,7518503490,20140731T000000,495000.0,3.0,2.0,1340,2550,2.0,0,0,3,7,1340,0,1984,0,98117,47.6793,-122.38,1370,5100
10504,10504,6669200200,20150319T000000,1500000.0,5.0,3.25,2590,11500,1.0,0,2,4,9,2590,0,1968,0,98040,47.545,-122.229,2780,11989
10505,10505,3438501860,20150422T000000,385000.0,3.0,1.0,1020,5950,1.0,0,0,3,6,880,140,1950,0,98106,47.5436,-122.357,1800,5950
10506,10506,7852170570,20150309T000000,535950.0,3.0,2.5,2370,5344,2.0,0,0,3,9,2370,0,2003,0,98065,47.54,-121.863,2990,5418
10507,10507,9290850060,20141022T000000,910000.0,4.0,2.5,3170,32430,2.5,0,0,3,10,3170,0,1989,0,98053,47.6903,-122.056,3360,35610
10508,10508,4206901505,20150326T000000,465000.0,2.0,1.0,1120,4000,1.0,0,0,3,7,1120,0,1926,0,98105,47.6567,-122.327,1620,4000
10509,10509,6600220550,20140626T000000,495000.0,3.0,1.75,1440,11787,1.0,0,0,3,8,1440,0,1983,0,98074,47.6276,-122.033,2190,11787
10510,10510,8699100160,20150210T000000,250000.0,4.0,2.0,2170,5404,1.5,0,0,5,6,1470,700,1920,0,98002,47.3046,-122.22,1030,5477
10511,10511,1068000520,20140506T000000,1225000.0,4.0,2.25,3490,6906,2.0,0,0,4,10,2280,1210,1928,0,98199,47.6424,-122.407,2540,6223
10512,10512,2558610070,20150217T000000,400000.0,4.0,2.25,1970,8941,2.0,0,0,3,7,1970,0,1973,0,98034,47.7223,-122.172,1880,7793
10513,10513,1829300270,20140821T000000,715000.0,4.0,2.5,2780,13521,2.0,0,0,3,10,2780,0,1987,0,98074,47.6374,-122.042,2980,11454
10514,10514,7212650240,20150223T000000,342000.0,3.0,2.0,2250,7757,1.0,0,0,3,8,2250,0,1992,0,98003,47.2684,-122.308,1970,6866
10515,10515,3205200240,20150430T000000,420000.0,4.0,1.75,1340,8400,1.0,0,0,5,7,1340,0,1967,0,98056,47.5382,-122.173,1980,8400
10516,10516,1682000350,20140708T000000,148226.0,3.0,1.0,1400,7360,1.0,0,0,4,7,1400,0,1968,0,98092,47.3123,-122.186,1600,8030
10517,10517,7229900885,20141103T000000,313000.0,3.0,1.0,1510,10369,1.0,0,0,4,7,1010,500,1968,0,98059,47.4808,-122.099,1510,16057
10518,10518,7888000400,20140603T000000,150000.0,3.0,1.0,1320,8220,1.0,0,0,3,7,1320,0,1959,0,98198,47.3697,-122.309,1320,7920
10519,10519,523049195,20140522T000000,150000.0,2.0,1.0,820,10270,1.0,0,0,3,7,820,0,1954,0,98168,47.5119,-122.329,1670,10086
10520,10520,1423400160,20140618T000000,230000.0,2.0,1.0,1080,9435,1.0,0,0,3,6,1080,0,1958,0,98058,47.459,-122.181,1200,9210
10521,10521,1766600075,20140902T000000,389100.0,2.0,1.0,840,5400,1.0,0,0,4,7,840,0,1948,0,98118,47.5489,-122.271,1340,5400
10522,10522,1088020070,20141216T000000,645000.0,4.0,2.25,2070,8720,1.0,0,0,5,8,1360,710,1974,0,98033,47.6678,-122.182,2180,8510
10523,10523,7893200486,20150302T000000,310000.0,3.0,1.0,1520,6500,1.0,0,0,3,7,990,530,1958,0,98198,47.4164,-122.332,1500,7500
10524,10524,8929000060,20141004T000000,351358.0,2.0,1.75,1210,1189,2.0,0,0,3,8,1210,0,2014,0,98029,47.5526,-121.998,1540,1672
10525,10525,8146200070,20150310T000000,1700000.0,5.0,2.75,3810,9360,2.0,0,0,3,10,3810,0,2014,0,98004,47.6039,-122.194,2110,9870
10526,10526,624069050,20150407T000000,1565000.0,4.0,3.5,5370,323215,2.0,0,0,3,10,5370,0,2002,0,98075,47.6003,-122.076,3780,9891
10527,10527,5318100935,20141020T000000,850000.0,3.0,2.0,1540,3600,2.0,0,0,3,8,1540,0,1900,1988,98112,47.6343,-122.283,2970,3600
10528,10528,1313300340,20140514T000000,470000.0,4.0,2.5,2310,14023,2.0,0,0,3,9,2310,0,1991,0,98019,47.7351,-121.964,2410,14007
10529,10529,8032700070,20141118T000000,770000.0,3.0,2.25,1870,1900,3.0,0,0,3,8,1870,0,2008,0,98103,47.6537,-122.34,1690,1694
10530,10530,1072000240,20140624T000000,366000.0,3.0,1.75,1840,11440,1.0,0,0,4,8,1340,500,1977,0,98059,47.474,-122.14,1940,11440
10531,10531,3904920390,20140710T000000,545000.0,3.0,2.5,2060,7184,2.0,0,0,3,8,2060,0,1987,0,98029,47.567,-122.012,2230,7788
10532,10532,7345200400,20140909T000000,205000.0,3.0,1.0,1010,8800,1.0,0,0,4,7,1010,0,1968,0,98002,47.2761,-122.208,1550,7700
10533,10533,923000270,20140508T000000,405000.0,2.0,1.0,1020,8155,1.0,0,0,4,7,1020,0,1948,0,98177,47.7257,-122.361,1430,8157
10534,10534,7016310270,20150410T000000,467000.0,4.0,2.5,2220,7210,1.0,0,0,3,7,1270,950,1973,0,98011,47.7428,-122.183,2220,7313
10535,10535,3650100105,20140926T000000,392500.0,2.0,1.0,1050,4125,1.0,0,0,4,7,1050,0,1909,0,98144,47.5736,-122.307,1650,4125
10536,10536,3761100240,20141027T000000,901000.0,4.0,2.75,3030,18400,1.5,0,3,3,9,2360,670,1973,0,98034,47.7019,-122.243,3030,12486
10537,10537,2126049277,20141203T000000,500000.0,3.0,1.75,1800,7199,1.0,0,0,3,7,1300,500,1972,0,98125,47.7264,-122.307,1800,8100
10538,10538,253600160,20140530T000000,384950.0,3.0,2.5,1860,3690,2.0,0,0,3,7,1860,0,2000,0,98028,47.776,-122.239,1870,4394
10539,10539,1623069046,20150312T000000,1700000.0,4.0,3.5,4070,336283,2.0,0,0,3,11,4070,0,2006,0,98027,47.478,-122.038,3020,44613
10540,10540,9235900030,20140717T000000,245000.0,2.0,1.0,860,6120,1.0,0,0,3,7,860,0,1948,0,98155,47.7503,-122.328,1100,6860
10541,10541,5451200370,20150209T000000,1165000.0,4.0,2.25,3080,10487,2.0,0,0,4,9,3080,0,1968,0,98040,47.5344,-122.224,2480,10607
10542,10542,7338000270,20150421T000000,184500.0,3.0,1.5,1280,3640,2.0,0,0,3,6,1280,0,1983,0,98002,47.334,-122.214,1150,4105
10543,10543,2115720270,20150414T000000,269000.0,2.0,2.0,1540,5000,1.5,0,0,3,8,1540,0,1986,0,98023,47.319,-122.394,1590,5000
10544,10544,11200070,20140721T000000,570000.0,3.0,2.5,1530,3296,2.0,0,0,3,8,1530,0,1998,0,98007,47.6181,-122.138,1530,4099
10545,10545,8732300060,20140512T000000,850000.0,4.0,1.75,2350,11914,1.0,0,0,4,8,2350,0,1961,0,98040,47.5392,-122.228,2240,10706
10546,10546,8651410240,20150202T000000,209000.0,3.0,1.0,920,5200,1.0,0,0,4,6,920,0,1969,0,98042,47.3647,-122.082,920,4875
10547,10547,3342102220,20140806T000000,327000.0,4.0,1.75,1840,5100,1.0,0,0,4,5,1840,0,1933,0,98056,47.5209,-122.205,2160,5400
10548,10548,7663700783,20140613T000000,369500.0,3.0,1.5,1650,9957,1.0,0,0,4,7,1100,550,1961,0,98125,47.7303,-122.298,1650,7957
10549,10549,9477201370,20150226T000000,440000.0,3.0,1.75,1760,8025,1.0,0,0,4,7,1230,530,1976,0,98034,47.7287,-122.192,1590,7543
10550,10550,1923000370,20140512T000000,947500.0,4.0,2.25,3290,12329,1.5,0,0,4,10,3290,0,1968,0,98040,47.5639,-122.216,3170,12329
10551,10551,6841700070,20150317T000000,510000.0,2.0,1.0,1270,4500,1.5,0,0,4,7,1270,0,1919,0,98122,47.6059,-122.295,2140,4550
10552,10552,3293700105,20150428T000000,385000.0,3.0,2.0,1600,10318,1.0,0,0,3,7,930,670,1941,0,98133,47.7466,-122.347,1590,7040
10553,10553,8001450060,20140820T000000,370000.0,5.0,3.0,2670,9920,1.0,0,0,3,8,1400,1270,1990,0,98001,47.3211,-122.277,1890,10341
10554,10554,2877104316,20141201T000000,660000.0,4.0,1.5,1960,4500,1.5,0,2,3,7,1960,0,1922,0,98117,47.6797,-122.359,1960,4500
10555,10555,1522039105,20150115T000000,729000.0,3.0,4.25,3300,308080,2.0,0,2,4,9,2520,780,1976,0,98070,47.3979,-122.416,2130,90604
10556,10556,924069190,20140819T000000,440000.0,3.0,1.75,2000,11880,2.0,0,0,3,8,2000,0,1979,0,98075,47.5882,-122.052,1820,15120
10557,10557,2722059185,20140910T000000,445000.0,4.0,2.5,2360,81892,1.0,0,0,3,8,2360,0,2000,0,98042,47.369,-122.156,1730,18096
10558,10558,4073200575,20141201T000000,460000.0,2.0,1.0,1430,12092,1.0,0,0,4,7,1430,0,1938,0,98125,47.7023,-122.276,2320,10800
10559,10559,9542600070,20141202T000000,516000.0,3.0,3.0,2330,7304,1.0,0,0,3,9,1300,1030,1971,0,98005,47.5982,-122.172,2330,9518
10560,10560,2459960030,20140815T000000,343888.0,4.0,2.5,2060,5607,2.0,0,0,3,7,2060,0,2002,0,98058,47.4365,-122.144,2060,5367
10561,10561,259800640,20140609T000000,500000.0,4.0,1.75,2240,9886,1.5,0,0,4,7,2240,0,1965,0,98008,47.6294,-122.116,1540,8040
10562,10562,1223039195,20150508T000000,465000.0,5.0,1.75,2330,6450,1.0,0,1,3,8,1330,1000,1958,0,98146,47.4959,-122.367,2330,8258
10563,10563,1545804510,20140512T000000,302000.0,5.0,2.25,2180,7813,2.0,0,0,3,7,2180,0,1986,0,98038,47.3651,-122.051,1880,8649
10564,10564,1921059045,20141107T000000,195000.0,2.0,1.0,1280,7861,1.0,0,0,4,6,1280,0,1913,0,98002,47.3007,-122.228,1020,6480
10565,10565,8078460070,20140609T000000,640000.0,3.0,2.5,2140,8925,2.0,0,0,3,8,2140,0,1991,0,98074,47.6314,-122.027,2310,8956
10566,10566,7525300260,20140623T000000,502000.0,6.0,2.5,2890,8122,1.0,0,0,3,8,1630,1260,1977,0,98008,47.5886,-122.113,2730,9915
10567,10567,4249400270,20150417T000000,360000.0,3.0,2.5,1480,3851,2.0,0,0,3,8,1480,0,1998,0,98072,47.7732,-122.163,1650,4716
10568,10568,179000240,20150325T000000,290500.0,4.0,2.5,1680,3000,2.0,0,0,3,7,1680,0,2003,0,98178,47.494,-122.279,1420,5500
10569,10569,8856004327,20140509T000000,248000.0,4.0,3.0,2163,5883,2.0,0,0,3,7,2163,0,2006,0,98001,47.2734,-122.251,1700,10143
10570,10570,8029550160,20140516T000000,433000.0,4.0,2.5,2280,7568,2.0,0,0,4,7,2280,0,2001,0,98056,47.5115,-122.194,2280,5312
10571,10571,5016001260,20150413T000000,480000.0,2.0,1.0,820,4200,1.0,0,0,3,7,820,0,1980,0,98112,47.6249,-122.298,1290,4000
10572,10572,1133000036,20150421T000000,410000.0,3.0,1.0,1330,5000,1.0,0,0,3,7,1120,210,1957,0,98125,47.7211,-122.308,1920,7790
10573,10573,5416510710,20140505T000000,309950.0,4.0,2.75,2310,5000,2.0,0,0,3,7,2310,0,2006,0,98038,47.3614,-122.035,1980,5000
10574,10574,1796380060,20141201T000000,253000.0,3.0,2.0,1290,7372,1.0,0,0,5,7,1290,0,1990,0,98042,47.3658,-122.085,1290,7366
10575,10575,1223089050,20140506T000000,280000.0,3.0,1.75,1630,11800,1.0,0,0,4,7,1630,0,1971,0,98045,47.4863,-121.73,2090,57428
10576,10576,7436900060,20150424T000000,440000.0,3.0,1.0,1410,8925,1.0,0,0,3,7,1410,0,1958,0,98052,47.6782,-122.162,1330,8925
10577,10577,2202500135,20141118T000000,333000.0,5.0,1.75,1240,8936,1.0,0,0,3,7,1240,0,1954,0,98006,47.5738,-122.136,1600,9341
10578,10578,224069195,20140616T000000,759950.0,3.0,2.5,3100,23790,2.0,0,0,3,9,3100,0,2002,0,98075,47.5882,-122.011,2250,40854
10579,10579,9407101180,20141224T000000,345000.0,3.0,2.25,2020,9000,2.0,0,0,3,7,2020,0,1979,0,98045,47.4487,-121.775,1460,9680
10580,10580,6699950310,20140926T000000,350000.0,4.0,2.5,2500,5831,2.0,0,0,3,8,2500,0,2007,0,98038,47.3454,-122.039,2500,5188
10581,10581,5379800810,20140807T000000,198000.0,2.0,1.0,790,14200,1.0,0,0,3,7,790,0,1951,0,98188,47.459,-122.285,1430,10000
10582,10582,711000070,20140725T000000,730000.0,3.0,1.75,2040,11294,1.0,0,0,4,7,1340,700,1952,0,98004,47.5923,-122.197,2120,9587
10583,10583,5127001170,20140528T000000,266200.0,3.0,1.5,1430,9600,1.0,0,0,4,7,1430,0,1966,0,98059,47.4737,-122.15,1590,10240
10584,10584,191100140,20150316T000000,1060000.0,4.0,2.5,2250,10160,2.0,0,0,5,8,2250,0,1967,0,98040,47.5645,-122.219,2660,10125
10585,10585,6198400218,20140919T000000,95000.0,2.0,1.0,1070,20450,1.0,0,0,2,6,1070,0,1948,0,98058,47.4338,-122.183,1360,15581
10586,10586,3578400270,20140623T000000,430000.0,3.0,1.75,1300,12731,1.0,0,0,3,8,1300,0,1981,0,98074,47.6236,-122.04,1700,13556
10587,10587,9573120260,20140610T000000,650000.0,4.0,2.25,2560,9731,2.0,0,0,4,7,2560,0,1973,0,98034,47.7261,-122.246,1860,9731
10588,10588,2310110070,20150317T000000,379900.0,3.0,2.5,2190,5071,2.0,0,0,3,8,2190,0,2004,0,98038,47.3506,-122.04,2300,5654
10589,10589,6413600192,20150427T000000,325000.0,2.0,1.5,940,1222,2.0,0,0,3,7,860,80,2004,0,98125,47.7178,-122.318,1302,1840
10590,10590,4037500335,20140606T000000,455000.0,4.0,2.25,1740,8449,1.0,0,0,4,7,1170,570,1958,0,98008,47.6079,-122.123,1980,11175
10591,10591,5141000510,20140915T000000,392000.0,4.0,3.75,2220,3797,1.5,0,0,4,6,1330,890,1917,0,98108,47.5574,-122.315,1490,4340
10592,10592,3876311180,20140904T000000,373000.0,3.0,1.75,1310,7811,1.0,0,0,3,7,1310,0,1976,0,98034,47.7319,-122.167,1530,7800
10593,10593,5036300575,20141016T000000,951250.0,5.0,3.0,2710,8227,1.0,0,2,3,8,1910,800,1953,0,98199,47.6505,-122.39,2060,5400
10594,10594,384000135,20140624T000000,502000.0,3.0,2.0,1300,14350,1.0,0,0,3,7,1300,0,1955,2013,98006,47.5736,-122.152,1520,10670
10595,10595,322059326,20150427T000000,362500.0,3.0,2.0,1940,40588,1.0,0,0,3,7,1940,0,2000,0,98058,47.4252,-122.159,1860,9657
10596,10596,9530101670,20140623T000000,525000.0,2.0,1.0,1080,3500,1.0,0,3,3,7,1080,0,1924,0,98103,47.6667,-122.356,1790,4000
10597,10597,5490220030,20150225T000000,580000.0,4.0,2.5,2110,11680,1.0,0,0,4,7,1420,690,1977,0,98052,47.6964,-122.118,1890,9600
10598,10598,2459500070,20141222T000000,278000.0,3.0,2.25,1590,9425,1.0,0,0,3,7,1170,420,1985,0,98058,47.4291,-122.16,1590,9394
10599,10599,7312400075,20141216T000000,422500.0,2.0,1.0,910,4800,1.0,0,0,4,7,910,0,1923,0,98126,47.5536,-122.377,1450,5000
10600,10600,7011200830,20140909T000000,783200.0,4.0,2.0,1590,5400,1.0,0,2,3,7,990,600,1900,0,98119,47.637,-122.367,2190,4800
10601,10601,8691390860,20140620T000000,715000.0,4.0,2.5,3290,6628,2.0,0,0,3,9,3290,0,2003,0,98075,47.5994,-121.975,3240,5831
10602,10602,8929000350,20140804T000000,472217.0,3.0,2.5,2010,2212,2.0,0,0,3,8,1390,620,2014,0,98029,47.5523,-121.998,1690,1619
10603,10603,1322049335,20140528T000000,244615.0,3.0,2.5,2060,4030,2.0,0,0,3,7,2060,0,1999,0,98032,47.3909,-122.238,2060,4029
10604,10604,7715600070,20141212T000000,385000.0,3.0,1.75,1560,14288,1.0,0,0,3,6,780,780,1944,0,98125,47.7183,-122.306,1320,8928
10605,10605,2985800070,20140725T000000,549995.0,3.0,1.0,1120,6600,1.0,0,0,3,7,1120,0,1943,0,98105,47.6712,-122.267,1300,6600
10606,10606,98000560,20140816T000000,959900.0,4.0,3.75,3550,15151,2.0,0,0,3,11,3550,0,2004,0,98075,47.5888,-121.971,4340,15151
10607,10607,125059179,20140723T000000,510000.0,6.0,4.5,3300,7200,2.0,0,0,3,8,3300,0,1980,0,98052,47.6798,-122.104,2470,7561
10608,10608,7558800570,20140813T000000,367000.0,3.0,1.75,2000,12669,1.0,0,3,4,7,1200,800,1965,0,98070,47.3579,-122.446,1580,12055
10609,10609,9378700200,20141008T000000,375000.0,5.0,3.0,2680,8410,2.0,0,0,3,8,1810,870,1990,0,98058,47.4401,-122.126,1860,8410
10610,10610,2767603612,20140512T000000,500000.0,2.0,2.25,1290,1334,3.0,0,0,3,8,1290,0,2007,0,98107,47.6719,-122.382,1350,1334
10611,10611,2767603612,20150113T000000,489000.0,2.0,2.25,1290,1334,3.0,0,0,3,8,1290,0,2007,0,98107,47.6719,-122.382,1350,1334
10612,10612,3259400024,20150427T000000,340000.0,3.0,2.0,1150,700,2.0,0,0,3,7,800,350,2000,0,98136,47.5552,-122.381,1060,1910
10613,10613,7954000125,20150501T000000,562000.0,3.0,1.75,1880,5978,1.0,0,0,5,7,940,940,1957,0,98144,47.5793,-122.294,1930,4770
10614,10614,5535600640,20140912T000000,489950.0,3.0,2.5,2400,7478,2.0,0,0,3,9,2400,0,2002,0,98019,47.7362,-121.974,2980,8182
10615,10615,1313000710,20141003T000000,652000.0,3.0,2.25,1920,9600,1.0,0,0,4,8,1560,360,1968,0,98052,47.6341,-122.103,2040,9600
10616,10616,1786700240,20141024T000000,472000.0,4.0,3.25,4350,7090,2.0,0,0,3,8,2870,1480,1999,0,98042,47.3747,-122.156,2490,7266
10617,10617,2739200160,20140612T000000,333000.0,4.0,2.5,1910,9244,1.0,0,0,4,6,1910,0,1963,0,98059,47.4918,-122.141,2590,9286
10618,10618,2874600335,20140530T000000,560000.0,3.0,1.5,2000,7350,1.0,0,0,3,8,2000,0,1953,0,98177,47.7061,-122.368,1890,6960
10619,10619,3222049159,20141201T000000,799000.0,4.0,3.5,3290,20107,2.0,0,4,3,10,2220,1070,1990,0,98198,47.355,-122.319,2990,16988
10620,10620,7856550240,20140710T000000,860000.0,5.0,2.25,3480,9200,2.0,0,0,3,8,3480,0,1979,0,98006,47.5585,-122.153,3130,9200
10621,10621,2817910030,20150430T000000,449500.0,4.0,2.5,2410,55931,2.0,0,0,3,9,2410,0,1989,0,98092,47.3109,-122.097,2780,55931
10622,10622,8649900160,20141205T000000,692500.0,4.0,3.0,2820,11500,2.0,0,0,3,10,2820,0,1991,0,98075,47.5826,-122.028,2770,9694
10623,10623,7856610160,20140812T000000,925000.0,4.0,1.75,2710,11400,1.0,0,0,4,9,1430,1280,1976,0,98006,47.56100000000001,-122.153,2640,11000
10624,10624,3705000070,20141021T000000,267500.0,3.0,2.25,2080,2856,1.5,0,0,3,7,1550,530,2003,0,98042,47.4198,-122.158,2080,2275
10625,10625,2619950400,20140714T000000,396800.0,4.0,2.5,2200,6018,2.0,0,0,3,8,2200,0,2010,0,98019,47.7338,-121.966,2480,5899
10626,10626,7749500160,20150409T000000,220000.0,4.0,1.5,1180,8058,1.0,0,0,5,7,1180,0,1969,0,98092,47.2966,-122.19,1800,9348
10627,10627,3585300445,20140822T000000,892500.0,3.0,1.75,2120,56192,1.0,0,1,3,9,1720,400,1959,0,98177,47.7665,-122.372,2240,20500
10628,10628,2909700070,20140527T000000,455500.0,3.0,2.0,1460,10311,1.0,0,0,4,7,1460,0,1975,0,98052,47.6771,-122.156,1690,9679
10629,10629,2581900036,20140612T000000,743000.0,3.0,1.75,2110,11250,1.0,0,0,4,8,2110,0,1961,0,98040,47.5402,-122.216,2560,10992
10630,10630,5589900400,20141205T000000,338000.0,4.0,1.5,1790,17925,1.0,0,0,4,6,1790,0,1951,0,98155,47.7501,-122.302,1660,15165
10631,10631,323089159,20141003T000000,332000.0,3.0,1.75,1340,13115,1.0,0,0,3,7,1340,0,1978,0,98045,47.5021,-121.77,1370,10800
10632,10632,5015000700,20150123T000000,563225.0,3.0,1.0,2460,4000,1.5,0,0,4,7,1370,1090,1918,0,98112,47.6268,-122.297,1680,4000
10633,10633,624110860,20150427T000000,1150000.0,4.0,3.5,3760,20609,2.0,0,0,3,11,3760,0,1990,0,98077,47.7255,-122.059,3360,15761
10634,10634,9521100465,20141013T000000,645000.0,2.0,1.0,1240,5000,1.0,0,0,3,7,1000,240,1920,0,98103,47.6634,-122.351,1480,3500
10635,10635,3275790140,20141230T000000,739000.0,3.0,2.5,2750,16000,2.0,0,0,4,9,2560,190,1981,0,98033,47.693000000000005,-122.187,2370,11279
10636,10636,1313300400,20140701T000000,435000.0,3.0,2.5,2530,13446,2.0,0,0,3,9,2530,0,1993,0,98019,47.7345,-121.961,2450,13446
10637,10637,8670900140,20140729T000000,995000.0,3.0,2.25,3200,3800,2.0,0,0,5,9,2650,550,1914,0,98102,47.638000000000005,-122.317,2400,3900
10638,10638,2540850070,20150320T000000,520000.0,4.0,2.75,2020,7357,1.0,0,0,3,7,1350,670,1986,0,98034,47.7145,-122.225,1690,7804
10639,10639,1921069068,20150429T000000,400000.0,4.0,2.5,3030,180263,2.0,0,0,3,7,2030,1000,1987,0,98092,47.2953,-122.097,2600,182509
10640,10640,3574800860,20141007T000000,440000.0,3.0,1.75,2350,7641,1.0,0,0,3,7,1510,840,1978,0,98034,47.7307,-122.219,2190,7500
10641,10641,5652600069,20140917T000000,440000.0,3.0,1.5,1690,6010,1.0,0,0,3,7,1230,460,1946,0,98115,47.6955,-122.291,1690,5418
10642,10642,4083302625,20150324T000000,738000.0,3.0,1.0,1280,3900,1.0,0,0,4,7,1280,0,1921,0,98103,47.6545,-122.336,2020,4560
10643,10643,114100791,20150403T000000,250000.0,3.0,1.5,1170,9848,1.0,0,0,3,7,1170,0,1963,0,98028,47.7612,-122.234,2220,5542
10644,10644,9432900070,20140902T000000,338150.0,4.0,2.25,2700,8580,2.0,0,0,3,8,2700,0,1992,0,98022,47.2087,-122.009,2420,8580
10645,10645,7214820400,20140902T000000,425000.0,3.0,2.25,1800,7371,1.0,0,0,3,7,1280,520,1979,0,98072,47.7584,-122.145,1960,7675
10646,10646,2725069157,20140613T000000,883000.0,4.0,2.5,3670,54450,2.0,0,0,3,10,3670,0,1999,0,98074,47.6211,-122.016,2900,49658
10647,10647,1025079074,20141202T000000,510000.0,3.0,2.0,2350,266151,1.5,0,0,3,7,2350,0,1983,0,98014,47.6609,-121.892,2270,222156
10648,10648,724069070,20140913T000000,950000.0,4.0,1.75,3100,21303,1.0,0,1,4,9,3100,0,1962,0,98075,47.5847,-122.081,3480,9697
10649,10649,2206700070,20141013T000000,435000.0,3.0,1.0,1120,9656,1.0,0,0,5,7,1120,0,1955,0,98006,47.567,-122.139,1720,9908
10650,10650,8564500240,20140527T000000,415000.0,5.0,1.5,1900,10226,1.0,0,0,3,7,1130,770,1961,0,98034,47.7226,-122.227,1690,10227
10651,10651,7579200765,20141006T000000,439000.0,2.0,2.5,1350,944,2.0,0,0,3,9,870,480,2004,0,98116,47.5591,-122.385,1440,1350
10652,10652,7893205525,20140527T000000,295832.0,5.0,1.0,1410,6400,1.0,0,0,5,7,960,450,1955,0,98198,47.4207,-122.334,1400,6500
10653,10653,9320700400,20141031T000000,285000.0,3.0,1.75,1560,9514,1.0,0,0,4,7,1560,0,1967,0,98031,47.4088,-122.21,1550,9600
10654,10654,3226049045,20150430T000000,350000.0,3.0,1.5,1090,5003,1.0,0,0,3,7,1090,0,1962,0,98125,47.703,-122.321,1540,5279
10655,10655,9828701741,20141021T000000,489000.0,2.0,2.75,1465,972,2.0,0,0,3,7,1050,415,2006,0,98112,47.621,-122.298,1480,1430
10656,10656,7205510370,20141124T000000,304500.0,3.0,2.25,1790,6930,1.0,0,0,3,7,1390,400,1974,0,98003,47.3536,-122.317,1810,7420
10657,10657,8899000310,20150317T000000,288000.0,3.0,1.5,1300,7313,1.0,0,0,4,7,1300,0,1968,0,98055,47.4568,-122.21,1770,8075
10658,10658,6804600240,20150211T000000,417000.0,3.0,1.75,1920,9512,1.0,0,0,3,8,1440,480,1980,0,98011,47.7606,-122.167,1820,9512
10659,10659,2902201126,20150401T000000,615000.0,3.0,3.0,1420,991,2.0,0,0,3,8,1040,380,2005,0,98102,47.6408,-122.327,1500,1301
10660,10660,5536500200,20140918T000000,730000.0,5.0,3.5,3760,4857,2.0,0,3,3,9,2820,940,2004,0,98072,47.7398,-122.167,3000,5693
10661,10661,3530490160,20140821T000000,178500.0,2.0,1.0,930,3447,1.0,0,0,4,8,930,0,1978,0,98198,47.3822,-122.318,1160,3447
10662,10662,2008000550,20140815T000000,300000.0,4.0,2.0,1580,9600,1.0,0,0,5,7,1050,530,1965,0,98198,47.4091,-122.313,1710,9600
10663,10663,2045400075,20140623T000000,415000.0,4.0,2.5,2170,8518,1.0,0,3,3,7,1350,820,1955,0,98178,47.5073,-122.234,1880,7680
10664,10664,616000200,20140822T000000,452500.0,3.0,1.75,2040,15695,1.0,0,0,4,8,2040,0,1959,0,98166,47.4155,-122.339,2280,14400
10665,10665,7852160310,20140814T000000,1010000.0,4.0,2.75,3430,15877,1.0,0,4,3,11,3430,0,2005,0,98065,47.5364,-121.856,4080,14577
10666,10666,8079100640,20141201T000000,653000.0,4.0,2.5,2160,7000,2.0,0,0,4,9,2160,0,1989,0,98029,47.5659,-122.013,2300,7440
10667,10667,6662000070,20140514T000000,715000.0,4.0,2.25,2060,5649,1.0,0,0,5,8,1360,700,1941,0,98199,47.6496,-122.407,2060,5626
10668,10668,1928300640,20140828T000000,541000.0,3.0,1.75,1410,4080,1.5,0,0,4,7,1410,0,1927,0,98105,47.6695,-122.32,1820,4080
10669,10669,7888100240,20141209T000000,245000.0,4.0,1.5,1850,7547,1.5,0,0,4,7,1850,0,1960,0,98198,47.3714,-122.309,1730,7577
10670,10670,3034200516,20150217T000000,547000.0,2.0,1.0,1370,10038,1.5,0,0,4,7,1370,0,1922,0,98133,47.719,-122.339,1610,8822
10671,10671,7504000510,20150402T000000,750000.0,5.0,2.75,3330,12408,1.0,0,0,3,10,1740,1590,1976,0,98074,47.6318,-122.058,2780,12000
10672,10672,9141100070,20150126T000000,575000.0,5.0,2.5,1970,12375,1.0,0,0,3,8,1570,400,1959,0,98133,47.7412,-122.354,1970,8941
10673,10673,921059200,20140813T000000,216000.0,3.0,1.75,1310,8670,1.0,0,0,4,6,1310,0,1984,0,98092,47.3156,-122.186,2622,7191
10674,10674,3645100240,20140922T000000,443000.0,3.0,1.75,1640,4579,1.0,0,0,4,6,1640,0,1916,0,98133,47.7061,-122.352,1580,5040
10675,10675,4123800260,20141103T000000,257700.0,4.0,2.25,1600,6202,2.0,0,0,4,7,1600,0,1986,0,98038,47.3784,-122.046,1530,6298
10676,10676,7334401000,20150414T000000,278000.0,3.0,1.0,1230,9440,1.0,0,0,3,7,1230,0,1978,0,98045,47.4657,-121.747,1230,10296
10677,10677,2111010890,20141105T000000,300000.0,3.0,2.5,2240,3691,2.0,0,0,3,7,2240,0,2003,0,98092,47.3364,-122.169,2619,3691
10678,10678,4137070830,20150213T000000,269100.0,3.0,2.5,2190,7904,2.0,0,0,3,8,2190,0,1995,0,98092,47.2617,-122.21,2190,7669
10679,10679,7283900036,20140818T000000,402500.0,3.0,1.0,990,10752,1.5,0,0,4,7,990,0,1929,0,98133,47.7648,-122.35,1820,7600
10680,10680,345700340,20140610T000000,306888.0,2.0,1.5,1010,7719,2.0,0,0,3,7,1010,0,1981,0,98056,47.5128,-122.189,1210,7719
10681,10681,4178300070,20141226T000000,795000.0,4.0,2.5,2920,14210,2.0,0,0,4,10,2920,0,1978,0,98007,47.6196,-122.15,2840,13702
10682,10682,3342103228,20140804T000000,525000.0,4.0,2.5,2310,5573,2.0,0,0,4,9,2310,0,2003,0,98056,47.5197,-122.2,2310,6189
10683,10683,5451300105,20140720T000000,1050000.0,3.0,2.5,3470,12076,2.0,0,3,3,10,2560,910,1988,0,98040,47.5319,-122.238,3590,17677
10684,10684,5249803645,20140829T000000,452000.0,2.0,1.0,1220,6000,1.0,0,0,3,6,880,340,1938,0,98118,47.5647,-122.27,1220,6840
10685,10685,7326200030,20150413T000000,350000.0,3.0,2.25,1550,5401,2.0,0,0,3,7,1550,0,2000,0,98019,47.737,-121.967,1740,4485
10686,10686,7227502075,20150409T000000,410000.0,4.0,2.5,2070,6180,2.0,0,0,3,8,2070,0,2007,0,98056,47.4915,-122.183,1250,6018
10687,10687,7011200160,20141113T000000,595000.0,3.0,1.75,2060,3600,1.5,0,0,3,7,1180,880,1905,1985,98119,47.6389,-122.371,1730,2475
10688,10688,7202340390,20150407T000000,499000.0,3.0,2.5,1690,4851,2.0,0,0,3,7,1690,0,2004,0,98053,47.6795,-122.034,2330,4851
10689,10689,5412100240,20141022T000000,340000.0,4.0,2.5,2550,7555,2.0,0,0,3,8,2550,0,2001,0,98001,47.2614,-122.29,2550,6800
10690,10690,1245000685,20140625T000000,1065000.0,5.0,3.25,3370,7947,2.0,0,0,3,10,3370,0,2001,0,98033,47.6906,-122.202,2040,7900
10691,10691,3222059187,20140528T000000,460000.0,4.0,3.0,2230,52983,2.0,0,0,3,8,2230,0,1991,0,98030,47.3577,-122.195,2060,8755
10692,10692,1822500270,20140819T000000,345000.0,4.0,2.5,2382,5899,2.0,0,0,3,8,2382,0,2011,0,98003,47.2793,-122.295,2382,5897
10693,10693,2310010270,20150218T000000,280500.0,3.0,2.25,1620,7566,2.0,0,0,3,7,1620,0,1990,0,98038,47.3566,-122.039,1470,7566
10694,10694,9547204930,20150225T000000,704000.0,3.0,1.0,1140,6120,1.5,0,0,3,7,1140,0,1926,0,98115,47.6822,-122.309,1800,4080
10695,10695,8137500400,20141007T000000,545000.0,3.0,2.5,2140,40173,2.0,0,0,4,8,2140,0,1990,0,98027,47.4786,-122.066,2380,43016
10696,10696,3343901242,20140807T000000,335000.0,3.0,1.5,1900,7584,1.0,0,0,5,7,1900,0,1962,0,98056,47.5091,-122.19,1410,7584
10697,10697,486000510,20140523T000000,1325000.0,4.0,3.0,3370,7920,1.0,0,3,3,10,1860,1510,1988,0,98117,47.6773,-122.403,2730,7380
10698,10698,537000075,20140811T000000,420000.0,3.0,2.75,2300,8000,1.0,0,0,3,7,1430,870,1965,0,98003,47.3293,-122.306,2070,10200
10699,10699,3544400045,20150220T000000,705000.0,4.0,2.0,2040,5050,1.0,0,0,5,7,1160,880,1937,0,98115,47.6885,-122.324,2040,5050
10700,10700,9211520400,20141104T000000,274900.0,4.0,1.75,1840,10528,1.0,0,0,3,7,1210,630,1990,0,98023,47.2987,-122.385,1620,9331
10701,10701,2738600140,20140502T000000,499950.0,4.0,2.5,2860,3345,2.0,0,0,3,8,2190,670,2004,0,98072,47.7735,-122.158,2860,3596
10702,10702,3073500111,20150318T000000,415250.0,3.0,1.5,1400,7550,1.0,0,0,4,7,1400,0,1953,0,98133,47.7566,-122.337,1730,7562
10703,10703,7889000160,20150317T000000,222000.0,3.0,1.0,990,7520,1.0,0,0,4,7,990,0,1958,0,98002,47.285,-122.207,990,7440
10704,10704,1422059129,20140814T000000,375000.0,3.0,2.0,3120,42247,1.0,0,0,4,7,2150,970,1980,0,98042,47.3925,-122.137,2100,43416
10705,10705,9430000070,20150430T000000,300000.0,3.0,2.5,1640,5707,2.0,0,0,3,7,1640,0,1995,0,98031,47.4016,-122.209,1850,5827
10706,10706,2518400046,20141118T000000,456700.0,3.0,1.75,2820,8879,1.0,0,0,5,7,1540,1280,1920,1957,98146,47.5094,-122.376,1640,7850
10707,10707,1315300070,20150319T000000,925500.0,3.0,2.75,1970,5200,1.5,0,3,3,8,1970,0,1915,2002,98136,47.5374,-122.388,2140,5200
10708,10708,1081330030,20140723T000000,375000.0,5.0,2.5,2840,15598,1.0,0,0,4,8,1470,1370,1975,0,98059,47.4693,-122.117,2570,14930
10709,10709,4397010140,20141014T000000,420000.0,3.0,2.5,2370,15375,2.0,0,2,3,9,2370,0,1993,0,98042,47.3803,-122.147,2450,9800
10710,10710,8564700240,20141017T000000,575000.0,3.0,2.5,2610,7301,2.0,0,0,3,8,2610,0,2004,0,98072,47.7614,-122.139,2460,7181
10711,10711,597000566,20150428T000000,335000.0,3.0,2.0,1340,1951,1.0,0,0,3,6,670,670,1915,0,98144,47.5763,-122.309,1520,2248
10712,10712,9828202030,20150218T000000,428000.0,4.0,2.0,1300,7200,1.0,0,0,3,7,1300,0,1958,0,98122,47.6169,-122.294,1540,6600
10713,10713,7214711260,20141001T000000,655000.0,4.0,2.5,3340,34238,1.0,0,0,4,8,2060,1280,1977,0,98077,47.7654,-122.076,2400,36590
10714,10714,5569620550,20140627T000000,738000.0,3.0,3.0,2630,4896,2.0,0,0,3,9,2630,0,2006,0,98052,47.6932,-122.133,2880,4972
10715,10715,6145601890,20140819T000000,415000.0,5.0,1.75,1960,3748,1.0,0,0,3,7,980,980,1965,0,98133,47.7027,-122.349,1410,3844
10716,10716,9269200831,20140825T000000,392000.0,3.0,1.0,1090,6125,1.0,0,0,4,6,790,300,1945,0,98126,47.5343,-122.37,1050,6125
10717,10717,6021502470,20141106T000000,555000.0,2.0,1.0,1550,4600,1.0,0,0,4,7,1050,500,1941,0,98117,47.68600000000001,-122.384,1550,4600
10718,10718,646910560,20150306T000000,260000.0,3.0,2.5,1770,2677,2.0,0,0,3,7,1770,0,2005,0,98055,47.4339,-122.194,1550,1798
10719,10719,2475900565,20150309T000000,392500.0,3.0,1.0,1390,10500,1.5,0,0,3,6,1390,0,1940,0,98024,47.567,-121.893,1350,9800
10720,10720,4139430810,20140801T000000,912000.0,3.0,2.5,2979,17313,2.0,0,2,3,11,2979,0,1993,0,98006,47.5503,-122.118,3890,14797
10721,10721,2586800140,20141118T000000,135000.0,2.0,1.0,830,7609,1.0,0,0,3,6,830,0,1943,0,98146,47.5057,-122.348,1170,7609
10722,10722,226059121,20140813T000000,500000.0,3.0,2.75,1560,77536,1.0,0,0,3,7,1400,160,1978,0,98072,47.7695,-122.126,2210,41449
10723,10723,7696610270,20141229T000000,238000.0,3.0,1.5,1360,7488,1.0,0,0,4,7,1050,310,1975,0,98001,47.3314,-122.275,1580,7508
10724,10724,4279900140,20141001T000000,251000.0,4.0,2.0,1650,5974,1.0,0,0,5,7,860,790,1972,0,98178,47.5008,-122.257,1940,6001
10725,10725,5422560810,20140714T000000,406500.0,2.0,1.75,1510,5319,2.0,0,0,4,8,1510,0,1978,0,98052,47.6647,-122.13,1740,6160
10726,10726,1657300270,20150312T000000,433495.0,4.0,2.25,3010,10925,2.0,0,0,4,9,3010,0,1988,0,98092,47.3326,-122.201,2690,10925
10727,10727,8648210140,20141224T000000,265000.0,3.0,2.25,1510,6071,1.0,0,0,4,7,1150,360,1985,0,98042,47.3619,-122.077,1510,7271
10728,10728,3034200247,20150206T000000,360000.0,3.0,1.75,1950,7260,1.0,0,0,3,8,1520,430,1957,0,98133,47.7187,-122.33,1950,7548
10729,10729,2204500550,20140717T000000,425000.0,4.0,1.0,1800,12485,1.0,0,0,5,7,950,850,1955,0,98006,47.5729,-122.147,1290,9840
10730,10730,7390400069,20150327T000000,450000.0,2.0,2.75,2810,11205,1.0,0,0,3,7,1510,1300,1968,0,98178,47.4869,-122.243,2520,13000
10731,10731,1077100070,20150316T000000,449900.0,3.0,1.75,1760,8266,1.0,0,0,5,7,1760,0,1954,0,98133,47.7708,-122.339,1400,8519
10732,10732,423059360,20141017T000000,345000.0,4.0,2.5,2040,5875,2.0,0,0,3,8,2040,0,2004,0,98056,47.5051,-122.17,2230,5459
10733,10733,3316500200,20141009T000000,612500.0,4.0,2.0,1690,35346,1.0,0,0,3,7,1690,0,1967,0,98008,47.6149,-122.124,2050,37846
10734,10734,1328300990,20140805T000000,317000.0,3.0,1.75,1530,7650,1.0,0,0,4,8,1530,0,1977,0,98058,47.4435,-122.128,1850,6804
10735,10735,4443800505,20150507T000000,585000.0,3.0,1.5,1810,3880,1.5,0,0,4,8,1310,500,1929,0,98117,47.6835,-122.392,1400,3880
10736,10736,7327500200,20140618T000000,455000.0,3.0,1.75,1180,14292,1.0,0,0,3,7,1180,0,1981,0,98045,47.4818,-121.733,1480,14400
10737,10737,4054510310,20141201T000000,1035000.0,4.0,4.0,4090,51908,2.0,0,0,3,11,4090,0,1991,0,98077,47.7226,-122.039,4290,41655
10738,10738,7525100060,20140820T000000,497000.0,4.0,2.25,2250,3463,2.0,0,0,4,8,2250,0,1968,0,98052,47.6324,-122.106,1850,2811
10739,10739,3065600270,20150422T000000,226750.0,3.0,1.75,1070,6315,1.0,0,0,3,7,1070,0,1992,0,98023,47.2803,-122.356,1520,5707
10740,10740,2881700273,20140819T000000,385000.0,4.0,2.0,1820,7102,1.0,0,0,3,7,1220,600,1950,0,98155,47.7447,-122.324,1650,8184
10741,10741,7889600685,20141211T000000,205000.0,3.0,0.75,1080,5025,1.0,0,0,3,5,1080,0,1948,0,98146,47.4936,-122.335,1370,6000
10742,10742,1137500070,20140929T000000,745000.0,4.0,2.5,2760,13093,2.0,0,0,4,9,2760,0,1989,0,98075,47.5845,-122.06,2810,13545
10743,10743,5104530810,20140620T000000,371000.0,4.0,2.5,2550,4770,2.0,0,0,3,8,2550,0,2005,0,98038,47.3526,-122.0,2380,4590
10744,10744,3905060070,20140829T000000,545000.0,4.0,2.5,2080,8504,2.0,0,0,3,8,2080,0,1991,0,98029,47.5703,-121.998,2000,6773
10745,10745,6450302545,20150508T000000,443000.0,3.0,1.0,1280,5460,1.5,0,0,4,7,1280,0,1931,0,98133,47.7321,-122.334,1390,5500
10746,10746,7972602435,20150318T000000,287000.0,2.0,1.0,950,6350,1.0,0,0,3,7,950,0,1951,0,98106,47.528,-122.352,1080,7620
10747,10747,5423500240,20140624T000000,194000.0,3.0,1.0,1050,7577,1.0,0,0,3,7,1050,0,1983,0,98023,47.2891,-122.357,1430,7245
10748,10748,8074200160,20140629T000000,265000.0,3.0,1.0,1800,7650,1.0,0,0,5,7,1800,0,1957,0,98056,47.4922,-122.178,1230,7650
10749,10749,3317500070,20150408T000000,1135000.0,4.0,2.75,3840,10004,1.0,0,2,4,9,2110,1730,1963,0,98040,47.5606,-122.225,3500,12118
10750,10750,6119700030,20150508T000000,699950.0,4.0,3.25,3674,12793,2.0,0,1,3,9,3674,0,1987,0,98166,47.4357,-122.343,3220,13100
10751,10751,2568800160,20141015T000000,433000.0,4.0,1.0,1710,7000,1.5,0,0,3,7,1710,0,1950,0,98125,47.7037,-122.293,2030,7938
10752,10752,2781250520,20141016T000000,200000.0,2.0,1.75,910,2693,1.0,0,0,3,6,910,0,2003,0,98038,47.3493,-122.025,1360,2693
10753,10753,7230200310,20150409T000000,289571.0,3.0,1.5,1340,25160,1.0,0,0,3,7,1340,0,1968,0,98059,47.475,-122.111,1440,23680
10754,10754,4400900030,20140602T000000,440000.0,4.0,2.75,2340,11034,1.0,0,0,3,8,1720,620,1967,0,98155,47.7686,-122.278,2370,11941
10755,10755,4038300070,20141113T000000,400000.0,3.0,1.5,1510,8360,1.0,0,0,3,7,1120,390,1960,0,98007,47.6119,-122.133,1700,8360
10756,10756,5706000070,20141014T000000,589000.0,4.0,2.5,2630,15000,2.0,0,0,5,8,2630,0,1962,0,98027,47.5262,-122.028,1770,8700
10757,10757,825069078,20150324T000000,850000.0,5.0,2.25,3100,97661,2.0,0,0,3,9,3100,0,1986,0,98053,47.6624,-122.062,2370,53993
10758,10758,363000045,20150102T000000,520000.0,3.0,1.0,940,3000,1.5,0,0,3,7,940,0,1903,0,98122,47.6033,-122.3,1210,3500
10759,10759,1912100875,20150423T000000,555000.0,2.0,2.25,1370,1248,2.0,0,0,3,7,1200,170,2000,0,98102,47.6399,-122.32,1800,3360
10760,10760,7853230200,20150309T000000,470000.0,3.0,2.5,2480,5082,2.0,0,0,3,7,2480,0,2004,0,98065,47.5297,-121.846,2480,5874
10761,10761,9406500350,20141229T000000,207000.0,2.0,1.5,1068,1158,2.0,0,0,3,7,1068,0,1990,0,98028,47.753,-122.244,1078,1278
10762,10762,5152960350,20141113T000000,379750.0,4.0,2.75,2390,9650,1.0,0,2,3,8,1620,770,1976,0,98003,47.3438,-122.322,2390,10000
10763,10763,6021500320,20150507T000000,709000.0,4.0,1.75,2170,4600,1.0,0,0,3,7,1270,900,1950,0,98117,47.6894,-122.384,1750,4000
10764,10764,7137910140,20140923T000000,240000.0,3.0,2.5,1520,9864,1.0,0,0,3,7,1160,360,1993,0,98092,47.3186,-122.171,1580,7425
10765,10765,6117500955,20150204T000000,445500.0,4.0,1.5,2210,10497,1.0,0,0,4,8,1650,560,1953,0,98166,47.4321,-122.347,1840,12697
10766,10766,269001331,20140909T000000,1308000.0,5.0,2.5,3200,7863,1.0,0,3,5,8,1600,1600,1959,0,98199,47.6398,-122.39,2640,7680
10767,10767,1023059190,20150324T000000,210000.0,3.0,1.5,1160,10125,1.0,0,0,4,7,1160,0,1959,0,98059,47.4919,-122.151,1440,10018
10768,10768,8961970560,20140811T000000,603000.0,4.0,2.5,2670,5895,2.0,0,0,3,8,2670,0,1999,0,98074,47.6066,-122.016,2820,6531
10769,10769,3066400710,20150407T000000,720000.0,3.0,2.5,2520,10012,2.0,0,0,3,10,2520,0,1987,0,98074,47.6295,-122.051,2680,10071
10770,10770,795000765,20140616T000000,92000.0,2.0,1.0,760,5500,1.5,0,0,3,5,760,0,1947,0,98168,47.5045,-122.329,1040,5515
10771,10771,2767603535,20150126T000000,600000.0,3.0,1.75,1310,5000,2.0,0,0,4,7,1310,0,1901,0,98107,47.6722,-122.379,1270,4750
10772,10772,7774200070,20150408T000000,725000.0,4.0,2.5,2750,13950,1.0,0,3,4,8,1380,1370,1948,0,98146,47.4938,-122.364,2460,13950
10773,10773,4029400140,20141210T000000,409950.0,5.0,2.25,1790,10300,1.0,0,0,3,7,1270,520,1961,0,98155,47.7718,-122.292,1790,10300
10774,10774,1954400060,20140506T000000,515000.0,3.0,2.5,1790,7167,2.0,0,0,3,8,1790,0,1989,0,98074,47.6176,-122.045,1680,7418
10775,10775,2473002650,20150512T000000,495000.0,4.0,2.5,2400,11640,1.0,0,0,5,8,1800,600,1968,0,98058,47.4485,-122.139,2440,10823
10776,10776,5451220200,20140624T000000,998000.0,4.0,2.25,2420,10200,2.0,0,0,4,9,2420,0,1973,0,98040,47.5336,-122.225,2390,10200
10777,10777,1472700200,20140709T000000,630000.0,3.0,1.75,1710,8767,1.0,0,0,4,8,1710,0,1986,0,98033,47.6945,-122.188,2050,9200
10778,10778,1661000060,20140801T000000,410000.0,3.0,1.75,2000,7480,1.0,0,0,3,8,1320,680,1972,0,98177,47.7734,-122.359,2000,8610
10779,10779,2600110710,20140819T000000,602000.0,3.0,2.25,1580,11580,1.0,0,0,4,8,1580,0,1979,0,98006,47.5503,-122.155,2630,10009
10780,10780,2600110560,20141112T000000,750000.0,4.0,2.75,2310,10232,1.0,0,0,5,8,1310,1000,1980,0,98006,47.5515,-122.153,2820,9886
10781,10781,8617000060,20140708T000000,711600.0,4.0,3.0,3580,9316,2.5,0,0,3,10,2370,1210,1991,0,98007,47.595,-122.133,2580,9242
10782,10782,8562720390,20140825T000000,1050000.0,4.0,4.0,4320,8709,2.0,0,0,3,11,3190,1130,2006,0,98027,47.5369,-122.07,4010,8321
10783,10783,1137300890,20141217T000000,700500.0,3.0,2.5,2560,35265,2.0,0,0,3,9,2560,0,1981,0,98072,47.7354,-122.095,2820,35496
10784,10784,4104900340,20150204T000000,710000.0,4.0,2.5,3220,18618,2.0,0,1,3,10,3220,0,1991,0,98056,47.5326,-122.181,2650,11896
10785,10785,2616700560,20141204T000000,250000.0,3.0,2.0,1660,13085,1.0,0,0,3,7,1010,650,1985,0,98001,47.3298,-122.277,1660,7778
10786,10786,1061500510,20141015T000000,350000.0,4.0,1.75,2420,8400,1.0,0,0,5,7,1620,800,1964,0,98056,47.5017,-122.165,1660,8400
10787,10787,6411600370,20140515T000000,475000.0,7.0,3.5,2870,29699,1.0,0,0,3,7,1520,1350,1961,0,98125,47.7153,-122.327,1380,7555
10788,10788,4154302075,20150116T000000,200000.0,2.0,1.0,830,7200,1.0,0,0,2,6,830,0,1920,0,98118,47.5604,-122.275,1150,6600
10789,10789,1727500390,20141030T000000,450000.0,4.0,2.25,1710,7000,1.0,0,0,4,7,1040,670,1972,0,98034,47.719,-122.217,1780,6500
10790,10790,2538410260,20140801T000000,316000.0,5.0,2.5,2600,4641,2.0,0,0,3,7,2600,0,2005,0,98058,47.4325,-122.146,2330,4589
10791,10791,9269200520,20141016T000000,310000.0,1.0,1.0,670,4920,1.0,0,0,3,5,670,0,1920,0,98126,47.5342,-122.373,1050,4920
10792,10792,7334400070,20150223T000000,392000.0,3.0,1.5,1500,11975,1.0,0,0,4,7,1500,0,1970,0,98045,47.4658,-121.758,1510,13875
10793,10793,1972200696,20141006T000000,521000.0,3.0,3.25,1460,1254,3.0,0,0,3,8,1460,0,2000,0,98103,47.6535,-122.353,1400,1255
10794,10794,2267000486,20140822T000000,495000.0,2.0,2.0,1540,7110,1.0,0,0,3,7,960,580,1949,0,98117,47.6932,-122.395,1860,7065
10795,10795,1311800560,20141121T000000,209000.0,3.0,1.75,1250,8084,1.0,0,0,4,7,1250,0,1967,0,98001,47.3364,-122.276,1340,7680
10796,10796,9542400075,20140606T000000,809950.0,4.0,2.0,2230,9900,1.5,0,0,5,9,2230,0,1959,0,98005,47.5979,-122.173,2510,11041
10797,10797,3223069065,20140917T000000,400000.0,2.0,1.75,1800,224769,1.0,0,0,3,7,1420,380,1950,2008,98038,47.4327,-122.06,1620,112384
10798,10798,1724500030,20150312T000000,415000.0,4.0,2.5,2400,7292,1.0,0,0,3,8,1530,870,1980,0,98133,47.7749,-122.339,1710,7909
10799,10799,3751602797,20140702T000000,411000.0,4.0,2.0,2370,76665,2.0,0,0,4,8,2370,0,1978,0,98001,47.2831,-122.279,2110,19334
10800,10800,809002030,20140911T000000,825000.0,2.0,2.0,1830,3600,1.0,0,0,4,7,1230,600,1926,0,98109,47.6359,-122.351,2020,3600
10801,10801,993002127,20150223T000000,436000.0,3.0,2.25,1480,1384,3.0,0,0,3,8,1480,0,2008,0,98103,47.691,-122.342,1310,1329
10802,10802,1473120140,20140708T000000,460000.0,4.0,2.5,2620,8331,2.0,0,0,3,9,2620,0,1991,0,98058,47.4357,-122.159,2760,8174
10803,10803,7849200861,20140714T000000,281000.0,3.0,1.0,1300,5782,1.0,0,0,4,6,1300,0,1959,0,98065,47.524,-121.821,1020,7200
10804,10804,269000030,20140825T000000,976000.0,4.0,1.5,3120,7680,1.0,0,3,3,8,1660,1460,1956,0,98199,47.646,-122.39,2900,7680
10805,10805,2607760700,20150420T000000,485000.0,4.0,2.5,2400,10364,2.0,0,0,3,8,2400,0,1995,0,98045,47.4832,-121.799,2390,9918
10806,10806,7715801090,20140725T000000,429000.0,3.0,2.5,1430,9240,2.0,0,0,3,7,1430,0,1984,0,98074,47.6258,-122.058,1480,8125
10807,10807,1999600320,20150304T000000,729000.0,3.0,2.5,2480,7428,2.0,0,0,3,9,2480,0,1990,0,98006,47.5489,-122.185,2600,8322
10808,10808,4221250340,20150409T000000,625000.0,3.0,2.5,2280,4757,2.0,0,0,3,8,2280,0,2003,0,98075,47.5901,-122.018,2280,4534
10809,10809,3668000810,20150116T000000,218500.0,3.0,1.75,1390,9328,1.0,0,0,4,7,1390,0,1987,0,98092,47.2766,-122.146,1550,8374
10810,10810,2337300370,20150206T000000,175000.0,3.0,1.0,1030,8395,1.0,0,0,4,7,1030,0,1960,0,98023,47.3322,-122.337,1370,9380
10811,10811,1453602065,20150205T000000,442500.0,3.0,1.0,1120,8200,1.0,0,0,4,7,1120,0,1938,0,98125,47.7254,-122.29,1820,7205
10812,10812,3359500960,20150321T000000,480000.0,3.0,2.0,1300,3000,2.0,0,0,3,7,1300,0,1986,0,98115,47.6728,-122.325,1670,4500
10813,10813,6133100125,20141008T000000,715500.0,3.0,2.25,2410,9668,1.0,0,1,4,8,1540,870,1965,0,98117,47.6996,-122.391,2510,5250
10814,10814,8562600260,20141120T000000,432500.0,3.0,1.75,1470,7350,1.0,0,0,3,8,1470,0,1963,0,98052,47.6687,-122.154,1470,7350
10815,10815,2325069032,20140731T000000,875000.0,5.0,4.25,4720,18741,2.0,0,0,3,11,3210,1510,2005,0,98053,47.6347,-122.013,3880,37328
10816,10816,1223039235,20141114T000000,605000.0,5.0,2.75,2910,13332,2.0,0,0,4,8,2910,0,1940,1991,98146,47.4977,-122.359,1760,8900
10817,10817,4139480350,20150113T000000,1688000.0,4.0,4.0,5000,12941,3.0,0,2,3,12,5000,0,2002,0,98006,47.55,-122.103,4560,12941
10818,10818,3348401382,20150210T000000,318000.0,3.0,2.25,1690,12662,1.0,0,0,5,7,1090,600,1982,0,98178,47.4972,-122.264,1950,9642
10819,10819,164000267,20141016T000000,311300.0,2.0,1.0,1000,7228,1.0,0,0,4,7,1000,0,1947,0,98133,47.7294,-122.352,1100,7228
10820,10820,1099900030,20150415T000000,325000.0,5.0,2.75,2400,7904,1.0,0,0,3,7,1450,950,1992,0,98188,47.4683,-122.263,2400,7475
10821,10821,4139700260,20141117T000000,795000.0,5.0,3.5,3330,3705,2.0,0,0,3,9,2610,720,2008,0,98006,47.5567,-122.124,2810,3971
10822,10822,6071800310,20140619T000000,558000.0,4.0,2.25,2060,10358,1.0,0,0,4,8,1320,740,1962,0,98006,47.5478,-122.174,2060,9676
10823,10823,1321720140,20140528T000000,370000.0,4.0,2.5,3090,18645,2.0,0,0,3,9,3090,0,1995,0,98023,47.2902,-122.342,3610,20114
10824,10824,8078460320,20141118T000000,598850.0,4.0,2.5,2350,7245,2.0,0,0,3,8,2350,0,1993,0,98074,47.6318,-122.023,2350,9419
10825,10825,6388930570,20141023T000000,515700.0,3.0,2.5,2180,9722,2.0,0,0,3,8,2180,0,1994,0,98056,47.527,-122.173,2440,9722
10826,10826,3709500060,20140620T000000,458000.0,3.0,2.5,1870,5013,2.0,0,0,3,8,1870,0,2003,0,98011,47.7552,-122.221,2040,5555
10827,10827,5469500640,20150224T000000,583500.0,3.0,2.25,3530,13000,2.5,0,0,4,10,3530,0,1985,0,98042,47.3823,-122.159,2960,13000
10828,10828,293910070,20140723T000000,653750.0,4.0,2.5,2460,4166,2.0,0,0,3,9,2460,0,2003,0,98034,47.7072,-122.232,2460,4964
10829,10829,3158500340,20140711T000000,299000.0,3.0,2.5,1650,4725,2.0,0,0,3,8,1650,0,2011,0,98038,47.3548,-122.055,2000,4725
10830,10830,2617300200,20140509T000000,532000.0,5.0,3.0,3480,57499,1.0,0,0,4,8,2340,1140,1976,0,98027,47.4574,-122.024,2020,40946
10831,10831,521049200,20140708T000000,819000.0,3.0,2.75,3176,13391,2.0,0,3,4,9,2726,450,1985,0,98198,47.3429,-122.33,3470,12779
10832,10832,7779200105,20140718T000000,945000.0,4.0,2.25,2420,9000,1.0,0,4,5,9,2000,420,1967,0,98146,47.4884,-122.363,2400,9035
10833,10833,8651500710,20141106T000000,608700.0,4.0,2.5,2260,9696,1.0,0,0,3,9,2260,0,1983,0,98074,47.643,-122.066,2400,12111
10834,10834,871000435,20150509T000000,812000.0,4.0,2.0,2380,6122,1.0,0,2,4,8,1310,1070,1949,0,98199,47.6506,-122.405,1810,5202
10835,10835,217500140,20140513T000000,464000.0,5.0,2.5,3400,8970,1.0,0,0,4,8,1700,1700,1959,0,98133,47.7358,-122.335,1890,8475
10836,10836,9290850810,20140613T000000,950000.0,4.0,2.5,3770,35081,2.0,0,0,3,10,3770,0,1989,0,98053,47.6908,-122.051,4000,35492
10837,10837,6844700510,20141203T000000,700000.0,4.0,2.5,2672,4297,2.0,0,0,3,8,2020,652,2005,0,98115,47.6955,-122.289,1720,6120
10838,10838,1232001040,20141016T000000,435000.0,3.0,1.0,1180,4219,1.0,0,0,3,7,1060,120,1939,0,98117,47.6867,-122.378,1630,4219
10839,10839,3751601171,20141007T000000,229500.0,3.0,1.5,1810,14400,1.0,0,0,4,7,1810,0,1954,0,98001,47.2887,-122.269,1710,12000
10840,10840,6117502220,20141117T000000,1575000.0,3.0,3.0,2610,22672,1.5,1,4,4,8,2610,0,1952,0,98166,47.4414,-122.354,2810,22672
10841,10841,4322300140,20141103T000000,265000.0,3.0,2.25,1450,13439,1.0,0,0,4,7,1180,270,1963,0,98003,47.2811,-122.299,1520,12348
10842,10842,1526059051,20140828T000000,995000.0,2.0,2.0,1600,64468,1.0,0,0,3,7,1600,0,1950,0,98072,47.7344,-122.143,1950,64468
10843,10843,3800000160,20140709T000000,590000.0,3.0,2.5,2650,9380,1.0,0,0,5,8,1680,970,1975,0,98155,47.7756,-122.273,2310,9600
10844,10844,1454600116,20140611T000000,740000.0,4.0,2.75,2490,17833,2.0,0,2,3,9,1490,1000,1979,0,98125,47.7206,-122.284,2640,16943
10845,10845,4174600055,20140521T000000,360000.0,2.0,0.75,850,7710,1.0,0,2,5,6,550,300,1909,0,98108,47.5588,-122.301,2500,6022
10846,10846,2594200566,20150406T000000,548500.0,4.0,2.0,1820,7200,1.0,0,0,3,7,1300,520,1976,0,98136,47.5161,-122.388,1770,8149
10847,10847,8825900465,20140507T000000,599000.0,3.0,1.75,1960,4788,1.0,0,0,4,7,1090,870,1920,0,98115,47.6746,-122.312,1960,3960
10848,10848,8562900310,20140613T000000,615000.0,3.0,1.75,2350,20820,1.0,0,0,4,8,1800,550,1978,0,98074,47.6095,-122.059,2040,10800
10849,10849,1446401555,20141208T000000,292000.0,3.0,1.75,1320,6600,1.0,0,0,3,7,1320,0,1988,0,98168,47.4838,-122.33,1070,6594
10850,10850,3528000140,20141023T000000,899000.0,4.0,2.5,3720,30649,2.0,0,0,3,10,3720,0,1988,0,98053,47.6651,-122.056,3220,29434
10851,10851,7625704500,20141208T000000,500000.0,3.0,1.5,2210,6500,1.0,0,0,4,7,1030,1180,1912,0,98136,47.5434,-122.388,1750,6370
10852,10852,3575302397,20141113T000000,580000.0,3.0,2.5,1910,11550,1.5,0,0,3,8,1910,0,2003,0,98074,47.6213,-122.064,2230,11550
10853,10853,6190500340,20140509T000000,580000.0,4.0,2.5,2840,6268,2.0,0,0,3,9,2840,0,1998,0,98028,47.7386,-122.235,2790,6526
10854,10854,475000510,20141118T000000,594000.0,3.0,1.0,1320,5000,1.0,0,0,4,7,1090,230,1920,0,98107,47.6674,-122.365,1700,5000
10855,10855,7199340320,20150409T000000,500000.0,3.0,2.5,2440,7600,1.0,0,0,3,7,1420,1020,1981,0,98052,47.6966,-122.127,2060,7700
10856,10856,3904940140,20141006T000000,550000.0,4.0,2.5,2420,8056,1.0,0,0,3,8,1680,740,1988,0,98029,47.5748,-122.013,2160,6807
10857,10857,2310030390,20150429T000000,275000.0,3.0,1.75,1180,6260,1.0,0,0,4,8,1180,0,1993,0,98038,47.3531,-122.048,1580,7272
10858,10858,2591800340,20150430T000000,390000.0,3.0,2.25,1820,7420,2.0,0,0,4,8,1820,0,1983,0,98058,47.4368,-122.162,1900,7526
10859,10859,3505100126,20140626T000000,1250000.0,3.0,3.0,3760,8500,2.5,0,3,4,10,3060,700,1910,0,98116,47.5815,-122.398,2610,5500
10860,10860,3361401977,20140826T000000,250000.0,3.0,2.25,1560,15340,2.0,0,0,3,7,1560,0,1997,0,98168,47.4989,-122.322,1560,8260
10861,10861,5422570260,20140929T000000,405000.0,2.0,2.5,1790,5400,2.0,0,0,4,8,1790,0,1979,0,98052,47.6606,-122.128,1700,5760
10862,10862,100600320,20140813T000000,213950.0,3.0,1.0,1430,7000,1.0,0,0,3,6,1430,0,1968,0,98023,47.3018,-122.369,1050,7700
10863,10863,8099200030,20141222T000000,232000.0,3.0,1.5,1390,11340,1.0,0,0,4,7,1390,0,1963,0,98031,47.3984,-122.186,1740,11340
10864,10864,7140600055,20150411T000000,207000.0,3.0,1.0,990,10800,1.0,0,0,4,6,990,0,1959,0,98002,47.293,-122.215,1060,10364
10865,10865,3422049276,20141211T000000,310000.0,3.0,1.75,1880,30346,1.0,0,0,3,8,1880,0,1988,0,98001,47.3515,-122.291,2260,5883
10866,10866,3157600240,20140903T000000,540000.0,3.0,2.5,2520,5000,3.0,0,0,3,9,2520,0,1990,0,98106,47.5664,-122.359,1130,5000
10867,10867,91000135,20150507T000000,750000.0,4.0,1.5,2060,4000,1.5,0,2,3,7,1580,480,1920,1990,98103,47.6857,-122.353,1160,4000
10868,10868,423059369,20140604T000000,392500.0,4.0,2.5,2150,7303,2.0,0,0,3,8,2150,0,2005,0,98056,47.5109,-122.183,1940,9569
10869,10869,5152000030,20150204T000000,305000.0,5.0,2.5,2500,12220,1.0,0,0,3,8,1690,810,1962,0,98003,47.3335,-122.325,2130,12000
10870,10870,7732300390,20140523T000000,735000.0,3.0,2.5,2390,9157,2.0,0,0,3,9,2390,0,1984,0,98052,47.6617,-122.15,2360,8250
10871,10871,1954430390,20140707T000000,575000.0,4.0,2.5,2400,6137,2.0,0,0,3,8,2400,0,1990,0,98074,47.6187,-122.04,2120,7468
10872,10872,7891600260,20140618T000000,175000.0,2.0,1.0,660,5000,1.0,0,0,3,6,660,0,1915,0,98106,47.5664,-122.364,1000,5000
10873,10873,2329800140,20141203T000000,291000.0,4.0,2.5,1580,6633,2.0,0,0,4,7,1580,0,1984,0,98042,47.3768,-122.118,1590,6633
10874,10874,8653900070,20140804T000000,791500.0,4.0,2.5,3250,8970,2.0,0,0,3,10,3250,0,1994,0,98075,47.5862,-122.037,3240,8449
10875,10875,7740500070,20140710T000000,475000.0,3.0,2.0,1880,9659,1.0,0,0,3,8,1180,700,1951,0,98155,47.7497,-122.284,1780,9659
10876,10876,3352401090,20141113T000000,238950.0,2.0,1.0,1190,11400,1.0,0,0,3,7,1190,0,1951,0,98178,47.5012,-122.265,1410,11400
10877,10877,2767704756,20141020T000000,470000.0,3.0,3.5,1280,1257,2.0,0,0,3,8,1040,240,2000,0,98107,47.6721,-122.374,1280,1249
10878,10878,7504400710,20150427T000000,420000.0,4.0,1.75,2380,15324,1.0,0,0,3,8,1610,770,1978,0,98074,47.6262,-122.049,2540,12608
10879,10879,7787100390,20150420T000000,440000.0,3.0,2.5,2040,7605,2.0,0,0,3,8,2040,0,1996,0,98045,47.4876,-121.779,2150,7545
10880,10880,4240400140,20140820T000000,656000.0,4.0,1.75,1440,4300,1.5,0,0,4,8,1290,150,1929,0,98117,47.6846,-122.372,1640,5000
10881,10881,7202270570,20140714T000000,559950.0,3.0,2.5,2120,4310,2.0,0,0,3,7,2120,0,2001,0,98053,47.687,-122.037,2280,4380
10882,10882,3037200045,20141113T000000,600000.0,2.0,2.0,990,5416,1.0,0,0,3,6,990,0,1935,0,98122,47.604,-122.311,1650,3360
10883,10883,3750605247,20140804T000000,255000.0,3.0,1.0,1710,12000,1.0,0,0,4,7,1710,0,1972,0,98001,47.2616,-122.281,1310,9600
10884,10884,7972604425,20150401T000000,210750.0,4.0,1.5,1840,7076,1.5,0,0,3,7,1840,0,1957,0,98106,47.5185,-122.345,1510,7320
10885,10885,809002610,20140718T000000,485000.0,4.0,1.0,1150,2560,1.5,0,0,3,7,1150,0,1909,0,98109,47.6368,-122.355,1890,3000
10886,10886,4123840570,20141020T000000,390000.0,3.0,2.5,2250,8076,2.0,0,0,3,8,2250,0,1995,0,98038,47.3667,-122.041,2180,7244
10887,10887,1081200070,20150323T000000,405000.0,3.0,2.5,2460,12600,1.0,0,0,4,8,1810,650,1970,0,98059,47.473,-122.118,1820,11180
10888,10888,9274204100,20140910T000000,462500.0,4.0,1.0,1540,4500,1.5,0,0,2,7,1540,0,1905,0,98116,47.587,-122.384,1920,6000
10889,10889,1072010510,20150210T000000,435000.0,4.0,2.25,2210,14073,1.0,0,0,3,8,1630,580,1978,0,98059,47.4774,-122.142,2340,11340
10890,10890,7202330160,20141119T000000,440000.0,3.0,2.5,1440,5434,2.0,0,0,3,7,1440,0,2003,0,98053,47.6818,-122.034,1560,3770
10891,10891,8731990700,20140625T000000,299950.0,3.0,1.75,1790,7650,1.0,0,3,3,9,1790,0,1978,0,98023,47.3213,-122.385,2540,7600
10892,10892,9828200746,20150504T000000,440000.0,2.0,1.5,1120,1024,2.0,0,0,3,8,1120,0,1970,1998,98122,47.6175,-122.298,1120,1549
10893,10893,9407100310,20141113T000000,312620.0,3.0,2.5,1260,11877,1.0,0,0,3,7,1260,0,1975,0,98045,47.4442,-121.762,1430,9790
10894,10894,6817800510,20140605T000000,372500.0,3.0,1.5,1180,12324,1.0,0,0,3,7,800,380,1981,0,98074,47.6337,-122.032,1280,11371
10895,10895,7212680860,20150209T000000,297262.0,3.0,2.5,1730,8076,2.0,0,0,3,8,1730,0,1994,0,98003,47.2619,-122.308,1780,6930
10896,10896,3260000570,20150210T000000,735000.0,4.0,3.0,2250,7245,1.0,0,0,4,7,1250,1000,1963,0,98005,47.6045,-122.169,1960,7245
10897,10897,1139000400,20140826T000000,430000.0,3.0,1.5,1550,5034,2.0,0,0,4,7,1550,0,1922,0,98177,47.7072,-122.36,1820,7200
10898,10898,8649401000,20141022T000000,241000.0,2.0,1.75,1070,9750,1.5,0,0,3,7,1070,0,1995,0,98014,47.7131,-121.319,970,9750
10899,10899,6600400260,20140512T000000,201000.0,3.0,1.0,1460,9750,1.0,0,0,4,7,1460,0,1969,0,98042,47.3242,-122.144,1270,9750
10900,10900,1797500435,20150420T000000,570000.0,2.0,1.0,1060,4000,1.0,0,0,4,7,1060,0,1910,0,98115,47.6731,-122.315,1770,4000
10901,10901,2155000160,20140508T000000,538000.0,4.0,1.75,1840,9600,1.0,0,0,3,7,1220,620,1967,0,98052,47.6579,-122.125,1770,9720
10902,10902,9526600340,20150512T000000,729000.0,3.0,2.5,2440,4244,2.0,0,0,3,8,2440,0,2011,0,98052,47.7057,-122.112,2690,4556
10903,10903,2205500030,20150108T000000,331500.0,4.0,1.75,1700,14756,1.0,0,0,3,7,850,850,1955,0,98006,47.5762,-122.143,1680,10250
10904,10904,2123049114,20140519T000000,110700.0,2.0,1.0,680,8064,1.0,0,0,3,6,680,0,1941,0,98188,47.469,-122.298,1340,10800
10905,10905,8078050140,20141002T000000,245000.0,3.0,2.0,1700,8448,1.0,0,0,3,7,1700,0,1996,0,98022,47.2077,-122.011,1350,8587
10906,10906,7617500075,20140721T000000,427000.0,3.0,1.75,2000,7111,1.0,0,0,4,7,1360,640,1956,0,98177,47.7676,-122.373,1830,9000
10907,10907,381000240,20140806T000000,650500.0,4.0,1.75,2340,5940,1.0,0,0,3,8,1290,1050,1953,0,98115,47.6789,-122.281,1930,5940
10908,10908,7568700260,20140814T000000,335900.0,2.0,1.0,1120,7440,1.0,0,0,4,7,1120,0,1939,0,98155,47.7405,-122.323,1170,7440
10909,10909,1370803925,20140903T000000,535000.0,2.0,2.0,1510,5133,1.5,0,0,3,7,1510,0,1939,0,98199,47.6415,-122.401,1470,6000
10910,10910,1250200786,20150122T000000,360000.0,5.0,2.0,2120,2400,1.0,0,0,4,6,1080,1040,1906,0,98144,47.5979,-122.297,1690,4400
10911,10911,7399300510,20150204T000000,294900.0,3.0,2.25,1500,8100,1.0,0,0,3,7,1210,290,1968,0,98055,47.4632,-122.19,1600,7896
10912,10912,5430300106,20150311T000000,460000.0,2.0,1.0,1030,5934,1.0,0,0,4,7,1030,0,1928,0,98115,47.6828,-122.287,1420,5588
10913,10913,2954400310,20140915T000000,1769000.0,4.0,3.5,5440,38900,2.0,0,0,3,12,5440,0,1990,0,98053,47.6605,-122.069,4830,41313
10914,10914,9209900335,20140509T000000,463000.0,2.0,1.0,1150,4400,1.0,0,0,4,7,1150,0,1905,0,98112,47.6226,-122.292,1240,4400
10915,10915,1920079062,20141222T000000,332000.0,5.0,1.5,2420,43560,1.0,0,2,3,8,1500,920,1962,0,98022,47.208,-121.963,1620,17331
10916,10916,7227800055,20140909T000000,199500.0,4.0,2.0,1750,8116,1.0,0,0,4,5,1750,0,1943,0,98056,47.5097,-122.181,1440,7865
10917,10917,7227800055,20141124T000000,247000.0,4.0,2.0,1750,8116,1.0,0,0,4,5,1750,0,1943,0,98056,47.5097,-122.181,1440,7865
10918,10918,3296900160,20140609T000000,442500.0,4.0,2.5,2170,14024,2.0,0,0,3,8,2170,0,1992,0,98019,47.7346,-121.97,2240,14029
10919,10919,3421069053,20140619T000000,600000.0,3.0,2.0,2540,237402,1.0,0,0,3,9,2540,0,2007,0,98022,47.2688,-122.024,2200,229125
10920,10920,7202380340,20140903T000000,449000.0,3.0,2.5,1690,3827,2.0,0,0,3,7,1690,0,2005,0,98053,47.6768,-122.029,1690,3129
10921,10921,6716700240,20150306T000000,725000.0,4.0,1.0,1600,4500,1.5,0,0,4,7,1600,0,1926,0,98115,47.6804,-122.316,1720,4500
10922,10922,1431400070,20150205T000000,215000.0,3.0,1.0,1060,7900,1.0,0,0,3,7,1060,0,1961,2001,98058,47.4604,-122.18,1310,7900
10923,10923,9554200200,20141218T000000,582500.0,2.0,1.75,1990,6549,1.0,0,0,3,7,1170,820,1948,0,98115,47.7,-122.296,1640,7202
10924,10924,1310900140,20140624T000000,305000.0,4.0,2.25,2210,9371,2.0,0,0,4,8,2210,0,1968,0,98032,47.3634,-122.279,2300,11584
10925,10925,9454200030,20140923T000000,734000.0,4.0,2.75,3090,7650,2.0,0,2,3,8,2340,750,1959,1989,98042,47.3622,-122.157,2760,10370
10926,10926,1402810140,20140505T000000,300000.0,3.0,2.0,1050,10072,1.0,0,0,3,7,1050,0,1986,0,98019,47.7341,-121.976,1130,10087
10927,10927,1823069155,20140505T000000,525888.0,5.0,1.75,2550,71874,1.0,0,0,5,7,1810,740,1960,0,98027,47.4845,-122.08,2170,51400
10928,10928,2530800070,20140911T000000,711000.0,4.0,2.5,2095,4400,1.5,0,0,5,8,1295,800,1910,0,98116,47.5838,-122.39,1980,4400
10929,10929,4024100496,20140716T000000,360000.0,3.0,1.75,1520,12282,1.0,0,0,3,8,1220,300,1978,0,98155,47.7516,-122.299,1860,13500
10930,10930,5252000200,20141210T000000,357000.0,5.0,2.5,2750,12350,2.0,0,0,3,8,2750,0,1987,0,98031,47.419,-122.206,1650,9810
10931,10931,7331900270,20140930T000000,235000.0,3.0,1.75,1200,9266,1.0,0,0,4,7,1200,0,1960,0,98002,47.31399999999999,-122.208,1200,9266
10932,10932,1574700140,20140808T000000,550000.0,3.0,1.75,1830,9720,1.0,0,1,3,7,1150,680,1928,1976,98040,47.5511,-122.23,3380,10854
10933,10933,162500030,20141205T000000,324000.0,3.0,1.0,1160,7202,1.0,0,0,4,7,1160,0,1957,0,98133,47.7675,-122.334,1620,8598
10934,10934,3705900292,20150428T000000,420000.0,3.0,2.0,1750,9239,1.0,0,0,3,8,1410,340,1989,0,98133,47.7583,-122.339,1720,7874
10935,10935,2141500070,20140619T000000,450000.0,4.0,2.5,2400,7693,2.0,0,0,3,8,2400,0,2003,0,98059,47.4881,-122.142,2400,8038
10936,10936,8562750060,20150420T000000,825000.0,5.0,3.5,4140,6770,2.0,0,0,3,9,3030,1110,2004,0,98027,47.5381,-122.069,3960,5431
10937,10937,7349620030,20140722T000000,272000.0,4.0,2.25,2115,6234,2.0,0,0,3,7,2115,0,1998,0,98002,47.285,-122.201,2440,6366
10938,10938,2523039315,20141022T000000,481000.0,3.0,2.0,2580,15653,1.5,0,0,3,9,2580,0,1990,0,98166,47.4561,-122.361,1920,9840
10939,10939,2877101821,20140805T000000,500000.0,3.0,1.0,1220,3400,1.0,0,0,3,7,1060,160,1927,0,98117,47.6775,-122.363,1350,3750
10940,10940,1176000390,20140612T000000,448000.0,2.0,1.5,1630,3780,1.0,0,0,4,7,890,740,1940,0,98107,47.6711,-122.403,1770,6400
10941,10941,8682262190,20150319T000000,480000.0,2.0,2.0,1350,4220,1.0,0,0,3,8,1350,0,2004,0,98053,47.718,-122.034,1350,4409
10942,10942,7202350060,20140908T000000,475000.0,3.0,2.5,1690,2890,2.0,0,0,3,7,1690,0,2004,0,98053,47.6802,-122.031,1690,2730
10943,10943,3630060070,20141021T000000,472500.0,2.0,2.25,1700,2383,2.0,0,0,3,8,1700,0,2005,0,98029,47.547,-121.997,1700,2700
10944,10944,2413300810,20140923T000000,291000.0,4.0,2.25,1890,7616,1.0,0,0,4,8,1260,630,1979,0,98003,47.3275,-122.329,1890,7420
10945,10945,6450304260,20140722T000000,294000.0,2.0,1.0,850,5250,1.0,0,0,4,7,850,0,1950,0,98133,47.731,-122.342,1440,5250
10946,10946,2025059204,20140730T000000,1013050.0,4.0,2.5,2480,12688,1.0,0,0,4,9,1820,660,1967,0,98004,47.6344,-122.205,2910,11979
10947,10947,7202290240,20141017T000000,442500.0,3.0,2.5,1690,3129,2.0,0,0,3,7,1690,0,2002,0,98053,47.6875,-122.043,1690,3129
10948,10948,1788700070,20140627T000000,170000.0,2.0,1.0,810,8424,1.0,0,0,4,6,810,0,1959,0,98023,47.3286,-122.346,820,8424
10949,10949,8085400055,20150428T000000,1582500.0,4.0,2.5,3980,16304,1.0,0,1,3,10,2480,1500,1968,0,98004,47.639,-122.21,3980,16304
10950,10950,5700002025,20150218T000000,665000.0,3.0,2.25,2580,6000,2.0,0,0,3,8,1780,800,1925,0,98144,47.5778,-122.289,2300,5995
10951,10951,853600310,20140828T000000,1610000.0,5.0,4.5,6085,142725,3.0,0,0,3,11,6085,0,2000,0,98014,47.6085,-121.952,4830,128457
10952,10952,5332200320,20140714T000000,675000.0,2.0,1.75,2140,5000,1.0,0,0,3,7,1000,1140,1930,1991,98112,47.6284,-122.291,2250,4000
10953,10953,2130701535,20150204T000000,279900.0,2.0,1.75,1360,10000,1.0,0,0,3,6,1360,0,1957,1989,98019,47.7421,-121.982,1430,10000
10954,10954,510002010,20140630T000000,875000.0,4.0,1.5,1800,3245,1.5,0,0,4,8,1800,0,1929,0,98103,47.6605,-122.331,1800,4275
10955,10955,3630110510,20140804T000000,571000.0,3.0,2.5,1920,3867,2.0,0,0,3,8,1920,0,2005,0,98029,47.5538,-121.994,2190,3841
10956,10956,6300000400,20140617T000000,320000.0,3.0,1.0,860,5060,1.5,0,0,3,7,860,0,1927,0,98133,47.7062,-122.341,880,5060
10957,10957,1560920200,20140826T000000,525000.0,3.0,2.5,2340,35021,1.0,0,0,3,9,2340,0,1986,0,98038,47.3988,-122.028,2630,35190
10958,10958,1652500060,20140711T000000,1650000.0,8.0,2.75,4040,20666,1.0,0,0,4,9,2020,2020,1962,0,98004,47.63399999999999,-122.221,3670,20500
10959,10959,9368700270,20150401T000000,137900.0,3.0,1.75,1160,5082,1.0,0,0,3,6,580,580,1942,0,98178,47.503,-122.262,1730,6000
10960,10960,2223089053,20140603T000000,440000.0,3.0,2.25,1680,57063,2.0,0,0,4,8,1680,0,1989,0,98045,47.4669,-121.765,1910,57063
10961,10961,9828201920,20150304T000000,360000.0,3.0,1.0,1280,3870,1.0,0,0,3,7,640,640,1945,0,98122,47.6163,-122.294,1280,4800
10962,10962,7334401040,20150205T000000,271000.0,4.0,1.5,1800,9576,1.0,0,0,4,7,1800,0,1977,0,98045,47.4664,-121.747,1370,9576
10963,10963,5152700060,20140528T000000,465000.0,6.0,3.25,4250,23326,1.0,0,3,3,10,2150,2100,1967,0,98003,47.34,-122.327,3370,15983
10964,10964,1460900030,20140926T000000,280000.0,4.0,2.5,2400,4596,2.0,0,0,3,8,2400,0,2004,0,98001,47.3358,-122.265,2230,4763
10965,10965,3626039250,20150428T000000,283000.0,2.0,1.0,940,6350,1.0,0,0,4,5,940,0,1942,0,98103,47.698,-122.357,1490,6350
10966,10966,7199360320,20150213T000000,411500.0,3.0,1.0,1110,7208,1.0,0,0,3,7,1110,0,1980,0,98052,47.6979,-122.124,1440,7210
10967,10967,8731901610,20140917T000000,282000.0,3.0,2.25,2420,7548,1.0,0,0,4,8,1370,1050,1967,0,98023,47.3112,-122.376,2150,8000
10968,10968,6821102317,20141209T000000,535000.0,3.0,2.5,1850,1499,2.5,0,0,3,9,1790,60,2005,0,98199,47.6475,-122.396,1770,1539
10969,10969,3271300955,20140703T000000,554729.0,4.0,2.5,2020,4350,2.0,0,0,5,9,1730,290,1943,0,98199,47.6503,-122.41,1620,5800
10970,10970,3271300955,20150224T000000,868000.0,4.0,2.5,2020,4350,2.0,0,0,5,9,1730,290,1943,0,98199,47.6503,-122.41,1620,5800
10971,10971,2623089135,20140616T000000,427000.0,3.0,2.5,1830,65340,1.0,0,0,3,8,1520,310,1991,0,98045,47.4553,-121.75,2100,84942
10972,10972,2044500152,20141117T000000,455000.0,4.0,1.75,1920,6000,1.0,0,0,4,7,960,960,1954,0,98125,47.7137,-122.315,1850,7200
10973,10973,1725059187,20141029T000000,595000.0,2.0,1.75,1280,8500,1.0,0,0,3,7,1280,0,1953,2010,98033,47.6553,-122.19,1950,10356
10974,10974,6699930260,20150320T000000,400000.0,4.0,2.5,3130,5240,2.0,0,0,3,8,3130,0,2004,0,98038,47.3446,-122.042,2470,5240
10975,10975,3295610200,20140625T000000,770000.0,4.0,2.5,3920,12415,2.0,0,0,3,10,3920,0,1997,0,98075,47.5658,-122.032,3639,12805
10976,10976,1186000125,20140509T000000,742500.0,4.0,2.75,3100,3773,2.0,0,0,3,8,2000,1100,1919,1996,98122,47.6158,-122.291,2130,3777
10977,10977,6065300570,20140624T000000,1250000.0,4.0,2.5,3220,15600,1.0,0,0,5,9,1680,1540,1973,0,98006,47.5697,-122.182,2990,15600
10978,10978,8039900400,20140812T000000,375000.0,3.0,2.0,1670,13775,1.0,0,0,3,8,1670,0,1968,0,98045,47.4873,-121.783,2130,14500
10979,10979,1925059200,20150407T000000,1557600.0,4.0,2.5,2700,17853,2.0,0,0,4,9,2700,0,1960,0,98004,47.6463,-122.219,3790,16672
10980,10980,5729000070,20150128T000000,545000.0,4.0,2.0,5461,22880,1.0,0,0,4,9,3265,2196,1964,0,98032,47.3557,-122.29,1940,10995
10981,10981,98000960,20140513T000000,1050000.0,4.0,3.25,4400,16625,2.0,0,0,3,11,4400,0,2003,0,98075,47.5868,-121.968,4440,15523
10982,10982,1330300451,20141217T000000,1565000.0,3.0,1.75,2190,8500,1.0,0,0,4,9,2190,0,1957,0,98112,47.64,-122.285,2850,8868
10983,10983,4312700340,20150318T000000,178000.0,4.0,1.5,1200,11163,1.5,0,0,4,6,1200,0,1970,0,98092,47.3024,-122.106,1200,11163
10984,10984,3797700030,20141009T000000,262500.0,3.0,1.75,1470,10390,1.0,0,0,3,7,1470,0,1989,0,98031,47.4192,-122.201,1770,7507
10985,10985,452001890,20150415T000000,730000.0,3.0,1.75,1650,5000,1.5,0,0,4,8,1650,0,1900,0,98107,47.6743,-122.371,1630,5000
10986,10986,2927600105,20140703T000000,395000.0,5.0,1.75,1840,10453,1.0,0,2,3,8,1360,480,1948,0,98166,47.4508,-122.368,2250,11250
10987,10987,3298300140,20141024T000000,355000.0,3.0,1.0,1210,6650,1.0,0,0,3,6,1210,0,1959,0,98008,47.6214,-122.12,990,7590
10988,10988,1321700390,20140908T000000,299990.0,3.0,2.5,1870,8541,2.0,0,0,3,8,1870,0,1989,0,98023,47.2925,-122.346,2150,7789
10989,10989,1222069129,20150327T000000,1125000.0,4.0,3.25,3890,422096,1.5,0,0,3,9,3150,740,2001,0,98038,47.4125,-121.982,2180,229996
10990,10990,1081800070,20141118T000000,425000.0,4.0,2.25,2660,11200,2.0,0,0,4,8,2660,0,1972,0,98059,47.4722,-122.131,2090,11120
10991,10991,6414100732,20150107T000000,349000.0,2.0,1.0,1150,7552,1.0,0,0,3,7,1150,0,1951,0,98125,47.7215,-122.323,1150,7346
10992,10992,513000445,20141111T000000,554950.0,4.0,1.75,1740,4816,1.0,0,0,5,7,870,870,1942,0,98116,47.5758,-122.382,1210,5074
10993,10993,6888900060,20141116T000000,326000.0,6.0,3.0,2580,8064,1.5,0,0,3,7,1880,700,1913,0,98118,47.5549,-122.287,1510,6084
10994,10994,7309100270,20140626T000000,580000.0,4.0,1.75,1720,6975,1.0,0,0,3,8,1420,300,1975,0,98052,47.6506,-122.121,2210,7875
10995,10995,2162000260,20140827T000000,699000.0,3.0,2.5,2740,18455,2.0,0,1,4,10,1510,1230,1977,0,98040,47.5585,-122.215,2840,16438
10996,10996,7732000045,20141125T000000,757000.0,3.0,2.75,2610,11290,1.0,0,0,3,7,1630,980,1985,0,98033,47.6632,-122.201,2570,9125
10997,10997,3764800510,20140723T000000,335000.0,3.0,1.75,1400,7920,1.0,0,0,3,7,1400,0,1965,0,98034,47.7312,-122.202,1310,7876
10998,10998,2481600030,20140701T000000,660000.0,3.0,2.0,2570,28500,1.0,0,0,3,9,1970,600,1983,0,98052,47.7318,-122.138,3070,32400
10999,10999,5126310060,20150417T000000,540000.0,4.0,2.75,2830,7334,2.0,0,0,3,8,2830,0,2005,0,98059,47.4868,-122.141,2830,7378
11000,11000,1310700390,20141010T000000,320000.0,5.0,2.25,2630,8625,2.0,0,0,3,8,2630,0,1966,0,98032,47.3619,-122.287,1880,8670
11001,11001,6402710070,20150421T000000,280000.0,3.0,2.5,1580,7918,2.0,0,0,3,7,1580,0,1994,0,98055,47.4431,-122.19,1650,7916
11002,11002,5702450260,20140723T000000,324000.0,3.0,2.0,1540,10931,1.0,0,3,3,7,1540,0,1989,0,98045,47.495,-121.776,1570,10485
11003,11003,3243200310,20140520T000000,300000.0,3.0,1.0,2120,7735,1.0,0,0,4,7,1060,1060,1967,0,98059,47.4869,-122.123,1010,8570
11004,11004,2131200885,20140828T000000,360000.0,3.0,1.75,1830,10000,2.0,0,0,4,7,1830,0,1913,1964,98019,47.74100000000001,-121.979,1480,10000
11005,11005,8651480550,20140623T000000,600000.0,3.0,2.5,2260,10153,2.0,0,0,3,10,2260,0,1987,0,98074,47.641000000000005,-122.068,2740,10153
11006,11006,3024059036,20140530T000000,950000.0,4.0,1.75,2500,92347,1.0,0,0,4,8,1500,1000,1970,0,98040,47.5345,-122.216,3750,20267
11007,11007,6382500079,20140709T000000,599950.0,3.0,3.25,1830,1804,3.0,0,0,3,8,1830,0,2014,0,98117,47.6945,-122.377,1830,1804
11008,11008,4363700200,20150325T000000,190000.0,4.0,1.0,1190,7920,1.0,0,0,3,6,890,300,1951,0,98126,47.5305,-122.371,1140,7920
11009,11009,3876310860,20150330T000000,350000.0,4.0,1.75,2310,9002,1.0,0,0,3,7,1780,530,1970,0,98034,47.731,-122.166,2090,8814
11010,11010,2391602650,20150410T000000,522000.0,3.0,1.0,1230,4600,1.5,0,0,3,7,1230,0,1929,0,98116,47.5616,-122.392,1230,4600
11011,11011,2597530070,20150318T000000,850000.0,3.0,2.5,2940,10809,2.0,0,0,3,10,2940,0,1992,0,98006,47.5418,-122.136,3090,10348
11012,11012,1314300046,20140630T000000,308000.0,3.0,1.0,1010,8800,1.0,0,0,4,7,1010,0,1954,0,98118,47.5483,-122.278,1400,4095
11013,11013,3693900885,20141202T000000,1020000.0,6.0,2.25,2550,5000,2.0,0,0,4,7,2550,0,1907,0,98117,47.6785,-122.396,1480,5000
11014,11014,6046400465,20141028T000000,397500.0,3.0,1.0,1480,5100,1.5,0,0,3,7,1480,0,1938,1959,98103,47.6915,-122.348,1300,5100
11015,11015,4388000070,20150127T000000,186000.0,3.0,1.75,1460,7967,1.0,0,0,3,7,1040,420,1977,0,98023,47.3199,-122.374,1460,6835
11016,11016,8854000370,20140620T000000,436500.0,5.0,3.0,3110,12429,1.0,0,0,3,8,1790,1320,1977,0,98011,47.7463,-122.213,3050,11902
11017,11017,4459800075,20140603T000000,710000.0,3.0,2.0,2140,4923,1.0,0,0,4,8,1070,1070,1928,0,98103,47.6902,-122.339,1470,4923
11018,11018,7153200160,20150114T000000,1378600.0,5.0,3.25,3450,6360,2.0,0,0,5,9,1860,1590,1905,0,98122,47.6133,-122.287,2310,5000
11019,11019,7752400075,20150428T000000,450000.0,3.0,2.25,1960,10682,1.0,0,0,3,7,1960,0,1957,0,98008,47.6319,-122.124,1540,10682
11020,11020,7604410030,20150121T000000,375000.0,4.0,2.75,1890,5240,1.0,0,0,3,7,980,910,1981,0,98106,47.5528,-122.356,1600,5240
11021,11021,2144800311,20141113T000000,315000.0,2.0,1.0,2080,14659,1.0,0,0,3,7,1040,1040,1960,0,98178,47.4858,-122.231,1920,15208
11022,11022,1705400550,20150213T000000,467500.0,3.0,1.0,1700,4165,1.5,0,0,3,7,1700,0,1918,0,98118,47.5569,-122.277,1400,4165
11023,11023,9485700136,20150227T000000,330000.0,3.0,1.0,1140,7316,1.0,0,0,3,6,1140,0,1959,0,98106,47.527,-122.362,1140,7440
11024,11024,1822039225,20140725T000000,665000.0,3.0,2.5,3136,54450,1.5,0,0,5,8,3136,0,1910,0,98070,47.3999,-122.472,2300,54450
11025,11025,2625059301,20150324T000000,760000.0,4.0,3.25,2590,3889,3.0,0,0,3,9,2590,0,2013,0,98007,47.6259,-122.142,2590,4062
11026,11026,7625702440,20141230T000000,469000.0,3.0,1.75,1480,800,2.0,0,0,3,8,1000,480,2014,0,98136,47.5493,-122.387,1480,1143
11027,11027,9126100487,20140813T000000,408000.0,3.0,3.0,1500,1473,2.0,0,0,3,8,1120,380,2000,0,98122,47.6063,-122.305,1720,1976
11028,11028,7922900030,20141003T000000,851000.0,3.0,2.75,2660,10350,1.0,0,4,4,8,1330,1330,1971,0,98008,47.5868,-122.116,2820,10043
11029,11029,8682292180,20140725T000000,410000.0,2.0,2.0,1350,3926,1.0,0,0,3,8,1350,0,2007,0,98053,47.7192,-122.024,1440,3926
11030,11030,6730700260,20150313T000000,235000.0,2.0,1.0,860,10500,1.0,0,0,3,6,860,0,1943,0,98024,47.5662,-121.886,950,10500
11031,11031,7225000045,20140828T000000,207100.0,2.0,1.0,1000,4500,1.0,0,0,3,6,1000,0,1916,0,98055,47.4896,-122.204,980,4837
11032,11032,4140500055,20140626T000000,560000.0,4.0,2.5,2480,16360,1.0,0,0,5,7,1510,970,1959,0,98028,47.7638,-122.265,1770,15205
11033,11033,2592210370,20141031T000000,903000.0,3.0,2.75,3860,12786,2.0,0,0,4,10,3860,0,1984,0,98006,47.549,-122.141,2820,14636
11034,11034,1337800830,20150107T000000,998500.0,3.0,1.75,2140,4800,2.0,0,0,3,8,1690,450,1905,0,98112,47.6311,-122.312,2440,4800
11035,11035,1951500055,20140730T000000,268500.0,4.0,1.75,1820,13600,1.5,0,0,3,7,1120,700,1959,0,98032,47.3743,-122.295,1810,11970
11036,11036,1136100045,20141015T000000,494950.0,2.0,1.75,2220,33000,1.0,0,0,4,8,2220,0,1970,0,98072,47.7403,-122.129,2220,33000
11037,11037,3860400060,20140801T000000,1130000.0,4.0,2.5,2660,11200,2.0,0,0,3,9,2660,0,1999,0,98004,47.5894,-122.197,3290,11275
11038,11038,1657000070,20141118T000000,250000.0,3.0,2.0,1470,12096,1.0,0,0,4,6,1470,0,1942,0,98030,47.3734,-122.193,1470,10966
11039,11039,1423069129,20150320T000000,449000.0,4.0,1.75,2350,54450,1.0,0,0,4,7,1250,1100,1971,0,98027,47.4816,-122.005,2180,50529
11040,11040,1118001631,20150112T000000,1225000.0,3.0,2.25,2980,7700,1.0,0,0,3,9,2530,450,1964,0,98112,47.6336,-122.29,3020,8234
11041,11041,7399200240,20150317T000000,325000.0,4.0,2.0,1870,7700,1.0,0,0,3,8,1870,0,1966,0,98055,47.4619,-122.196,2270,8580
11042,11042,4037000160,20140615T000000,506000.0,5.0,3.0,2430,8000,1.0,0,0,4,7,1370,1060,1957,0,98008,47.603,-122.12,1770,8000
11043,11043,8562740370,20150325T000000,751000.0,4.0,2.5,2790,6538,2.0,0,0,3,9,2790,0,2003,0,98027,47.5349,-122.066,2990,6538
11044,11044,9407001620,20140812T000000,280000.0,3.0,2.5,1370,22326,2.0,0,0,3,7,1370,0,1993,0,98045,47.4469,-121.775,1580,10920
11045,11045,2481620310,20140514T000000,1120000.0,4.0,2.25,4470,60373,2.0,0,0,3,11,4470,0,1988,0,98072,47.7289,-122.127,3210,40450
11046,11046,7511200350,20140919T000000,580000.0,3.0,1.75,2040,81021,1.0,0,0,3,8,2040,0,1980,0,98053,47.6536,-122.045,2260,39280
11047,11047,4039100350,20150423T000000,665000.0,4.0,2.25,2340,5300,1.0,0,0,5,8,1700,640,1963,0,98008,47.6202,-122.112,1890,8250
11048,11048,808300270,20140527T000000,450000.0,4.0,2.5,2520,8515,2.0,0,0,3,7,2520,0,1999,0,98019,47.7233,-121.959,2130,6930
11049,11049,3023059012,20140910T000000,389900.0,4.0,1.0,1710,117176,1.5,0,0,4,6,1710,0,1942,0,98055,47.4497,-122.212,1940,12223
11050,11050,4039300810,20141117T000000,427000.0,3.0,1.0,1200,5252,1.0,0,0,3,7,1200,0,1962,0,98007,47.6075,-122.134,1800,7920
11051,11051,8849300320,20150416T000000,265000.0,3.0,1.75,1330,12618,1.0,0,3,3,7,1330,0,1983,0,98188,47.4403,-122.271,1870,8429
11052,11052,272000320,20141105T000000,398000.0,3.0,1.5,1310,2996,2.0,0,0,3,7,1310,0,1998,0,98144,47.5879,-122.299,1310,2997
11053,11053,1180002470,20141104T000000,354000.0,6.0,3.5,3020,4500,2.0,0,0,3,7,3020,0,1941,1992,98178,47.498000000000005,-122.225,900,6000
11054,11054,1330290160,20150413T000000,339950.0,4.0,2.5,2260,6086,2.0,0,0,3,8,2260,0,1999,0,98030,47.3642,-122.174,2260,6218
11055,11055,6392000570,20141112T000000,399000.0,2.0,1.0,790,4000,1.0,0,0,3,6,790,0,1948,0,98115,47.6844,-122.289,990,5000
11056,11056,8835200160,20141010T000000,325000.0,2.0,2.0,970,5000,1.0,0,0,3,7,970,0,1983,0,98034,47.7223,-122.16,1540,5000
11057,11057,868000575,20140819T000000,998800.0,3.0,2.0,2250,8000,1.0,0,2,4,9,2250,0,1955,0,98177,47.7077,-122.378,2880,10960
11058,11058,597000550,20140919T000000,350000.0,4.0,2.5,1530,2248,1.5,0,0,3,7,1530,0,1914,0,98144,47.5766,-122.309,1340,3700
11059,11059,6669000070,20140805T000000,1000000.0,4.0,1.75,1780,11436,1.0,0,0,5,9,1780,0,1967,0,98004,47.6273,-122.194,2100,12052
11060,11060,7202340860,20150318T000000,561000.0,3.0,2.5,2120,5277,2.0,0,0,3,7,2120,0,2005,0,98053,47.6811,-122.034,2370,5257
11061,11061,6141100320,20140707T000000,245000.0,2.0,1.0,1500,6685,1.0,0,0,3,7,1190,310,1926,0,98133,47.7186,-122.354,1420,6561
11062,11062,6141100320,20150213T000000,570000.0,2.0,1.0,1500,6685,1.0,0,0,3,7,1190,310,1926,0,98133,47.7186,-122.354,1420,6561
11063,11063,6815100370,20141030T000000,845000.0,4.0,3.0,2390,4000,1.5,0,0,5,8,1460,930,1931,0,98103,47.6857,-122.331,1670,4000
11064,11064,5636010560,20140929T000000,314500.0,4.0,2.5,2390,9600,2.0,0,0,3,7,2390,0,1996,0,98010,47.3289,-122.001,1900,9603
11065,11065,2592200030,20140618T000000,650000.0,3.0,1.75,2920,9370,1.0,0,0,4,8,1620,1300,1981,0,98006,47.5491,-122.151,2890,9609
11066,11066,1823059159,20150506T000000,298000.0,2.0,1.0,850,5000,1.0,0,0,3,5,850,0,1907,0,98055,47.4874,-122.207,910,4815
11067,11067,2254501620,20150409T000000,500000.0,2.0,1.0,930,3200,1.0,0,0,3,7,930,0,1904,0,98122,47.609,-122.314,1690,3840
11068,11068,9275700765,20140610T000000,870000.0,4.0,2.5,3340,12248,2.0,0,1,3,9,2470,870,1998,0,98126,47.5858,-122.379,2110,5679
11069,11069,7454000875,20150406T000000,299000.0,2.0,1.0,710,6732,1.0,0,0,5,6,710,0,1942,0,98126,47.5151,-122.372,710,6720
11070,11070,7434500127,20140812T000000,527000.0,3.0,2.25,2240,6450,1.0,0,0,3,7,1440,800,1979,0,98125,47.7034,-122.315,1390,6450
11071,11071,646500070,20141106T000000,420000.0,3.0,1.0,1060,7638,1.0,0,0,5,7,1060,0,1966,0,98007,47.5941,-122.142,1470,8097
11072,11072,9432900560,20150212T000000,290000.0,3.0,2.5,2360,8764,2.0,0,0,3,8,2360,0,1991,0,98022,47.2114,-122.009,2360,8746
11073,11073,5154700060,20141015T000000,1662000.0,4.0,2.75,3520,19200,1.0,1,4,4,9,1950,1570,1951,0,98136,47.525,-122.393,2450,7000
11074,11074,3395300260,20140815T000000,499990.0,3.0,1.75,1730,9334,1.0,0,0,3,8,1220,510,1977,0,98052,47.6478,-122.113,2020,10000
11075,11075,2113700510,20141027T000000,315000.0,3.0,1.75,1170,4000,1.0,0,0,3,6,720,450,1943,2013,98106,47.5306,-122.354,1130,4000
11076,11076,4053200566,20141020T000000,425000.0,4.0,2.25,3680,26266,2.0,0,0,4,9,3680,0,1981,0,98042,47.3219,-122.085,2340,19939
11077,11077,7214720400,20150217T000000,630000.0,3.0,2.5,2900,46609,2.0,0,0,3,9,2900,0,1987,0,98077,47.7731,-122.086,2570,42188
11078,11078,3211210200,20141118T000000,365000.0,3.0,1.75,1290,7205,1.5,0,0,3,7,1290,0,1971,0,98034,47.7329,-122.237,1340,7214
11079,11079,7010700810,20141106T000000,774000.0,4.0,2.75,2010,7000,2.0,0,0,5,8,2010,0,1901,0,98199,47.6607,-122.396,1420,4400
11080,11080,3971700390,20150406T000000,368888.0,3.0,1.5,1490,12186,1.0,0,0,4,7,1490,0,1950,0,98155,47.7739,-122.322,1180,14285
11081,11081,9406550060,20141002T000000,339500.0,4.0,2.5,1930,7862,2.0,0,0,3,7,1930,0,1994,0,98038,47.3644,-122.04,1640,9145
11082,11082,414100045,20140923T000000,344950.0,4.0,1.75,2240,7500,1.0,0,0,4,7,1120,1120,1956,0,98133,47.7466,-122.34,1440,7500
11083,11083,4276400030,20141112T000000,450000.0,3.0,2.0,2320,17688,1.0,0,0,3,8,2320,0,1952,1994,98166,47.4519,-122.363,1610,14482
11084,11084,9433000060,20141118T000000,814950.0,4.0,2.75,2990,6626,2.0,0,0,3,9,2990,0,2014,0,98052,47.7107,-122.11,2910,5533
11085,11085,7885800160,20140905T000000,299900.0,4.0,2.5,2200,5730,2.0,0,0,3,8,2200,0,2003,0,98042,47.3482,-122.153,2200,5772
11086,11086,2473101070,20150227T000000,315000.0,3.0,2.0,1500,7828,1.0,0,0,4,7,1500,0,1967,0,98058,47.4484,-122.158,1500,7700
11087,11087,3701000060,20141216T000000,880000.0,3.0,1.75,3860,9000,1.0,0,2,3,9,1930,1930,1970,0,98155,47.7431,-122.29,2960,9000
11088,11088,8651441290,20141229T000000,195000.0,3.0,1.5,1430,5200,1.0,0,0,4,7,1030,400,1977,0,98042,47.3644,-122.094,1190,5200
11089,11089,255400060,20141208T000000,910000.0,5.0,2.75,3750,8279,2.0,0,0,3,9,3750,0,2001,0,98074,47.6039,-122.06,3450,8279
11090,11090,8567450140,20140827T000000,540000.0,5.0,2.5,3100,10189,2.0,0,0,3,8,3100,0,2002,0,98019,47.738,-121.965,2840,10189
11091,11091,2517000140,20140516T000000,306000.0,3.0,2.5,1870,5874,2.0,0,0,3,7,1870,0,2005,0,98042,47.3992,-122.163,2090,4060
11092,11092,1938400520,20141016T000000,272000.0,4.0,2.25,2040,7600,1.0,0,0,4,8,1580,460,1978,0,98023,47.3169,-122.365,2130,7200
11093,11093,3179100055,20141209T000000,1295000.0,5.0,3.5,3700,8504,2.0,0,0,3,8,2750,950,1950,2014,98105,47.669,-122.275,2370,6246
11094,11094,1924069105,20141017T000000,450000.0,3.0,1.75,3150,9258,1.0,0,1,3,8,2370,780,1970,0,98027,47.5571,-122.08,2740,10274
11095,11095,704450070,20140707T000000,450000.0,3.0,2.5,1990,12793,2.0,0,0,3,8,1990,0,1993,0,98028,47.7347,-122.226,2290,9035
11096,11096,2881700046,20140610T000000,310000.0,4.0,1.0,1740,11075,1.5,0,0,3,7,1740,0,1965,0,98133,47.7458,-122.334,1580,7684
11097,11097,8955800045,20150512T000000,530000.0,2.0,2.25,2080,11285,1.0,0,0,4,8,1180,900,1954,0,98042,47.3628,-122.147,2590,13048
11098,11098,3816300105,20150112T000000,435000.0,4.0,2.5,2060,10125,2.0,0,0,4,7,1560,500,1979,0,98028,47.764,-122.262,1760,9876
11099,11099,6649900030,20150505T000000,485000.0,3.0,2.0,1590,11222,1.0,0,0,4,7,1590,0,1948,0,98177,47.7762,-122.367,2160,16300
11100,11100,1912100885,20140702T000000,690000.0,3.0,1.5,1760,4000,2.0,0,0,3,8,1760,0,1922,0,98102,47.6401,-122.32,1760,4000
11101,11101,9542840570,20150401T000000,305000.0,4.0,2.5,1620,4000,2.0,0,0,3,7,1620,0,2008,0,98038,47.3661,-122.02,1580,3780
11102,11102,2473381070,20141105T000000,300000.0,3.0,1.75,1210,7000,1.0,0,0,3,7,1210,0,1975,0,98058,47.4572,-122.169,1670,7000
11103,11103,7137950350,20150122T000000,289950.0,4.0,3.0,2040,5050,1.0,0,0,3,8,1490,550,1993,0,98092,47.3266,-122.175,2020,6118
11104,11104,1088800060,20141105T000000,575000.0,3.0,2.5,2270,9600,2.0,0,0,3,9,2270,0,1990,0,98011,47.7388,-122.206,2580,9617
11105,11105,4054530260,20140627T000000,1820000.0,4.0,4.5,6640,53330,2.0,0,0,3,12,6640,0,1993,0,98077,47.7283,-122.046,4620,68625
11106,11106,248000240,20140715T000000,219000.0,3.0,1.5,1060,9600,1.0,0,0,4,7,1060,0,1962,0,98023,47.3229,-122.348,1440,9600
11107,11107,3995700435,20140702T000000,265000.0,4.0,3.0,1940,8170,1.0,0,0,4,7,1940,0,1948,0,98155,47.7381,-122.302,1310,8169
11108,11108,9287800135,20140714T000000,1105000.0,5.0,3.25,3070,5000,2.0,0,0,3,9,2050,1020,2006,0,98103,47.6742,-122.356,2070,5000
11109,11109,4337000070,20150309T000000,200000.0,3.0,1.0,930,7590,1.0,0,0,3,6,820,110,1943,0,98166,47.4802,-122.335,1220,7590
11110,11110,8859000045,20150424T000000,545000.0,4.0,2.75,2180,8480,1.0,0,3,4,7,1210,970,1959,0,98146,47.4961,-122.366,2240,8497
11111,11111,8856920550,20150319T000000,378000.0,3.0,2.5,2130,8404,2.0,0,0,3,8,2130,0,1991,0,98058,47.4623,-122.13,2130,8404
11112,11112,5705500075,20150326T000000,388000.0,2.0,1.75,800,4800,1.0,0,0,4,6,800,0,1922,0,98136,47.5559,-122.396,1090,5000
11113,11113,6163901433,20141126T000000,425000.0,4.0,2.25,2200,8384,1.0,0,0,3,7,1250,950,1959,0,98155,47.753,-122.317,1750,8384
11114,11114,475000004,20140707T000000,536000.0,2.0,1.5,1130,746,2.0,0,0,3,8,1030,100,2009,0,98107,47.6684,-122.363,1520,1519
11115,11115,7936500172,20140528T000000,1175000.0,3.0,2.5,1970,23180,1.0,1,4,3,8,1100,870,1937,1998,98136,47.5495,-122.398,3030,34689
11116,11116,2770604080,20150324T000000,629950.0,3.0,2.5,1680,1620,2.0,0,0,3,9,1120,560,2014,0,98119,47.6425,-122.374,1610,1618
11117,11117,5101408599,20140611T000000,465000.0,4.0,1.75,1470,5350,1.0,0,0,3,7,980,490,1955,0,98125,47.7048,-122.315,1970,6138
11118,11118,1226059105,20140827T000000,545000.0,4.0,2.25,2390,40510,1.0,0,0,4,8,2390,0,1969,0,98072,47.7566,-122.113,3200,36989
11119,11119,3211700045,20150128T000000,592000.0,4.0,2.5,2300,11165,2.0,0,0,4,8,2300,0,1979,0,98008,47.5794,-122.118,2170,11165
11120,11120,8567300270,20140818T000000,446000.0,4.0,2.0,2280,43692,1.0,0,0,3,7,1140,1140,1957,1984,98038,47.4067,-122.03,2580,37938
11121,11121,6021503655,20140716T000000,375000.0,3.0,2.5,1330,816,3.0,0,0,3,8,1330,0,2004,0,98117,47.6836,-122.387,1330,1113
11122,11122,7202331160,20140616T000000,632500.0,5.0,2.5,2640,7096,2.0,0,0,3,7,2640,0,2003,0,98053,47.6827,-122.038,2640,4850
11123,11123,2763710060,20140808T000000,459950.0,4.0,1.75,2430,9747,1.0,0,0,3,8,1780,650,1974,0,98155,47.7687,-122.276,2340,10296
11124,11124,3211270160,20140612T000000,485000.0,4.0,2.5,2470,35073,2.0,0,0,3,9,2470,0,1989,0,98092,47.3064,-122.108,2990,35259
11125,11125,3365900106,20150115T000000,255000.0,3.0,1.0,1440,11330,1.0,0,0,3,7,1440,0,1965,0,98168,47.4742,-122.265,1580,10100
11126,11126,1761300340,20140610T000000,251750.0,3.0,2.0,1320,7200,1.0,0,0,5,7,1320,0,1975,0,98031,47.3947,-122.174,1540,7200
11127,11127,2909300240,20150501T000000,725000.0,3.0,2.5,2810,6300,2.0,0,0,3,8,2810,0,2001,0,98074,47.6077,-122.02,2860,6630
11128,11128,476000324,20141016T000000,460000.0,3.0,3.25,1370,1194,3.0,0,0,3,8,1370,0,2005,0,98107,47.6704,-122.391,1320,1217
11129,11129,2141200030,20140828T000000,625000.0,3.0,2.5,2000,6341,1.0,0,0,5,8,1040,960,1981,0,98116,47.5639,-122.401,2030,6341
11130,11130,9557300560,20140508T000000,530000.0,3.0,1.75,1980,6760,1.0,0,0,4,8,1980,0,1973,0,98008,47.6398,-122.113,2120,7280
11131,11131,2612000200,20150427T000000,394950.0,3.0,2.5,2050,8172,2.0,0,0,3,8,2050,0,2002,0,98168,47.4808,-122.28,2140,5664
11132,11132,6002400030,20140814T000000,324950.0,4.0,1.75,2320,9240,1.0,0,0,3,7,1160,1160,1959,2014,98178,47.4909,-122.257,2130,7320
11133,11133,6064800060,20150506T000000,330000.0,3.0,2.25,1960,1985,2.0,0,0,3,7,1750,210,2003,0,98118,47.5417,-122.289,1760,1985
11134,11134,8091410390,20150217T000000,220000.0,4.0,1.75,1910,8171,1.0,0,0,3,7,1910,0,1986,0,98030,47.35,-122.168,1910,7542
11135,11135,1786830060,20140707T000000,685000.0,3.0,3.25,2030,11070,2.0,0,0,4,8,2030,0,1980,0,98052,47.6478,-122.117,2450,11070
11136,11136,7277100055,20150224T000000,500000.0,3.0,2.25,2210,7680,1.0,0,2,3,8,1730,480,1972,0,98177,47.7729,-122.389,2390,7680
11137,11137,3392500060,20140904T000000,368000.0,4.0,2.75,2610,9426,1.0,0,0,3,7,1360,1250,1965,0,98188,47.4435,-122.279,1600,9426
11138,11138,3897100640,20141103T000000,825000.0,3.0,2.25,2520,7975,2.0,0,0,4,9,1550,970,1990,0,98033,47.6704,-122.183,2520,9900
11139,11139,7942602080,20140616T000000,660000.0,6.0,1.75,1840,2774,1.0,0,0,3,7,1060,780,1900,0,98122,47.6041,-122.31,1680,4292
11140,11140,2787311480,20140929T000000,253000.0,3.0,1.75,1570,7416,1.0,0,0,4,7,1570,0,1971,0,98031,47.4117,-122.174,1900,7416
11141,11141,5467200055,20150307T000000,392500.0,4.0,2.75,2400,19923,1.0,0,0,5,7,1320,1080,1953,0,98042,47.3616,-122.144,2470,10736
11142,11142,7277100510,20150214T000000,605000.0,3.0,1.75,1930,5400,2.0,0,2,3,9,1930,0,1978,0,98177,47.77,-122.391,2100,6840
11143,11143,2525300200,20140515T000000,215000.0,3.0,1.0,1160,10384,1.0,0,0,4,6,1160,0,1969,0,98038,47.3634,-122.027,1200,9880
11144,11144,7732500270,20140925T000000,650000.0,4.0,2.5,2820,15000,2.0,0,0,4,9,2820,0,1985,0,98052,47.7255,-122.101,2440,15000
11145,11145,5700001920,20150219T000000,877500.0,4.0,2.0,3060,8000,2.0,0,0,4,8,2040,1020,1922,0,98144,47.5795,-122.29,2730,5800
11146,11146,5560000640,20140619T000000,232500.0,3.0,1.0,1320,8450,1.0,0,0,3,6,880,440,1961,0,98023,47.3278,-122.337,1320,8450
11147,11147,2781250560,20141202T000000,234000.0,2.0,2.0,1200,3624,2.0,0,0,3,6,1200,0,2003,0,98038,47.349,-122.025,1360,2693
11148,11148,1122059037,20150413T000000,380000.0,3.0,1.75,1560,104108,1.0,0,0,3,7,1250,310,1970,0,98042,47.4016,-122.131,2000,110957
11149,11149,5515600163,20140916T000000,420000.0,5.0,2.25,3070,64033,1.0,0,0,3,9,2730,340,1983,0,98001,47.3238,-122.292,1560,28260
11150,11150,8807300570,20141229T000000,399950.0,3.0,1.0,1040,9600,1.0,0,0,3,7,1040,0,1978,0,98053,47.6738,-122.063,1370,10889
11151,11151,9412700550,20140521T000000,256750.0,3.0,2.5,1990,8991,1.0,0,0,3,7,1570,420,1969,0,98042,47.3939,-122.164,1920,8991
11152,11152,9202600060,20140602T000000,535000.0,3.0,2.5,1690,9626,2.0,0,0,3,8,1690,0,1984,0,98027,47.5647,-122.092,1860,8958
11153,11153,8857320030,20141107T000000,515000.0,3.0,2.0,1810,2738,2.0,0,0,4,9,1810,0,1979,0,98008,47.6112,-122.115,1760,2754
11154,11154,685000160,20150212T000000,770000.0,4.0,1.75,2520,8442,1.0,0,0,4,7,1640,880,1953,0,98004,47.6317,-122.205,2110,8442
11155,11155,8001100030,20150102T000000,256000.0,3.0,2.5,1570,5113,1.0,0,0,3,7,1090,480,1996,0,98001,47.3327,-122.29,1570,5150
11156,11156,9144100126,20140821T000000,489900.0,3.0,1.0,1680,8910,1.0,0,0,4,7,1680,0,1940,0,98117,47.7011,-122.375,1620,7182
11157,11157,7149410060,20140820T000000,165000.0,3.0,1.5,1250,7200,1.0,0,0,4,7,1250,0,1978,0,98032,47.3678,-122.282,1250,7560
11158,11158,3388000640,20150318T000000,220000.0,3.0,1.5,1280,7742,1.0,0,0,4,7,1280,0,1962,0,98031,47.3947,-122.197,1450,8316
11159,11159,1321700030,20140624T000000,575000.0,4.0,2.5,4620,20793,2.0,0,0,4,11,4620,0,1991,0,98023,47.2929,-122.342,3640,20793
11160,11160,6662400105,20141030T000000,375000.0,3.0,2.5,1580,5725,2.0,0,0,3,7,1580,0,2004,0,98072,47.7611,-122.161,1510,5725
11161,11161,3971700903,20150122T000000,422250.0,3.0,1.75,1650,7145,2.0,0,0,5,8,1300,350,1977,0,98155,47.7733,-122.324,1760,7206
11162,11162,6804600260,20140603T000000,420000.0,3.0,1.75,1660,9600,1.0,0,0,3,8,1380,280,1981,0,98011,47.7601,-122.167,2030,9500
11163,11163,8078460520,20140923T000000,608000.0,4.0,2.5,2410,7140,2.0,0,0,3,8,2410,0,1993,0,98074,47.6329,-122.021,2350,7140
11164,11164,2436700800,20140516T000000,620000.0,3.0,2.25,1720,4000,1.5,0,0,4,7,1450,270,1921,0,98105,47.6683,-122.286,1410,4000
11165,11165,2592210510,20150217T000000,850000.0,3.0,2.5,3120,12406,2.0,0,2,3,9,1940,1180,1983,0,98006,47.5507,-122.141,3240,13141
11166,11166,9414610320,20150116T000000,463000.0,4.0,2.5,2680,9928,1.0,0,0,4,8,1340,1340,1974,0,98027,47.5219,-122.052,2180,10478
11167,11167,7567600030,20150127T000000,750000.0,5.0,1.75,2640,13290,1.0,1,4,4,8,1400,1240,1954,0,98178,47.5022,-122.223,2400,11942
11168,11168,624110810,20150325T000000,1070000.0,3.0,3.25,3730,13264,2.0,0,0,3,9,3730,0,1989,0,98077,47.7246,-122.059,3730,14933
11169,11169,4123800400,20140909T000000,290000.0,3.0,2.0,1700,6498,1.0,0,0,3,7,1700,0,1986,0,98038,47.3781,-122.044,1700,6654
11170,11170,9424400105,20140710T000000,525000.0,4.0,1.75,2280,5959,1.0,0,0,3,7,1250,1030,1947,0,98116,47.5655,-122.395,1640,5911
11171,11171,7941130140,20150217T000000,319000.0,3.0,2.25,1220,2980,2.0,0,0,3,7,1220,0,1986,0,98034,47.7151,-122.203,1220,2140
11172,11172,1568100295,20150202T000000,592500.0,6.0,4.5,3500,8504,2.0,0,0,3,7,3500,0,1980,0,98155,47.7349,-122.295,1550,8460
11173,11173,6683000295,20140513T000000,350000.0,3.0,2.5,2010,14298,2.0,0,0,3,7,2010,0,1977,0,98070,47.5069,-122.472,2010,14298
11174,11174,5710610520,20150226T000000,454900.0,3.0,1.75,2130,9775,1.0,0,0,4,8,1430,700,1973,0,98027,47.5326,-122.049,2130,11250
11175,11175,1565900390,20150415T000000,272000.0,4.0,2.25,1800,9018,2.0,0,0,3,7,1800,0,1992,0,98022,47.2126,-121.984,1670,9380
11176,11176,6608500260,20140716T000000,357500.0,3.0,1.0,1070,10125,1.0,0,0,3,7,1070,0,1961,0,98033,47.7012,-122.167,1540,10200
11177,11177,7338401230,20140828T000000,285000.0,3.0,1.75,1020,5000,1.0,0,0,5,6,1020,0,1954,0,98118,47.5332,-122.29,1360,5000
11178,11178,7212660520,20150326T000000,280000.0,4.0,2.0,1600,6861,1.0,0,0,3,7,1600,0,1994,0,98003,47.2701,-122.313,1870,7455
11179,11179,8901001290,20140903T000000,477000.0,4.0,1.5,1380,7800,1.0,0,0,3,7,1080,300,1928,0,98125,47.7093,-122.306,1770,7503
11180,11180,3345100030,20140722T000000,750000.0,3.0,2.25,3270,168000,2.0,0,0,4,10,3270,0,1982,0,98056,47.5197,-122.191,3220,7963
11181,11181,7986401275,20141119T000000,595000.0,4.0,2.5,2100,3125,2.0,0,2,3,7,1400,700,1907,1993,98107,47.6634,-122.358,2060,5040
11182,11182,3047700045,20140717T000000,525000.0,3.0,2.25,2110,2850,3.0,0,0,3,8,2110,0,2001,0,98103,47.6915,-122.339,1340,5001
11183,11183,1422029117,20140711T000000,319000.0,3.0,1.75,1640,53400,1.0,0,0,4,7,1640,0,1966,0,98070,47.3944,-122.506,1850,380279
11184,11184,104530240,20140827T000000,225000.0,3.0,2.0,1320,5665,1.0,0,0,3,7,1320,0,1986,0,98023,47.3096,-122.357,1336,7080
11185,11185,8718500260,20140723T000000,485000.0,4.0,2.5,2420,10603,1.0,0,0,5,7,1210,1210,1958,0,98028,47.7397,-122.259,1750,10800
11186,11186,3735901040,20140703T000000,341000.0,3.0,1.0,1390,4814,1.5,0,0,3,6,1390,0,1908,0,98115,47.6881,-122.32,1730,3990
11187,11187,3448002180,20150116T000000,674000.0,3.0,3.25,2320,6744,2.0,0,0,3,9,1930,390,2014,0,98125,47.7132,-122.293,1700,6744
11188,11188,5126300960,20150127T000000,442250.0,3.0,2.5,2170,8169,2.0,0,0,3,8,2170,0,2003,0,98059,47.4833,-122.139,2240,6733
11189,11189,1774220400,20140513T000000,591000.0,4.0,2.25,2710,38180,2.0,0,0,4,8,2710,0,1977,0,98077,47.77,-122.097,2590,38180
11190,11190,8648100030,20141113T000000,276000.0,3.0,2.0,1450,8928,1.0,0,0,3,7,1450,0,1998,0,98042,47.3637,-122.075,2050,8523
11191,11191,7940710070,20140822T000000,394000.0,3.0,2.5,1370,4400,1.0,0,0,3,8,1370,0,1988,0,98034,47.7139,-122.203,1630,4400
11192,11192,1518000070,20141119T000000,355000.0,3.0,2.5,1810,3192,1.0,0,0,3,7,1070,740,2001,0,98019,47.7364,-121.969,1740,3720
11193,11193,3832500260,20140509T000000,260000.0,3.0,2.5,1420,14850,1.0,0,0,4,7,1020,400,1963,0,98032,47.3661,-122.29,2060,8800
11194,11194,1139600270,20140701T000000,300000.0,3.0,2.75,2090,9620,1.0,0,0,3,8,1340,750,1987,0,98023,47.2741,-122.337,2150,9660
11195,11195,1139600270,20150324T000000,310000.0,3.0,2.75,2090,9620,1.0,0,0,3,8,1340,750,1987,0,98023,47.2741,-122.337,2150,9660
11196,11196,1099610830,20141202T000000,209000.0,3.0,1.0,1330,6900,1.0,0,0,3,7,1330,0,1976,0,98023,47.3033,-122.381,1530,7000
11197,11197,5647000060,20141211T000000,344950.0,3.0,2.0,1330,7419,1.0,0,0,3,7,1330,0,1985,0,98034,47.7322,-122.236,1330,7297
11198,11198,3352402272,20140611T000000,230000.0,5.0,2.0,1910,7200,1.0,0,0,4,6,1110,800,1951,0,98178,47.4975,-122.261,1150,5948
11199,11199,6669020640,20150424T000000,336950.0,3.0,1.75,2310,7680,1.0,0,0,4,8,1410,900,1978,0,98032,47.3743,-122.285,2080,7680
11200,11200,6154900070,20140611T000000,700000.0,3.0,2.75,2500,7378,1.0,0,0,5,7,1390,1110,1948,0,98177,47.7032,-122.37,2040,7140
11201,11201,1545802080,20140904T000000,230000.0,3.0,2.0,1310,7332,1.0,0,0,3,7,1310,0,1987,0,98038,47.3597,-122.051,1530,7362
11202,11202,8161020060,20140620T000000,443500.0,4.0,2.5,2040,21781,2.0,0,0,3,8,2040,0,1994,0,98014,47.6458,-121.904,2410,21781
11203,11203,8161020060,20150414T000000,471000.0,4.0,2.5,2040,21781,2.0,0,0,3,8,2040,0,1994,0,98014,47.6458,-121.904,2410,21781
11204,11204,443000060,20141210T000000,595000.0,3.0,2.25,2400,16301,1.0,0,0,3,8,1400,1000,1962,0,98115,47.6901,-122.282,1720,9828
11205,11205,4172100200,20141121T000000,470000.0,3.0,1.0,1400,4914,1.5,0,0,3,7,1400,0,1929,0,98117,47.681,-122.364,1400,3744
11206,11206,7309100070,20141212T000000,600000.0,4.0,1.75,1700,7800,1.0,0,0,4,8,1700,0,1975,0,98052,47.651,-122.119,2430,8342
11207,11207,191100672,20140527T000000,1381000.0,4.0,3.75,3160,9525,2.5,0,0,3,10,3160,0,1997,0,98040,47.5623,-122.221,2400,9525
11208,11208,2125400160,20141114T000000,427800.0,3.0,1.75,1340,13241,1.0,0,2,3,7,1340,0,1985,0,98034,47.7268,-122.213,2090,9704
11209,11209,259800060,20140606T000000,445000.0,4.0,2.0,1470,8395,1.0,0,0,4,7,1470,0,1965,0,98008,47.631,-122.117,1760,7976
11210,11210,4402700125,20140716T000000,382000.0,3.0,1.75,1790,7679,1.0,0,0,4,7,1790,0,1953,0,98133,47.7442,-122.338,1560,7680
11211,11211,7504180070,20141111T000000,577000.0,3.0,1.5,1560,20251,1.0,0,0,5,7,1200,360,1989,0,98074,47.619,-122.054,1560,19119
11212,11212,2723069129,20150506T000000,427000.0,3.0,2.5,2620,108464,2.0,0,0,4,8,2620,0,1990,0,98038,47.4583,-122.036,3190,105850
11213,11213,3210400060,20141224T000000,255000.0,3.0,1.0,1580,8206,1.0,0,0,3,7,1100,480,1962,0,98198,47.3676,-122.312,1600,8196
11214,11214,8658301535,20140721T000000,240000.0,3.0,1.0,1090,10000,1.0,0,0,3,6,1090,0,1961,0,98014,47.6503,-121.911,1040,7500
11215,11215,8923100125,20140620T000000,1234580.0,5.0,3.25,3240,6551,1.5,0,4,4,9,2500,740,1939,0,98115,47.6792,-122.273,2740,9300
11216,11216,5592900105,20150213T000000,435000.0,4.0,1.75,2520,7200,1.0,0,2,5,7,1260,1260,1955,0,98056,47.4835,-122.192,2360,7300
11217,11217,8964800695,20150327T000000,1450000.0,3.0,1.75,2230,13529,1.0,0,0,3,9,2230,0,1949,0,98004,47.6204,-122.217,2230,11900
11218,11218,5104510860,20150506T000000,425000.0,4.0,3.0,2430,5502,2.0,0,0,3,8,2430,0,2002,0,98038,47.356,-122.014,2000,5702
11219,11219,1090000075,20141216T000000,393000.0,2.0,1.0,1020,4200,1.0,0,0,5,6,1020,0,1923,0,98136,47.5319,-122.391,1660,4200
11220,11220,1446800181,20140620T000000,264950.0,4.0,1.0,1810,7500,1.0,0,0,2,7,1410,400,1959,0,98168,47.4935,-122.333,1250,6255
11221,11221,1829300520,20150412T000000,746500.0,4.0,2.5,3460,9699,2.0,0,0,3,10,3460,0,1987,0,98074,47.637,-122.04,3140,10631
11222,11222,3992700070,20141124T000000,450000.0,3.0,1.0,2020,8100,1.0,0,0,3,7,1170,850,1956,0,98125,47.7136,-122.288,1480,7620
11223,11223,2472950160,20140617T000000,229950.0,3.0,2.0,1410,7466,1.0,0,0,3,7,1410,0,1983,0,98058,47.427,-122.147,1410,7610
11224,11224,3468800310,20150113T000000,425000.0,2.0,1.0,750,4000,1.0,0,0,2,6,750,0,1933,0,98108,47.54,-122.32,1160,4000
11225,11225,6613000935,20140513T000000,2555000.0,4.0,2.5,5300,26211,2.0,1,2,2,10,4570,730,1923,0,98105,47.661,-122.269,3890,19281
11226,11226,4054530240,20150427T000000,1400000.0,4.0,3.5,4380,66613,1.5,0,0,3,11,4380,0,1993,0,98077,47.7279,-122.048,4010,70109
11227,11227,2600040160,20141031T000000,753000.0,3.0,2.25,2290,9047,2.0,0,0,4,8,2290,0,1984,0,98006,47.5545,-122.163,2120,9275
11228,11228,4229900140,20141006T000000,310000.0,2.0,1.0,720,5750,1.0,0,0,2,6,720,0,1943,0,98136,47.5535,-122.393,980,6125
11229,11229,1005000240,20141219T000000,395000.0,2.0,1.0,1200,6014,1.0,0,0,4,6,600,600,1949,0,98118,47.5357,-122.28,1270,4652
11230,11230,4188000240,20141211T000000,725000.0,3.0,2.5,2620,28703,1.0,0,0,3,10,2620,0,1985,0,98052,47.7238,-122.114,2950,30290
11231,11231,1562100340,20140828T000000,295000.0,4.0,3.0,2120,7650,2.0,0,0,3,8,2120,0,1964,0,98007,47.6214,-122.14,2260,7885
11232,11232,7941600390,20140623T000000,225000.0,3.0,1.75,1580,8820,1.0,0,0,4,7,1580,0,1967,0,98003,47.317,-122.325,1280,8500
11233,11233,2655500241,20140814T000000,1699000.0,3.0,3.25,4160,35153,3.0,0,2,3,12,3690,470,2001,0,98040,47.5749,-122.214,3290,11533
11234,11234,8651720060,20150202T000000,431000.0,3.0,2.25,1830,8831,1.0,0,0,3,7,1460,370,1979,0,98034,47.7286,-122.215,2330,8064
11235,11235,2621750350,20150326T000000,358500.0,3.0,2.5,2000,8057,1.0,0,0,3,8,1360,640,1998,0,98042,47.3724,-122.107,2530,8964
11236,11236,2397101375,20150428T000000,595000.0,2.0,1.0,980,3600,1.0,0,0,3,6,980,0,1907,0,98119,47.6366,-122.365,1690,3600
11237,11237,808300200,20150319T000000,468000.0,4.0,2.5,3040,20682,2.0,0,0,3,7,3040,0,2000,0,98019,47.7245,-121.959,2670,9742
11238,11238,8645500370,20141203T000000,260000.0,4.0,1.0,1740,8100,1.0,0,0,4,7,1020,720,1962,0,98058,47.467,-122.185,1600,8949
11239,11239,5668500045,20140917T000000,375000.0,3.0,2.0,1450,7300,1.5,0,0,5,7,1450,0,1955,0,98133,47.7517,-122.342,1660,9069
11240,11240,6679000370,20140525T000000,295000.0,3.0,2.5,1560,4200,2.0,0,0,3,7,1560,0,2003,0,98038,47.3838,-122.026,1560,4200
11241,11241,8699800070,20140731T000000,403900.0,4.0,2.5,2050,8909,1.0,0,2,4,8,1690,360,1986,0,98198,47.398,-122.31,2190,8912
11242,11242,9500900060,20140722T000000,269950.0,3.0,1.75,1760,12823,1.0,0,0,4,7,1460,300,1956,0,98002,47.2868,-122.21,1450,10800
11243,11243,2255500060,20150218T000000,640000.0,3.0,3.5,1740,1975,2.0,0,3,3,8,1310,430,1998,0,98122,47.6085,-122.311,1740,1975
11244,11244,5071500140,20140627T000000,221000.0,3.0,1.0,910,8789,1.0,0,0,3,7,910,0,1966,0,98148,47.4345,-122.326,1160,8789
11245,11245,3546000070,20140617T000000,255000.0,3.0,1.75,1700,7532,1.0,0,0,3,7,1700,0,1987,0,98030,47.355,-122.176,1690,7405
11246,11246,9478500570,20140623T000000,300000.0,4.0,2.5,2620,4469,2.0,0,0,3,7,2620,0,2008,0,98042,47.3663,-122.115,2250,4500
11247,11247,2473440070,20150320T000000,270000.0,3.0,2.25,1500,7410,1.0,0,0,4,7,1500,0,1973,0,98058,47.4597,-122.162,1750,7990
11248,11248,952001710,20150303T000000,575000.0,4.0,1.75,1630,5750,1.0,0,0,3,7,1160,470,1947,0,98116,47.5674,-122.384,1640,5750
11249,11249,7905400160,20150211T000000,246900.0,3.0,1.5,1370,9800,1.0,0,0,5,7,1370,0,1968,0,98001,47.3068,-122.27,1370,9800
11250,11250,6852700520,20150406T000000,635000.0,2.0,2.5,1390,1132,2.0,0,0,3,8,1130,260,2006,0,98102,47.6228,-122.319,1400,1237
11251,11251,625100004,20150317T000000,450000.0,3.0,2.0,1540,67756,1.0,0,0,3,7,1540,0,1900,1973,98077,47.721,-122.078,2060,67756
11252,11252,6600400370,20140910T000000,215000.0,3.0,1.0,1190,7500,1.0,0,0,5,7,1190,0,1968,0,98042,47.3248,-122.142,1200,9750
11253,11253,2025770310,20140611T000000,785000.0,3.0,3.5,4500,21870,2.0,0,0,3,10,4500,0,2004,0,98092,47.3043,-122.159,4670,23058
11254,11254,2126049290,20150220T000000,522500.0,4.0,3.0,2370,8154,1.0,0,0,3,7,1380,990,1977,0,98125,47.7258,-122.306,2100,8148
11255,11255,1843200350,20140722T000000,150000.0,2.0,1.5,1360,1934,2.0,0,0,4,7,1360,0,1978,0,98092,47.2857,-122.189,1360,1898
11256,11256,3750600566,20141215T000000,199950.0,2.0,1.75,870,18537,1.0,0,0,4,6,870,0,1946,0,98001,47.275,-122.278,1300,22800
11257,11257,3761100045,20140618T000000,3000000.0,4.0,4.25,4850,12445,2.0,1,4,5,10,3850,1000,1989,0,98034,47.7011,-122.244,3350,12210
11258,11258,7937600262,20140710T000000,379900.0,3.0,2.0,3110,44967,2.0,0,0,3,9,3020,90,1999,0,98058,47.4343,-122.082,2150,44967
11259,11259,3629921000,20141121T000000,950000.0,4.0,2.5,3700,7051,2.0,0,0,3,11,3700,0,2006,0,98029,47.5427,-121.995,3580,6175
11260,11260,7519000335,20141203T000000,865000.0,6.0,2.75,3500,5150,2.0,0,0,5,8,2430,1070,1909,0,98117,47.6842,-122.363,1430,3860
11261,11261,5459000240,20140604T000000,785000.0,3.0,1.75,1670,9600,1.0,0,0,5,8,1670,0,1961,0,98040,47.5754,-122.233,1900,9600
11262,11262,9835801000,20140625T000000,245700.0,3.0,2.25,1640,8400,1.0,0,0,3,8,1180,460,1968,0,98032,47.3733,-122.289,1600,8120
11263,11263,1102001274,20150415T000000,951000.0,3.0,2.25,3400,12825,1.0,0,1,3,9,3400,0,1961,0,98118,47.5435,-122.26,2510,11574
11264,11264,7950303290,20150402T000000,499950.0,3.0,1.75,2060,3500,1.0,0,0,5,7,1030,1030,1951,0,98118,47.5635,-122.282,1110,6000
11265,11265,7968460240,20150211T000000,257000.0,3.0,1.75,1330,36537,1.0,0,0,4,7,1330,0,1989,0,98092,47.3126,-122.129,1650,35100
11266,11266,9827700105,20140917T000000,549000.0,3.0,2.0,2330,3600,1.5,0,0,4,7,1580,750,1900,0,98122,47.6025,-122.303,1750,3600
11267,11267,3536900030,20150209T000000,1600000.0,3.0,2.75,3040,21052,2.0,0,0,4,10,3040,0,1980,0,98004,47.638000000000005,-122.225,2950,21052
11268,11268,328000160,20141211T000000,1400000.0,5.0,3.75,3700,7920,3.0,0,4,3,9,2900,800,1983,0,98115,47.6865,-122.266,2860,6360
11269,11269,6909700340,20140820T000000,619000.0,3.0,2.0,1990,3000,1.5,0,2,5,8,1430,560,1927,0,98144,47.5891,-122.293,1780,5000
11270,11270,829000160,20141009T000000,311000.0,5.0,3.0,2020,5917,1.0,0,0,3,7,1220,800,1993,0,98108,47.5482,-122.294,2130,5529
11271,11271,4077800376,20140701T000000,600000.0,5.0,2.25,2980,7781,1.0,0,0,3,9,1580,1400,1960,0,98125,47.7048,-122.279,2310,7781
11272,11272,6154500030,20140626T000000,1080000.0,4.0,3.5,3990,5267,2.0,0,0,3,10,3990,0,2008,0,98006,47.5641,-122.124,3230,6481
11273,11273,9828202325,20140619T000000,436000.0,2.0,1.0,790,6600,1.0,0,0,3,6,790,0,1949,0,98122,47.6149,-122.293,1520,4400
11274,11274,795002190,20140715T000000,205000.0,2.0,1.0,1060,8000,1.0,0,0,3,6,1060,0,1941,0,98168,47.5088,-122.333,1390,8000
11275,11275,226059065,20140903T000000,514000.0,3.0,2.25,2260,54014,1.0,0,0,3,7,1450,810,1962,0,98072,47.7657,-122.131,2140,44431
11276,11276,8682280270,20140903T000000,530000.0,2.0,2.5,1900,2983,2.0,0,0,3,8,1900,0,2006,0,98053,47.7029,-122.015,1510,3876
11277,11277,7695370160,20140811T000000,511000.0,5.0,2.5,3361,6983,2.0,0,0,3,10,3361,0,2006,0,98092,47.3427,-122.169,3112,6920
11278,11278,3025300226,20140515T000000,2100000.0,4.0,1.75,3550,19865,2.0,0,0,3,9,3550,0,1962,2002,98039,47.6236,-122.235,3000,19862
11279,11279,241900160,20150310T000000,370000.0,5.0,2.5,2740,5460,2.0,0,0,3,8,2740,0,2005,0,98031,47.4042,-122.204,2900,5971
11280,11280,2461900550,20141216T000000,500000.0,4.0,1.75,2040,6000,1.0,0,0,5,7,1020,1020,1943,0,98136,47.5507,-122.383,1440,6000
11281,11281,9206700060,20141105T000000,710000.0,4.0,2.5,4070,129808,2.0,0,0,3,10,4070,0,1998,0,98038,47.4433,-122.016,4070,102366
11282,11282,1997200060,20140908T000000,270000.0,1.0,1.0,720,5196,1.0,0,0,3,7,720,0,1911,0,98103,47.6928,-122.337,1580,5762
11283,11283,5468700105,20140805T000000,415000.0,3.0,1.75,2000,8400,1.5,0,0,4,8,2000,0,1959,0,98133,47.7535,-122.334,2000,8400
11284,11284,5078400160,20140605T000000,1800000.0,5.0,4.5,4400,15580,2.0,0,0,3,11,3390,1010,2003,0,98004,47.6232,-122.207,2150,14249
11285,11285,6603000030,20141217T000000,236000.0,3.0,1.75,1300,8976,1.0,0,0,3,7,1300,0,1967,0,98003,47.3357,-122.305,1430,9750
11286,11286,8598200070,20141208T000000,278000.0,2.0,2.5,1420,2229,2.0,0,0,3,7,1420,0,2004,0,98059,47.4871,-122.165,1500,2230
11287,11287,5101402435,20140603T000000,312000.0,3.0,2.25,1540,5338,1.0,0,0,5,7,770,770,1954,0,98115,47.6942,-122.304,1680,6525
11288,11288,5101402435,20150304T000000,539000.0,3.0,2.25,1540,5338,1.0,0,0,5,7,770,770,1954,0,98115,47.6942,-122.304,1680,6525
11289,11289,8820902400,20140910T000000,498000.0,3.0,3.0,2360,2750,2.0,0,1,3,7,1780,580,1983,0,98125,47.7142,-122.281,1970,5800
11290,11290,1246700251,20140527T000000,857000.0,4.0,3.0,3720,29043,2.0,0,0,3,9,3720,0,1991,0,98033,47.6907,-122.161,1610,23000
11291,11291,5315101716,20150225T000000,780000.0,3.0,1.75,1690,13500,1.0,0,0,4,7,1690,0,1978,0,98040,47.5897,-122.233,1950,10500
11292,11292,5035300570,20140923T000000,650000.0,3.0,2.0,2300,5000,1.0,0,0,4,8,1150,1150,1938,0,98199,47.6521,-122.413,2300,5000
11293,11293,4123400310,20150409T000000,559500.0,4.0,1.75,1650,7088,1.0,0,0,3,8,1650,0,1973,0,98027,47.5688,-122.087,1850,7523
11294,11294,4058802255,20140724T000000,219950.0,2.0,1.0,990,6448,1.0,0,0,3,7,990,0,1948,0,98178,47.5031,-122.245,1130,7200
11295,11295,2141330560,20140725T000000,671500.0,4.0,2.25,2130,8410,2.0,0,0,4,8,2130,0,1977,0,98006,47.5589,-122.128,2170,8400
11296,11296,2725069121,20140903T000000,813000.0,4.0,2.5,3320,52707,2.0,0,0,3,10,3320,0,1999,0,98074,47.6247,-122.016,3040,54450
11297,11297,7682200340,20140728T000000,182000.0,3.0,2.25,1960,8875,1.0,0,0,3,7,1290,670,1965,0,98003,47.3344,-122.301,1890,8700
11298,11298,9518100059,20140822T000000,203700.0,2.0,1.0,770,2500,1.0,0,0,3,6,770,0,1913,1960,98072,47.7534,-122.172,1500,8286
11299,11299,1861400060,20140505T000000,740000.0,4.0,1.75,2010,3600,1.5,0,0,3,7,2010,0,1902,0,98119,47.6337,-122.371,2010,3600
11300,11300,2223059053,20150311T000000,230000.0,2.0,1.0,800,17965,1.0,0,0,4,5,800,0,1942,0,98058,47.4693,-122.161,1500,8925
11301,11301,421049114,20141009T000000,128000.0,3.0,1.0,910,11117,1.0,0,0,3,7,910,0,1955,0,98003,47.3432,-122.309,1490,8416
11302,11302,6703100140,20140822T000000,345000.0,3.0,1.0,1200,6628,1.0,0,0,4,7,1200,0,1952,0,98155,47.7367,-122.319,1330,6768
11303,11303,6127010890,20150427T000000,663000.0,4.0,2.5,3570,6246,2.0,0,0,3,7,3570,0,2005,0,98075,47.5927,-122.006,2260,5231
11304,11304,8898700960,20140620T000000,329950.0,3.0,2.5,1820,8085,2.0,0,0,3,7,1820,0,1983,0,98055,47.4575,-122.204,1860,8625
11305,11305,486000597,20140811T000000,1047500.0,3.0,2.25,2930,7005,3.0,0,2,3,9,2670,260,1999,0,98117,47.6763,-122.404,2450,6460
11306,11306,7175300045,20141112T000000,402300.0,3.0,1.75,1480,4050,1.0,0,0,3,7,870,610,1926,0,98115,47.681,-122.304,1350,4500
11307,11307,3073500045,20140507T000000,492000.0,4.0,2.5,3305,16164,1.5,0,0,5,7,2245,1060,1922,1956,98133,47.7563,-122.338,1620,8883
11308,11308,2407900550,20150507T000000,448000.0,4.0,2.5,2230,5000,1.0,0,0,3,7,1650,580,2006,0,98059,47.4799,-122.129,2090,4637
11309,11309,5379802650,20150225T000000,273000.0,3.0,1.0,1560,7800,1.0,0,0,3,7,1560,0,1955,0,98188,47.4549,-122.287,1468,9375
11310,11310,4364700990,20141003T000000,335000.0,3.0,1.0,1030,7200,1.0,0,0,3,6,880,150,1948,0,98126,47.5255,-122.376,1030,7200
11311,11311,2158900140,20140905T000000,695000.0,3.0,3.75,2380,3600,1.5,0,0,3,7,1690,690,1927,0,98112,47.6374,-122.307,1990,3520
11312,11312,3235100075,20150503T000000,279000.0,3.0,1.0,1010,7903,1.0,0,0,3,6,1010,0,1948,0,98155,47.766000000000005,-122.32,1010,7903
11313,11313,2887701940,20141205T000000,485000.0,2.0,1.75,2060,2700,1.0,0,0,3,7,1030,1030,1929,0,98115,47.6856,-122.312,1390,2700
11314,11314,7399200510,20140812T000000,383000.0,4.0,2.5,2370,10580,2.0,0,0,3,8,2370,0,1966,0,98055,47.464,-122.192,1590,8584
11315,11315,3578600045,20141216T000000,490000.0,4.0,2.5,2242,37451,2.0,0,0,3,8,2242,0,1995,0,98028,47.7443,-122.228,2242,13125
11316,11316,9406500310,20141119T000000,240000.0,2.0,1.5,1078,1263,2.0,0,0,3,7,1078,0,1990,0,98028,47.7532,-122.244,1078,1263
11317,11317,1560100135,20150224T000000,285000.0,2.0,1.0,890,7250,1.0,0,0,3,7,890,0,1943,0,98125,47.7118,-122.314,900,7000
11318,11318,1326069094,20150225T000000,524950.0,3.0,1.5,2700,24539,2.0,0,0,3,7,2120,580,1977,2014,98019,47.7348,-121.984,1830,11000
11319,11319,3396830310,20150407T000000,729000.0,4.0,2.5,2450,27081,2.0,0,0,3,8,2450,0,1985,0,98052,47.7177,-122.104,2630,12025
11320,11320,4040400340,20140905T000000,460000.0,3.0,1.75,1420,8250,1.0,0,0,4,7,1420,0,1960,0,98007,47.6112,-122.133,2020,8250
11321,11321,7234601221,20141014T000000,687500.0,3.0,1.5,1280,2114,1.5,0,0,3,8,1280,0,1904,0,98122,47.6174,-122.308,1540,1456
11322,11322,6065301040,20140814T000000,1168000.0,5.0,2.75,2910,15118,1.0,0,0,5,9,1780,1130,1972,0,98006,47.5696,-122.183,2880,15253
11323,11323,2600010390,20141015T000000,825000.0,4.0,2.25,2430,10050,2.0,0,0,4,8,2430,0,1979,0,98006,47.5563,-122.163,2390,10250
11324,11324,6679000560,20140729T000000,314950.0,2.0,2.5,1860,6359,2.0,0,0,3,7,1860,0,2003,0,98038,47.3847,-122.029,1860,6359
11325,11325,6743700335,20140604T000000,470000.0,3.0,2.0,1800,12669,1.0,0,0,3,7,1800,0,1956,1990,98033,47.6935,-122.173,1970,9775
11326,11326,2207000060,20140818T000000,500000.0,3.0,1.5,1960,8815,1.0,0,0,4,7,1020,940,1958,0,98006,47.5765,-122.159,1760,9534
11327,11327,1900000060,20141117T000000,313000.0,3.0,1.5,1550,7260,1.5,0,0,2,6,1550,0,1925,0,98166,47.4693,-122.349,1190,7620
11328,11328,1232001480,20140710T000000,445000.0,2.0,1.0,840,3840,1.0,0,0,4,7,840,0,1926,0,98117,47.684,-122.378,1310,3840
11329,11329,9835800320,20140828T000000,300000.0,4.0,1.75,2080,8750,1.0,0,0,4,8,1330,750,1967,0,98032,47.3749,-122.291,1790,8750
11330,11330,9285800055,20141014T000000,619500.0,4.0,2.5,2210,5077,1.5,0,0,4,8,1480,730,1912,0,98126,47.5719,-122.377,1740,5000
11331,11331,3438500677,20140613T000000,305000.0,3.0,1.5,1210,5240,1.0,0,0,4,7,610,600,1983,0,98106,47.5524,-122.356,1560,5240
11332,11332,3879901290,20150401T000000,874000.0,3.0,2.5,1350,941,3.0,0,0,3,9,1350,0,2007,0,98119,47.6265,-122.364,1640,1369
11333,11333,3905040060,20150313T000000,477500.0,3.0,2.0,1860,5146,2.0,0,0,3,8,1860,0,1991,0,98029,47.5706,-121.999,1950,5146
11334,11334,9530101290,20141110T000000,700000.0,3.0,2.0,1940,4500,1.0,0,3,3,7,1090,850,1926,0,98107,47.6659,-122.359,1700,4500
11335,11335,5104532030,20150306T000000,515000.0,4.0,3.5,3400,5222,2.0,0,0,3,9,3400,0,2005,0,98038,47.3559,-122.0,3190,5326
11336,11336,6411600045,20141016T000000,590000.0,4.0,2.5,2240,9385,2.0,0,0,3,8,2240,0,1991,0,98133,47.7125,-122.332,2010,9000
11337,11337,1796360990,20140701T000000,205000.0,3.0,1.75,1170,8239,1.0,0,0,3,7,1170,0,1981,0,98042,47.3679,-122.088,1180,7866
11338,11338,9264911550,20141022T000000,310000.0,3.0,3.25,3130,9302,2.0,0,0,3,8,2190,940,1987,0,98023,47.3078,-122.338,2350,7949
11339,11339,7715800310,20140821T000000,442500.0,2.0,2.25,1510,7280,2.0,0,0,3,7,1510,0,1987,0,98074,47.6264,-122.058,1510,8120
11340,11340,3407700012,20141106T000000,1078500.0,4.0,3.5,3740,41458,2.0,0,2,3,11,3740,0,2000,0,98072,47.7375,-122.139,3750,38325
11341,11341,2322069116,20140825T000000,530000.0,4.0,2.5,2690,46609,2.0,0,0,3,8,2690,0,1980,1991,98038,47.3843,-122.006,1500,34800
11342,11342,4058800875,20140624T000000,343500.0,4.0,1.75,1760,6204,1.0,0,2,4,7,1180,580,1950,0,98178,47.5045,-122.24,1990,6240
11343,11343,8113101070,20150423T000000,334900.0,4.0,1.75,2180,4066,1.5,0,0,3,6,1270,910,1911,0,98118,47.5487,-122.277,1400,1343
11344,11344,9512501370,20141105T000000,544300.0,4.0,1.75,1560,9000,1.0,0,0,5,7,1560,0,1969,0,98052,47.6707,-122.149,1510,8848
11345,11345,3670500465,20140526T000000,370000.0,3.0,2.5,1780,4050,2.0,0,0,3,7,1780,0,2001,0,98155,47.7346,-122.308,1571,4976
11346,11346,8856950310,20140524T000000,245000.0,3.0,1.75,1260,6908,1.0,0,0,3,7,1260,0,1994,0,98038,47.385,-122.031,1810,7159
11347,11347,4315700505,20150210T000000,535000.0,4.0,1.75,1570,3250,1.5,0,0,5,8,1570,0,1928,0,98136,47.5405,-122.393,1570,5720
11348,11348,3046200125,20150406T000000,202000.0,2.0,1.0,740,6550,1.0,0,0,4,5,740,0,1946,0,98168,47.4807,-122.332,1080,8515
11349,11349,2922701420,20141118T000000,490000.0,4.0,2.25,2020,4960,2.0,0,0,3,7,1710,310,1938,0,98117,47.6867,-122.369,1590,4550
11350,11350,6430500238,20141216T000000,651500.0,4.0,1.5,1500,3075,2.0,0,0,5,7,1420,80,1929,0,98103,47.6893,-122.35,1480,3774
11351,11351,6031400071,20150114T000000,270000.0,4.0,2.5,1670,8056,1.0,0,0,3,7,1170,500,1961,0,98168,47.4884,-122.319,1360,8056
11352,11352,1854750030,20150407T000000,1164000.0,3.0,3.5,3620,8072,2.0,0,0,3,10,2920,700,1999,0,98006,47.5646,-122.127,3680,9624
11353,11353,7950302121,20140716T000000,289000.0,2.0,1.5,1010,1309,2.0,0,0,3,7,860,150,2007,0,98118,47.5659,-122.286,1190,3060
11354,11354,1421069117,20150417T000000,240000.0,3.0,1.5,1460,13503,1.0,0,0,4,6,1460,0,1977,0,98010,47.3119,-122.015,1460,13394
11355,11355,1370803510,20140515T000000,790000.0,3.0,1.75,1790,6117,1.0,0,2,3,8,1350,440,1940,0,98199,47.6366,-122.401,1960,5554
11356,11356,1559900140,20141222T000000,350000.0,3.0,2.25,1760,9621,2.0,0,0,3,7,1760,0,1995,0,98019,47.7466,-121.979,1810,6589
11357,11357,2734100738,20141029T000000,246950.0,3.0,3.5,1790,1682,2.0,0,0,3,7,1480,310,2006,0,98108,47.542,-122.321,1150,4000
11358,11358,7007700030,20150105T000000,400000.0,3.0,1.0,1050,6000,1.0,0,0,3,7,1050,0,1952,0,98116,47.5709,-122.401,1720,6000
11359,11359,7702020030,20150225T000000,533000.0,4.0,2.5,2590,6394,2.0,0,0,3,8,2590,0,2003,0,98028,47.7599,-122.233,2500,5328
11360,11360,1795500060,20141021T000000,198400.0,3.0,1.0,1040,8645,1.0,0,0,4,7,1040,0,1962,0,98042,47.3631,-122.116,1290,8645
11361,11361,3303860030,20141029T000000,495000.0,4.0,2.5,4060,8547,2.0,0,0,3,9,2790,1270,2007,0,98038,47.3694,-122.056,2810,8313
11362,11362,7701960990,20140616T000000,862000.0,4.0,2.5,3190,14565,2.0,0,0,3,11,3190,0,1990,0,98077,47.713,-122.072,3420,20475
11363,11363,7701960990,20140819T000000,870000.0,4.0,2.5,3190,14565,2.0,0,0,3,11,3190,0,1990,0,98077,47.713,-122.072,3420,20475
11364,11364,5453700060,20150224T000000,875000.0,4.0,1.75,2180,9726,1.0,0,0,4,9,2180,0,1966,0,98040,47.5359,-122.233,2560,10244
11365,11365,2143700935,20140903T000000,317000.0,6.0,3.5,2120,5840,2.0,0,0,5,7,2120,0,1979,0,98055,47.4788,-122.227,1860,8000
11366,11366,9485300560,20140725T000000,325000.0,4.0,2.75,2110,6838,2.0,0,0,4,8,2110,0,1991,0,98031,47.3877,-122.171,2100,7280
11367,11367,3693900135,20140920T000000,615000.0,2.0,1.5,1210,5000,1.5,0,0,5,6,1210,0,1907,0,98117,47.6793,-122.397,1570,5000
11368,11368,7212650990,20140721T000000,334950.0,4.0,2.5,2410,7846,2.0,0,0,3,8,2410,0,1992,0,98003,47.2641,-122.312,2380,7914
11369,11369,1245001659,20140821T000000,775000.0,3.0,2.5,1980,7807,2.0,0,0,4,9,1980,0,1989,0,98033,47.6884,-122.204,1590,7579
11370,11370,6071300550,20140822T000000,600000.0,4.0,2.5,2370,9135,1.0,0,0,4,8,1600,770,1967,0,98006,47.5564,-122.177,2050,9468
11371,11371,4083306620,20140728T000000,565000.0,3.0,1.75,1720,2218,1.5,0,0,3,7,1270,450,1931,2003,98103,47.649,-122.335,1130,1600
11372,11372,8122100392,20141028T000000,292500.0,2.0,1.0,750,5026,1.0,0,0,4,6,750,0,1942,0,98126,47.5368,-122.374,1260,5040
11373,11373,5418500800,20150429T000000,825000.0,3.0,2.25,2510,10418,1.0,0,0,3,8,1810,700,1968,0,98115,47.7003,-122.285,2510,9435
11374,11374,2421059036,20150415T000000,495000.0,3.0,2.5,2577,156816,2.0,0,0,3,8,2577,0,2000,0,98092,47.2935,-122.108,2090,156816
11375,11375,952000310,20140520T000000,525000.0,3.0,1.5,1540,4773,2.0,0,0,3,8,1540,0,1941,2009,98126,47.5678,-122.378,1540,5750
11376,11376,5694501195,20150511T000000,438600.0,1.0,1.0,720,2500,1.0,0,0,3,7,720,0,1910,0,98103,47.6597,-122.345,1520,3750
11377,11377,2872900390,20140814T000000,507000.0,3.0,2.25,1810,8158,1.0,0,0,3,8,1450,360,1984,0,98074,47.6258,-122.038,1740,9532
11378,11378,1502400140,20150429T000000,275900.0,3.0,1.75,1380,8400,1.0,0,0,3,7,1380,0,1967,0,98003,47.3117,-122.321,1540,8400
11379,11379,3860900003,20140617T000000,1170000.0,4.0,2.5,2570,6251,2.0,0,0,3,9,2570,0,2000,0,98004,47.593,-122.197,2570,9588
11380,11380,1180003435,20141209T000000,275000.0,4.0,1.75,1690,6000,1.0,0,0,3,7,1690,0,1957,0,98178,47.497,-122.227,1350,6000
11381,11381,6430000070,20141027T000000,355000.0,3.0,0.75,1420,3060,1.0,0,0,4,7,860,560,1923,0,98103,47.6872,-122.346,1350,4000
11382,11382,5530000030,20150126T000000,233000.0,4.0,2.0,2130,9579,1.0,0,0,4,7,1250,880,1968,0,98001,47.3069,-122.271,1590,9800
11383,11383,5700000465,20140904T000000,666000.0,3.0,2.5,3000,5000,1.5,0,0,4,7,2110,890,1918,0,98144,47.5781,-122.293,1970,5000
11384,11384,3211100570,20140811T000000,317500.0,4.0,2.5,2150,9000,1.0,0,0,4,7,1360,790,1979,0,98059,47.4785,-122.16,1620,8400
11385,11385,9536601331,20140722T000000,420000.0,4.0,2.0,2280,10319,1.0,0,3,4,8,1270,1010,1989,0,98198,47.3594,-122.322,2280,9767
11386,11386,985000955,20150312T000000,290000.0,4.0,2.0,1560,8800,2.0,0,0,5,6,1560,0,1942,1967,98168,47.4927,-122.312,1480,10000
11387,11387,323059208,20140603T000000,320000.0,3.0,2.0,1880,10758,1.0,0,0,5,6,940,940,1952,0,98059,47.5091,-122.144,2060,21000
11388,11388,4221270350,20150323T000000,650000.0,3.0,2.5,2320,5284,2.0,0,0,3,8,2320,0,2004,0,98075,47.591,-122.017,2320,4383
11389,11389,3768000030,20140714T000000,325000.0,3.0,1.75,1010,7171,1.0,0,0,4,7,1010,0,1967,0,98034,47.7317,-122.231,1250,7560
11390,11390,7211401610,20140820T000000,165000.0,3.0,1.0,1120,5000,1.0,0,0,3,6,1120,0,1917,0,98146,47.5109,-122.357,1050,5000
11391,11391,9542000340,20140807T000000,500000.0,3.0,1.75,1560,16194,1.0,0,0,3,8,1560,0,1961,0,98005,47.5966,-122.175,2430,16193
11392,11392,2426049078,20140716T000000,443000.0,4.0,1.5,1860,12197,1.0,0,0,3,7,1860,0,1964,0,98034,47.729,-122.235,1510,11761
11393,11393,5438000160,20140609T000000,213400.0,3.0,1.5,1150,8686,1.0,0,0,4,7,1150,0,1963,0,98055,47.4417,-122.194,1760,8798
11394,11394,259600890,20141002T000000,480000.0,4.0,1.75,1920,9380,1.0,0,0,3,7,1920,0,1964,0,98008,47.6344,-122.118,1580,8580
11395,11395,8732190200,20150115T000000,275000.0,4.0,2.25,2490,7233,1.0,0,0,3,8,1460,1030,1978,0,98023,47.3115,-122.396,2000,8000
11396,11396,3395040200,20140709T000000,299880.0,3.0,2.5,1460,3044,2.0,0,0,3,7,1460,0,2000,0,98108,47.544,-122.296,1490,3044
11397,11397,6362900171,20140527T000000,499950.0,3.0,3.5,1820,1501,2.0,0,0,3,8,1430,390,2014,0,98144,47.596,-122.298,1550,1501
11398,11398,2154500060,20141203T000000,1705000.0,5.0,3.0,4290,17100,1.0,0,3,3,9,2480,1810,1972,2007,98040,47.5473,-122.211,3550,16988
11399,11399,5706200370,20140806T000000,550000.0,4.0,2.75,2230,9460,1.0,0,0,5,7,1480,750,1960,0,98027,47.5246,-122.044,1760,10878
11400,11400,1402950240,20140602T000000,300000.0,4.0,2.5,2070,7476,2.0,0,0,3,8,2070,0,2003,0,98092,47.3352,-122.189,2430,5500
11401,11401,4141800030,20141014T000000,920000.0,3.0,1.75,2480,4000,1.0,0,0,3,8,1240,1240,1948,2014,98122,47.615,-122.288,2450,4000
11402,11402,3426049284,20140819T000000,2300000.0,4.0,3.25,4110,15929,2.0,1,4,3,12,2720,1390,2001,0,98115,47.6934,-122.271,2640,15929
11403,11403,3658700510,20140724T000000,620000.0,4.0,2.75,2290,3060,1.5,0,0,5,7,1550,740,1928,0,98115,47.6793,-122.316,1460,3060
11404,11404,2220069196,20140811T000000,253500.0,3.0,1.0,1220,20400,1.0,0,0,5,6,1220,0,1959,0,98022,47.2063,-122.023,1640,53578
11405,11405,5700004485,20140520T000000,978000.0,4.0,2.75,2620,13777,1.5,0,2,4,9,1720,900,1926,0,98144,47.58,-122.285,3530,9287
11406,11406,1328320350,20141202T000000,387500.0,4.0,2.5,3190,9856,2.0,0,0,3,8,3190,0,1979,0,98058,47.4445,-122.126,2260,7996
11407,11407,3432500310,20140624T000000,325000.0,3.0,1.0,850,6906,1.0,0,0,3,6,850,0,1948,0,98155,47.7441,-122.314,1150,6907
11408,11408,9274200318,20150410T000000,568000.0,3.0,2.5,1740,1308,3.0,0,0,3,8,1740,0,2008,0,98116,47.5892,-122.387,1740,1280
11409,11409,3034200550,20140922T000000,525000.0,4.0,2.5,2140,7754,2.0,0,0,3,8,2140,0,1996,0,98133,47.7173,-122.338,1690,7775
11410,11410,2078500350,20140604T000000,560000.0,3.0,2.5,2070,12708,2.0,0,0,3,8,2070,0,1996,0,98056,47.5295,-122.18,2620,9617
11411,11411,7203101290,20141020T000000,394000.0,3.0,2.5,1680,4075,2.0,0,0,3,7,1680,0,2008,0,98053,47.6964,-122.024,1710,4075
11412,11412,9287801455,20141028T000000,484950.0,2.0,1.0,1000,4956,1.0,0,2,4,7,1000,0,1916,0,98107,47.6753,-122.36,1830,4959
11413,11413,9472200060,20141105T000000,1295000.0,3.0,2.75,3340,12690,1.0,0,0,3,10,2550,790,1956,1988,98105,47.6665,-122.27,3340,9480
11414,11414,869700060,20140729T000000,315000.0,3.0,2.5,1260,2767,2.0,0,0,3,8,1260,0,1999,0,98059,47.4914,-122.155,1310,2767
11415,11415,4298100060,20140509T000000,590000.0,4.0,2.25,2430,32496,1.0,0,0,3,9,2430,0,1993,0,98077,47.7642,-122.048,2750,35506
11416,11416,7211402105,20141126T000000,106000.0,1.0,1.0,560,5700,1.0,0,0,3,5,560,0,1947,0,98146,47.511,-122.359,1120,5000
11417,11417,7135520260,20141118T000000,751000.0,3.0,2.5,3380,9528,2.0,0,0,3,10,3380,0,1994,0,98059,47.5275,-122.148,3630,14089
11418,11418,9222400565,20141017T000000,474000.0,2.0,1.0,1100,3500,1.0,0,0,5,7,1100,0,1908,0,98115,47.6741,-122.323,2050,4000
11419,11419,7116500125,20140528T000000,189000.0,2.0,2.0,1700,3171,1.0,0,0,5,5,850,850,1927,0,98002,47.3025,-122.224,1380,5906
11420,11420,7202290320,20141024T000000,440500.0,3.0,2.5,1600,3172,2.0,0,0,3,7,1600,0,2002,0,98053,47.6868,-122.042,1690,3698
11421,11421,9808630260,20150318T000000,1017000.0,3.0,2.5,2605,2216,2.0,0,2,4,9,2090,515,1979,0,98033,47.6529,-122.202,2605,1979
11422,11422,8682310310,20150511T000000,589000.0,2.0,2.0,1850,4667,1.0,0,0,3,8,1850,0,2010,0,98053,47.7101,-122.014,1860,6008
11423,11423,4137000700,20140829T000000,273000.0,3.0,2.25,1830,7651,2.0,0,0,3,8,1830,0,1986,0,98092,47.2642,-122.219,2160,8442
11424,11424,5119400075,20140620T000000,950000.0,3.0,3.25,3050,18892,1.0,1,4,4,8,1650,1400,1962,0,98198,47.3881,-122.326,1170,70973
11425,11425,8857100060,20141110T000000,277700.0,2.0,1.5,1240,1055,2.0,0,0,3,8,1200,40,1967,0,98008,47.6104,-122.112,1410,1340
11426,11426,3329510200,20141124T000000,299900.0,3.0,2.25,2100,8163,2.0,0,0,3,7,2100,0,1984,0,98001,47.3336,-122.269,1410,7515
11427,11427,7789200070,20140603T000000,235000.0,3.0,1.0,1250,15603,1.0,0,0,4,7,1250,0,1959,0,98056,47.5093,-122.172,1720,10220
11428,11428,6140600049,20150506T000000,464000.0,2.0,2.0,1230,4800,2.0,0,0,3,7,1230,0,1952,2004,98133,47.7145,-122.35,1560,7200
11429,11429,9324320030,20150317T000000,281000.0,3.0,1.75,1690,9826,1.0,0,0,4,7,1690,0,1988,0,98023,47.31399999999999,-122.365,1980,9826
11430,11430,2555900030,20141107T000000,320000.0,3.0,1.0,1520,8870,1.5,0,0,4,7,1520,0,1951,0,98155,47.7638,-122.317,1520,7800
11431,11431,8662500350,20140620T000000,282000.0,4.0,2.0,1890,6302,2.0,0,0,3,7,1890,0,1997,0,98030,47.3846,-122.205,1690,5369
11432,11432,7856601040,20150220T000000,745000.0,4.0,1.75,1990,8900,1.0,0,0,4,8,1990,0,1972,0,98006,47.5639,-122.149,2620,8925
11433,11433,109200390,20140820T000000,245000.0,3.0,1.75,1480,3900,1.0,0,0,4,7,1480,0,1980,0,98023,47.2977,-122.367,1830,6956
11434,11434,109200390,20141020T000000,250000.0,3.0,1.75,1480,3900,1.0,0,0,4,7,1480,0,1980,0,98023,47.2977,-122.367,1830,6956
11435,11435,6870300060,20140922T000000,470000.0,3.0,2.5,2120,2374,2.0,0,0,3,8,1770,350,2005,0,98052,47.674,-122.142,2480,3043
11436,11436,2734100732,20141015T000000,216650.0,3.0,3.5,1480,1077,2.0,0,0,3,7,1300,180,2007,0,98109,47.5421,-122.322,1140,2003
11437,11437,7201900370,20150505T000000,440000.0,3.0,1.0,1250,8412,1.0,0,0,4,7,1250,0,1975,0,98052,47.7012,-122.131,1840,8976
11438,11438,3904960700,20140613T000000,590000.0,4.0,2.5,2010,7972,2.0,0,0,4,8,2010,0,1989,0,98029,47.5782,-122.018,2100,8511
11439,11439,2225059240,20141028T000000,935000.0,5.0,2.5,3150,35283,1.0,0,0,3,10,1800,1350,1975,0,98005,47.6368,-122.157,3280,35283
11440,11440,4397650160,20140922T000000,848000.0,3.0,3.5,3010,5717,2.0,0,0,3,10,3010,0,2000,0,98007,47.5943,-122.15,2780,5138
11441,11441,3629860060,20150312T000000,827500.0,5.0,4.25,3920,5823,2.0,0,0,3,9,3000,920,2000,0,98029,47.5492,-122.008,3000,5297
11442,11442,4083305085,20140520T000000,1125000.0,6.0,3.0,2880,3192,2.0,0,0,4,8,2180,700,1919,0,98103,47.6506,-122.332,1870,4533
11443,11443,518500700,20140507T000000,630000.0,2.0,2.25,2550,5663,1.0,0,0,3,10,1720,830,2011,0,98056,47.5304,-122.202,2560,3828
11444,11444,3580900260,20140505T000000,340000.0,5.0,1.0,1120,9022,1.5,0,0,4,7,1120,0,1962,0,98034,47.7296,-122.24,1310,7500
11445,11445,1974300060,20140923T000000,570000.0,4.0,2.75,3140,10918,1.0,0,0,3,8,1900,1240,1968,1986,98034,47.7086,-122.243,3170,10918
11446,11446,624069035,20141209T000000,2750000.0,4.0,4.0,4130,5575,2.0,1,4,4,10,2860,1270,1993,0,98075,47.5968,-122.083,2980,5575
11447,11447,5152980070,20150102T000000,514500.0,4.0,2.5,2990,9614,1.0,0,2,4,9,1740,1250,1976,0,98003,47.3424,-122.329,3370,12085
11448,11448,2624039114,20150413T000000,360000.0,2.0,1.0,1120,12625,1.0,0,3,3,7,1120,0,1940,0,98136,47.5397,-122.385,1880,6828
11449,11449,4337000200,20141217T000000,228900.0,4.0,1.5,1570,8775,1.0,0,0,3,7,1570,0,1943,0,98166,47.4789,-122.335,980,8775
11450,11450,7203100550,20140625T000000,660000.0,3.0,2.75,2210,4000,2.0,0,0,3,8,2210,0,2008,0,98053,47.6954,-122.017,2230,4674
11451,11451,2782100260,20150303T000000,647000.0,4.0,2.5,2390,5800,2.0,0,0,3,9,2390,0,2000,0,98075,47.5965,-122.038,2590,6507
11452,11452,1737320060,20140610T000000,366000.0,3.0,1.75,1520,8625,1.0,0,0,3,8,1520,0,1976,0,98011,47.7687,-122.223,2080,9200
11453,11453,7972604001,20140718T000000,354000.0,5.0,1.75,1830,7986,1.0,0,0,4,7,1060,770,1962,0,98106,47.5208,-122.35,1410,7260
11454,11454,2719100240,20140519T000000,850000.0,4.0,3.5,2640,5900,2.0,0,2,3,8,2640,0,1937,1998,98136,47.5421,-122.383,1700,5900
11455,11455,3904990570,20140524T000000,496700.0,3.0,2.5,1740,5782,2.0,0,0,4,8,1740,0,1989,0,98029,47.5783,-122.001,2080,5782
11456,11456,7399000350,20141104T000000,300000.0,3.0,2.0,1550,8300,1.0,0,0,4,8,1550,0,1965,0,98055,47.4654,-122.195,1860,8000
11457,11457,6400700189,20141017T000000,390000.0,3.0,1.0,1040,8075,1.0,0,0,4,7,1040,0,1961,0,98033,47.6701,-122.176,1450,8075
11458,11458,4305200070,20140519T000000,350000.0,3.0,2.25,1640,7200,2.0,0,0,4,8,1640,0,1985,0,98007,47.5948,-122.153,1830,8372
11459,11459,4305200070,20140922T000000,561000.0,3.0,2.25,1640,7200,2.0,0,0,4,8,1640,0,1985,0,98007,47.5948,-122.153,1830,8372
11460,11460,2201500240,20140730T000000,475000.0,3.0,1.75,1260,10065,1.0,0,0,3,7,1260,0,1954,2014,98006,47.5727,-122.138,1320,10278
11461,11461,3277800729,20141016T000000,275000.0,3.0,1.5,1170,1174,2.0,0,0,3,7,840,330,2007,0,98126,47.5459,-122.376,1170,2537
11462,11462,2525310320,20141028T000000,290000.0,3.0,1.75,1590,13500,1.0,0,0,4,7,1090,500,1980,0,98038,47.3621,-122.031,1540,10375
11463,11463,2215901840,20150211T000000,199000.0,3.0,2.5,1750,6725,1.0,0,0,3,7,1330,420,1993,0,98038,47.352,-122.058,1670,7744
11464,11464,1796700160,20150324T000000,279900.0,4.0,2.5,1770,4338,2.0,0,0,3,7,1770,0,2001,0,98042,47.3672,-122.099,1770,6606
11465,11465,4218400671,20150505T000000,1655000.0,4.0,2.25,3530,5500,2.0,0,0,3,8,2860,670,1940,0,98105,47.6618,-122.273,2840,5500
11466,11466,6415100350,20150413T000000,405000.0,3.0,2.5,2160,10200,1.0,0,0,3,7,1360,800,1978,0,98133,47.7295,-122.331,2010,7850
11467,11467,7504020400,20150127T000000,615000.0,4.0,2.25,2360,15860,1.0,0,0,3,9,2360,0,1977,0,98074,47.6307,-122.051,2650,11798
11468,11468,8732190070,20141002T000000,268000.0,3.0,1.75,1980,12543,1.0,0,0,3,8,1180,800,1978,0,98023,47.3104,-122.394,2090,8539
11469,11469,2826049200,20140825T000000,451000.0,4.0,1.5,1620,5444,1.5,0,0,3,8,1620,0,1955,0,98125,47.7065,-122.297,1620,6912
11470,11470,8682292190,20141215T000000,850000.0,2.0,2.75,2700,9854,1.0,0,0,3,9,2700,0,2012,0,98053,47.7187,-122.024,1440,4168
11471,11471,2524049250,20140921T000000,1180000.0,5.0,2.25,3270,16553,2.0,0,2,5,9,2470,800,1968,0,98040,47.5428,-122.236,3690,17916
11472,11472,7972603385,20140516T000000,245000.0,2.0,1.0,870,6150,1.0,0,0,3,6,870,0,1941,0,98106,47.5256,-122.347,1120,6150
11473,11473,4454800060,20140626T000000,450000.0,2.0,1.75,840,3340,1.0,0,0,3,6,700,140,1912,0,98107,47.6692,-122.359,1700,3980
11474,11474,8910500226,20150409T000000,370350.0,3.0,3.5,1340,1168,2.0,0,2,3,8,1080,260,2002,0,98133,47.711000000000006,-122.356,1650,1378
11475,11475,1972202505,20140729T000000,543000.0,3.0,2.5,1540,1256,3.0,0,0,3,8,1540,0,2004,0,98103,47.6498,-122.346,1500,1350
11476,11476,6303400520,20150127T000000,265000.0,2.0,2.0,1650,8975,1.0,0,0,5,6,1650,0,1942,0,98146,47.5073,-122.36,1260,8668
11477,11477,7852020340,20150325T000000,497000.0,3.0,2.5,2630,4611,2.0,0,0,3,8,2630,0,2001,0,98065,47.5322,-121.868,2220,5250
11478,11478,3824100041,20150412T000000,419000.0,4.0,2.25,1880,9727,1.0,0,0,3,7,1100,780,1979,0,98028,47.7731,-122.257,1790,10274
11479,11479,3904990260,20140724T000000,545800.0,4.0,2.5,1980,4500,2.0,0,0,3,8,1980,0,1989,0,98029,47.57899999999999,-122.001,1770,4595
11480,11480,204000140,20150403T000000,403000.0,3.0,1.0,1500,10730,1.0,0,0,3,7,1000,500,1977,0,98053,47.6385,-121.966,1570,12210
11481,11481,6083000071,20141110T000000,195000.0,3.0,2.0,1230,8235,1.5,0,0,3,6,1230,0,1959,0,98168,47.4853,-122.304,1080,10281
11482,11482,6819100111,20141211T000000,1125000.0,4.0,2.5,2520,2600,2.0,0,0,5,8,1670,850,1925,0,98119,47.6434,-122.358,2290,3600
11483,11483,7806210400,20140929T000000,255000.0,5.0,1.75,1970,8925,1.0,0,0,5,7,1170,800,1977,0,98002,47.2925,-122.196,1910,8025
11484,11484,4375700055,20140627T000000,500000.0,2.0,1.5,1520,8040,1.0,0,0,5,7,1520,0,1951,0,98125,47.7131,-122.306,1440,8040
11485,11485,207500012,20140505T000000,855000.0,4.0,2.75,2600,5390,1.0,0,0,4,8,1300,1300,1960,0,98199,47.6382,-122.397,2550,5600
11486,11486,2731600045,20150107T000000,390000.0,4.0,2.0,2290,9200,1.5,0,0,3,7,2290,0,1920,0,98166,47.4678,-122.363,2140,9200
11487,11487,1953400570,20150324T000000,339000.0,3.0,2.0,1979,8470,1.0,0,2,4,7,1329,650,1956,0,98198,47.3912,-122.301,1650,8591
11488,11488,2883200139,20150306T000000,1325000.0,4.0,3.5,2170,3672,2.0,0,0,3,9,2170,0,1905,1989,98115,47.6828,-122.329,1950,3450
11489,11489,3345100251,20150217T000000,429900.0,4.0,1.5,1820,17918,1.0,0,0,4,8,1190,630,1962,0,98056,47.521,-122.179,1890,15241
11490,11490,1387301740,20140925T000000,370900.0,3.0,1.5,1200,8560,1.0,0,0,4,7,1200,0,1975,0,98011,47.7392,-122.194,1550,7800
11491,11491,3214200070,20150429T000000,457500.0,3.0,1.0,1210,7636,1.0,0,0,4,7,1210,0,1952,0,98118,47.5377,-122.266,1530,5900
11492,11492,1937300193,20150227T000000,499000.0,4.0,2.5,1970,2601,2.0,0,0,3,7,1440,530,1999,0,98144,47.5949,-122.308,1760,3025
11493,11493,2821049082,20150212T000000,225000.0,2.0,1.0,1040,11500,1.0,0,0,5,7,1040,0,1947,0,98003,47.2791,-122.3,1300,11954
11494,11494,2207500200,20140915T000000,615000.0,3.0,1.75,1920,4000,1.0,0,0,3,7,1070,850,1950,0,98102,47.6392,-122.318,2280,4000
11495,11495,9528104286,20150113T000000,455000.0,2.0,1.5,1020,1146,3.0,0,0,3,7,1020,0,2001,0,98115,47.6774,-122.325,1138,1156
11496,11496,8901001170,20140514T000000,458000.0,3.0,1.0,1660,7500,1.0,0,0,4,7,1060,600,1940,0,98125,47.7105,-122.306,1450,7500
11497,11497,3260200200,20141030T000000,580000.0,3.0,2.25,1670,7416,1.0,0,0,4,7,1220,450,1974,0,98005,47.6028,-122.172,1710,7416
11498,11498,1853080640,20140514T000000,966000.0,5.0,4.5,3810,8019,2.0,0,0,3,10,3810,0,2008,0,98074,47.5915,-122.058,3390,7713
11499,11499,986000045,20141007T000000,240000.0,4.0,1.75,2020,10332,1.0,0,0,3,7,1010,1010,1954,0,98168,47.5059,-122.303,2240,8379
11500,11500,4322200105,20150331T000000,229050.0,1.0,1.0,420,3298,1.0,0,0,4,4,420,0,1949,0,98136,47.5375,-122.391,1460,4975
11501,11501,1453600681,20150223T000000,328500.0,3.0,2.25,1390,1407,3.0,0,0,3,7,1390,0,2004,0,98125,47.7227,-122.296,1390,1628
11502,11502,3365900041,20150121T000000,319000.0,3.0,1.5,2010,10100,1.0,0,0,4,7,1110,900,1964,0,98168,47.4738,-122.266,1900,10100
11503,11503,9294300070,20140502T000000,650000.0,4.0,2.0,1820,5000,1.5,0,1,3,7,1640,180,1945,0,98115,47.6815,-122.269,2060,5000
11504,11504,5096300140,20150217T000000,398500.0,3.0,2.5,1630,1971,2.0,0,0,3,8,1630,0,1996,0,98177,47.7753,-122.375,1630,3451
11505,11505,985001275,20140620T000000,250000.0,1.0,1.0,800,16306,1.0,0,0,2,6,680,120,1931,0,98168,47.4916,-122.308,1270,8666
11506,11506,6669200370,20140626T000000,815000.0,3.0,2.0,2270,11989,1.0,0,0,4,9,2270,0,1968,0,98040,47.5434,-122.229,2880,12439
11507,11507,3885806840,20150316T000000,1065000.0,3.0,2.75,2290,5002,2.0,0,0,4,9,1950,340,1995,0,98033,47.6811,-122.207,2290,5100
11508,11508,2025079037,20141001T000000,510000.0,3.0,2.25,2750,219542,2.0,0,0,3,7,1870,880,1981,0,98014,47.6367,-121.948,2430,219542
11509,11509,3812400202,20141114T000000,156000.0,2.0,1.75,590,6138,1.0,0,0,2,5,590,0,1947,0,98118,47.545,-122.278,1360,7112
11510,11510,4136880140,20140522T000000,254500.0,4.0,2.75,2570,7264,2.0,0,0,3,8,1720,850,1998,0,98092,47.258,-122.208,2420,7911
11511,11511,258500059,20140721T000000,760000.0,3.0,2.5,2050,15020,1.0,0,2,3,9,1600,450,1960,0,98177,47.75899999999999,-122.371,2930,15050
11512,11512,8016250140,20150506T000000,210000.0,3.0,2.5,1610,6732,2.0,0,0,3,7,1610,0,1994,0,98030,47.3658,-122.172,1680,7414
11513,11513,5153100030,20140825T000000,349950.0,3.0,2.5,2140,7715,2.0,0,0,3,7,2140,0,1991,0,98198,47.38399999999999,-122.322,1990,7628
11514,11514,1377800135,20150402T000000,676000.0,3.0,2.0,1730,6784,2.5,0,0,4,7,1730,0,1942,0,98199,47.6462,-122.403,1210,6784
11515,11515,7549800045,20150102T000000,475000.0,4.0,3.5,2440,3052,2.0,0,0,3,8,1940,500,2006,0,98108,47.555,-122.309,2390,4600
11516,11516,3179101070,20140630T000000,880000.0,4.0,2.75,3220,4392,1.5,0,0,4,9,2320,900,1931,0,98105,47.6713,-122.276,2310,5795
11517,11517,629800520,20140903T000000,1209000.0,4.0,3.25,4330,26162,2.0,0,0,3,11,4330,0,1997,0,98074,47.6009,-122.011,5110,26319
11518,11518,7129302800,20141212T000000,420000.0,3.0,1.5,1780,5000,1.0,0,4,4,7,1030,750,1958,0,98118,47.5168,-122.256,1780,7500
11519,11519,2450000320,20140523T000000,607000.0,3.0,1.0,1230,8114,1.0,0,0,4,7,1230,0,1951,0,98004,47.5822,-122.196,2220,8114
11520,11520,6804600990,20141124T000000,475000.0,4.0,1.75,2160,19283,2.0,0,0,3,8,2160,0,1981,0,98011,47.7603,-122.169,1990,9744
11521,11521,3389900800,20141022T000000,395000.0,2.0,1.75,1400,2500,1.0,0,0,5,7,710,690,1916,0,98116,47.5628,-122.391,1250,5700
11522,11522,524059208,20150220T000000,650000.0,4.0,1.75,1900,10454,1.0,0,0,4,7,1180,720,1954,0,98004,47.5933,-122.195,2060,11325
11523,11523,1523069128,20150331T000000,625000.0,5.0,2.75,2910,85377,1.0,0,0,4,8,1510,1400,1966,0,98027,47.48,-122.03,2160,66120
11524,11524,5701700640,20140729T000000,849000.0,3.0,3.0,2960,42159,2.0,0,0,3,10,2960,0,1995,0,98052,47.7183,-122.1,2640,25209
11525,11525,4077800247,20140610T000000,429950.0,3.0,1.5,2010,9480,1.0,0,0,3,8,1570,440,1951,0,98125,47.7102,-122.281,1920,8791
11526,11526,3629860160,20141028T000000,825000.0,3.0,2.5,3760,5260,2.0,0,0,3,9,3230,530,2002,0,98029,47.5489,-122.007,3080,5312
11527,11527,2877102180,20140829T000000,505000.0,2.0,1.0,1020,5000,1.0,0,0,4,7,1020,0,1916,0,98117,47.6781,-122.363,1480,5000
11528,11528,7203101610,20140512T000000,265000.0,2.0,1.0,1290,2828,2.0,0,0,3,7,1290,0,2008,0,98053,47.6968,-122.025,1290,2628
11529,11529,3342100685,20140625T000000,283000.0,3.0,1.0,890,8400,1.0,0,0,4,6,890,0,1954,0,98056,47.5168,-122.204,1850,5565
11530,11530,3575301550,20150407T000000,560000.0,3.0,2.75,1620,7500,1.0,0,0,5,7,1140,480,1979,0,98074,47.6175,-122.065,1900,7500
11531,11531,1829300260,20141113T000000,765000.0,4.0,2.5,3360,13636,2.0,0,0,3,10,3360,0,1987,0,98074,47.6373,-122.042,2980,10615
11532,11532,6071000030,20140722T000000,610000.0,5.0,2.75,2930,31411,1.0,0,0,4,9,1520,1410,1975,0,98006,47.5576,-122.186,3070,12378
11533,11533,4099100260,20140903T000000,589000.0,3.0,2.5,2940,4799,1.0,0,0,3,9,1710,1230,1996,0,98033,47.6681,-122.184,2540,4616
11534,11534,3365900520,20140618T000000,192500.0,3.0,1.0,1080,8580,1.5,0,0,3,6,1080,0,1900,0,98168,47.4716,-122.262,1800,12672
11535,11535,8964800890,20150109T000000,3200000.0,3.0,3.25,4560,13363,1.0,0,4,3,11,2760,1800,1995,0,98004,47.6205,-122.214,4060,13362
11536,11536,7977200055,20150213T000000,550000.0,3.0,1.0,1010,6120,1.0,0,0,3,7,860,150,1940,0,98115,47.6861,-122.296,1930,6120
11537,11537,7589700106,20141014T000000,460000.0,2.0,1.5,1790,3760,1.5,0,0,4,8,1280,510,1928,0,98117,47.6871,-122.373,1540,5080
11538,11538,9324300030,20140703T000000,264500.0,4.0,2.25,2060,11385,1.0,0,0,4,7,1200,860,1962,0,98023,47.31399999999999,-122.363,2110,11385
11539,11539,5347200070,20150427T000000,339000.0,3.0,1.0,1150,2496,1.0,0,0,3,6,1010,140,1947,0,98126,47.5194,-122.376,1340,1203
11540,11540,2771600550,20141112T000000,950000.0,4.0,3.5,4030,4200,3.0,0,0,3,9,4030,0,1992,0,98199,47.6416,-122.386,2130,5000
11541,11541,5456000135,20140822T000000,677500.0,3.0,1.75,2020,9718,1.0,0,0,3,8,2020,0,1956,0,98040,47.574,-122.21,2370,8604
11542,11542,629811360,20141205T000000,690000.0,4.0,2.5,2740,8120,2.0,0,0,3,9,2740,0,1999,0,98074,47.6123,-122.006,2780,8344
11543,11543,1354600160,20140509T000000,312000.0,4.0,2.25,1930,7452,1.0,0,0,3,7,1430,500,1984,0,98031,47.4098,-122.189,1714,7200
11544,11544,8566100160,20141022T000000,840000.0,5.0,1.75,2500,11617,1.0,0,0,4,9,1560,940,1966,0,98040,47.5361,-122.217,3370,11617
11545,11545,5104520550,20140701T000000,357500.0,3.0,3.5,2080,5100,2.0,0,0,3,8,2080,0,2004,0,98038,47.35,-122.005,2080,5100
11546,11546,2819100140,20150427T000000,675000.0,3.0,1.5,1460,6480,1.0,0,2,4,7,980,480,1940,0,98117,47.6962,-122.397,2180,6912
11547,11547,7298020140,20141021T000000,515000.0,3.0,2.75,3290,11441,2.0,0,0,4,10,3290,0,1988,0,98023,47.3052,-122.34,2600,12070
11548,11548,8929000140,20140623T000000,491234.0,4.0,2.5,1540,1860,2.0,0,0,3,8,1540,0,2014,0,98029,47.5521,-121.999,1210,1090
11549,11549,9407600070,20150319T000000,290000.0,3.0,2.0,1310,6265,1.0,0,0,3,7,1310,0,1988,0,98038,47.3893,-122.051,1100,6360
11550,11550,2896000510,20140821T000000,490000.0,4.0,2.5,2120,7820,1.0,0,0,3,8,1280,840,1975,0,98052,47.6743,-122.145,2350,8605
11551,11551,1938000140,20150428T000000,810000.0,4.0,2.0,2920,10424,1.0,0,0,5,8,1520,1400,1964,0,98005,47.5876,-122.172,2360,10696
11552,11552,4331000400,20150220T000000,252000.0,3.0,1.5,1150,13200,1.0,0,0,3,7,1150,0,1956,0,98166,47.4752,-122.345,1220,13066
11553,11553,4031700030,20150410T000000,299999.0,3.0,2.5,2380,9719,2.0,0,0,3,8,2380,0,2001,0,98001,47.2932,-122.283,2830,11505
11554,11554,1722800860,20150309T000000,400000.0,3.0,2.75,2220,5000,2.0,0,0,3,7,2220,0,1993,0,98108,47.5515,-122.324,960,5000
11555,11555,2491200955,20141229T000000,530000.0,5.0,2.0,3020,6000,1.5,0,0,5,7,1860,1160,1925,0,98126,47.5207,-122.378,1380,6000
11556,11556,2013802030,20140911T000000,357000.0,3.0,2.0,2460,53882,1.0,1,4,3,7,2460,0,1955,0,98198,47.3811,-122.325,2660,32625
11557,11557,1923300135,20150310T000000,365000.0,3.0,1.75,1820,5555,1.0,0,0,4,7,1030,790,1939,0,98103,47.6867,-122.352,1420,4000
11558,11558,2391600335,20150203T000000,804000.0,4.0,2.5,2620,5060,2.0,0,0,3,9,2620,0,2005,0,98116,47.5634,-122.394,900,5060
11559,11559,2425039017,20140904T000000,808250.0,3.0,2.0,1750,2640,1.0,0,0,3,8,1010,740,1914,2005,98119,47.6419,-122.368,1750,4560
11560,11560,6752600320,20150514T000000,360000.0,4.0,2.5,2020,7289,2.0,0,0,3,7,2020,0,1994,0,98031,47.401,-122.171,2090,7259
11561,11561,193300140,20141023T000000,240000.0,3.0,1.75,1240,10956,1.0,0,0,3,6,1240,0,1987,0,98042,47.3705,-122.15,1240,8137
11562,11562,5651010320,20140722T000000,335000.0,2.0,2.0,1380,5840,1.0,0,0,3,7,1380,0,1988,0,98011,47.7732,-122.172,1810,5035
11563,11563,243000045,20140829T000000,380000.0,3.0,1.75,1920,8775,1.0,0,0,3,7,1920,0,1953,0,98166,47.4544,-122.351,1560,8100
11564,11564,1558100398,20140515T000000,350000.0,3.0,1.75,1680,250470,1.0,0,0,4,7,1070,610,1940,0,98019,47.7624,-121.93,1680,360000
11565,11565,4204400339,20140925T000000,194000.0,3.0,1.0,1400,7955,1.0,0,0,3,7,1400,0,1964,0,98055,47.4848,-122.221,1160,14959
11566,11566,9567800140,20150325T000000,310000.0,3.0,1.0,1240,7194,1.0,0,0,3,6,1090,150,1936,0,98011,47.7636,-122.202,2090,8514
11567,11567,4046500140,20150209T000000,315000.0,3.0,1.75,1410,15134,1.0,0,0,3,7,1410,0,1980,0,98014,47.6931,-121.921,1770,15337
11568,11568,2115510160,20141208T000000,258950.0,3.0,1.75,1440,8050,1.0,0,0,3,8,1440,0,1985,0,98023,47.3187,-122.39,1790,7488
11569,11569,9828702518,20140617T000000,479000.0,2.0,2.25,1230,932,2.0,0,0,3,8,1020,210,2004,0,98112,47.6192,-122.301,1230,1064
11570,11570,3888100117,20141110T000000,510000.0,5.0,1.5,1550,9750,1.0,0,0,4,7,1550,0,1966,0,98033,47.6811,-122.169,1970,9750
11571,11571,1775900140,20140709T000000,400000.0,3.0,2.0,1760,6875,1.0,0,0,4,8,1760,0,1967,0,98072,47.74,-122.093,1670,13650
11572,11572,6645950070,20150401T000000,1450000.0,4.0,3.5,5000,38012,2.0,0,0,3,11,3610,1390,2004,0,98029,47.554,-122.036,3850,18054
11573,11573,6840701160,20141029T000000,680000.0,5.0,2.0,2140,5000,1.5,0,0,4,7,2020,120,1913,0,98122,47.6044,-122.299,1810,4400
11574,11574,1336800240,20140508T000000,1750000.0,6.0,3.0,3510,5760,2.5,0,0,4,10,3510,0,1906,0,98112,47.6263,-122.312,3450,5760
11575,11575,3830200140,20140804T000000,335000.0,3.0,1.75,2010,9417,1.0,0,0,4,8,1500,510,1967,0,98030,47.373000000000005,-122.185,1200,8250
11576,11576,2473510260,20140623T000000,460000.0,5.0,2.5,3390,9760,1.0,0,0,5,8,1750,1640,1978,0,98058,47.4462,-122.137,2360,9600
11577,11577,5056500260,20140502T000000,440000.0,4.0,2.25,2160,8119,1.0,0,0,3,8,1080,1080,1966,0,98006,47.5443,-122.177,1850,9000
11578,11578,8682280260,20150326T000000,412250.0,2.0,2.0,1300,2983,1.0,0,0,3,8,1300,0,2006,0,98053,47.703,-122.015,1510,3876
11579,11579,7338000800,20141120T000000,185000.0,3.0,1.5,1280,4031,2.0,0,0,4,6,1280,0,1985,0,98002,47.3342,-122.215,1150,4500
11580,11580,3260701160,20150407T000000,286500.0,3.0,2.0,1840,8140,1.0,0,0,4,7,1040,800,1975,0,98003,47.3106,-122.325,1600,6720
11581,11581,3793500510,20150502T000000,422000.0,4.0,2.5,3200,6691,2.0,0,0,3,7,3200,0,2002,0,98038,47.367,-122.031,2610,6510
11582,11582,9485950340,20150319T000000,408000.0,3.0,2.25,2800,35362,2.0,0,0,3,9,2800,0,1985,0,98042,47.3507,-122.089,2800,37058
11583,11583,2011400662,20141027T000000,306500.0,2.0,1.0,1390,19988,1.0,0,2,4,7,1390,0,1949,0,98198,47.3985,-122.321,2580,10490
11584,11584,6699940320,20150413T000000,359900.0,4.0,2.5,2600,5188,2.0,0,0,3,8,2600,0,2005,0,98038,47.3451,-122.04,2610,5188
11585,11585,6134500070,20140709T000000,560000.0,3.0,2.5,1960,6058,2.0,0,0,3,8,1960,0,2002,0,98053,47.6319,-122.007,2480,6656
11586,11586,8807810890,20140827T000000,259875.0,3.0,1.0,1250,21303,1.0,0,0,3,6,1250,0,1970,0,98053,47.6625,-122.059,1250,17920
11587,11587,8807810890,20141105T000000,385000.0,3.0,1.0,1250,21303,1.0,0,0,3,6,1250,0,1970,0,98053,47.6625,-122.059,1250,17920
11588,11588,6453300055,20141007T000000,188000.0,1.0,1.0,550,16345,1.0,0,0,3,4,550,0,1945,0,98106,47.5181,-122.339,1100,9240
11589,11589,1118001820,20140615T000000,1142000.0,4.0,3.25,2500,5801,1.5,0,0,3,8,1960,540,1926,0,98112,47.632,-122.29,3670,7350
11590,11590,8570900023,20141010T000000,255000.0,3.0,1.0,1250,10094,1.0,0,0,4,6,1250,0,1927,0,98045,47.4987,-121.781,1300,10094
11591,11591,629000510,20140730T000000,1185000.0,4.0,2.75,3020,8622,2.0,0,0,3,9,3020,0,1976,2003,98004,47.5866,-122.201,3060,14303
11592,11592,2028701000,20140529T000000,635200.0,4.0,1.75,1640,4240,1.0,0,0,5,7,920,720,1921,0,98117,47.6766,-122.368,1300,4240
11593,11593,7147400045,20150428T000000,355000.0,3.0,1.75,1870,8250,2.0,0,0,3,7,1870,0,1956,1979,98188,47.445,-122.285,1350,8714
11594,11594,3180100023,20150130T000000,544000.0,3.0,2.5,1760,1755,3.5,0,0,3,8,1760,0,1998,0,98105,47.6688,-122.279,1700,1721
11595,11595,1032000079,20150422T000000,402000.0,3.0,1.5,1320,3145,2.0,0,0,3,7,1320,0,1998,0,98144,47.5909,-122.297,1320,3002
11596,11596,7010700860,20141226T000000,575000.0,4.0,1.5,1430,4163,1.5,0,0,3,7,1430,0,1910,0,98199,47.6606,-122.397,1500,4000
11597,11597,5547500070,20140724T000000,216000.0,3.0,1.75,1580,9705,1.0,0,0,4,7,1580,0,1977,0,98042,47.3819,-122.09,1580,9942
11598,11598,7237501040,20140617T000000,1200000.0,4.0,3.5,4170,9748,2.0,0,0,3,11,4170,0,2004,0,98059,47.528,-122.132,4560,10589
11599,11599,7284900030,20140522T000000,850000.0,4.0,3.25,3090,6744,2.0,0,4,3,9,3090,0,1923,2015,98177,47.768,-122.388,2020,6656
11600,11600,3277801646,20140516T000000,238000.0,3.0,2.0,1020,1204,2.0,0,0,3,7,720,300,2004,0,98126,47.5445,-122.376,1360,1506
11601,11601,8722101370,20150413T000000,625000.0,4.0,1.75,2180,4431,1.5,0,0,3,8,2020,160,1912,0,98112,47.636,-122.302,1890,4400
11602,11602,2436200200,20140701T000000,1110000.0,5.0,3.25,3350,4000,2.0,0,0,4,8,2510,840,1997,0,98105,47.6645,-122.291,1620,4000
11603,11603,2716600273,20140528T000000,820000.0,3.0,2.5,2510,5503,2.0,0,2,3,9,2510,0,1995,0,98136,47.5419,-122.383,1790,6099
11604,11604,1795700030,20141201T000000,355000.0,3.0,2.5,1880,5290,1.0,0,0,3,8,1250,630,1974,0,98108,47.5401,-122.3,2030,5092
11605,11605,9421500160,20150303T000000,495000.0,4.0,1.5,1810,7998,1.0,0,0,3,8,1210,600,1960,0,98125,47.726000000000006,-122.297,1830,7763
11606,11606,4139910030,20150302T000000,1300000.0,5.0,2.5,4170,33310,2.0,0,0,4,11,4170,0,1991,0,98006,47.5455,-122.126,4670,37960
11607,11607,3080000030,20140505T000000,398750.0,3.0,2.5,2230,4000,2.0,0,0,3,7,2230,0,1954,0,98144,47.5801,-122.306,1310,4000
11608,11608,2568200070,20140716T000000,835000.0,4.0,2.5,3650,7784,2.0,0,0,3,9,3650,0,2006,0,98052,47.7066,-122.101,3150,6442
11609,11609,1546600565,20141002T000000,705000.0,6.0,2.75,2830,10579,1.0,0,0,4,8,1430,1400,1967,0,98005,47.636,-122.171,2060,10745
11610,11610,9187200045,20150504T000000,625000.0,4.0,1.5,2120,5000,2.0,0,0,4,8,2120,0,1900,0,98122,47.6024,-122.296,1830,5000
11611,11611,8078450340,20150211T000000,550000.0,4.0,2.5,2090,6926,2.0,0,0,3,8,2090,0,1990,0,98074,47.6339,-122.022,2000,7151
11612,11612,9297301535,20140529T000000,540000.0,3.0,1.5,2600,5085,1.0,0,0,4,7,1400,1200,1940,0,98126,47.5659,-122.376,1320,4000
11613,11613,6431000196,20140604T000000,519000.0,2.0,1.0,830,2820,1.0,0,0,4,7,830,0,1920,0,98103,47.68899999999999,-122.347,1460,3150
11614,11614,9406520260,20150128T000000,311000.0,4.0,2.5,1975,8734,2.0,0,0,3,7,1975,0,1996,0,98038,47.363,-122.034,1975,8538
11615,11615,9510900140,20150406T000000,305000.0,4.0,2.5,1900,7000,1.0,0,0,2,7,1420,480,1968,0,98023,47.3092,-122.376,1600,7600
11616,11616,7932600140,20140703T000000,395000.0,4.0,2.75,2640,35070,1.5,0,0,3,8,2640,0,1963,0,98058,47.4242,-122.181,2520,34986
11617,11617,7864500140,20141107T000000,275000.0,4.0,1.5,1610,6923,1.0,0,0,3,6,1010,600,1969,0,98198,47.3747,-122.306,1320,7684
11618,11618,3629960550,20140807T000000,450000.0,3.0,3.25,1770,1863,2.0,0,0,3,8,1430,340,2003,0,98029,47.5478,-122.005,1410,1375
11619,11619,2239000016,20140911T000000,324000.0,2.0,1.0,1070,6000,1.0,0,0,3,7,1070,0,1955,0,98133,47.7307,-122.332,1490,7622
11620,11620,1069000070,20150415T000000,2795000.0,5.0,3.25,4590,12793,2.0,0,2,5,11,3590,1000,1928,0,98199,47.6453,-122.41,2920,8609
11621,11621,1972201550,20140716T000000,565000.0,4.0,1.0,1540,2452,1.5,0,0,4,7,1540,0,1906,0,98103,47.6522,-122.348,1290,3360
11622,11622,5469000140,20140707T000000,373000.0,4.0,1.75,1590,7920,2.0,0,0,4,7,1590,0,1960,0,98133,47.7456,-122.336,1720,7998
11623,11623,7871500685,20140708T000000,613000.0,2.0,2.0,1170,1890,1.5,0,1,4,8,1170,0,1927,0,98119,47.6402,-122.371,2160,4000
11624,11624,7214820200,20141107T000000,614000.0,4.0,2.25,2880,9996,1.0,0,0,4,8,1920,960,1981,0,98072,47.7584,-122.143,2410,10584
11625,11625,6072300800,20150505T000000,595000.0,4.0,1.75,2510,8989,1.0,0,0,4,8,1680,830,1964,0,98006,47.5569,-122.172,2510,8931
11626,11626,6817801040,20140821T000000,440000.0,2.0,1.0,1280,12086,1.0,0,0,3,7,850,430,1983,0,98074,47.63399999999999,-122.033,1280,10452
11627,11627,6117500160,20150317T000000,425000.0,3.0,1.5,1570,12412,1.0,0,3,3,8,1570,0,1954,0,98166,47.438,-122.349,2130,12412
11628,11628,5100401516,20140925T000000,407000.0,2.0,1.0,740,6380,1.0,0,0,3,6,740,0,1912,0,98115,47.6929,-122.318,1800,6380
11629,11629,6751100125,20140825T000000,472000.0,3.0,1.5,1740,9038,1.0,0,0,4,7,1740,0,1955,0,98007,47.5897,-122.136,1390,9770
11630,11630,2771602420,20140617T000000,472000.0,3.0,2.5,1180,1262,3.0,0,0,3,8,1180,0,2010,0,98119,47.6381,-122.375,1180,2632
11631,11631,3585900045,20141022T000000,1250000.0,5.0,2.75,2960,28300,1.0,0,3,4,9,2160,800,1959,0,98177,47.7606,-122.37,2940,23250
11632,11632,2492200055,20140708T000000,412000.0,3.0,1.75,1880,5752,1.0,0,0,4,7,940,940,1945,0,98126,47.5354,-122.378,1110,5201
11633,11633,461004730,20150406T000000,717000.0,3.0,1.0,1150,5000,1.0,0,0,3,8,1150,0,1959,2015,98117,47.6805,-122.369,1160,5000
11634,11634,4038000055,20140812T000000,425000.0,3.0,1.0,1320,7076,1.0,0,0,4,7,1320,0,1959,0,98008,47.6131,-122.123,1510,9000
11635,11635,4338800685,20140819T000000,299999.0,4.0,2.0,1640,7200,1.0,0,0,5,6,820,820,1944,0,98166,47.4791,-122.347,1640,8200
11636,11636,2215901230,20150507T000000,254000.0,3.0,2.0,1470,7694,1.0,0,0,4,7,1470,0,1992,0,98038,47.3539,-122.054,1580,7480
11637,11637,2730000270,20150212T000000,178500.0,3.0,1.0,900,10511,1.0,0,0,4,6,900,0,1961,0,98001,47.2883,-122.272,1460,10643
11638,11638,2397100560,20141121T000000,800000.0,3.0,1.75,1510,3600,1.0,0,0,5,8,1230,280,1910,0,98119,47.6387,-122.363,1300,3600
11639,11639,5100403754,20140911T000000,420000.0,3.0,1.0,1440,5623,1.0,0,0,4,6,720,720,1922,0,98115,47.696000000000005,-122.319,1280,5623
11640,11640,5634500891,20150312T000000,319900.0,2.0,1.0,1380,9251,1.0,0,0,3,7,1380,0,1940,0,98028,47.7486,-122.249,1870,12158
11641,11641,3834000004,20150302T000000,350000.0,2.0,1.5,1150,7552,1.0,0,1,3,7,1150,0,1944,0,98125,47.7298,-122.286,1910,8145
11642,11642,5569700075,20140528T000000,968000.0,6.0,2.75,3610,17580,1.0,0,4,5,9,2070,1540,1959,0,98075,47.5739,-122.069,2890,14060
11643,11643,476000338,20150225T000000,491000.0,3.0,2.0,1250,1306,3.0,0,0,3,7,1250,0,2000,0,98107,47.6705,-122.39,1320,1306
11644,11644,3299610260,20150421T000000,948000.0,3.0,2.5,3510,9824,2.0,0,0,3,9,3510,0,2002,0,98075,47.5635,-122.032,3510,10588
11645,11645,4441300075,20140924T000000,900000.0,3.0,2.5,2260,9577,2.0,0,0,3,8,1700,560,1925,2004,98117,47.6928,-122.399,1740,10240
11646,11646,1796200140,20150309T000000,270000.0,3.0,1.75,2840,9800,1.0,0,0,4,7,1420,1420,1977,0,98042,47.3516,-122.119,1650,9590
11647,11647,5029451230,20140617T000000,198000.0,3.0,1.5,1430,7347,1.0,0,0,3,7,820,610,1980,0,98023,47.2927,-122.369,1430,8723
11648,11648,2523039282,20141121T000000,250000.0,2.0,1.0,1420,21158,1.0,0,0,3,7,1420,0,1953,0,98166,47.4594,-122.359,1220,8625
11649,11649,3629971290,20140730T000000,615000.0,4.0,2.5,2120,3720,2.0,0,0,3,8,2120,0,2004,0,98029,47.5526,-121.994,2170,3720
11650,11650,8078350520,20140916T000000,550000.0,3.0,2.5,2080,7749,2.0,0,0,3,8,2080,0,1988,0,98029,47.5723,-122.021,2210,7471
11651,11651,3395380200,20141017T000000,190000.0,2.0,2.5,1370,3438,2.0,0,0,3,7,1370,0,1987,0,98188,47.4606,-122.283,1370,2308
11652,11652,1687910200,20141007T000000,629000.0,4.0,2.25,1900,11171,1.0,0,0,3,8,1280,620,1984,0,98006,47.56100000000001,-122.126,2330,9934
11653,11653,3818700016,20141007T000000,434000.0,3.0,1.75,1660,8301,1.0,0,0,5,7,1660,0,1955,0,98028,47.7647,-122.263,1660,9489
11654,11654,9842300036,20141008T000000,415885.0,3.0,1.0,1310,4163,1.0,0,0,4,7,1310,0,1964,0,98126,47.5301,-122.381,1120,4166
11655,11655,4206901550,20140602T000000,550000.0,3.0,2.5,1840,3035,1.0,0,0,3,7,920,920,1926,0,98105,47.6557,-122.327,1780,4000
11656,11656,3878900681,20150121T000000,272000.0,1.0,0.75,1040,6034,1.0,0,1,3,7,580,460,1991,0,98178,47.5078,-122.251,1560,5650
11657,11657,2195700270,20140627T000000,665000.0,3.0,2.5,2610,35000,2.0,0,0,3,10,2610,0,1988,0,98072,47.7377,-122.101,3060,35427
11658,11658,2824059128,20141009T000000,510000.0,3.0,2.0,1990,7405,1.0,0,0,5,7,1990,0,1971,0,98006,47.5421,-122.172,2120,6462
11659,11659,7635801370,20140904T000000,530000.0,3.0,2.0,3080,17700,1.0,0,0,4,8,1740,1340,1965,0,98166,47.4695,-122.366,2100,15100
11660,11660,1775910270,20141020T000000,355000.0,3.0,1.0,1200,16000,1.0,0,0,3,7,1200,0,1970,0,98072,47.7452,-122.101,1960,15500
11661,11661,5245400030,20150223T000000,255000.0,4.0,1.0,1250,9102,1.0,0,0,3,7,1250,0,1955,0,98148,47.4258,-122.327,1260,9180
11662,11662,2600400030,20140724T000000,790000.0,4.0,2.75,2640,9000,2.0,0,0,3,10,2640,0,1990,0,98052,47.6481,-122.125,2980,9137
11663,11663,3860900111,20141202T000000,695000.0,5.0,1.75,1790,9335,2.0,0,0,5,8,1790,0,1952,0,98004,47.5945,-122.201,1840,9612
11664,11664,9558800030,20141107T000000,255000.0,2.0,2.0,1140,8400,1.0,0,0,2,7,1140,0,1954,0,98148,47.4351,-122.335,1130,9375
11665,11665,255000270,20140723T000000,410000.0,3.0,2.25,1790,5794,1.5,0,0,3,7,1380,410,1985,0,98072,47.7477,-122.171,2140,7769
11666,11666,3526039074,20140625T000000,650000.0,4.0,2.75,1910,16532,1.0,0,0,4,7,1420,490,1940,0,98117,47.6952,-122.39,2300,8250
11667,11667,4083304355,20150318T000000,675000.0,4.0,1.75,1530,3615,1.5,0,0,4,7,1530,0,1913,0,98103,47.6529,-122.334,1650,4200
11668,11668,6840701610,20140701T000000,332888.0,2.0,2.5,1050,1029,2.0,0,0,3,8,950,100,2007,0,98122,47.6018,-122.299,1350,3600
11669,11669,2212200270,20150220T000000,300000.0,3.0,1.75,1730,6900,1.0,0,0,4,7,1130,600,1976,0,98031,47.3915,-122.188,1950,7200
11670,11670,2203500140,20140801T000000,320000.0,4.0,1.5,1100,11824,1.0,0,0,4,7,1100,0,1954,0,98006,47.5704,-122.141,1380,11796
11671,11671,9353301070,20150508T000000,342500.0,5.0,2.25,2100,10726,1.0,0,0,4,7,1050,1050,1963,0,98059,47.4922,-122.134,2100,10726
11672,11672,1326059185,20150320T000000,752875.0,4.0,2.5,2800,72309,2.0,0,0,3,9,2800,0,1992,0,98072,47.7432,-122.112,2280,36420
11673,11673,46100350,20140630T000000,1730000.0,5.0,3.5,5000,26540,2.0,0,3,3,10,3410,1590,2008,0,98040,47.5665,-122.21,3360,17398
11674,11674,7987400316,20140814T000000,255000.0,1.0,0.5,880,1642,1.0,0,0,3,6,500,380,1910,0,98126,47.5732,-122.372,1410,2992
11675,11675,3971702325,20141103T000000,244000.0,3.0,2.5,1470,9337,2.0,0,0,3,7,1470,0,1991,0,98155,47.7651,-122.323,1360,8684
11676,11676,7419500200,20150401T000000,1420000.0,5.0,3.25,3950,11438,2.0,0,2,3,10,3430,520,2006,0,98033,47.6898,-122.189,2070,10751
11677,11677,923049468,20141110T000000,218000.0,3.0,1.0,980,12812,1.0,0,0,3,7,980,0,1956,0,98168,47.4892,-122.306,1430,8986
11678,11678,5589300435,20141203T000000,359000.0,4.0,1.0,2180,10617,1.5,0,0,3,7,2180,0,1950,0,98155,47.7522,-122.307,1360,9519
11679,11679,3303990030,20141027T000000,840000.0,4.0,2.75,3040,13559,2.0,0,0,3,11,3040,0,2003,0,98059,47.522,-122.149,3830,12202
11680,11680,2926069083,20140507T000000,900000.0,5.0,3.75,4130,226076,2.0,0,0,3,9,3170,960,1985,0,98077,47.715,-122.065,4130,55321
11681,11681,3622059157,20141009T000000,205000.0,4.0,1.75,1850,65340,1.5,0,0,4,7,1850,0,1972,0,98042,47.3468,-122.11,1750,40946
11682,11682,5466350160,20150121T000000,205000.0,3.0,2.5,1600,7295,2.0,0,0,2,7,1600,0,1993,0,98042,47.3904,-122.165,1410,9000
11683,11683,4174600262,20150408T000000,500000.0,2.0,1.5,2070,5432,2.0,0,0,3,7,1370,700,1951,0,98108,47.5571,-122.299,2070,5505
11684,11684,9477940390,20150109T000000,510000.0,4.0,2.5,3180,5405,2.0,0,0,3,7,3180,0,2001,0,98059,47.4905,-122.14,2610,5403
11685,11685,1126069045,20140620T000000,1135000.0,6.0,4.25,6900,244716,2.0,0,0,4,9,4820,2080,2002,0,98077,47.7506,-122.012,4170,266587
11686,11686,6096500105,20150430T000000,1545000.0,4.0,2.25,2640,3000,2.0,0,0,3,7,2080,560,1908,0,98109,47.6313,-122.344,1910,3000
11687,11687,2923069037,20140721T000000,210000.0,3.0,1.5,1920,61014,1.0,0,0,3,6,1920,0,1953,0,98038,47.4446,-122.074,1616,61014
11688,11688,5649300160,20141209T000000,597500.0,3.0,1.75,2030,32565,1.0,0,0,3,8,1600,430,1981,0,98052,47.7112,-122.098,2910,34190
11689,11689,3121059036,20141029T000000,400000.0,2.0,1.0,1140,101529,1.5,0,0,3,6,1140,0,1932,0,98092,47.2592,-122.228,1580,101529
11690,11690,6136900045,20140821T000000,412000.0,3.0,1.0,1660,6992,1.0,0,0,5,7,1260,400,1952,0,98155,47.7576,-122.318,1390,7359
11691,11691,2426039247,20150325T000000,299950.0,2.0,1.5,1390,1756,3.0,0,0,3,7,1390,0,2005,0,98133,47.7274,-122.357,1340,1756
11692,11692,8818400340,20150423T000000,1081000.0,4.0,3.0,2490,4325,1.5,0,0,3,8,1690,800,1922,2003,98105,47.6628,-122.326,1960,4284
11693,11693,7429000240,20141118T000000,422500.0,4.0,2.5,2550,8824,2.0,0,0,3,9,2550,0,1990,0,98031,47.3979,-122.212,2630,11237
11694,11694,3888100030,20140714T000000,410000.0,3.0,2.0,1270,10227,1.0,0,0,4,6,1270,0,1968,0,98033,47.6876,-122.168,1470,9750
11695,11695,5699000070,20140528T000000,1400000.0,4.0,3.25,2980,7000,2.0,0,3,3,10,2140,840,1900,2014,98144,47.5933,-122.292,2200,4800
11696,11696,8731982470,20140715T000000,245000.0,3.0,2.0,1470,8000,1.0,0,0,4,8,1470,0,1974,0,98023,47.3191,-122.385,1980,8000
11697,11697,6899990200,20140702T000000,720000.0,4.0,3.0,3550,12327,1.5,0,0,4,10,2180,1370,1990,0,98011,47.7533,-122.205,3170,12937
11698,11698,4154300505,20141024T000000,315000.0,2.0,1.0,780,7200,1.0,0,0,2,6,780,0,1935,0,98118,47.5609,-122.279,1750,7200
11699,11699,9268710140,20150224T000000,191950.0,2.0,2.5,1390,1302,2.0,0,0,3,7,1390,0,1987,0,98003,47.3081,-122.329,1390,2052
11700,11700,9290860140,20140923T000000,455000.0,4.0,2.5,2440,5001,2.0,0,0,3,8,2440,0,2005,0,98056,47.5108,-122.193,2260,5001
11701,11701,5708500270,20140516T000000,523000.0,3.0,1.5,1260,3135,1.5,0,0,3,8,1260,0,1931,0,98116,47.5755,-122.388,1700,4180
11702,11702,16000200,20141024T000000,250000.0,3.0,2.25,1640,4420,2.0,0,0,4,7,1640,0,1918,1983,98002,47.31100000000001,-122.21,1230,6632
11703,11703,1352300520,20150113T000000,294000.0,3.0,3.0,1670,4120,1.5,0,0,3,7,1140,530,1929,2012,98055,47.4881,-122.199,1010,4120
11704,11704,5207200160,20141010T000000,490000.0,3.0,2.25,2380,6000,1.0,0,0,3,8,2040,340,1961,0,98115,47.6955,-122.275,1680,7200
11705,11705,9284800844,20140916T000000,310000.0,4.0,1.0,1030,5750,1.0,0,0,3,7,1030,0,1971,0,98126,47.553,-122.37,1250,5750
11706,11706,5602000105,20140721T000000,265000.0,3.0,1.5,1560,10489,1.0,0,0,5,7,1560,0,1961,0,98022,47.2048,-121.999,1400,10489
11707,11707,3585220340,20140811T000000,402000.0,4.0,1.75,1640,10500,1.0,0,0,4,7,1010,630,1968,0,98052,47.6933,-122.116,1680,7650
11708,11708,220069083,20140509T000000,705000.0,2.0,2.5,2200,188200,1.0,0,3,3,8,2200,0,2007,0,98022,47.2458,-122.002,2700,84942
11709,11709,5104531290,20141124T000000,589450.0,4.0,2.5,3190,7941,2.0,0,0,3,10,3190,0,2005,0,98038,47.353,-122.002,3190,7255
11710,11710,8125200273,20141223T000000,219950.0,3.0,1.5,1200,8404,1.0,0,0,3,7,1200,0,1964,0,98188,47.4482,-122.269,2120,12000
11711,11711,3176600105,20140813T000000,750000.0,3.0,2.25,2250,5301,2.0,0,0,4,8,1510,740,1975,0,98115,47.6741,-122.271,2240,7200
11712,11712,6821101275,20140821T000000,478000.0,2.0,1.75,1960,6000,1.0,0,0,4,7,980,980,1904,0,98199,47.6531,-122.401,1650,6000
11713,11713,5379802090,20140714T000000,170000.0,3.0,1.0,1250,7015,1.0,0,0,3,7,1250,0,1958,0,98188,47.4548,-122.29,1510,11460
11714,11714,3211240320,20140612T000000,489950.0,4.0,2.25,2640,31941,1.0,0,0,4,9,2640,0,1986,0,98092,47.3099,-122.116,2780,35365
11715,11715,486000520,20140606T000000,1370000.0,2.0,2.25,2460,16940,1.5,0,4,4,9,1930,530,1936,0,98117,47.6792,-122.404,2260,6851
11716,11716,705710640,20150302T000000,319950.0,3.0,2.5,1700,7000,2.0,0,0,3,7,1700,0,1996,0,98038,47.3798,-122.025,1950,7000
11717,11717,2185000685,20141124T000000,208417.0,2.0,1.0,840,4200,1.0,0,0,3,5,840,0,1938,0,98108,47.5292,-122.316,830,5000
11718,11718,7518502030,20141117T000000,410000.0,4.0,2.0,1900,5100,1.0,0,0,3,6,950,950,1914,1973,98117,47.6767,-122.38,1230,5100
11719,11719,4078300024,20140725T000000,590000.0,4.0,2.75,2160,4205,1.0,0,3,3,7,1080,1080,1969,0,98125,47.7081,-122.276,2450,6014
11720,11720,6071400710,20150429T000000,648000.0,3.0,1.75,1610,10229,1.0,0,0,5,8,1610,0,1961,0,98006,47.553,-122.174,2270,8800
11721,11721,4136950200,20140627T000000,255000.0,3.0,2.5,1720,6194,2.0,0,0,3,8,1720,0,1998,0,98092,47.2624,-122.221,1720,6211
11722,11722,9527300200,20140825T000000,465000.0,4.0,2.75,2190,3267,2.0,0,0,3,8,2190,0,2004,0,98072,47.7751,-122.168,2190,3619
11723,11723,6071000310,20150128T000000,622000.0,4.0,1.75,3020,10714,1.0,0,0,5,8,1510,1510,1958,0,98006,47.56,-122.181,2230,14400
11724,11724,9183702220,20140915T000000,306000.0,3.0,1.75,1980,9800,1.0,0,0,3,7,1980,0,1991,0,98030,47.3745,-122.224,1630,7650
11725,11725,369000045,20141010T000000,617000.0,3.0,2.5,1880,5500,2.0,0,0,4,7,1880,0,1947,2007,98199,47.657,-122.393,1230,5500
11726,11726,2826049117,20140528T000000,438750.0,3.0,1.75,1610,6480,1.0,0,0,4,7,1610,0,1947,0,98125,47.7137,-122.307,1230,8040
11727,11727,811000055,20140925T000000,1280000.0,4.0,3.0,3260,4500,2.0,0,0,3,9,2300,960,1930,2014,98109,47.6314,-122.353,2410,4995
11728,11728,7154200070,20141124T000000,995000.0,5.0,3.25,3970,8029,2.0,0,2,3,9,2970,1000,1979,0,98177,47.7764,-122.385,2520,8214
11729,11729,2303900045,20140623T000000,1580000.0,4.0,2.5,4570,74487,2.0,0,4,5,12,4570,0,1948,1985,98177,47.7282,-122.372,3810,74487
11730,11730,1254200045,20150422T000000,635000.0,5.0,2.75,2620,5500,1.5,0,0,3,7,1710,910,1911,0,98117,47.6806,-122.388,1790,5500
11731,11731,8731730710,20140728T000000,215000.0,3.0,1.0,1180,9000,1.0,0,0,4,7,1180,0,1970,0,98031,47.39,-122.166,1290,8316
11732,11732,9528104109,20141027T000000,530000.0,3.0,2.5,1365,1090,3.0,0,0,3,7,1315,50,2003,0,98115,47.6776,-122.324,1360,1124
11733,11733,3298700012,20150320T000000,295000.0,2.0,1.0,720,4125,1.0,0,0,4,6,720,0,1943,0,98106,47.5245,-122.354,1000,6100
11734,11734,7967700570,20150302T000000,245000.0,3.0,2.25,1350,6775,1.0,0,0,3,7,930,420,1981,0,98032,47.3593,-122.289,1460,7210
11735,11735,1402200140,20150105T000000,400000.0,6.0,2.5,3060,17112,1.0,0,0,4,8,1530,1530,1967,0,98058,47.4379,-122.146,2690,16038
11736,11736,3797300140,20140721T000000,303000.0,3.0,2.75,1850,8820,2.0,0,0,4,8,1850,0,1993,0,98022,47.1928,-122.01,1850,8651
11737,11737,2481200140,20141015T000000,330000.0,3.0,1.75,1320,9675,1.5,0,0,4,7,1320,0,1970,0,98024,47.5695,-121.902,1160,9675
11738,11738,3582900310,20150304T000000,700000.0,3.0,1.75,1990,13000,2.0,0,3,3,9,1990,0,1980,0,98028,47.7439,-122.262,2880,11340
11739,11739,1352300990,20140826T000000,126000.0,1.0,1.0,610,4400,1.0,0,0,3,5,610,0,1922,0,98055,47.4865,-122.197,1090,4930
11740,11740,1525059074,20140723T000000,850000.0,4.0,1.0,2500,35802,1.5,0,0,3,7,2500,0,1955,0,98005,47.6488,-122.153,2880,40510
11741,11741,3876000710,20141218T000000,405000.0,3.0,2.0,1440,7425,1.0,0,0,4,7,1440,0,1965,0,98034,47.7243,-122.185,1800,8344
11742,11742,1994200260,20140819T000000,869900.0,6.0,4.5,2750,4400,2.0,0,0,3,8,1770,980,1987,0,98103,47.6883,-122.335,1860,4400
11743,11743,1121000058,20150331T000000,485000.0,3.0,1.75,1790,6775,1.0,0,2,3,8,1790,0,1951,0,98126,47.5412,-122.377,1310,6028
11744,11744,1407300012,20150128T000000,400000.0,2.0,2.0,1050,1173,2.0,0,0,3,8,720,330,2004,0,98122,47.6181,-122.302,1340,1317
11745,11745,1565930070,20140911T000000,299950.0,3.0,2.5,1780,4650,2.0,0,0,3,7,1780,0,2011,0,98038,47.386,-122.047,3050,3848
11746,11746,3574900030,20150327T000000,585000.0,4.0,2.5,2200,9099,2.0,0,0,3,8,2200,0,1994,0,98034,47.733,-122.225,2270,8900
11747,11747,5100401441,20150506T000000,495000.0,4.0,2.0,1720,5413,2.0,0,0,3,7,1470,250,1938,1980,98115,47.6929,-122.321,1510,5413
11748,11748,3629940160,20150311T000000,2200000.0,5.0,4.5,5840,17168,2.0,0,0,3,12,4570,1270,2006,0,98029,47.5457,-121.991,4850,15017
11749,11749,7715800390,20141110T000000,447000.0,3.0,2.25,1520,14080,2.0,0,0,3,7,1520,0,1984,0,98074,47.6273,-122.059,1530,9758
11750,11750,1682000160,20150417T000000,206000.0,3.0,1.0,1320,9239,1.0,0,0,4,7,1320,0,1968,0,98092,47.312,-122.183,1320,8415
11751,11751,952007055,20141021T000000,500000.0,3.0,1.0,1070,4600,1.0,0,0,3,7,950,120,1930,0,98116,47.5627,-122.383,1090,4600
11752,11752,3790700070,20141121T000000,302500.0,4.0,2.5,1990,5511,2.0,0,0,3,8,1990,0,1994,0,98030,47.3585,-122.191,1850,6031
11753,11753,3134100023,20141125T000000,1250000.0,4.0,4.25,4980,13000,2.0,0,3,3,9,3080,1900,1982,0,98052,47.6406,-122.101,2840,11308
11754,11754,1862400292,20140723T000000,391000.0,2.0,1.0,890,5423,1.0,0,0,3,6,890,0,1946,0,98117,47.6966,-122.368,1690,5993
11755,11755,4123800270,20140710T000000,250000.0,3.0,2.0,1440,5457,2.0,0,0,3,7,1440,0,1986,0,98038,47.3784,-122.046,1480,6286
11756,11756,3448700070,20140723T000000,435000.0,4.0,2.5,2440,5350,2.0,0,0,3,7,2440,0,2003,0,98059,47.4891,-122.149,2440,5090
11757,11757,9133600135,20150211T000000,160000.0,4.0,2.25,1800,14722,1.0,0,0,3,7,1440,360,1962,0,98055,47.4874,-122.223,2400,10000
11758,11758,6163901913,20140722T000000,451000.0,5.0,3.0,2260,6508,1.0,0,0,3,7,1330,930,2003,0,98155,47.7508,-122.322,1940,9450
11759,11759,1446403305,20140505T000000,206000.0,2.0,1.0,810,7158,1.0,0,0,5,6,810,0,1944,0,98168,47.4882,-122.325,1090,7158
11760,11760,59000445,20140923T000000,590000.0,4.0,2.75,2240,5400,2.0,0,0,4,7,1540,700,1940,0,98116,47.5785,-122.402,1830,5000
11761,11761,7510700030,20140515T000000,695000.0,3.0,2.5,4560,17622,2.0,0,0,4,9,3800,760,1986,0,98074,47.621,-122.03,2360,15000
11762,11762,1722059222,20141120T000000,350000.0,3.0,1.5,1550,40752,1.0,0,0,5,7,1550,0,1954,0,98031,47.394,-122.202,1550,8000
11763,11763,8127700132,20150326T000000,1236300.0,5.0,3.5,3180,4628,2.0,0,0,3,10,2420,760,2001,0,98199,47.6423,-122.394,2060,4640
11764,11764,1774000030,20150330T000000,395000.0,6.0,2.25,2950,11200,1.0,0,0,4,7,1700,1250,1970,0,98072,47.7476,-122.087,1790,11200
11765,11765,4058800135,20150405T000000,419000.0,5.0,3.0,2190,9652,2.0,0,0,3,7,2190,0,1999,0,98178,47.5049,-122.239,1440,6710
11766,11766,8682281600,20140708T000000,592350.0,2.0,2.0,1570,4665,1.0,0,0,3,8,1570,0,2006,0,98053,47.709,-122.017,2165,6262
11767,11767,8562740520,20140806T000000,855000.0,5.0,3.25,3420,5669,2.0,0,0,3,9,2620,800,2003,0,98027,47.5366,-122.067,3310,6006
11768,11768,3982700125,20141230T000000,771000.0,4.0,2.5,2420,7200,2.0,0,0,3,9,2420,0,1991,0,98033,47.6893,-122.197,2650,7800
11769,11769,1120069036,20141218T000000,325000.0,3.0,2.25,1570,43350,1.0,0,3,4,7,1570,0,1967,0,98022,47.2377,-122.016,1570,220849
11770,11770,3592500800,20141018T000000,1850000.0,5.0,3.25,3680,6060,2.0,0,0,5,9,2630,1050,1925,0,98112,47.6341,-122.304,3050,5850
11771,11771,7905200310,20140729T000000,545000.0,4.0,1.75,1910,6731,1.0,0,0,4,7,1210,700,1953,0,98116,47.5693,-122.391,1780,6350
11772,11772,7577700136,20150226T000000,615000.0,3.0,1.75,1780,5175,1.0,0,0,4,7,990,790,1927,0,98116,47.5696,-122.386,1780,5175
11773,11773,2629600016,20150410T000000,625500.0,2.0,1.0,2160,7439,1.0,0,0,4,6,1300,860,1953,0,98115,47.6981,-122.286,1680,7439
11774,11774,9262800002,20140708T000000,232000.0,3.0,1.5,1460,15000,1.0,0,0,3,7,1460,0,1966,0,98001,47.3182,-122.271,1510,15000
11775,11775,2892700041,20140714T000000,168000.0,3.0,1.5,1370,7439,1.0,0,0,4,6,1370,0,1963,0,98055,47.4499,-122.189,2350,3370
11776,11776,2892700041,20150128T000000,238000.0,3.0,1.5,1370,7439,1.0,0,0,4,6,1370,0,1963,0,98055,47.4499,-122.189,2350,3370
11777,11777,4136950070,20150414T000000,260000.0,3.0,2.5,1500,7401,2.0,0,0,3,8,1500,0,1998,0,98092,47.2625,-122.221,1720,7171
11778,11778,2354300550,20150302T000000,460000.0,3.0,1.75,1210,7500,1.0,0,0,3,7,1210,0,1951,0,98027,47.5294,-122.033,1250,6000
11779,11779,7740100260,20140825T000000,900000.0,3.0,2.5,2850,11535,1.0,0,1,3,8,1680,1170,1952,2008,98155,47.748000000000005,-122.288,2670,9942
11780,11780,6163901352,20141021T000000,289950.0,3.0,1.0,1090,8280,1.0,0,0,3,6,1090,0,1947,2006,98155,47.7562,-122.318,1060,7609
11781,11781,2025700200,20150220T000000,265000.0,3.0,1.75,1450,5858,1.0,0,0,4,7,1450,0,1991,0,98038,47.3482,-122.037,1520,6573
11782,11782,1775801090,20140530T000000,465000.0,4.0,2.25,1820,20349,1.0,0,0,5,8,1340,480,1977,0,98072,47.7415,-122.096,1270,12800
11783,11783,1138000070,20141113T000000,370000.0,3.0,1.5,1320,7201,1.0,0,0,3,7,1320,0,1971,0,98034,47.7126,-122.211,1380,7201
11784,11784,1823049046,20140806T000000,240000.0,2.0,1.5,1670,9880,1.0,0,0,4,7,1670,0,1941,1963,98146,47.4864,-122.348,1670,9807
11785,11785,7227801580,20140917T000000,232000.0,4.0,2.0,1440,5911,1.0,0,0,5,5,1440,0,1943,0,98056,47.5072,-122.181,1500,11089
11786,11786,4364700875,20140729T000000,237502.0,3.0,1.0,980,7560,1.0,0,0,3,7,980,0,1951,0,98126,47.5256,-122.375,1300,7560
11787,11787,8127700390,20141215T000000,1280000.0,4.0,3.5,4340,5500,2.0,0,0,3,10,2850,1490,2008,0,98199,47.6427,-122.397,1290,5500
11788,11788,9560500105,20150424T000000,957000.0,4.0,2.25,2860,11545,1.0,0,0,4,8,1430,1430,1966,0,98005,47.588,-122.168,2190,11396
11789,11789,8651411420,20150305T000000,218000.0,3.0,1.5,1140,4875,1.0,0,0,5,6,1140,0,1970,0,98042,47.3684,-122.08,980,5070
11790,11790,1274500240,20140820T000000,205000.0,3.0,1.5,1120,8366,1.0,0,0,3,7,1120,0,1968,0,98042,47.3632,-122.11,1260,9000
11791,11791,3278602190,20140611T000000,350000.0,3.0,3.25,1460,1592,2.0,0,0,3,8,1130,330,2006,0,98126,47.5481,-122.374,1560,1701
11792,11792,873900240,20140702T000000,256000.0,4.0,2.5,2050,5787,2.0,0,0,3,7,2050,0,2002,0,98198,47.3527,-122.315,2030,6615
11793,11793,3834000520,20140730T000000,275000.0,3.0,1.0,1250,7654,1.0,0,0,3,7,1000,250,1952,0,98125,47.7289,-122.291,1310,7350
11794,11794,4224100030,20150403T000000,372000.0,4.0,2.5,2520,9604,2.0,0,0,3,9,2520,0,1990,0,98031,47.3893,-122.216,2540,9793
11795,11795,5710500060,20150319T000000,688888.0,3.0,3.25,2580,9825,1.5,0,1,4,9,1760,820,1978,0,98027,47.5314,-122.054,2140,10270
11796,11796,203101370,20140630T000000,170000.0,2.0,1.0,1200,24792,2.0,0,0,2,7,1200,0,1976,0,98053,47.6337,-121.961,2150,24792
11797,11797,4039300140,20140625T000000,530000.0,5.0,2.25,2140,7910,1.0,0,0,3,7,1070,1070,1962,0,98007,47.6071,-122.137,1680,8700
11798,11798,3629920990,20140623T000000,905000.0,4.0,3.25,3440,7661,2.0,0,0,3,11,3440,0,2006,0,98029,47.5429,-121.995,3580,6478
11799,11799,6882510060,20140825T000000,365000.0,4.0,2.5,1800,5070,1.0,0,0,5,7,1080,720,1979,0,98118,47.5303,-122.28,1870,5365
11800,11800,2597150270,20150406T000000,312000.0,4.0,2.5,1790,10584,1.0,0,0,4,7,1290,500,1981,0,98031,47.4061,-122.188,1730,9120
11801,11801,4365200445,20140822T000000,400000.0,2.0,1.75,1250,7680,1.0,0,0,3,7,1250,0,1922,1968,98126,47.5242,-122.371,1250,7680
11802,11802,6145601819,20140912T000000,278750.0,2.0,2.0,800,5765,1.0,0,0,4,6,800,0,1936,0,98133,47.7024,-122.346,1160,3844
11803,11803,3447000030,20150401T000000,510000.0,3.0,2.0,1410,11995,1.0,0,0,4,8,1410,0,1965,0,98006,47.5718,-122.127,2690,12650
11804,11804,4442800162,20150414T000000,527700.0,2.0,2.25,1330,806,3.0,0,0,3,8,1330,0,2009,0,98117,47.6904,-122.395,1320,1389
11805,11805,1698900075,20150415T000000,740000.0,4.0,2.75,2890,4000,1.5,0,0,4,9,2190,700,1931,0,98109,47.6419,-122.351,2280,4000
11806,11806,9432750070,20140808T000000,512000.0,4.0,2.5,2550,17209,2.0,0,0,3,9,2550,0,1996,0,98059,47.4836,-122.136,2840,12560
11807,11807,3204850140,20141112T000000,362000.0,5.0,2.5,2880,8216,2.0,0,0,3,8,2880,0,2001,0,98030,47.3747,-122.185,1960,7200
11808,11808,1446401550,20150206T000000,225000.0,3.0,1.0,660,6600,1.0,0,0,4,5,660,0,1940,0,98168,47.4842,-122.33,1320,6600
11809,11809,3904901840,20140630T000000,491500.0,3.0,2.25,1470,4322,2.0,0,0,3,7,1470,0,1985,0,98029,47.5672,-122.018,1610,4322
11810,11810,3299200075,20150204T000000,429950.0,4.0,1.75,1700,10230,1.0,0,0,3,8,1320,380,1959,0,98133,47.7453,-122.351,2000,8006
11811,11811,2206500550,20141117T000000,375000.0,3.0,1.0,1040,9800,1.0,0,0,4,7,1040,0,1955,0,98006,47.5765,-122.155,1280,8880
11812,11812,2112700370,20140813T000000,199400.0,2.0,1.0,880,4000,1.0,0,0,4,6,880,0,1916,0,98106,47.5331,-122.352,1430,4000
11813,11813,4397010350,20150126T000000,364900.0,4.0,2.5,2490,9346,2.0,0,2,3,9,2490,0,1996,0,98042,47.3831,-122.147,2650,9454
11814,11814,4364700885,20140912T000000,324950.0,3.0,1.5,1210,7560,1.0,0,0,3,7,1210,0,1941,0,98126,47.5255,-122.374,980,7560
11815,11815,1498301672,20150330T000000,467000.0,5.0,2.0,2080,4000,1.0,0,0,4,6,1040,1040,1909,0,98144,47.5858,-122.308,1940,6000
11816,11816,3992700326,20140822T000000,380000.0,3.0,1.0,1380,5400,1.0,0,0,4,7,1380,0,1954,0,98125,47.7134,-122.288,1190,6075
11817,11817,5438000060,20141103T000000,250000.0,3.0,2.25,1620,10850,1.0,0,0,3,7,1620,0,1966,0,98055,47.4437,-122.194,1910,10568
11818,11818,9550200370,20140520T000000,700000.0,4.0,1.0,1680,4021,1.5,0,0,3,7,1680,0,1921,0,98103,47.6663,-122.332,1710,4021
11819,11819,3977630270,20141113T000000,206990.0,3.0,1.0,1330,9620,1.0,0,0,5,6,1330,0,1976,0,98092,47.3174,-122.127,1300,10360
11820,11820,475001000,20150406T000000,670000.0,3.0,1.75,1730,3400,1.0,0,0,5,7,970,760,1928,0,98107,47.6662,-122.364,1640,5000
11821,11821,3426059050,20140520T000000,315000.0,2.0,1.0,790,6969,1.0,0,0,3,6,790,0,1955,1984,98052,47.6978,-122.164,1380,12196
11822,11822,4137000070,20150410T000000,319950.0,3.0,2.5,2240,7500,2.0,0,0,3,8,2240,0,1985,0,98092,47.265,-122.22,2190,7506
11823,11823,2759500105,20140730T000000,419000.0,3.0,1.5,1500,8272,1.0,0,0,4,7,1500,0,1958,0,98177,47.7741,-122.38,1630,8270
11824,11824,4137010310,20140822T000000,205000.0,3.0,2.0,1800,11419,1.0,0,0,3,8,1800,0,1989,0,98092,47.2623,-122.217,2220,11406
11825,11825,5616000030,20141023T000000,335000.0,4.0,2.5,1980,4745,2.0,0,0,3,7,1980,0,2004,0,98038,47.3495,-122.04,1980,4878
11826,11826,9266700295,20141024T000000,397000.0,3.0,1.75,1340,5100,1.0,0,0,3,7,1340,0,1953,0,98103,47.694,-122.348,1550,5100
11827,11827,9828200187,20150429T000000,370000.0,2.0,1.0,750,2020,1.0,0,0,3,7,750,0,1908,1995,98122,47.6175,-122.301,1630,2383
11828,11828,6061400160,20140918T000000,330000.0,4.0,2.25,1790,9920,1.0,0,0,4,7,1170,620,1969,0,98059,47.5126,-122.149,1990,9648
11829,11829,4139420640,20141030T000000,1785000.0,4.0,3.5,5490,14300,1.0,0,4,3,12,2910,2580,1996,0,98006,47.5511,-122.114,4290,13822
11830,11830,4022900197,20140808T000000,399000.0,3.0,2.0,1940,16300,1.0,0,0,3,7,1140,800,1978,0,98155,47.774,-122.283,1940,11250
11831,11831,3221069035,20140620T000000,400000.0,4.0,1.75,2670,189486,2.0,0,4,3,8,2670,0,1972,0,98092,47.2585,-122.061,2190,218610
11832,11832,2591730200,20140717T000000,249900.0,3.0,2.0,1220,6404,1.0,0,0,3,7,1220,0,1994,0,98038,47.3523,-122.059,1570,7000
11833,11833,9165100260,20140513T000000,717000.0,3.0,1.5,1310,3880,1.0,0,0,3,7,1090,220,1956,0,98117,47.6821,-122.392,1570,3880
11834,11834,5201810060,20140807T000000,319000.0,4.0,2.5,1930,8336,2.0,0,0,3,8,1930,0,1995,0,98031,47.4016,-122.166,2280,7959
11835,11835,5499200060,20150403T000000,635000.0,4.0,3.0,2100,3800,2.0,0,0,3,8,2100,0,1972,0,98115,47.6807,-122.291,1320,3800
11836,11836,1568100060,20140910T000000,355000.0,3.0,1.0,1180,7573,1.0,0,0,4,7,1180,0,1977,0,98155,47.7372,-122.294,1320,7573
11837,11837,4139910160,20150401T000000,1600000.0,5.0,3.25,4320,32840,2.0,0,0,3,12,4320,0,1990,0,98006,47.5461,-122.122,4410,33210
11838,11838,6743700060,20140714T000000,585000.0,4.0,1.75,3140,12519,1.0,0,0,3,7,2320,820,1951,1983,98033,47.6941,-122.173,2240,7308
11839,11839,7258200060,20141229T000000,320000.0,3.0,2.0,2320,7800,1.0,0,0,4,7,1160,1160,1960,0,98168,47.5141,-122.316,1380,7800
11840,11840,5127000810,20140514T000000,305495.0,3.0,1.75,2110,10200,2.0,0,0,4,7,2110,0,1966,0,98059,47.4744,-122.154,1800,10200
11841,11841,2011400520,20140619T000000,240000.0,4.0,2.0,1790,14690,1.0,0,1,4,7,1670,120,1960,0,98198,47.3965,-122.321,2440,10664
11842,11842,1953400510,20140623T000000,199950.0,5.0,2.5,1740,8750,1.0,0,0,4,7,1740,0,1959,0,98198,47.3904,-122.299,1740,8750
11843,11843,2450500060,20140826T000000,1620000.0,4.0,3.25,3820,8114,2.0,0,0,3,10,3820,0,2005,0,98004,47.5837,-122.194,2440,9195
11844,11844,2623039082,20150218T000000,770000.0,3.0,3.5,2050,21744,2.0,1,4,4,9,1750,300,1930,0,98166,47.4536,-122.376,2300,12200
11845,11845,3204400030,20140702T000000,255000.0,4.0,2.25,1680,3179,2.0,0,0,3,8,1680,0,2002,0,98092,47.3258,-122.186,1678,3590
11846,11846,2473370890,20140915T000000,289000.0,4.0,2.25,1930,8925,1.0,0,0,4,8,1930,0,1974,0,98058,47.4501,-122.128,1930,8400
11847,11847,3343901401,20140718T000000,494500.0,4.0,3.0,3760,8804,2.0,0,0,3,8,2470,1290,2002,0,98056,47.5161,-122.191,1960,7225
11848,11848,4376700030,20140604T000000,746000.0,3.0,2.25,2370,9619,1.0,0,0,4,8,1650,720,1973,0,98052,47.6366,-122.099,1960,9712
11849,11849,1072000400,20141023T000000,385000.0,4.0,3.0,2120,13000,2.0,0,0,4,8,2120,0,1978,0,98059,47.4745,-122.141,2180,11440
11850,11850,2193330030,20141118T000000,688100.0,4.0,2.5,2370,10513,2.0,0,0,4,8,2370,0,1987,0,98052,47.6915,-122.099,2110,9540
11851,11851,4083300070,20140512T000000,870300.0,4.0,2.5,2350,3150,1.5,0,0,4,8,1690,660,1910,0,98103,47.6605,-122.335,1750,3150
11852,11852,2241700075,20141022T000000,310000.0,3.0,1.0,1180,8474,1.5,0,0,3,7,1180,0,1956,0,98155,47.7416,-122.327,1180,7200
11853,11853,9250900111,20150312T000000,500000.0,3.0,2.5,2270,5654,2.0,0,0,3,8,2270,0,1999,0,98133,47.7733,-122.351,1770,7840
11854,11854,9412700160,20140814T000000,255000.0,3.0,2.25,1830,7770,1.0,0,0,4,7,1400,430,1977,0,98042,47.3925,-122.161,1960,7272
11855,11855,1118001360,20150218T000000,1475000.0,3.0,2.75,3910,7080,1.0,0,0,5,9,1970,1940,1949,0,98112,47.6324,-122.289,3480,7370
11856,11856,4383500030,20140924T000000,154500.0,3.0,1.0,890,9465,1.0,0,0,3,6,890,0,1957,0,98148,47.4388,-122.328,1590,9147
11857,11857,2558630060,20140530T000000,425000.0,3.0,2.25,1820,8058,1.0,0,0,3,7,1260,560,1974,0,98034,47.7241,-122.168,1850,7384
11858,11858,1150000400,20140721T000000,700000.0,4.0,2.5,2440,7491,2.0,0,0,4,10,2440,0,1988,0,98029,47.56100000000001,-122.019,2490,8580
11859,11859,5244801275,20141121T000000,410500.0,2.0,1.0,1110,3943,1.0,0,0,5,6,740,370,1916,0,98109,47.6436,-122.352,1590,4311
11860,11860,1839920160,20140714T000000,432000.0,3.0,2.0,1870,7080,1.0,0,0,4,7,1210,660,1969,0,98034,47.7244,-122.179,1620,8000
11861,11861,9834200030,20150414T000000,530000.0,3.0,1.5,1240,4080,1.5,0,0,3,8,1240,0,1914,0,98144,47.5745,-122.291,1420,4080
11862,11862,3288200710,20140527T000000,465000.0,3.0,2.0,1560,8640,1.0,0,0,5,7,1560,0,1967,0,98034,47.7294,-122.186,1970,8625
11863,11863,3904980320,20140923T000000,498688.0,3.0,2.5,1910,5600,2.0,0,0,3,8,1910,0,1989,0,98029,47.5752,-122.009,1800,4928
11864,11864,2927600435,20150402T000000,573500.0,3.0,1.0,2200,21450,1.0,0,0,4,9,1600,600,1952,0,98166,47.4527,-122.372,1880,11250
11865,11865,1321740260,20141015T000000,349900.0,4.0,2.75,2530,13474,2.0,0,0,4,8,2530,0,1994,0,98023,47.289,-122.344,2490,13140
11866,11866,7809200055,20140618T000000,220000.0,3.0,1.0,1130,12519,1.0,0,0,3,7,1130,0,1958,0,98056,47.4965,-122.176,1460,12507
11867,11867,3298700671,20140731T000000,260000.0,2.0,1.0,820,6771,1.0,0,0,4,6,820,0,1918,0,98106,47.52,-122.354,1000,4440
11868,11868,1231000640,20140911T000000,290000.0,2.0,1.0,960,4000,1.0,0,0,3,6,960,0,1918,0,98118,47.5554,-122.267,1210,4000
11869,11869,1498303905,20150402T000000,615000.0,4.0,1.5,1980,3240,1.5,0,0,4,8,1780,200,1930,0,98144,47.584,-122.294,2250,4000
11870,11870,7491010060,20141022T000000,730000.0,4.0,3.5,3370,5638,2.0,0,0,3,10,2250,1120,2001,0,98034,47.7196,-122.223,3080,7200
11871,11871,8835800350,20150112T000000,1950000.0,4.0,3.25,7420,167869,2.0,0,3,3,12,7420,0,2002,0,98045,47.4548,-121.764,5610,169549
11872,11872,8856960260,20140521T000000,332500.0,3.0,2.25,1800,10500,2.0,0,0,3,7,1800,0,1995,0,98038,47.3879,-122.032,1870,8555
11873,11873,1088810160,20141224T000000,650000.0,5.0,3.5,3990,10120,2.0,0,0,3,9,2820,1170,1990,0,98011,47.74100000000001,-122.208,2750,9622
11874,11874,3931900510,20140829T000000,1400000.0,4.0,2.5,4070,7800,3.0,0,0,4,8,3390,680,2002,0,98115,47.6838,-122.327,2020,6760
11875,11875,9567800435,20150513T000000,465000.0,4.0,1.75,1640,7194,1.5,0,0,4,7,1480,160,1915,0,98011,47.7649,-122.205,1440,9405
11876,11876,2806000560,20140722T000000,690000.0,4.0,3.25,3730,11820,2.0,0,0,3,10,2460,1270,1990,0,98029,47.5775,-122.019,3680,10667
11877,11877,2473101360,20140711T000000,289900.0,3.0,1.75,1220,7004,1.0,0,0,5,7,1220,0,1966,0,98058,47.4492,-122.157,1640,7210
11878,11878,2288900140,20141218T000000,1620000.0,3.0,3.5,3490,4000,2.0,0,0,3,9,2570,920,2009,0,98112,47.6385,-122.281,1880,4000
11879,11879,9320990140,20150422T000000,339950.0,3.0,2.5,1730,4286,2.0,0,0,3,7,1730,0,1999,0,98148,47.432,-122.329,1780,4343
11880,11880,8731982050,20150423T000000,367999.0,4.0,2.75,3430,8000,1.5,0,0,4,8,3430,0,1972,0,98023,47.3183,-122.382,2090,8000
11881,11881,705700240,20150218T000000,380000.0,4.0,2.5,2320,10079,2.0,0,0,3,7,2320,0,1994,0,98038,47.3828,-122.026,2010,7438
11882,11882,4335000030,20140625T000000,440000.0,3.0,1.75,2030,17100,1.0,0,0,4,7,2030,0,1953,0,98166,47.451,-122.365,1950,14400
11883,11883,2806300070,20140521T000000,975000.0,5.0,4.0,4850,36450,2.0,0,0,3,10,4850,0,1977,0,98005,47.6426,-122.158,3850,35325
11884,11884,5631501323,20140805T000000,309500.0,3.0,1.5,1340,13560,1.0,0,0,3,7,1340,0,1968,0,98028,47.74100000000001,-122.234,1540,15000
11885,11885,3738900105,20140723T000000,350000.0,3.0,1.0,1130,8201,1.0,0,0,5,6,1130,0,1948,0,98155,47.7359,-122.306,1180,8203
11886,11886,2781270400,20150316T000000,215000.0,2.0,2.0,1180,2521,2.0,0,0,3,6,1180,0,2005,0,98038,47.3487,-122.021,1310,3003
11887,11887,3336001360,20140826T000000,254000.0,2.0,1.0,910,6000,1.0,0,0,3,6,910,0,1943,0,98118,47.5253,-122.266,1460,5800
11888,11888,2464400435,20150420T000000,567000.0,3.0,1.75,1630,4275,1.5,0,3,3,7,1630,0,1908,0,98115,47.6851,-122.322,1800,4275
11889,11889,2025049114,20140529T000000,402000.0,2.0,1.0,710,1173,2.0,0,0,4,7,710,0,1943,0,98102,47.6412,-122.329,1370,1173
11890,11890,1523089012,20141120T000000,365000.0,4.0,1.0,1520,80150,1.0,0,0,2,5,1520,0,1948,0,98045,47.4742,-121.769,1740,84506
11891,11891,7305300695,20140502T000000,625000.0,4.0,2.5,2820,8408,2.0,0,0,3,9,2820,0,2014,0,98155,47.7538,-122.325,1300,8408
11892,11892,9269200340,20150423T000000,432000.0,4.0,1.75,1970,5160,1.5,0,0,3,7,1970,0,1942,0,98126,47.534,-122.373,1230,4920
11893,11893,1402100070,20140801T000000,335500.0,5.0,3.0,2240,19090,1.0,0,0,4,8,1700,540,1968,0,98058,47.4416,-122.149,2280,20000
11894,11894,2998300060,20140806T000000,672500.0,2.0,1.75,1860,5940,1.0,0,2,5,8,1020,840,1956,0,98116,47.5751,-122.407,2130,5940
11895,11895,8113101000,20140722T000000,336000.0,4.0,1.0,1780,4310,1.5,0,0,5,6,1780,0,1919,0,98118,47.5486,-122.278,1460,4310
11896,11896,1388600070,20141124T000000,294400.0,4.0,2.5,1788,10183,2.0,0,0,4,7,1788,0,1990,0,98002,47.2883,-122.218,1700,6600
11897,11897,8944600060,20150420T000000,541900.0,3.0,2.5,1880,3054,2.0,0,0,3,8,1880,0,1988,0,98007,47.6091,-122.147,1840,3815
11898,11898,8860310240,20141217T000000,505000.0,3.0,1.75,2300,11400,1.0,0,0,4,8,1520,780,1977,0,98052,47.6884,-122.128,2300,10140
11899,11899,8016250060,20140605T000000,255000.0,3.0,2.5,1610,6176,2.0,0,0,3,7,1610,0,1994,0,98030,47.3657,-122.173,1680,7414
11900,11900,2061800045,20150122T000000,435000.0,6.0,2.5,2270,11970,1.0,0,0,3,7,1470,800,1964,0,98011,47.7722,-122.204,2270,10640
11901,11901,2652500070,20140508T000000,636000.0,2.0,1.75,1230,3600,1.5,0,0,5,7,1230,0,1925,0,98119,47.6423,-122.361,1210,4500
11902,11902,3622069114,20140909T000000,655000.0,4.0,3.5,3420,33106,2.0,0,0,3,9,3420,0,2004,0,98010,47.3554,-121.986,3420,36590
11903,11903,4438000075,20150318T000000,280500.0,3.0,1.5,1670,6988,1.0,0,0,3,7,1370,300,1953,0,98148,47.4283,-122.323,1090,7753
11904,11904,2776600002,20150422T000000,520000.0,2.0,1.0,1120,6141,1.0,0,0,3,7,900,220,1946,0,98117,47.6924,-122.372,1500,7529
11905,11905,241900060,20140626T000000,354000.0,4.0,2.5,2580,5476,2.0,0,0,3,8,2580,0,2005,0,98031,47.4042,-122.205,2900,5476
11906,11906,5151800045,20140822T000000,810000.0,5.0,2.75,3847,17654,1.0,0,2,5,9,2299,1548,1975,0,98003,47.3379,-122.322,2690,15344
11907,11907,3221059036,20140502T000000,400000.0,4.0,2.5,3630,42884,1.5,0,0,3,9,2300,1330,1979,0,98092,47.2617,-122.19,2830,80148
11908,11908,7504020960,20150107T000000,879900.0,4.0,2.75,3580,12000,1.0,0,0,3,10,1840,1740,1979,0,98074,47.6319,-122.05,2910,12428
11909,11909,1924059319,20150320T000000,1288000.0,5.0,4.0,4050,11358,2.0,0,0,4,10,2780,1270,1980,0,98040,47.56,-122.225,3120,13555
11910,11910,4067600160,20150402T000000,902500.0,3.0,3.5,3240,23522,2.0,0,0,3,10,2130,1110,1992,0,98010,47.3388,-122.033,3180,23273
11911,11911,9828700685,20150513T000000,900000.0,3.0,1.75,1540,8400,1.5,0,0,3,7,1540,0,1902,0,98122,47.6187,-122.295,1330,4800
11912,11912,4307330070,20140717T000000,419500.0,4.0,2.5,2550,7200,2.0,0,2,3,7,2550,0,2003,0,98056,47.4793,-122.18,2560,5715
11913,11913,6822100310,20141103T000000,685000.0,4.0,2.0,2340,6000,1.0,0,0,5,8,1270,1070,1953,0,98199,47.6495,-122.401,1600,6000
11914,11914,3295900520,20141107T000000,429950.0,4.0,2.5,2320,4524,2.0,0,0,3,8,2320,0,2004,0,98059,47.4798,-122.136,2330,4524
11915,11915,1773100310,20150423T000000,464950.0,4.0,2.5,1640,6000,2.0,0,0,3,7,1640,0,2011,0,98106,47.559,-122.365,1640,4800
11916,11916,9407000990,20141010T000000,239900.0,2.0,1.0,910,9000,1.0,0,0,4,6,910,0,1983,0,98045,47.4463,-121.771,1410,9440
11917,11917,1472800160,20150218T000000,406250.0,4.0,3.25,2550,11524,2.0,0,0,3,8,2550,0,1990,0,98019,47.7324,-121.963,2370,14001
11918,11918,7787110370,20141027T000000,447000.0,4.0,2.5,2660,8027,2.0,0,0,3,8,2660,0,1997,0,98045,47.4831,-121.781,2480,8095
11919,11919,3041700570,20140605T000000,466800.0,3.0,2.5,1480,14250,2.0,0,0,3,7,1480,0,1996,0,98033,47.6595,-122.186,1660,14250
11920,11920,3999200310,20140917T000000,674000.0,4.0,2.5,2810,11560,1.0,0,0,5,7,1740,1070,1962,0,98008,47.5846,-122.12,1970,11560
11921,11921,1931300955,20141126T000000,525000.0,1.0,1.0,830,3200,1.0,0,0,3,7,830,0,1924,0,98103,47.6557,-122.348,1350,2512
11922,11922,2591720160,20150501T000000,674950.0,3.0,2.75,3510,92347,2.0,0,0,3,10,3510,0,1990,0,98038,47.3735,-122.018,2970,37070
11923,11923,8691510310,20150429T000000,374900.0,3.0,2.5,2480,4950,2.0,0,0,3,7,2480,0,2004,0,98058,47.4389,-122.116,2230,5298
11924,11924,9831200520,20141006T000000,1443920.0,4.0,3.0,3720,5000,2.5,0,0,5,9,2720,1000,1905,0,98102,47.6282,-122.322,2610,5000
11925,11925,8123710070,20141205T000000,559500.0,3.0,2.25,2150,9250,2.0,0,0,3,8,2150,0,1984,0,98052,47.7179,-122.113,2240,9266
11926,11926,7852170370,20140516T000000,522500.0,3.0,2.5,2370,7875,2.0,0,0,3,9,2370,0,2003,0,98065,47.5427,-121.863,2660,7752
11927,11927,3528000310,20150427T000000,1130000.0,5.0,2.5,4310,28008,2.0,0,0,3,10,4310,0,1988,0,98053,47.6662,-122.056,3170,28559
11928,11928,6403500570,20140612T000000,498500.0,5.0,2.75,2990,7420,2.0,0,0,3,8,2990,0,1996,0,98059,47.4944,-122.162,2290,7678
11929,11929,6021501420,20140825T000000,571000.0,4.0,1.0,1350,4000,1.5,0,0,3,8,1350,0,1930,0,98117,47.6885,-122.386,1520,4000
11930,11930,723069128,20140514T000000,543000.0,2.0,2.0,2370,217800,1.5,0,0,3,7,1600,770,1992,0,98027,47.5007,-122.088,2370,157687
11931,11931,3329530030,20150304T000000,271920.0,3.0,2.0,1410,10248,1.0,0,0,3,7,1410,0,1985,0,98001,47.3315,-122.265,2090,9414
11932,11932,723049326,20141208T000000,104950.0,2.0,1.0,1170,8254,1.0,0,0,2,6,1170,0,1949,0,98146,47.497,-122.346,1820,8922
11933,11933,7215721070,20140929T000000,485500.0,4.0,2.5,1800,4500,2.0,0,0,3,8,1800,0,1999,0,98075,47.5998,-122.014,1800,4500
11934,11934,3179101580,20140528T000000,1210000.0,4.0,2.75,3650,6982,2.0,0,2,4,9,2530,1120,1951,2003,98115,47.6756,-122.275,3140,7894
11935,11935,2025700270,20150122T000000,260250.0,3.0,1.75,1490,8357,1.0,0,0,4,7,1490,0,1993,0,98038,47.3473,-122.037,1490,7376
11936,11936,8691300260,20150413T000000,875909.0,4.0,2.5,3610,13292,2.0,0,0,3,10,3610,0,1996,0,98075,47.5868,-121.974,3000,10776
11937,11937,5112800060,20140606T000000,455000.0,4.0,1.75,2050,94525,1.0,0,0,4,7,1250,800,1959,0,98058,47.4492,-122.084,2270,47480
11938,11938,2112700240,20140520T000000,309000.0,3.0,1.0,1092,7500,1.5,0,0,3,6,1092,0,1918,0,98106,47.5321,-122.354,930,4000
11939,11939,8732190990,20140709T000000,229000.0,4.0,2.25,2010,7688,1.0,0,0,3,8,1170,840,1979,0,98023,47.3086,-122.396,1990,7688
11940,11940,537000416,20150429T000000,250000.0,3.0,2.0,1680,7900,2.0,0,0,4,7,1680,0,1953,0,98003,47.3255,-122.305,1250,15600
11941,11941,3761700251,20140528T000000,600000.0,4.0,2.0,2510,38141,1.0,0,0,3,9,2510,0,1960,0,98034,47.7219,-122.258,3180,11760
11942,11942,625100181,20140508T000000,535000.0,4.0,2.5,2280,65836,2.0,0,0,3,8,2280,0,2004,0,98077,47.7237,-122.076,2300,97574
11943,11943,7202261260,20141117T000000,571000.0,3.0,2.5,2510,5186,2.0,0,0,3,7,2510,0,2001,0,98053,47.6895,-122.041,2530,5186
11944,11944,7856410030,20140505T000000,1030000.0,5.0,2.75,3190,16920,1.0,0,3,3,9,1690,1500,1976,0,98006,47.5641,-122.16,3100,13100
11945,11945,8128600060,20140624T000000,600000.0,4.0,3.25,4690,14930,2.0,0,2,3,10,3680,1010,1995,0,98155,47.7718,-122.283,2910,13320
11946,11946,1775800860,20150428T000000,469500.0,3.0,2.25,1850,12000,1.0,0,0,4,7,1300,550,1977,0,98072,47.7408,-122.101,1580,12616
11947,11947,3303980140,20150402T000000,1150000.0,4.0,3.0,4160,13170,2.0,0,0,3,11,3040,1120,2001,0,98059,47.5182,-122.149,3780,13148
11948,11948,4206901200,20140825T000000,785000.0,4.0,1.5,2220,4000,1.5,0,0,3,8,1970,250,1925,0,98105,47.6564,-122.325,1984,4000
11949,11949,11500240,20150428T000000,872750.0,3.0,2.5,2870,13695,2.0,0,0,3,10,2870,0,1991,0,98052,47.6944,-122.102,2840,8472
11950,11950,6383500295,20140815T000000,900000.0,4.0,2.75,3950,10214,1.0,0,3,3,10,2050,1900,1955,0,98117,47.6969,-122.384,3130,8608
11951,11951,7849202220,20140717T000000,350000.0,2.0,1.75,1740,6620,1.5,0,0,3,8,1740,0,2002,0,98065,47.526,-121.828,1560,5400
11952,11952,2260300060,20150410T000000,2575000.0,5.0,3.0,4780,20440,1.0,0,0,4,10,3660,1120,1975,0,98039,47.6242,-122.239,4660,20440
11953,11953,7701950060,20140729T000000,940000.0,4.0,2.5,3160,39960,1.0,0,0,3,10,3160,0,1980,0,98005,47.6418,-122.157,3900,36444
11954,11954,5153200486,20140715T000000,185000.0,5.0,1.75,1990,27810,1.0,0,0,3,7,1990,0,1955,0,98023,47.3325,-122.35,2240,20000
11955,11955,205000310,20140624T000000,850000.0,4.0,3.5,3920,37122,2.0,0,0,3,10,3920,0,1996,0,98053,47.6316,-121.988,2550,32647
11956,11956,920069053,20140917T000000,201000.0,3.0,1.0,960,15273,1.0,0,0,4,7,960,0,1963,0,98022,47.238,-122.039,1930,51400
11957,11957,6141100445,20150107T000000,499000.0,2.0,1.5,1540,6549,2.0,0,0,3,7,1540,0,1980,0,98133,47.7189,-122.353,1470,6552
11958,11958,8809200070,20150408T000000,315000.0,4.0,2.5,1970,5190,2.0,0,0,3,7,1970,0,2002,0,98059,47.515,-122.164,1840,5564
11959,11959,3905080310,20140806T000000,509950.0,3.0,2.5,1880,4668,2.0,0,0,3,8,1880,0,1993,0,98029,47.5666,-121.999,2060,4668
11960,11960,393000311,20150225T000000,286300.0,3.0,2.75,2000,6405,1.0,0,0,3,8,1260,740,1964,0,98178,47.5066,-122.259,2130,6510
11961,11961,3127200036,20140728T000000,590000.0,3.0,2.5,1990,8325,2.0,0,0,4,8,1310,680,1997,0,98034,47.705,-122.201,2450,10606
11962,11962,123039128,20140904T000000,325000.0,4.0,1.0,1400,9384,1.5,0,0,4,6,1400,0,1948,0,98106,47.5166,-122.361,1600,8432
11963,11963,2896310160,20140822T000000,625000.0,4.0,2.5,3190,27806,2.0,0,0,3,9,3190,0,1997,0,98010,47.3425,-122.03,2810,28619
11964,11964,5272200045,20141113T000000,378000.0,3.0,1.5,1000,6914,1.0,0,0,3,7,1000,0,1947,0,98125,47.7144,-122.319,1000,6947
11965,11965,9211500520,20140618T000000,239950.0,3.0,1.75,1670,6900,1.0,0,0,3,7,1170,500,1978,0,98023,47.2975,-122.38,1740,7000
11966,11966,3589500260,20141111T000000,550000.0,4.0,2.0,2100,4500,1.0,0,0,5,7,1060,1040,1924,0,98105,47.6699,-122.317,1920,3900
11967,11967,3330500335,20150422T000000,325000.0,2.0,1.0,1010,6180,1.0,0,0,3,6,1010,0,1903,0,98118,47.5532,-122.28,1560,6180
11968,11968,9445300045,20140609T000000,831000.0,4.0,2.5,2030,3905,1.5,0,0,4,7,1630,400,1926,0,98103,47.6547,-122.34,2000,3905
11969,11969,114100354,20141212T000000,249000.0,3.0,1.0,1090,10296,1.0,0,0,4,6,1090,0,1950,0,98028,47.7743,-122.26,1910,10296
11970,11970,1775920340,20150126T000000,484000.0,4.0,1.75,2440,16730,1.0,0,0,3,7,1390,1050,1976,0,98072,47.7406,-122.11,1390,11600
11971,11971,8946700140,20141121T000000,395000.0,4.0,3.0,2500,6278,2.0,0,0,3,9,2500,0,2002,0,98092,47.3325,-122.168,2700,7200
11972,11972,8651610240,20141119T000000,839900.0,4.0,2.5,3420,7462,2.0,0,0,3,9,3420,0,2002,0,98074,47.6388,-122.064,3080,8031
11973,11973,1237500105,20141113T000000,760000.0,4.0,2.5,2850,11000,2.0,0,0,3,8,2850,0,1998,0,98052,47.6759,-122.161,1720,11000
11974,11974,9151600106,20150512T000000,750000.0,4.0,1.5,2030,3300,1.5,0,0,4,8,1530,500,1927,0,98116,47.5855,-122.383,2610,5400
11975,11975,1118000340,20150408T000000,3000000.0,5.0,3.75,4590,11265,2.0,0,0,4,11,3450,1140,1927,0,98112,47.6389,-122.288,3870,8996
11976,11976,7853230570,20140915T000000,440000.0,3.0,2.5,2230,5800,2.0,0,0,3,7,2230,0,2004,0,98065,47.5308,-121.847,2230,6088
11977,11977,4353700200,20141203T000000,501000.0,2.0,1.75,1810,7523,1.0,0,0,3,8,1170,640,1962,1980,98027,47.5695,-122.087,2090,7523
11978,11978,7228501805,20140924T000000,739000.0,6.0,4.5,4000,7500,2.0,0,0,3,7,4000,0,1978,0,98122,47.6146,-122.306,1380,6298
11979,11979,9541800075,20140908T000000,685650.0,3.0,1.75,1490,16200,1.0,0,0,5,8,1490,0,1958,0,98005,47.5919,-122.175,2070,16200
11980,11980,3425069083,20140625T000000,1005000.0,4.0,4.5,4225,284011,2.0,0,0,4,11,4225,0,1985,0,98074,47.6118,-122.024,2870,14576
11981,11981,7613700270,20140916T000000,980000.0,4.0,1.75,2120,4000,1.5,0,0,4,8,1920,200,1929,0,98105,47.6601,-122.275,2300,4000
11982,11982,6882200140,20140930T000000,275000.0,3.0,1.5,1030,7184,1.0,0,0,4,7,1030,0,1968,0,98056,47.5069,-122.189,1330,7262
11983,11983,2473380400,20140519T000000,319950.0,4.0,1.75,2310,8045,1.0,0,0,4,7,1650,660,1976,0,98058,47.4569,-122.165,1790,8086
11984,11984,3579000370,20150320T000000,448500.0,3.0,2.25,1830,7943,2.0,0,0,3,8,1830,0,1985,0,98028,47.7466,-122.249,2100,8070
11985,11985,2623029078,20140603T000000,437000.0,5.0,2.0,2120,137565,1.5,0,0,3,7,2120,0,1913,0,98070,47.4558,-122.507,2120,157123
11986,11986,3124049196,20141107T000000,330000.0,4.0,1.5,2500,9448,1.0,0,0,4,7,1250,1250,1966,0,98106,47.5212,-122.339,1640,9490
11987,11987,3374500240,20141217T000000,365000.0,3.0,2.5,2470,7700,2.0,0,0,4,8,2470,0,1990,0,98031,47.4096,-122.17,2400,7700
11988,11988,8911000445,20141112T000000,329000.0,2.0,1.0,940,7700,1.0,0,0,4,6,940,0,1916,0,98133,47.7067,-122.354,1290,7375
11989,11989,1066100260,20140620T000000,681500.0,5.0,2.75,3260,11700,1.0,0,0,3,8,1630,1630,1964,0,98008,47.6169,-122.104,2860,11700
11990,11990,7205850030,20140509T000000,566000.0,3.0,2.25,1660,10140,1.0,0,0,4,8,1370,290,1980,0,98052,47.6889,-122.128,2100,10125
11991,11991,1330910370,20141020T000000,897500.0,4.0,3.0,4370,217882,2.0,0,0,3,10,4370,0,1984,0,98053,47.6573,-122.034,2430,35096
11992,11992,11520370,20141229T000000,738000.0,3.0,2.5,2620,9112,2.0,0,0,3,9,2620,0,1995,0,98052,47.6972,-122.116,2620,9067
11993,11993,3327000070,20150420T000000,185000.0,3.0,1.75,1500,7800,1.0,0,0,3,7,1500,0,1968,0,98092,47.3141,-122.192,1490,7800
11994,11994,2594200350,20150304T000000,445000.0,2.0,1.0,910,7200,1.0,0,1,4,7,830,80,1936,0,98136,47.5145,-122.39,1700,7200
11995,11995,2724049185,20150325T000000,175000.0,3.0,1.75,1430,4920,1.0,0,0,2,6,1430,0,1957,0,98118,47.5388,-122.275,1550,5646
11996,11996,3123800125,20141121T000000,315000.0,2.0,1.0,900,8556,1.0,0,0,3,6,760,140,1941,0,98136,47.5148,-122.386,1500,8556
11997,11997,3298200320,20140624T000000,445000.0,4.0,1.75,1250,7400,1.0,0,0,5,6,1250,0,1959,0,98008,47.62,-122.12,990,7600
11998,11998,2068000270,20140805T000000,1400000.0,5.0,3.0,3850,14990,1.0,0,0,4,9,2290,1560,1964,0,98004,47.6425,-122.218,3010,15001
11999,11999,7732500700,20141126T000000,832500.0,4.0,2.5,3450,35100,2.0,0,0,3,10,3450,0,1987,0,98052,47.7302,-122.106,3110,35894
12000,12000,7851990240,20140717T000000,771150.0,4.0,3.5,3950,12320,2.0,0,0,3,10,3950,0,2001,0,98065,47.5414,-121.869,3920,11086
12001,12001,3423049269,20140513T000000,225000.0,4.0,1.5,1950,12559,1.5,0,0,3,6,1950,0,1939,0,98188,47.4364,-122.282,1950,9178
12002,12002,7852150200,20140923T000000,389950.0,3.0,2.5,1700,6396,2.0,0,0,3,7,1700,0,2003,0,98065,47.5333,-121.87,1700,4444
12003,12003,7853230270,20140804T000000,435000.0,3.0,2.5,2370,6082,2.0,0,0,3,7,2370,0,2004,0,98065,47.5288,-121.846,2690,6152
12004,12004,1965200075,20150316T000000,845000.0,3.0,1.75,1600,2538,2.0,0,0,3,7,1600,0,1929,0,98102,47.6447,-122.327,1660,1750
12005,12005,1959700445,20140725T000000,1300000.0,4.0,1.75,4060,5500,2.0,0,0,5,9,2660,1400,1924,0,98102,47.6437,-122.321,3320,5500
12006,12006,1250200765,20140714T000000,350000.0,3.0,2.25,1322,1796,2.0,0,0,3,8,1087,235,2005,0,98144,47.5976,-122.298,1690,2025
12007,12007,3275300270,20140708T000000,250000.0,3.0,1.75,1140,10400,1.0,0,0,4,7,1140,0,1983,0,98003,47.2598,-122.311,1280,9800
12008,12008,7548300751,20150430T000000,370000.0,2.0,1.5,1280,2096,2.0,0,0,3,7,1080,200,2007,0,98144,47.5872,-122.308,1340,7452
12009,12009,9526600260,20140729T000000,750000.0,4.0,2.5,3080,4553,2.5,0,0,3,8,3080,0,2008,0,98052,47.7066,-122.112,2750,4929
12010,12010,2880100240,20140825T000000,439950.0,2.0,1.75,1210,3000,1.0,0,0,5,7,910,300,1906,0,98117,47.6789,-122.365,1260,3000
12011,12011,5253300320,20141103T000000,395000.0,4.0,1.75,1950,10219,1.0,0,0,3,7,1950,0,1962,0,98133,47.7492,-122.336,1500,9099
12012,12012,2291400566,20140807T000000,375000.0,4.0,1.0,1450,6820,1.5,0,0,3,6,1450,0,1947,0,98133,47.7061,-122.347,1450,6820
12013,12013,103400160,20140515T000000,263000.0,3.0,2.25,1590,7748,2.0,0,0,4,7,1590,0,1991,0,98003,47.2857,-122.3,1590,7606
12014,12014,1951600240,20141208T000000,185000.0,3.0,1.0,1240,9198,1.5,0,0,4,7,1240,0,1959,0,98032,47.37,-122.297,1170,8970
12015,12015,224069129,20150225T000000,500000.0,3.0,1.0,1440,54315,1.0,0,0,3,7,790,650,1974,0,98075,47.591,-122.01,2690,40518
12016,12016,5608000860,20140926T000000,920000.0,4.0,2.5,3470,10045,2.0,0,0,3,10,3470,0,1993,0,98027,47.554,-122.095,4370,12359
12017,12017,424069271,20141024T000000,936000.0,7.0,3.75,5100,21802,2.0,0,0,3,10,3640,1460,2001,0,98075,47.595,-122.04,3350,10005
12018,12018,8964800390,20140508T000000,1500000.0,3.0,1.75,2430,12757,1.0,0,2,4,8,1340,1090,1952,0,98004,47.6201,-122.209,2930,12450
12019,12019,7533800885,20141027T000000,1100000.0,3.0,2.25,2420,7200,1.0,0,0,3,8,1420,1000,1948,0,98115,47.6867,-122.275,2500,7200
12020,12020,2312400200,20150102T000000,247000.0,3.0,2.5,1510,10875,1.0,0,0,3,7,1150,360,1990,0,98003,47.3482,-122.3,1810,9916
12021,12021,3226049267,20150425T000000,289500.0,3.0,1.0,1200,5525,1.0,0,0,2,7,1200,0,1947,0,98115,47.6981,-122.325,1580,7200
12022,12022,7852130640,20140602T000000,432500.0,3.0,2.5,2240,6396,2.0,0,0,3,7,2240,0,2002,0,98065,47.5356,-121.881,2610,5128
12023,12023,9530101535,20150327T000000,680000.0,3.0,1.75,1870,4320,1.0,0,0,4,7,970,900,1920,0,98103,47.6663,-122.357,1810,3900
12024,12024,6822100030,20140528T000000,589000.0,3.0,1.0,1110,6000,1.5,0,0,5,7,1110,0,1932,0,98199,47.6496,-122.403,1420,6000
12025,12025,1090000036,20141223T000000,756450.0,4.0,2.0,3210,8400,1.5,0,0,5,7,2040,1170,1914,0,98136,47.5322,-122.391,2540,6458
12026,12026,6619910260,20150407T000000,536650.0,3.0,1.75,2090,8910,1.0,0,0,3,8,1230,860,1975,0,98034,47.7149,-122.222,2310,10695
12027,12027,342000036,20140702T000000,540000.0,3.0,2.25,1320,1800,2.0,0,0,3,7,1320,0,1994,0,98122,47.6081,-122.289,2010,4500
12028,12028,3448002267,20150428T000000,385000.0,3.0,1.75,1340,3850,1.0,0,0,4,7,1340,0,1960,0,98125,47.7134,-122.292,1540,7645
12029,12029,7974200765,20140902T000000,485000.0,3.0,1.0,1020,6120,1.0,0,0,3,7,1020,0,1941,0,98115,47.6787,-122.285,2370,6695
12030,12030,7230400400,20140926T000000,240000.0,3.0,2.0,1220,17652,1.0,0,0,4,7,1220,0,1980,0,98059,47.4712,-122.1,1990,17652
12031,12031,7230400400,20150326T000000,415500.0,3.0,2.0,1220,17652,1.0,0,0,4,7,1220,0,1980,0,98059,47.4712,-122.1,1990,17652
12032,12032,2028700575,20141113T000000,550000.0,3.0,2.0,1390,2688,1.5,0,0,5,7,1390,0,1915,0,98117,47.6783,-122.366,1440,2900
12033,12033,4232400400,20140929T000000,1260000.0,4.0,2.0,2970,5400,2.5,0,0,4,9,2970,0,1900,0,98112,47.6235,-122.309,2500,5040
12034,12034,792500260,20140715T000000,430000.0,2.0,2.0,1440,213008,2.0,0,0,4,7,1440,0,1990,0,98070,47.3604,-122.457,1630,161172
12035,12035,2493200370,20141112T000000,415000.0,2.0,1.75,1550,4257,1.0,0,3,3,7,830,720,1953,0,98136,47.5274,-122.384,1920,5100
12036,12036,844001052,20150128T000000,365000.0,4.0,2.5,1904,8200,2.0,0,0,5,7,1904,0,1999,0,98010,47.3107,-122.001,1560,12426
12037,12037,7696610240,20141210T000000,257000.0,4.0,1.5,1400,8500,2.0,0,0,3,7,1400,0,1975,0,98001,47.3314,-122.275,1580,7650
12038,12038,3630110370,20140624T000000,420000.0,3.0,2.5,2140,3821,2.0,0,0,3,8,2140,0,2005,0,98029,47.5541,-121.995,2860,3841
12039,12039,1217000270,20140916T000000,338995.0,3.0,1.75,1320,9450,1.0,0,0,5,7,1320,0,1943,0,98166,47.4557,-122.348,1320,8315
12040,12040,9441300030,20150410T000000,615000.0,3.0,1.75,2620,8280,1.0,0,0,4,7,1330,1290,1948,0,98177,47.7235,-122.359,1530,8160
12041,12041,2991000160,20141212T000000,312500.0,4.0,0.5,2300,5570,2.0,0,0,3,8,2300,0,1996,0,98092,47.3285,-122.168,1820,6371
12042,12042,6641020160,20140506T000000,513000.0,4.0,2.5,2000,5684,2.0,0,0,3,8,2000,0,1996,0,98028,47.7443,-122.22,2210,7066
12043,12043,2998300075,20150127T000000,857500.0,4.0,2.75,2960,5040,2.0,0,3,3,9,2210,750,1952,1993,98116,47.5747,-122.408,2270,5500
12044,12044,5456000570,20141230T000000,1060000.0,3.0,2.75,2700,22343,1.5,0,1,4,10,2700,0,1977,0,98040,47.5706,-122.209,3390,15682
12045,12045,7784400070,20140722T000000,585000.0,3.0,1.75,1740,9500,1.0,0,3,4,8,1150,590,1958,0,98146,47.4919,-122.365,2110,9450
12046,12046,2781250400,20141008T000000,350500.0,2.0,2.5,1770,4950,1.0,0,0,3,7,1770,0,2003,0,98038,47.3497,-122.025,1770,4500
12047,12047,3821400200,20141006T000000,215000.0,3.0,2.0,1290,9312,1.0,0,0,3,7,1290,0,1947,0,98168,47.4811,-122.325,1650,7300
12048,12048,3580900200,20140617T000000,440000.0,4.0,2.0,1450,8400,1.5,0,0,4,7,1450,0,1962,0,98034,47.7285,-122.24,1450,7440
12049,12049,5466750140,20150427T000000,270000.0,3.0,2.25,1420,7800,1.0,0,0,4,7,1130,290,1985,0,98042,47.3598,-122.157,1460,7800
12050,12050,8122100160,20141023T000000,385000.0,3.0,0.75,1330,7020,1.0,0,0,5,7,1330,0,1924,0,98126,47.5377,-122.376,1410,5802
12051,12051,9523102447,20141117T000000,688500.0,3.0,1.75,1760,4125,1.5,0,3,4,7,1760,0,1927,0,98103,47.6748,-122.352,1760,4000
12052,12052,7234601525,20140519T000000,700000.0,3.0,1.75,2010,4905,1.0,0,0,5,7,1230,780,1912,0,98122,47.6105,-122.309,2210,1834
12053,12053,6071300160,20140822T000000,585000.0,5.0,2.0,2560,14467,1.0,0,0,3,8,1280,1280,1960,0,98006,47.5547,-122.178,2200,10267
12054,12054,8044200200,20150226T000000,401000.0,2.0,1.5,1260,2625,2.0,0,0,4,7,1260,0,1983,0,98052,47.6747,-122.151,1260,2625
12055,12055,8563050350,20150306T000000,655000.0,4.0,2.25,2420,7725,1.0,0,0,4,8,1890,530,1972,0,98052,47.6287,-122.093,1740,7944
12056,12056,1282300105,20140604T000000,317000.0,3.0,1.0,1010,5400,1.0,0,0,3,6,1010,0,1959,0,98144,47.5746,-122.293,960,5400
12057,12057,3374300030,20150505T000000,500000.0,4.0,2.5,1770,8155,1.5,0,0,4,6,1770,0,1970,1993,98034,47.719,-122.173,1460,7360
12058,12058,9232900075,20141021T000000,314963.0,2.0,1.0,890,6350,1.0,0,0,3,6,890,0,1943,0,98103,47.6975,-122.357,1490,6350
12059,12059,952000640,20141027T000000,715000.0,3.0,1.5,1670,5060,2.0,0,2,5,7,1670,0,1925,0,98126,47.5671,-122.379,1670,5118
12060,12060,7334600030,20141014T000000,280000.0,3.0,2.25,1360,9600,2.0,0,0,3,7,1360,0,1992,0,98045,47.4687,-121.749,1200,10400
12061,12061,200500700,20140612T000000,531000.0,3.0,2.5,2120,9736,2.0,0,0,3,9,2120,0,1988,0,98011,47.7374,-122.219,2490,8763
12062,12062,11200400,20140923T000000,617000.0,3.0,2.5,1910,4488,2.0,0,0,3,8,1910,0,1998,0,98007,47.6176,-122.14,1530,3696
12063,12063,1139000135,20141009T000000,440000.0,4.0,1.0,1480,7560,1.5,0,0,3,7,1480,0,1940,0,98177,47.7079,-122.358,1480,7560
12064,12064,7468900270,20140729T000000,140000.0,3.0,1.0,1090,10114,1.0,0,0,4,7,1090,0,1955,0,98002,47.2975,-122.223,1380,7800
12065,12065,1036400200,20150213T000000,661000.0,4.0,1.75,1670,13125,1.0,0,0,5,8,1670,0,1973,0,98052,47.6315,-122.101,2360,12500
12066,12066,1036400200,20150429T000000,697000.0,4.0,1.75,1670,13125,1.0,0,0,5,8,1670,0,1973,0,98052,47.6315,-122.101,2360,12500
12067,12067,3622900200,20140627T000000,1195000.0,5.0,2.75,3650,13297,2.0,0,0,5,9,2750,900,1969,0,98040,47.5497,-122.228,2900,11568
12068,12068,6884800262,20140920T000000,535000.0,4.0,2.0,1970,3515,1.0,0,0,5,8,1030,940,1969,0,98115,47.6873,-122.314,1650,4275
12069,12069,7950302255,20150324T000000,404500.0,2.0,2.0,1320,3060,1.5,0,0,4,6,1320,0,1910,0,98118,47.5643,-122.284,1410,3264
12070,12070,3524039196,20141112T000000,396500.0,3.0,1.0,1710,5110,1.0,0,0,3,7,1100,610,1954,0,98126,47.5256,-122.379,1310,5110
12071,12071,2064800830,20150320T000000,450000.0,3.0,2.25,1740,9488,1.0,0,0,4,8,1180,560,1977,0,98056,47.5339,-122.174,1880,8615
12072,12072,1861400116,20150116T000000,605000.0,3.0,3.25,2200,2400,2.0,0,0,3,8,1740,460,1988,0,98119,47.6325,-122.371,2200,3600
12073,12073,7129302685,20140911T000000,699000.0,3.0,2.0,2010,4320,2.0,0,2,3,9,2010,0,1999,0,98118,47.5153,-122.256,1640,5225
12074,12074,4046600070,20140619T000000,805000.0,3.0,3.0,3910,19023,2.0,0,0,3,11,3910,0,1985,0,98014,47.6953,-121.914,1860,15001
12075,12075,8655900162,20150219T000000,156000.0,1.0,0.75,470,15000,1.0,0,0,3,4,470,0,1947,0,98014,47.6554,-121.908,1730,22500
12076,12076,2193310320,20150306T000000,595000.0,4.0,2.5,2330,7064,1.0,0,0,4,8,1780,550,1984,0,98052,47.6955,-122.097,1740,8075
12077,12077,5417600200,20140728T000000,285000.0,3.0,1.75,1930,7200,1.5,0,0,3,6,1930,0,1929,0,98065,47.5263,-121.809,1350,9000
12078,12078,4178900070,20150325T000000,725000.0,4.0,2.5,3270,6055,2.0,0,0,3,9,3270,0,2007,0,98056,47.5374,-122.192,2740,7367
12079,12079,2115720070,20141125T000000,216300.0,3.0,2.5,1650,5000,2.0,0,0,3,8,1650,0,1985,0,98023,47.3206,-122.394,1720,5000
12080,12080,3211100990,20141020T000000,410000.0,4.0,2.75,2220,8450,1.0,0,0,4,7,1260,960,1983,0,98059,47.4804,-122.157,1580,8450
12081,12081,5288200260,20140903T000000,597000.0,2.0,1.75,2470,4600,1.0,0,3,4,7,1140,1330,1916,0,98126,47.5599,-122.378,1790,5175
12082,12082,1771110070,20150218T000000,325000.0,3.0,1.0,1300,9300,1.0,0,0,4,7,1300,0,1977,0,98077,47.7562,-122.073,1300,10064
12083,12083,274000070,20150401T000000,355000.0,5.0,2.75,2530,9375,1.0,0,0,5,7,1530,1000,1966,0,98030,47.3738,-122.214,2250,8200
12084,12084,2816900030,20141218T000000,338000.0,3.0,1.5,2400,8215,1.0,0,0,3,7,1200,1200,1961,0,98146,47.5001,-122.338,1460,8217
12085,12085,304100070,20141118T000000,210000.0,4.0,2.25,1500,5393,2.0,0,0,3,7,1500,0,1999,0,98001,47.3378,-122.263,1700,5917
12086,12086,3876200350,20140814T000000,423000.0,4.0,1.75,1700,9000,1.0,0,0,3,7,1700,0,1967,0,98034,47.7308,-122.18,1930,7818
12087,12087,7806210070,20150211T000000,249500.0,4.0,1.5,2120,8554,1.0,0,0,4,7,1170,950,1977,0,98002,47.2933,-122.195,1790,8554
12088,12088,5437600140,20150110T000000,325000.0,4.0,2.5,2240,5105,2.0,0,0,4,8,2240,0,2002,0,98042,47.3922,-122.165,1920,5288
12089,12089,1796360370,20150325T000000,257000.0,3.0,1.75,1540,8223,1.0,0,0,4,7,1070,470,1987,0,98042,47.3666,-122.089,1240,8113
12090,12090,1428001160,20150420T000000,550000.0,3.0,1.75,1890,100623,1.0,0,3,3,8,1890,0,1978,0,98053,47.6454,-121.978,2110,50529
12091,12091,1233100260,20141114T000000,490000.0,3.0,1.0,1260,9638,2.0,0,0,4,7,1260,0,1920,0,98033,47.6773,-122.178,1760,7822
12092,12092,8835220200,20150202T000000,299000.0,2.0,1.5,1160,3838,2.0,0,0,3,7,1160,0,1983,0,98034,47.7255,-122.164,1410,3780
12093,12093,2023039045,20141103T000000,295000.0,2.0,1.0,1300,39639,1.0,0,0,4,6,1300,0,1960,0,98070,47.466,-122.452,1880,98881
12094,12094,7504400400,20141029T000000,630000.0,4.0,2.5,3220,14463,2.0,0,0,3,8,3220,0,1978,0,98074,47.6261,-122.047,2550,12109
12095,12095,1432900310,20150424T000000,320000.0,4.0,1.5,2020,8474,1.0,0,0,5,7,1010,1010,1962,0,98058,47.4579,-122.17,1720,8166
12096,12096,9541600295,20150424T000000,1110000.0,4.0,2.5,2990,8640,1.0,0,0,5,8,2100,890,1959,0,98005,47.5932,-122.172,2270,8800
12097,12097,2914700310,20140922T000000,398000.0,4.0,1.0,1420,6458,1.0,0,0,4,7,1420,0,1953,0,98117,47.6988,-122.358,1670,6350
12098,12098,7972604355,20140521T000000,218000.0,3.0,1.0,1020,7874,1.0,0,0,3,7,1020,0,1956,0,98106,47.5175,-122.346,1290,7320
12099,12099,2423069084,20150303T000000,590000.0,4.0,2.75,2400,104108,2.0,0,0,3,8,2400,0,1988,0,98027,47.4686,-121.989,2270,54450
12100,12100,8655000070,20140601T000000,1595000.0,5.0,3.0,3640,8239,2.0,0,3,3,10,2540,1100,1982,0,98008,47.5842,-122.111,3330,10643
12101,12101,8165501620,20141218T000000,348500.0,2.0,2.25,1550,1824,2.0,0,0,3,8,1550,0,2007,0,98106,47.5396,-122.368,1460,1826
12102,12102,8682281480,20140725T000000,592500.0,2.0,2.0,1870,4751,1.0,0,0,3,8,1870,0,2006,0,98053,47.7082,-122.015,2170,5580
12103,12103,1137610140,20140610T000000,505000.0,3.0,2.5,2340,5957,2.0,0,0,3,8,2340,0,1995,0,98028,47.7347,-122.236,2340,6604
12104,12104,4232900310,20141029T000000,1430000.0,5.0,4.25,3350,3600,2.0,0,0,3,10,2260,1090,2014,0,98119,47.6351,-122.364,1810,3600
12105,12105,324000370,20140721T000000,502000.0,3.0,1.0,1710,5000,1.0,0,0,5,7,1140,570,1921,0,98116,47.5719,-122.385,1670,4000
12106,12106,3822200036,20140624T000000,257500.0,2.0,2.0,1180,9265,1.0,0,0,3,7,1180,0,1940,0,98125,47.7252,-122.297,460,18000
12107,12107,3876100310,20140711T000000,405000.0,3.0,1.5,1600,7500,1.0,0,0,3,7,1600,0,1966,0,98034,47.721,-122.182,1700,7500
12108,12108,8024201525,20150317T000000,427000.0,3.0,1.75,1300,5111,1.0,0,0,4,7,1300,0,1959,0,98115,47.7005,-122.314,1370,5111
12109,12109,4024101670,20141204T000000,290000.0,3.0,1.5,1040,9997,1.0,0,0,4,7,1040,0,1955,0,98155,47.7583,-122.302,1040,8699
12110,12110,3124049171,20150324T000000,222000.0,3.0,1.0,1220,7695,1.0,0,0,3,7,1220,0,1954,0,98106,47.5191,-122.339,1210,7412
12111,12111,2310100240,20141218T000000,315000.0,3.0,2.5,2240,6097,2.0,0,0,3,8,2240,0,2002,0,98038,47.3503,-122.042,2240,5574
12112,12112,8021700030,20140604T000000,371000.0,3.0,1.5,1420,4500,1.0,0,0,3,7,1420,0,1959,0,98103,47.694,-122.332,1540,6375
12113,12113,3861500340,20140626T000000,279900.0,3.0,1.75,1580,6620,1.0,0,0,3,7,1580,0,1988,0,98003,47.2798,-122.303,1580,8137
12114,12114,1823069046,20150420T000000,250000.0,3.0,1.5,2390,23522,1.0,0,0,2,7,1890,500,1938,1968,98059,47.4754,-122.09,2430,23958
12115,12115,6070500055,20140506T000000,599000.0,4.0,2.25,2260,29930,2.0,0,0,4,8,1400,860,1977,0,98006,47.5689,-122.126,2770,29930
12116,12116,520069032,20140716T000000,267300.0,3.0,1.75,1890,93218,1.0,0,0,4,7,1890,0,1964,0,98092,47.2568,-122.07,1690,172062
12117,12117,4154303655,20141211T000000,585000.0,2.0,1.75,1830,7200,1.0,0,2,4,7,1070,760,1949,0,98118,47.5592,-122.273,1570,6000
12118,12118,3876800710,20150414T000000,350000.0,3.0,1.75,1000,8268,1.0,0,0,3,6,1000,0,1969,0,98072,47.7417,-122.172,1220,7800
12119,12119,259000240,20140617T000000,506000.0,3.0,1.75,2180,7700,1.0,0,0,3,8,1480,700,1961,0,98177,47.7594,-122.361,2180,7604
12120,12120,1822069041,20141113T000000,400000.0,6.0,2.0,2320,210830,2.0,0,0,4,8,2320,0,1962,0,98058,47.398,-122.081,2540,217800
12121,12121,7520000695,20141104T000000,151100.0,3.0,1.0,840,4495,1.0,0,0,3,6,840,0,1921,0,98146,47.496,-122.349,1260,7434
12122,12122,7520000695,20150421T000000,251000.0,3.0,1.0,840,4495,1.0,0,0,3,6,840,0,1921,0,98146,47.496,-122.349,1260,7434
12123,12123,2141330700,20140522T000000,555000.0,4.0,2.25,2350,8140,1.0,0,0,4,8,1430,920,1977,0,98006,47.5579,-122.129,2640,8700
12124,12124,3123039082,20141006T000000,467500.0,3.0,1.75,2040,273556,1.0,0,0,3,7,2040,0,1997,0,98070,47.4361,-122.469,1790,273556
12125,12125,7215420370,20150407T000000,479000.0,4.0,2.5,2370,30378,2.0,0,0,3,8,2370,0,1996,0,98042,47.3389,-122.066,2870,34834
12126,12126,1311000270,20150416T000000,247000.0,5.0,2.0,1590,9350,1.0,0,0,5,7,1060,530,1962,0,98001,47.3398,-122.286,1460,8210
12127,12127,7334500800,20150123T000000,299500.0,3.0,1.0,1380,10875,1.0,0,0,3,7,1380,0,1977,0,98045,47.4653,-121.745,1040,10875
12128,12128,2832100270,20150507T000000,306888.0,4.0,1.5,1940,8970,1.5,0,0,3,7,1270,670,1980,0,98125,47.7297,-122.326,1960,8470
12129,12129,3022079094,20141006T000000,675000.0,4.0,2.5,3320,244807,2.0,0,0,3,9,3320,0,2001,0,98010,47.3637,-121.955,2530,217800
12130,12130,2436200320,20150421T000000,577000.0,2.0,1.0,1090,5265,1.5,0,0,4,7,1090,0,1947,0,98105,47.6638,-122.292,2080,4000
12131,12131,1042500013,20140520T000000,219950.0,3.0,1.5,1650,9936,1.0,0,0,3,7,1090,560,1967,0,98003,47.3285,-122.328,1560,9890
12132,12132,3897100060,20140723T000000,375000.0,3.0,1.5,1110,5500,1.0,0,0,3,6,1110,0,1940,1997,98033,47.6717,-122.184,1670,6600
12133,12133,3188100105,20141107T000000,650000.0,4.0,2.5,2110,6820,1.0,0,0,5,7,1530,580,1942,0,98115,47.6882,-122.306,1420,6431
12134,12134,2767604170,20150406T000000,975000.0,3.0,3.0,1850,5000,1.5,0,0,2,6,1850,0,1900,0,98107,47.6711,-122.386,1360,2500
12135,12135,1773100765,20150429T000000,229000.0,1.0,1.0,600,3720,1.0,0,0,3,6,600,0,1920,0,98106,47.5558,-122.363,1480,4800
12136,12136,1211000070,20140921T000000,575000.0,5.0,2.5,2760,4000,1.5,0,0,3,8,1730,1030,1926,2014,98122,47.6074,-122.299,1680,4000
12137,12137,8920100041,20150428T000000,815000.0,4.0,1.75,2970,14880,1.0,0,4,5,9,1560,1410,1962,0,98075,47.5907,-122.086,3310,13388
12138,12138,126059225,20140806T000000,525000.0,3.0,1.75,2300,43560,1.0,0,0,4,7,1350,950,1979,0,98077,47.7716,-122.101,2320,57000
12139,12139,9286100320,20140606T000000,471000.0,3.0,2.5,2030,2805,2.0,0,0,3,8,1720,310,2001,0,98027,47.5305,-122.047,1670,2898
12140,12140,4449800681,20140623T000000,450000.0,4.0,1.75,2160,4333,1.0,0,0,4,8,1260,900,1942,0,98117,47.6893,-122.388,1670,4426
12141,12141,5505700030,20140528T000000,590000.0,3.0,2.0,1650,6150,2.0,0,0,4,7,1650,0,1926,1993,98116,47.5713,-122.394,1280,6150
12142,12142,3260590070,20140801T000000,744000.0,4.0,2.5,3140,7260,2.0,0,0,3,8,2200,940,2004,0,98006,47.5664,-122.124,2860,8186
12143,12143,3211240370,20141201T000000,460000.0,4.0,2.25,2690,36114,2.0,0,0,4,9,2690,0,1986,0,98092,47.3106,-122.116,2570,35091
12144,12144,8142000060,20150313T000000,299000.0,5.0,2.5,1940,9389,1.0,0,0,4,7,1290,650,1960,0,98155,47.7438,-122.328,1810,9390
12145,12145,5595900316,20150129T000000,231000.0,4.0,1.0,1220,5120,1.5,0,0,5,6,1220,0,1940,0,98022,47.205,-121.996,1540,7670
12146,12146,4312700200,20140820T000000,195000.0,3.0,1.0,1300,9600,1.0,0,0,4,6,1300,0,1975,0,98092,47.3037,-122.107,1150,10222
12147,12147,9407001600,20150423T000000,305000.0,3.0,1.75,1660,11500,1.0,0,0,3,7,1130,530,1979,0,98045,47.4473,-121.774,1250,11000
12148,12148,5700001895,20150302T000000,895000.0,4.0,1.5,3390,6200,2.0,0,0,4,8,2530,860,1916,0,98144,47.58,-122.29,3080,6000
12149,12149,1424200070,20140507T000000,1110000.0,4.0,1.5,2310,13300,1.0,0,0,3,7,1890,420,1950,0,98004,47.6232,-122.21,2840,12744
12150,12150,1708400370,20140626T000000,339000.0,2.0,1.0,950,7954,1.0,0,0,4,7,950,0,1941,0,98108,47.557,-122.306,1180,6828
12151,12151,5457801925,20150411T000000,885000.0,4.0,3.75,2400,3520,1.0,0,0,3,7,1370,1030,1924,2005,98109,47.6295,-122.346,2230,1419
12152,12152,2895600350,20141103T000000,375000.0,3.0,1.0,1780,5236,1.5,0,0,5,6,1050,730,1944,0,98146,47.5119,-122.386,1260,5320
12153,12153,4036801070,20140804T000000,367400.0,4.0,1.5,1280,7400,1.0,0,0,3,7,1280,0,1958,0,98008,47.6023,-122.123,1310,7400
12154,12154,976000879,20150424T000000,700000.0,4.0,2.0,1930,5398,1.0,0,0,3,7,1430,500,1953,0,98119,47.646,-122.363,1910,4902
12155,12155,7923100400,20150130T000000,667000.0,5.0,2.25,2560,10360,1.0,0,0,4,8,1870,690,1966,0,98008,47.5819,-122.126,2070,7875
12156,12156,7129304200,20141222T000000,200000.0,2.0,1.0,920,5250,1.0,0,0,4,6,920,0,1906,0,98118,47.5177,-122.266,1210,5250
12157,12157,2225069062,20150415T000000,552775.0,3.0,2.5,1900,18414,2.0,0,0,3,8,1900,0,1971,2007,98074,47.6326,-122.015,2900,39921
12158,12158,3343903240,20140722T000000,452000.0,3.0,2.0,2270,148975,1.0,0,0,4,6,1270,1000,1900,1980,98056,47.5092,-122.195,2210,17388
12159,12159,5095401360,20141121T000000,418000.0,3.0,2.5,2080,16050,1.0,0,0,5,8,1360,720,1978,0,98059,47.4694,-122.069,1790,14550
12160,12160,2547200160,20150212T000000,601500.0,3.0,1.75,1460,10128,1.0,0,0,3,8,1460,0,1968,2000,98033,47.6709,-122.167,2240,10154
12161,12161,124069032,20140505T000000,600000.0,3.0,1.75,1670,39639,1.0,0,0,4,8,1670,0,1976,1992,98075,47.5929,-121.989,2330,30492
12162,12162,7300400320,20150424T000000,340000.0,4.0,2.5,2810,6481,2.0,0,0,3,9,2810,0,1998,0,98092,47.333,-122.172,2660,6958
12163,12163,7212660560,20140826T000000,310000.0,3.0,2.5,2370,6752,2.0,0,0,3,8,2370,0,1994,0,98003,47.2703,-122.312,1870,7455
12164,12164,3343902650,20141217T000000,290000.0,2.0,1.75,1700,18000,1.0,0,0,3,8,1700,0,1972,0,98056,47.5066,-122.194,1700,8225
12165,12165,3034200036,20150424T000000,438000.0,2.0,1.0,1630,9255,1.0,0,0,3,7,1630,0,1941,0,98133,47.7222,-122.332,1800,8000
12166,12166,1498303855,20150224T000000,718000.0,4.0,2.75,2930,4408,1.0,0,0,5,8,1660,1270,1939,0,98144,47.5841,-122.295,2200,4000
12167,12167,1446404015,20140620T000000,200000.0,2.0,1.0,860,6600,1.0,0,0,5,6,860,0,1949,0,98168,47.4878,-122.324,1030,6732
12168,12168,5467910140,20140528T000000,479900.0,3.0,2.0,1980,12150,1.0,0,0,3,9,1980,0,1994,0,98042,47.3657,-122.152,2200,12150
12169,12169,2472920800,20150423T000000,400000.0,3.0,2.5,2080,7877,2.0,0,0,3,9,2080,0,1987,0,98058,47.4395,-122.151,2550,7660
12170,12170,7147600070,20150323T000000,219950.0,3.0,1.0,1060,10042,1.0,0,0,4,7,1060,0,1957,0,98188,47.4434,-122.283,1130,10925
12171,12171,3820350140,20140827T000000,300000.0,3.0,2.5,1590,3381,2.0,0,0,3,7,1590,0,2000,0,98019,47.7344,-121.986,1820,3383
12172,12172,520700125,20140805T000000,437000.0,3.0,2.25,1980,8775,1.0,0,0,3,7,1290,690,1959,0,98177,47.7753,-122.359,1550,9240
12173,12173,3211200140,20140710T000000,350000.0,4.0,2.0,1720,7210,1.0,0,0,3,7,860,860,1971,0,98034,47.7307,-122.239,1250,7210
12174,12174,250000320,20140929T000000,626000.0,4.0,1.75,1350,9293,1.0,0,0,4,7,1350,0,1954,0,98004,47.6335,-122.196,1890,9293
12175,12175,6139800640,20150224T000000,490000.0,3.0,2.5,2080,12032,2.0,0,0,3,8,2080,0,1978,0,98077,47.7455,-122.073,2320,9900
12176,12176,6699000710,20140520T000000,289000.0,3.0,2.5,2090,4700,2.0,0,0,3,8,2090,0,2002,0,98042,47.3724,-122.104,2740,5040
12177,12177,7010700550,20141114T000000,595000.0,3.0,2.5,2030,5100,2.0,0,0,3,7,2030,0,2008,0,98199,47.6594,-122.397,1790,4380
12178,12178,5506500070,20141211T000000,676000.0,3.0,2.25,2680,41804,1.0,0,0,3,9,2680,0,1989,0,98045,47.4828,-121.73,2680,40866
12179,12179,3293700521,20150414T000000,389000.0,3.0,1.75,1820,8028,1.0,0,0,3,7,1220,600,1980,0,98133,47.7466,-122.355,1940,11100
12180,12180,6929604005,20140915T000000,240000.0,3.0,2.0,1300,5000,1.0,0,0,4,7,1300,0,1983,0,98198,47.3837,-122.304,1630,7500
12181,12181,3216900070,20140617T000000,382500.0,4.0,2.5,2210,7079,2.0,0,0,3,8,2210,0,1993,0,98031,47.4206,-122.183,1970,7000
12182,12182,7922800160,20140509T000000,511555.0,3.0,2.0,1400,7293,1.0,0,0,4,7,1400,0,1963,0,98008,47.586000000000006,-122.12,1600,7960
12183,12183,6610000320,20140910T000000,710500.0,3.0,1.75,2040,4125,1.5,0,0,4,8,1540,500,1917,0,98107,47.6608,-122.359,1620,4400
12184,12184,5561400140,20140521T000000,429000.0,3.0,2.5,2420,49928,2.0,0,0,3,8,1860,560,1985,0,98027,47.463,-122.008,2620,37301
12185,12185,7686202065,20140723T000000,170000.0,4.0,1.75,1920,7500,1.0,0,0,4,7,1920,0,1962,0,98198,47.4222,-122.318,1490,8000
12186,12186,4107100204,20140821T000000,2135000.0,4.0,3.25,3860,17820,1.0,0,4,4,10,2630,1230,1975,0,98004,47.6224,-122.215,4590,23760
12187,12187,7214810510,20150408T000000,480000.0,5.0,2.75,2760,7200,1.0,0,0,3,7,1430,1330,1979,0,98072,47.7563,-122.147,2460,8750
12188,12188,5350201180,20140720T000000,1665000.0,4.0,3.75,3450,8395,2.0,0,4,4,10,2640,810,1993,0,98122,47.6134,-122.282,3180,5183
12189,12189,8148600055,20140513T000000,225000.0,3.0,1.0,1040,6535,1.0,0,0,3,6,1040,0,1947,0,98168,47.4906,-122.306,1100,6535
12190,12190,226039270,20141201T000000,615000.0,3.0,1.75,2220,7224,1.0,0,2,3,8,2040,180,1975,0,98177,47.774,-122.384,2540,9990
12191,12191,1220069035,20141120T000000,438950.0,4.0,2.5,2470,385506,2.0,0,3,3,7,2470,0,1991,0,98022,47.2396,-121.993,1680,158994
12192,12192,7466900320,20150304T000000,242000.0,3.0,1.75,1300,9856,1.0,0,0,4,7,1300,0,1962,0,98003,47.3448,-122.298,1400,9600
12193,12193,8078430030,20140716T000000,560000.0,3.0,2.5,1960,9686,1.0,0,0,3,8,1460,500,1989,0,98074,47.6339,-122.026,1960,8254
12194,12194,9523100550,20141003T000000,857500.0,3.0,1.5,2040,3960,2.0,0,2,5,8,2040,0,1928,0,98103,47.6658,-122.355,1540,3400
12195,12195,8961970510,20140506T000000,685000.0,4.0,2.5,3030,7864,2.0,0,0,3,9,3030,0,1999,0,98074,47.6075,-122.017,2790,7034
12196,12196,3574800810,20150403T000000,486000.0,4.0,3.0,2260,7336,2.0,0,0,4,7,2260,0,1977,0,98034,47.7297,-122.219,2200,7724
12197,12197,7732410390,20140605T000000,749000.0,3.0,2.5,2670,10338,2.0,0,0,3,9,2670,0,1987,0,98007,47.6599,-122.146,2670,8866
12198,12198,7697870700,20141114T000000,260000.0,3.0,2.5,1520,6298,2.0,0,0,3,7,1520,0,1986,0,98030,47.3687,-122.182,1670,7207
12199,12199,9275702405,20150114T000000,1015000.0,3.0,1.75,3610,8502,1.5,0,2,3,10,2610,1000,1930,0,98126,47.583,-122.379,2900,5016
12200,12200,1370804461,20150310T000000,565000.0,3.0,1.75,1130,5111,1.0,0,0,4,7,930,200,1942,0,98199,47.6379,-122.4,1360,4424
12201,12201,4310702440,20141014T000000,355000.0,3.0,2.0,1480,2502,2.0,0,0,3,7,1480,0,1991,0,98103,47.6969,-122.338,1850,5000
12202,12202,3935900030,20140730T000000,775000.0,5.0,2.0,3540,9970,2.0,0,3,3,9,3540,0,1970,0,98125,47.7108,-122.277,2280,7195
12203,12203,6385800030,20150422T000000,335000.0,4.0,2.25,2100,7305,1.0,0,0,4,7,1050,1050,1963,0,98188,47.4676,-122.296,1760,7308
12204,12204,1193000390,20140620T000000,1300000.0,5.0,4.0,3366,7800,2.5,0,2,3,8,2966,400,1937,0,98199,47.6466,-122.391,2340,6000
12205,12205,8605900060,20140603T000000,545000.0,3.0,1.75,1810,3000,1.5,0,0,4,7,1810,0,1903,0,98107,47.6599,-122.363,1140,3000
12206,12206,3964400160,20141118T000000,540000.0,3.0,1.75,1680,4240,1.5,0,0,4,7,1680,0,1926,0,98144,47.5745,-122.311,1460,4240
12207,12207,1455600045,20140915T000000,687500.0,3.0,1.75,2450,9377,1.0,0,2,4,8,1540,910,1962,0,98125,47.7296,-122.284,2520,9725
12208,12208,4031000520,20140708T000000,115000.0,1.0,2.0,1150,9812,1.0,0,0,4,7,1150,0,1962,0,98001,47.2951,-122.284,1200,9812
12209,12209,4031000520,20141125T000000,227000.0,1.0,2.0,1150,9812,1.0,0,0,4,7,1150,0,1962,0,98001,47.2951,-122.284,1200,9812
12210,12210,3299610240,20150429T000000,870000.0,4.0,2.5,3240,7621,2.0,0,2,3,9,3240,0,2003,0,98075,47.5641,-122.032,4610,7150
12211,12211,1727850350,20141112T000000,1190000.0,4.0,2.5,3480,12164,1.5,0,0,4,11,3480,0,1984,0,98005,47.6404,-122.171,3960,16855
12212,12212,5416510990,20140910T000000,375000.0,4.0,2.5,2800,5000,2.0,0,0,3,9,2800,0,2006,0,98038,47.3596,-122.036,2960,5092
12213,12213,4154303215,20140828T000000,902000.0,3.0,2.75,3240,7200,1.0,0,2,3,8,1620,1620,1960,0,98118,47.567,-122.273,2700,7200
12214,12214,421000465,20140617T000000,269500.0,2.0,1.5,1480,7276,1.0,0,0,4,6,940,540,1978,0,98056,47.4942,-122.166,1090,6710
12215,12215,9164100105,20150310T000000,570000.0,3.0,1.0,1700,4750,1.5,0,0,4,6,1200,500,1909,0,98117,47.6819,-122.389,1550,4750
12216,12216,6300000320,20140821T000000,359950.0,2.0,1.0,1240,7590,1.0,0,0,4,7,1040,200,1939,0,98133,47.7061,-122.34,1190,5692
12217,12217,824059324,20150325T000000,1450000.0,4.0,3.5,3720,8301,2.0,0,0,3,10,2880,840,2008,0,98004,47.5885,-122.199,2080,9676
12218,12218,259900320,20140717T000000,615000.0,3.0,2.5,1910,3427,2.0,0,0,3,8,1910,0,2001,0,98052,47.6324,-122.11,2240,3720
12219,12219,7888200140,20140604T000000,250000.0,4.0,2.0,2120,8701,1.5,0,0,4,7,2120,0,1960,0,98198,47.3722,-122.308,1720,8527
12220,12220,7852130550,20140916T000000,530000.0,4.0,2.5,3020,6788,2.0,0,0,3,7,3020,0,2002,0,98065,47.5346,-121.881,2640,5325
12221,12221,2824089053,20150127T000000,474950.0,3.0,2.0,2250,222156,1.0,0,0,3,7,2250,0,1987,0,98065,47.542,-121.792,2110,121968
12222,12222,3935900350,20150222T000000,490000.0,4.0,2.0,1650,6480,2.0,0,0,5,7,1650,0,1947,0,98125,47.7117,-122.286,1650,6350
12223,12223,5347200162,20140528T000000,210000.0,2.0,1.5,880,1157,2.0,0,0,3,7,880,0,2007,0,98126,47.5188,-122.376,1070,1203
12224,12224,1953400520,20141114T000000,265500.0,3.0,1.0,1860,9225,1.0,0,0,3,7,1860,0,1957,0,98198,47.3904,-122.3,1740,12204
12225,12225,1251200045,20140620T000000,1462500.0,5.0,3.25,3840,4800,3.0,0,3,3,10,2750,1090,2008,0,98144,47.5929,-122.29,2060,4800
12226,12226,1858600012,20140605T000000,310000.0,4.0,2.25,2192,12128,2.0,0,0,3,8,2192,0,2006,0,98030,47.3644,-122.2,1914,4649
12227,12227,4307310400,20150409T000000,324500.0,3.0,2.5,1590,4108,2.0,0,0,3,7,1590,0,2003,0,98056,47.4832,-122.181,2160,3912
12228,12228,6708200320,20140929T000000,599000.0,4.0,4.75,3700,11000,1.0,0,0,4,7,1840,1860,1962,0,98028,47.768,-122.251,1720,11564
12229,12229,1473060030,20140709T000000,525000.0,4.0,2.5,3670,9958,2.0,0,0,3,10,3670,0,2005,0,98058,47.4617,-122.159,3300,10679
12230,12230,6163901382,20140515T000000,400000.0,3.0,1.0,1630,10304,1.0,0,0,5,7,1630,0,1953,0,98155,47.7548,-122.317,1480,8515
12231,12231,617000030,20141223T000000,887500.0,3.0,3.0,4230,54977,2.0,0,3,3,9,3780,450,1951,2000,98166,47.4176,-122.343,2880,27201
12232,12232,2887700875,20140723T000000,344000.0,2.0,1.0,1060,3325,1.5,0,0,4,6,770,290,1932,0,98115,47.6896,-122.307,1820,4275
12233,12233,9465910030,20140515T000000,525000.0,3.0,2.5,2700,7434,2.0,0,0,3,9,2700,0,1991,0,98072,47.7434,-122.174,2660,8405
12234,12234,6918710340,20140822T000000,385000.0,3.0,2.25,2110,8000,2.0,0,0,3,8,2110,0,1975,0,98034,47.7311,-122.204,1740,7270
12235,12235,629810560,20141217T000000,820000.0,4.0,2.5,3720,8633,2.0,0,0,3,10,3720,0,1999,0,98074,47.6085,-122.013,3515,9660
12236,12236,1025039320,20150427T000000,1305000.0,4.0,3.5,3440,5000,2.0,0,0,3,11,2560,880,2006,0,98199,47.6672,-122.409,3090,10241
12237,12237,3575200030,20140729T000000,549000.0,4.0,2.25,2420,59800,1.0,0,0,4,8,1350,1070,1985,0,98074,47.6206,-122.056,2160,17598
12238,12238,3298701070,20150225T000000,180000.0,3.0,1.0,1090,6771,1.5,0,0,3,7,1090,0,1929,0,98106,47.5177,-122.353,1230,4662
12239,12239,7852011040,20140521T000000,589000.0,4.0,2.5,2910,5776,2.0,0,2,3,8,2910,0,1998,0,98065,47.5388,-121.87,2550,6750
12240,12240,1705400350,20150127T000000,350000.0,3.0,1.0,1050,5518,1.0,0,0,3,7,1050,0,1948,0,98118,47.5564,-122.278,1490,4269
12241,12241,7682200320,20150409T000000,197400.0,3.0,2.0,1610,7575,1.0,0,0,4,7,1110,500,1965,0,98003,47.334,-122.3,1920,8400
12242,12242,3814701090,20140806T000000,267000.0,3.0,2.5,1760,6477,2.0,0,0,4,8,1760,0,1986,0,98030,47.3731,-122.172,1890,6800
12243,12243,8099800340,20141224T000000,480000.0,3.0,1.5,1540,20281,1.0,0,0,3,7,1540,0,1977,0,98075,47.5817,-122.007,1710,21090
12244,12244,5418200340,20141013T000000,650000.0,4.0,2.5,2580,9450,1.0,0,0,4,8,1660,920,1959,0,98125,47.703,-122.28,2060,9450
12245,12245,2767601805,20150213T000000,600000.0,2.0,1.0,1370,5000,1.5,0,0,3,7,1370,0,1905,0,98107,47.6744,-122.383,1500,5000
12246,12246,8682280340,20150430T000000,490000.0,2.0,1.75,1440,6265,1.0,0,0,3,8,1440,0,2005,0,98053,47.7028,-122.013,1810,5209
12247,12247,1432900030,20141121T000000,225000.0,3.0,1.0,1410,7700,1.0,0,0,3,7,980,430,1962,0,98058,47.4577,-122.171,1510,7700
12248,12248,1546600125,20140703T000000,640000.0,3.0,2.25,1980,10115,1.0,0,0,3,8,1980,0,1959,0,98005,47.6384,-122.174,2800,10143
12249,12249,7560000070,20140610T000000,710000.0,3.0,3.5,2440,3427,2.0,0,0,3,7,1990,450,2000,0,98005,47.589,-122.165,2440,2601
12250,12250,2130200160,20140609T000000,325000.0,3.0,2.0,1350,11805,1.0,0,0,3,7,1350,0,1986,0,98019,47.7313,-121.971,1350,14200
12251,12251,9238430140,20140725T000000,595000.0,3.0,3.25,3130,28001,1.0,0,0,3,9,2210,920,1985,0,98072,47.7741,-122.122,2710,34999
12252,12252,7116000350,20140718T000000,128750.0,3.0,1.0,880,7004,1.0,0,0,3,5,880,0,1950,0,98002,47.3019,-122.216,880,7828
12253,12253,4039500390,20141017T000000,465000.0,3.0,2.25,1920,7300,1.0,0,0,3,7,1240,680,1961,0,98008,47.6078,-122.128,1920,7700
12254,12254,8031700186,20140726T000000,710000.0,4.0,1.75,2700,7625,1.0,0,0,4,8,1450,1250,1937,0,98115,47.6838,-122.323,1760,3300
12255,12255,7625702505,20150306T000000,605000.0,4.0,2.75,1670,6000,1.0,0,0,5,7,840,830,1917,0,98136,47.5496,-122.385,1100,6000
12256,12256,7511000140,20140808T000000,994000.0,4.0,2.5,3470,20445,2.0,0,0,4,10,3470,0,1963,0,98040,47.547,-122.219,3360,21950
12257,12257,3191000030,20140619T000000,489950.0,3.0,2.25,1820,7326,2.0,0,0,3,8,1820,0,1983,0,98034,47.7133,-122.217,2430,7696
12258,12258,6150700394,20140506T000000,365000.0,3.0,1.5,1310,8160,1.0,0,0,3,7,1310,0,1950,0,98133,47.7291,-122.339,1090,7560
12259,12259,1786640030,20150202T000000,359950.0,3.0,2.0,1790,7212,1.0,0,0,4,8,1790,0,1998,0,98042,47.3898,-122.154,2330,7212
12260,12260,7708200400,20140929T000000,495000.0,4.0,2.5,2460,4774,2.0,0,0,3,8,2460,0,2006,0,98059,47.4912,-122.145,2510,4399
12261,12261,4406000390,20140521T000000,255000.0,3.0,1.5,1060,9039,1.0,0,0,3,7,1060,0,1973,2013,98058,47.4293,-122.151,1410,9515
12262,12262,1926059094,20140812T000000,330000.0,3.0,1.75,1340,10276,1.0,0,0,4,7,1340,0,1961,0,98034,47.7207,-122.222,2950,7987
12263,12263,9413500350,20140707T000000,450000.0,3.0,1.75,1480,8394,1.0,0,0,4,8,1480,0,1971,0,98052,47.6634,-122.144,1920,9184
12264,12264,7853240310,20150318T000000,655000.0,4.0,2.5,3500,11306,2.0,0,2,3,9,3500,0,2005,0,98065,47.5428,-121.861,3180,8028
12265,12265,5152800030,20150421T000000,485000.0,4.0,2.75,2910,16362,1.0,0,2,4,9,2120,790,1969,0,98003,47.3397,-122.322,2850,14904
12266,12266,1775950030,20140812T000000,375000.0,4.0,1.75,1940,15909,1.0,0,0,3,8,970,970,1974,0,98072,47.7578,-122.094,1940,15120
12267,12267,4221250320,20141017T000000,570000.0,4.0,2.5,2280,4534,2.0,0,0,3,8,2280,0,2003,0,98075,47.5902,-122.018,2246,4534
12268,12268,6749700117,20150423T000000,350000.0,3.0,2.25,1190,1022,3.0,0,0,3,8,1190,0,1998,0,98103,47.6972,-122.349,1210,1171
12269,12269,290000075,20150225T000000,550000.0,3.0,1.0,1260,6000,1.0,0,3,3,7,1260,0,1951,0,98146,47.5058,-122.384,2020,6600
12270,12270,1842100160,20140731T000000,513000.0,5.0,2.0,2270,8652,1.0,0,0,3,7,1150,1120,1965,0,98052,47.6692,-122.151,1950,8050
12271,12271,4365200055,20141205T000000,450000.0,4.0,2.25,1990,7320,1.0,0,0,4,7,1030,960,1965,0,98126,47.5237,-122.376,1320,7320
12272,12272,3644100030,20150209T000000,432500.0,4.0,1.75,1500,1856,1.0,0,0,5,7,750,750,1901,0,98144,47.5917,-122.296,1220,1739
12273,12273,3220079017,20150213T000000,432000.0,5.0,2.75,2060,329903,1.5,0,3,5,7,2060,0,1989,0,98022,47.1776,-121.944,2240,220232
12274,12274,8121200710,20150123T000000,480000.0,3.0,2.25,1950,8892,2.0,0,0,3,8,1950,0,1983,0,98052,47.7213,-122.11,1900,8750
12275,12275,3574801740,20140728T000000,402200.0,3.0,1.75,1790,6980,1.0,0,0,3,7,1330,460,1980,0,98034,47.7311,-122.226,1770,8081
12276,12276,644000102,20150413T000000,650000.0,3.0,1.0,1520,10227,1.0,0,0,4,6,1520,0,1951,0,98004,47.5872,-122.196,2710,10912
12277,12277,5315100784,20150424T000000,1199500.0,4.0,2.5,3240,13044,2.0,0,0,4,9,3240,0,1984,0,98040,47.5825,-122.242,2920,13044
12278,12278,9578200030,20140728T000000,312000.0,3.0,2.0,2440,13250,1.0,0,0,4,8,1440,1000,1977,0,98030,47.375,-122.227,2400,10650
12279,12279,2313900810,20150402T000000,610000.0,4.0,2.0,2220,5821,1.5,0,0,4,7,1380,840,1916,0,98116,47.5723,-122.382,1850,5000
12280,12280,1623300055,20150323T000000,823000.0,5.0,1.75,2640,7722,1.5,0,0,4,7,1650,990,1915,0,98117,47.6802,-122.361,1750,4000
12281,12281,9191200435,20141113T000000,471000.0,4.0,1.75,1450,3750,1.0,0,0,4,7,950,500,1925,0,98105,47.6706,-122.3,1850,4000
12282,12282,2591020560,20140702T000000,481015.0,3.0,2.25,1550,5511,2.0,0,0,3,8,1550,0,1987,0,98033,47.6946,-122.185,1620,5511
12283,12283,1923000260,20141015T000000,1959000.0,5.0,4.5,6200,23373,3.0,0,1,4,11,5050,1150,1988,0,98040,47.5632,-122.215,3700,14486
12284,12284,2193300390,20140923T000000,624000.0,4.0,3.25,2810,11250,1.0,0,0,3,8,1680,1130,1980,0,98052,47.692,-122.099,2110,11250
12285,12285,7016200030,20150320T000000,480000.0,4.0,2.5,2080,7966,1.0,0,0,3,7,1200,880,1970,0,98011,47.7393,-122.181,1920,7500
12286,12286,727500030,20140715T000000,815000.0,3.0,1.5,1370,8671,1.0,0,0,3,7,1370,0,1955,0,98004,47.6217,-122.198,1580,8671
12287,12287,1651800030,20140829T000000,1650000.0,4.0,2.25,2920,20400,1.0,0,0,4,11,2920,0,1966,0,98004,47.6237,-122.228,3080,20400
12288,12288,623049094,20140516T000000,180000.0,3.0,1.0,1000,18513,1.0,0,0,3,6,1000,0,1940,0,98146,47.5118,-122.348,1280,8113
12289,12289,2538800030,20150217T000000,156601.0,2.0,1.75,1210,9750,1.0,0,0,3,7,1210,0,1984,0,98038,47.3438,-122.037,1650,9750
12290,12290,7714000310,20140719T000000,374950.0,4.0,2.5,2790,4650,2.0,0,0,3,8,2790,0,2004,0,98038,47.3557,-122.026,2850,4650
12291,12291,254000075,20140519T000000,368000.0,2.0,1.5,1660,4680,1.0,0,0,5,6,830,830,1908,0,98146,47.5134,-122.388,1930,5400
12292,12292,1257201375,20141202T000000,550000.0,3.0,2.0,1650,3952,2.0,0,0,3,7,1650,0,1950,0,98103,47.6727,-122.33,1210,4560
12293,12293,8856004582,20140717T000000,198000.0,3.0,1.75,1300,6318,1.0,0,0,3,7,1300,0,1980,0,98001,47.2752,-122.251,1150,8002
12294,12294,3205400240,20140513T000000,345000.0,3.0,1.75,1090,7200,1.0,0,0,3,7,1090,0,1968,0,98034,47.7227,-122.179,1240,7200
12295,12295,3738000070,20150309T000000,1712750.0,5.0,2.5,2660,6572,1.0,0,0,5,9,1960,700,1959,0,98039,47.6176,-122.223,3960,14595
12296,12296,8856001090,20150130T000000,185900.0,3.0,1.0,940,10890,1.0,0,0,4,5,940,0,1909,0,98001,47.2763,-122.257,1370,10255
12297,12297,3224500240,20140617T000000,950000.0,3.0,2.75,2750,18029,1.0,0,2,5,9,1810,940,1978,0,98006,47.5617,-122.134,2850,10021
12298,12298,4139460390,20140620T000000,995000.0,4.0,4.5,3850,13551,2.0,0,2,3,10,3000,850,1998,0,98006,47.5522,-122.103,3480,10737
12299,12299,3531900060,20140802T000000,345000.0,2.0,1.0,860,8250,1.0,0,0,3,7,860,0,1940,0,98133,47.7132,-122.334,1780,11200
12300,12300,4457300135,20141105T000000,741000.0,4.0,2.75,2070,10125,1.0,0,0,3,7,1390,680,1962,0,98040,47.5697,-122.219,1850,10125
12301,12301,8682292090,20140709T000000,737000.0,2.0,2.25,2290,9772,1.0,0,0,3,8,2290,0,2007,0,98053,47.7199,-122.025,1810,6077
12302,12302,7278700069,20140521T000000,668750.0,4.0,2.5,2340,6420,1.0,0,2,3,8,1590,750,1964,0,98177,47.7728,-122.386,2110,10856
12303,12303,5710610800,20140702T000000,575000.0,3.0,1.75,2680,8625,1.0,0,0,5,8,1590,1090,1974,0,98027,47.5316,-122.056,2620,14275
12304,12304,8651443420,20141017T000000,280000.0,4.0,2.0,1710,5440,1.0,0,0,5,8,1030,680,1976,0,98042,47.36600000000001,-122.093,1620,6696
12305,12305,7751800070,20140804T000000,583000.0,3.0,1.5,1800,10050,1.0,0,0,3,7,1800,0,1955,0,98008,47.6344,-122.126,1610,10050
12306,12306,2570600140,20150128T000000,196000.0,3.0,2.25,1510,9600,1.0,0,0,1,7,1090,420,1966,0,98028,47.7758,-122.238,1870,10681
12307,12307,1565950260,20140515T000000,349950.0,3.0,2.5,1700,7496,2.0,0,0,3,8,1700,0,1994,0,98055,47.432,-122.189,2280,7496
12308,12308,7550801170,20141211T000000,429000.0,4.0,1.0,1350,3333,1.5,0,0,3,7,1350,0,1912,0,98107,47.6727,-122.397,1530,5000
12309,12309,6648701740,20150220T000000,270000.0,5.0,2.5,2140,10320,1.0,0,0,4,7,1330,810,1967,0,98031,47.3927,-122.194,2050,8964
12310,12310,7529500030,20140909T000000,385000.0,6.0,4.0,2700,7416,1.0,0,0,3,7,1350,1350,1969,0,98108,47.5525,-122.3,2260,5324
12311,12311,9523102420,20140922T000000,535000.0,1.0,1.0,920,5000,1.0,0,3,4,7,920,0,1906,0,98103,47.6748,-122.352,1890,5000
12312,12312,7283900521,20150420T000000,352500.0,3.0,1.75,1500,10269,1.0,0,0,3,7,1030,470,1958,0,98133,47.7672,-122.348,2090,10269
12313,12313,7519001275,20150301T000000,624000.0,3.0,1.75,1510,5200,1.0,0,0,4,7,860,650,1922,0,98117,47.6864,-122.365,1650,4160
12314,12314,1432900350,20141217T000000,215000.0,5.0,1.5,1980,7958,1.5,0,0,3,7,1980,0,1962,0,98058,47.4571,-122.17,1510,8438
12315,12315,1924059248,20140602T000000,870000.0,4.0,3.0,4500,21780,2.0,0,2,3,9,3040,1460,1980,0,98040,47.5581,-122.213,3540,20473
12316,12316,6649500060,20140729T000000,440000.0,4.0,2.5,3220,8256,2.0,0,0,3,8,2610,610,2006,0,98059,47.495,-122.155,2500,9472
12317,12317,2254501342,20150505T000000,518000.0,2.0,1.5,1140,1149,2.0,0,0,3,7,940,200,2001,0,98122,47.6124,-122.314,1460,1149
12318,12318,2025700260,20150325T000000,259500.0,3.0,2.25,1490,7589,2.0,0,0,3,7,1490,0,1993,0,98038,47.3474,-122.037,1510,6603
12319,12319,2386000070,20141029T000000,795127.0,4.0,3.25,4360,91158,1.0,0,0,3,10,3360,1000,1993,0,98053,47.6398,-121.985,3540,90940
12320,12320,2206500105,20140818T000000,290000.0,3.0,1.0,960,9000,1.0,0,0,4,7,960,0,1955,0,98006,47.5765,-122.154,1520,9000
12321,12321,1953400045,20150423T000000,385000.0,4.0,3.0,2253,7700,2.0,0,0,3,7,2253,0,1957,2014,98198,47.3935,-122.3,1786,9052
12322,12322,3996900575,20141007T000000,259950.0,2.0,1.0,770,6542,1.0,0,0,3,6,770,0,1948,0,98155,47.747,-122.301,1120,8149
12323,12323,869700350,20150429T000000,330000.0,2.0,2.5,1310,2915,2.0,0,0,3,8,1310,0,1999,0,98059,47.4911,-122.154,1310,3425
12324,12324,7387500335,20141219T000000,280000.0,3.0,1.0,980,7480,1.0,0,0,3,6,830,150,1948,0,98106,47.5206,-122.363,1140,7480
12325,12325,6795100563,20140701T000000,595000.0,4.0,2.5,1820,20011,2.0,0,0,3,8,1820,0,1987,0,98075,47.5842,-122.045,2710,33915
12326,12326,8001470560,20141117T000000,925900.0,4.0,3.75,3980,7828,2.0,0,0,3,10,3980,0,2001,0,98074,47.6303,-122.065,3980,8910
12327,12327,4140100200,20140808T000000,499000.0,3.0,2.25,3010,9600,2.0,0,0,3,8,2410,600,1978,0,98028,47.7671,-122.263,2620,9660
12328,12328,7212650510,20150403T000000,325000.0,4.0,2.5,1830,7762,2.0,0,0,3,8,1830,0,1993,0,98003,47.267,-122.31,2109,8966
12329,12329,686800070,20140610T000000,895000.0,5.0,2.5,2550,20875,1.0,0,0,4,9,1610,940,1953,0,98004,47.6336,-122.192,2510,21673
12330,12330,5126900200,20150429T000000,162248.0,2.0,1.0,800,8960,1.0,0,0,4,6,800,0,1944,0,98058,47.4756,-122.174,850,8082
12331,12331,6329000070,20141015T000000,1072500.0,3.0,2.25,2890,21480,2.0,0,4,3,8,1790,1100,1941,1989,98146,47.5027,-122.381,2110,8107
12332,12332,5430300171,20140703T000000,430000.0,3.0,1.5,1810,5080,1.0,0,0,3,7,1030,780,1958,0,98115,47.6819,-122.287,1780,7620
12333,12333,5430300171,20150129T000000,615500.0,3.0,1.5,1810,5080,1.0,0,0,3,7,1030,780,1958,0,98115,47.6819,-122.287,1780,7620
12334,12334,2742100016,20150416T000000,260000.0,3.0,1.0,940,5650,1.0,0,0,3,6,940,0,1949,0,98118,47.5551,-122.292,1180,5276
12335,12335,1324079082,20141117T000000,295000.0,4.0,2.0,1810,42981,1.0,0,0,4,7,1810,0,1973,0,98024,47.5597,-121.85,1980,113691
12336,12336,1422200496,20140924T000000,1186040.0,3.0,1.75,2550,6117,2.0,0,0,3,9,1650,900,1951,2004,98122,47.6109,-122.285,2100,4967
12337,12337,3754500566,20141120T000000,749950.0,4.0,2.5,2370,2971,2.0,0,2,3,9,2080,290,2008,0,98034,47.7064,-122.224,2970,7500
12338,12338,5132000140,20140618T000000,175000.0,6.0,1.0,1370,5080,1.5,0,0,3,6,1120,250,1931,0,98106,47.5238,-122.35,1020,5080
12339,12339,5132000140,20150120T000000,415000.0,6.0,1.0,1370,5080,1.5,0,0,3,6,1120,250,1931,0,98106,47.5238,-122.35,1020,5080
12340,12340,6131600240,20141119T000000,190000.0,3.0,1.0,1200,8316,1.0,0,0,4,6,1200,0,1953,0,98002,47.3231,-122.215,1250,8316
12341,12341,2768000295,20150417T000000,625000.0,3.0,1.75,2100,3264,1.5,0,0,5,7,1350,750,1912,0,98107,47.6702,-122.364,1720,3750
12342,12342,4046600320,20140826T000000,420000.0,3.0,2.25,2020,21010,2.0,0,0,3,7,2020,0,1995,0,98014,47.6988,-121.915,1850,18151
12343,12343,1598600320,20150416T000000,339900.0,4.0,1.5,1570,9210,1.0,0,2,3,7,1400,170,1965,0,98030,47.3864,-122.22,2326,9210
12344,12344,4140900270,20150427T000000,160000.0,2.0,1.0,1140,23030,1.0,0,0,3,8,1140,0,1980,0,98028,47.7637,-122.266,1850,14260
12345,12345,5104510060,20141215T000000,353000.0,4.0,2.5,1830,5331,2.0,0,0,3,7,1830,0,2002,0,98038,47.3557,-122.016,1830,5175
12346,12346,3578400710,20150206T000000,390000.0,3.0,2.0,1010,14183,1.0,0,0,3,8,1010,0,1982,0,98074,47.6232,-122.043,1750,11700
12347,12347,4036400030,20150305T000000,675000.0,4.0,2.5,1770,9858,1.0,0,2,3,8,1770,0,1971,0,98155,47.7382,-122.287,2470,9858
12348,12348,6084200060,20150313T000000,400000.0,3.0,2.5,2120,3757,2.0,0,0,3,7,2120,0,2006,0,98059,47.4787,-122.128,2230,4103
12349,12349,1251200055,20140626T000000,1340000.0,4.0,3.5,3190,5040,2.0,0,3,3,10,2160,1030,2003,0,98144,47.5928,-122.29,2390,4800
12350,12350,8964800860,20150209T000000,1650000.0,4.0,2.5,2780,11904,1.0,0,1,5,8,1730,1050,1951,0,98004,47.6209,-122.216,3590,13860
12351,12351,9551200270,20140825T000000,1000000.0,5.0,3.0,3350,9450,2.0,0,0,5,8,2180,1170,1912,1980,98103,47.6705,-122.34,2660,4500
12352,12352,3226059128,20140618T000000,850000.0,5.0,3.5,3450,28324,1.0,0,0,5,8,2350,1100,1972,0,98033,47.6991,-122.196,2640,14978
12353,12353,3438500798,20140715T000000,275000.0,3.0,1.5,1060,6954,1.0,0,0,4,6,1060,0,1983,0,98106,47.5498,-122.355,1560,6954
12354,12354,9286100200,20140813T000000,450000.0,3.0,2.5,1670,2589,2.0,0,0,3,8,1670,0,2000,0,98027,47.5314,-122.047,1670,2897
12355,12355,5151600390,20141113T000000,305000.0,4.0,1.75,2251,12731,1.0,0,1,4,8,1390,861,1957,0,98003,47.3369,-122.32,2520,12539
12356,12356,4172100240,20140902T000000,643002.0,3.0,2.5,1770,3744,1.5,0,0,3,7,1270,500,1929,0,98117,47.6807,-122.364,1400,4680
12357,12357,5422560830,20150413T000000,468000.0,2.0,1.75,1510,4500,1.0,0,0,3,8,1510,0,1978,0,98052,47.6644,-122.13,1740,6000
12358,12358,5104520640,20150220T000000,324950.0,4.0,2.5,1770,5000,2.0,0,0,3,7,1770,0,2004,0,98038,47.3506,-122.006,2080,5100
12359,12359,8078550320,20150326T000000,290000.0,3.0,2.0,1260,7346,1.0,0,0,3,7,1260,0,1987,0,98031,47.4034,-122.176,1460,7363
12360,12360,8099600160,20150429T000000,488500.0,3.0,2.0,1710,10959,1.0,0,0,4,7,1030,680,1981,0,98033,47.697,-122.199,1710,10498
12361,12361,7287700059,20140813T000000,367950.0,3.0,1.75,2290,8234,1.0,0,0,4,7,1250,1040,1950,0,98133,47.7611,-122.351,1660,7200
12362,12362,8862000075,20150220T000000,285000.0,2.0,1.0,790,6555,1.0,0,0,2,6,790,0,1956,0,98146,47.5015,-122.35,1440,7601
12363,12363,8887001625,20150410T000000,417000.0,3.0,2.75,1820,52889,2.0,0,0,3,8,1820,0,1991,0,98070,47.501000000000005,-122.463,1820,45528
12364,12364,9464700340,20140708T000000,1115000.0,4.0,2.5,3180,31931,1.0,0,0,4,10,2390,790,1978,0,98007,47.6388,-122.149,3180,35007
12365,12365,5451300117,20150422T000000,1550000.0,4.0,4.0,5280,17677,2.0,0,3,3,11,3220,2060,1978,0,98040,47.5323,-122.238,3470,17474
12366,12366,587550340,20140502T000000,604000.0,3.0,2.5,3240,33151,2.0,0,2,3,10,3240,0,1995,0,98023,47.3256,-122.378,4050,24967
12367,12367,2591820070,20150428T000000,380000.0,3.0,2.5,2390,8102,2.0,0,0,4,8,2390,0,1986,0,98058,47.4378,-122.16,2310,8606
12368,12368,6679000960,20141116T000000,336500.0,4.0,2.5,2500,5264,2.0,0,0,3,7,2500,0,2003,0,98038,47.3853,-122.028,1960,5250
12369,12369,9138100350,20150218T000000,685000.0,4.0,2.0,2290,6000,1.5,0,3,5,7,2290,0,1900,0,98115,47.6807,-122.318,2000,3150
12370,12370,6065300370,20150506T000000,4208000.0,5.0,6.0,7440,21540,2.0,0,0,3,12,5550,1890,2003,0,98006,47.5692,-122.189,4740,19329
12371,12371,5315100393,20141211T000000,670000.0,3.0,1.0,1600,16868,1.0,0,1,3,7,990,610,1946,0,98040,47.5872,-122.241,2600,12735
12372,12372,5244800695,20140616T000000,524000.0,2.0,1.0,1120,2000,1.5,0,0,3,7,1120,0,1910,0,98109,47.6454,-122.354,1500,4000
12373,12373,3584000400,20141211T000000,172000.0,3.0,1.0,1340,10260,1.0,0,0,3,7,1340,0,1968,0,98003,47.3173,-122.317,1250,8775
12374,12374,6746701090,20140619T000000,680000.0,6.0,2.0,1670,3000,1.0,0,0,5,7,900,770,1911,0,98105,47.6637,-122.316,1330,1099
12375,12375,2421059017,20140523T000000,549900.0,4.0,3.0,2830,213879,2.0,0,0,4,8,2830,0,1987,0,98092,47.2925,-122.107,2250,213008
12376,12376,4053200926,20141205T000000,357000.0,4.0,2.75,2700,49428,1.0,0,0,4,9,2700,0,1988,0,98042,47.3168,-122.079,2728,85905
12377,12377,7899800045,20140828T000000,107000.0,3.0,1.5,910,5120,1.0,0,0,3,6,910,0,1973,0,98106,47.5238,-122.356,1410,5132
12378,12378,7899800045,20141202T000000,232900.0,3.0,1.5,910,5120,1.0,0,0,3,6,910,0,1973,0,98106,47.5238,-122.356,1410,5132
12379,12379,9482700075,20150112T000000,800000.0,4.0,3.5,2370,3302,2.0,0,0,3,8,1610,760,1926,2014,98103,47.684,-122.341,2170,3800
12380,12380,6300000368,20150327T000000,248500.0,2.0,1.5,880,1498,2.0,0,0,3,7,880,0,1999,0,98133,47.7063,-122.342,880,5060
12381,12381,5135000160,20140612T000000,670000.0,3.0,2.5,2050,6420,1.0,0,3,3,8,1730,320,1956,0,98116,47.5708,-122.405,2370,7620
12382,12382,1022069050,20150227T000000,207000.0,3.0,1.75,1180,21275,1.0,0,0,4,6,1180,0,1958,0,98038,47.4018,-122.037,1490,35100
12383,12383,2599000370,20141103T000000,164000.0,3.0,1.0,1070,8250,1.0,0,0,3,7,1070,0,1961,0,98092,47.2899,-122.192,1190,8250
12384,12384,2652500126,20150217T000000,570500.0,2.0,1.0,1380,1800,2.0,0,0,3,7,1080,300,1954,0,98119,47.6416,-122.361,1600,3600
12385,12385,2923500550,20140625T000000,599990.0,3.0,2.25,2680,9162,1.0,0,0,3,8,1570,1110,1978,0,98027,47.5683,-122.091,2480,8261
12386,12386,3760100200,20141006T000000,395000.0,5.0,1.75,2100,9599,1.0,0,0,3,7,1060,1040,1961,0,98034,47.7097,-122.216,1680,10712
12387,12387,1226069045,20140827T000000,979500.0,4.0,3.75,4133,361548,2.0,0,0,3,11,4133,0,2000,0,98019,47.7479,-121.972,1970,291416
12388,12388,3935900232,20140929T000000,207000.0,3.0,1.0,920,5546,1.0,0,0,2,6,920,0,1928,0,98125,47.7114,-122.284,1300,5546
12389,12389,3935900232,20150112T000000,237000.0,3.0,1.0,920,5546,1.0,0,0,2,6,920,0,1928,0,98125,47.7114,-122.284,1300,5546
12390,12390,224069105,20150410T000000,650100.0,2.0,1.0,1750,60872,1.0,0,0,4,7,1180,570,1973,0,98075,47.5946,-122.006,2480,5425
12391,12391,8087800400,20141201T000000,385000.0,4.0,2.5,1950,7350,1.0,0,0,3,7,1150,800,1963,0,98052,47.656000000000006,-122.134,2050,9068
12392,12392,723049301,20140813T000000,335000.0,2.0,1.75,1660,11437,2.0,0,0,3,7,1660,0,1958,1992,98146,47.4899,-122.339,1290,7860
12393,12393,4136920030,20140524T000000,347000.0,4.0,1.5,2670,10026,2.0,0,0,3,8,2670,0,1996,0,98092,47.2659,-122.215,2420,11900
12394,12394,7686203385,20150326T000000,204000.0,3.0,1.0,980,8000,1.0,0,0,4,6,980,0,1954,0,98198,47.42,-122.317,1240,8000
12395,12395,7922710520,20150507T000000,615000.0,4.0,2.25,1780,10260,2.0,0,0,3,8,1780,0,1971,0,98052,47.6647,-122.142,2360,10080
12396,12396,824059293,20141028T000000,943500.0,3.0,2.25,2370,10890,2.0,0,0,4,7,2370,0,1980,0,98004,47.5827,-122.197,2370,9514
12397,12397,3959400335,20150423T000000,560000.0,3.0,2.0,1640,7333,1.0,0,0,4,7,1020,620,1941,0,98108,47.5636,-122.316,2130,4933
12398,12398,6072760390,20150407T000000,547500.0,4.0,2.5,2610,7254,1.0,0,0,2,8,1610,1000,1975,0,98006,47.5618,-122.176,2250,7407
12399,12399,2787700030,20141010T000000,359500.0,4.0,1.75,2030,7210,1.0,0,0,3,7,1450,580,1968,0,98059,47.5067,-122.164,1750,8387
12400,12400,6446200060,20150401T000000,660000.0,3.0,2.5,2590,35640,1.0,0,0,3,9,2590,0,1987,0,98029,47.5516,-122.03,2590,31200
12401,12401,1545800710,20140523T000000,258000.0,3.0,1.75,1620,7540,1.0,0,0,3,7,1310,310,1988,0,98038,47.3635,-122.052,1580,7540
12402,12402,3522059196,20140627T000000,355000.0,3.0,1.75,2040,22693,1.0,0,0,4,8,2040,0,1980,0,98042,47.3519,-122.14,1950,6280
12403,12403,4365200186,20140606T000000,253500.0,2.0,1.0,810,4800,1.0,0,0,3,7,810,0,1948,0,98126,47.5232,-122.375,1240,7740
12404,12404,2064800890,20150415T000000,422500.0,3.0,1.0,1270,8920,1.0,0,0,5,7,1270,0,1969,0,98056,47.534,-122.172,1590,8589
12405,12405,9268710390,20141113T000000,239000.0,2.0,2.0,1470,2052,1.5,0,0,3,7,1470,0,1986,0,98003,47.3086,-122.328,1470,2052
12406,12406,2273600260,20150403T000000,628000.0,3.0,2.25,1720,8521,1.0,0,0,4,7,1140,580,1984,0,98033,47.6882,-122.184,1530,8692
12407,12407,9206950200,20150310T000000,352000.0,2.0,2.5,1320,1957,1.0,0,0,3,8,660,660,2004,0,98106,47.5364,-122.365,1420,2198
12408,12408,2291400341,20150203T000000,311600.0,3.0,2.25,1358,1196,3.0,0,0,3,7,1358,0,2007,0,98133,47.7052,-122.346,1358,1196
12409,12409,1311400350,20141009T000000,235000.0,4.0,1.5,2070,7245,1.0,0,0,4,7,1060,1010,1964,0,98001,47.3417,-122.281,1450,7350
12410,12410,191100810,20140811T000000,870000.0,5.0,2.25,2910,9525,2.0,0,0,4,9,2910,0,1968,0,98040,47.5633,-122.218,2740,9525
12411,12411,7895500550,20150319T000000,190848.0,4.0,1.5,1370,7904,1.0,0,0,3,7,900,470,1970,0,98001,47.3344,-122.28,1370,7900
12412,12412,9221400335,20141001T000000,570000.0,4.0,1.75,2340,5080,1.0,0,0,5,7,1170,1170,1924,0,98115,47.6746,-122.32,1270,3270
12413,12413,6087100070,20140523T000000,661254.0,4.0,4.0,2290,6250,1.5,0,0,5,7,1690,600,1940,0,98116,47.5824,-122.384,1920,4335
12414,12414,3052700695,20140507T000000,575000.0,4.0,2.0,1650,5000,1.0,0,0,3,7,1650,0,1955,0,98117,47.6781,-122.374,1690,2276
12415,12415,6150200435,20140513T000000,230000.0,2.0,0.75,650,5360,1.0,0,0,4,5,650,0,1931,0,98133,47.7281,-122.335,1110,6700
12416,12416,5423040140,20150402T000000,680000.0,3.0,2.25,2300,9914,2.0,0,0,4,8,2300,0,1980,0,98027,47.5677,-122.086,2240,9032
12417,12417,123039336,20140611T000000,148000.0,1.0,1.0,620,8261,1.0,0,0,3,5,620,0,1939,0,98106,47.5138,-122.364,1180,8244
12418,12418,123039336,20141208T000000,244900.0,1.0,1.0,620,8261,1.0,0,0,3,5,620,0,1939,0,98106,47.5138,-122.364,1180,8244
12419,12419,1446401290,20141030T000000,214950.0,3.0,1.0,1400,6600,1.0,0,0,3,6,1280,120,1954,0,98168,47.4845,-122.331,1730,6600
12420,12420,8010100135,20141030T000000,580000.0,3.0,1.5,1800,6250,1.0,0,0,3,8,1420,380,1947,0,98116,47.5778,-122.389,1800,5625
12421,12421,8899000140,20140828T000000,263000.0,3.0,1.5,1300,7885,1.0,0,0,3,7,1300,0,1968,0,98055,47.4556,-122.209,1840,7600
12422,12422,2172000570,20140624T000000,317000.0,5.0,2.5,2360,11375,1.0,0,0,4,7,1180,1180,1962,0,98178,47.4875,-122.255,1160,7800
12423,12423,1471701200,20141022T000000,302000.0,4.0,3.0,3320,13500,1.0,0,0,3,7,1750,1570,1963,0,98059,47.4596,-122.065,1830,13800
12424,12424,9808700370,20140623T000000,899000.0,3.0,1.0,1480,6978,2.0,0,0,4,8,1480,0,1949,1985,98004,47.6497,-122.217,2660,13062
12425,12425,904000045,20140623T000000,1289000.0,3.0,2.5,2190,11394,1.0,0,0,3,8,1550,640,1956,0,98199,47.6685,-122.409,2190,9540
12426,12426,7680400140,20140626T000000,710000.0,3.0,3.25,3740,136915,2.5,0,0,3,11,3100,640,1990,0,98166,47.4549,-122.363,2400,16104
12427,12427,3291800140,20141107T000000,230000.0,3.0,1.0,1360,9310,1.0,0,0,4,7,1020,340,1980,0,98056,47.4901,-122.185,1480,8330
12428,12428,3624039074,20150504T000000,430000.0,3.0,1.0,1210,5200,1.0,0,0,3,6,1210,0,1941,0,98126,47.531000000000006,-122.373,890,5200
12429,12429,98001070,20140818T000000,1169000.0,5.0,4.25,4610,13252,2.0,0,4,3,11,4610,0,2004,0,98075,47.5878,-121.969,4400,15154
12430,12430,5100402767,20141014T000000,397000.0,3.0,1.0,860,6380,1.5,0,0,4,7,860,0,1927,0,98115,47.6942,-122.315,1250,6380
12431,12431,2826049070,20150225T000000,595000.0,3.0,2.5,2250,8300,2.0,0,0,3,8,2250,0,2003,0,98125,47.7174,-122.308,1790,7626
12432,12432,9414610240,20150310T000000,485000.0,3.0,1.75,2030,10089,1.0,0,0,4,8,1330,700,1976,0,98027,47.5217,-122.05,2030,9827
12433,12433,4019301160,20140627T000000,755000.0,5.0,2.5,3260,24300,1.5,0,1,4,8,2310,950,1950,0,98155,47.7587,-122.274,2390,32057
12434,12434,1217000340,20140606T000000,185000.0,3.0,1.0,1840,8100,1.0,0,0,4,7,920,920,1953,0,98166,47.455,-122.35,1250,8100
12435,12435,1217000340,20150219T000000,340000.0,3.0,1.0,1840,8100,1.0,0,0,4,7,920,920,1953,0,98166,47.455,-122.35,1250,8100
12436,12436,8081650400,20140624T000000,236000.0,4.0,2.75,2000,5827,2.0,0,0,3,7,2000,0,1997,0,98038,47.3629,-122.026,1710,6929
12437,12437,9465910310,20140919T000000,550000.0,4.0,2.5,2810,7549,2.0,0,0,3,9,2810,0,1992,0,98072,47.7441,-122.173,2750,7642
12438,12438,9468200163,20140709T000000,680000.0,3.0,2.0,1780,5720,1.0,0,0,5,7,980,800,1925,0,98103,47.6794,-122.351,1620,5050
12439,12439,305000310,20150421T000000,630000.0,4.0,2.5,2540,8706,2.0,0,0,3,9,2540,0,1997,0,98075,47.5855,-122.031,2540,6239
12440,12440,2624049035,20140617T000000,560000.0,3.0,2.0,2340,3477,1.0,0,1,5,7,1170,1170,1971,0,98118,47.54,-122.267,2110,6300
12441,12441,8098400135,20140513T000000,385000.0,3.0,2.0,1480,6600,1.0,0,2,3,7,740,740,1943,0,98146,47.5081,-122.385,1250,7300
12442,12442,2291400342,20141022T000000,280000.0,3.0,2.25,1358,1141,3.0,0,0,3,7,1358,0,2007,0,98133,47.7052,-122.346,1358,1196
12443,12443,4051110240,20140825T000000,225000.0,3.0,2.5,1750,7490,1.0,0,0,4,7,1180,570,1979,0,98042,47.3746,-122.149,1570,7490
12444,12444,3024059078,20140605T000000,610000.0,4.0,1.75,1830,29110,2.0,0,0,3,8,1230,600,1990,0,98040,47.5449,-122.215,3630,16488
12445,12445,3182100105,20141209T000000,592500.0,3.0,2.0,1170,6750,1.0,0,0,5,7,800,370,1947,0,98115,47.6752,-122.281,1330,6750
12446,12446,6705850140,20141009T000000,750000.0,4.0,2.75,3170,7634,2.0,0,0,3,10,3170,0,1992,0,98075,47.5774,-122.054,2940,7846
12447,12447,8651442440,20141023T000000,164000.0,4.0,1.0,1530,4875,2.0,0,0,3,7,1530,0,1977,0,98042,47.3638,-122.091,1470,4875
12448,12448,3432500765,20140612T000000,320000.0,2.0,1.0,1100,8281,1.0,0,0,4,7,1100,0,1947,0,98155,47.7414,-122.315,1510,8281
12449,12449,3905100310,20140625T000000,544000.0,4.0,2.5,2030,3974,2.0,0,0,3,8,2030,0,1994,0,98029,47.5692,-122.006,1780,3953
12450,12450,1328330510,20140909T000000,344950.0,3.0,1.75,1870,7500,1.0,0,0,5,8,1320,550,1978,0,98058,47.4428,-122.134,1870,7275
12451,12451,4017050260,20140606T000000,539500.0,3.0,2.5,3080,12476,2.0,0,0,3,10,3080,0,1990,0,98038,47.3752,-122.029,3130,13631
12452,12452,2323069053,20150417T000000,420000.0,4.0,1.75,2480,60548,1.0,0,0,4,7,1600,880,1968,0,98027,47.4722,-122.001,2390,90169
12453,12453,4022900951,20150402T000000,305000.0,2.0,1.0,910,22725,1.0,0,0,1,6,910,0,1926,0,98155,47.7712,-122.299,2000,14566
12454,12454,6450304630,20141201T000000,229000.0,2.0,1.0,810,5100,1.0,0,0,3,6,810,0,1955,0,98133,47.7317,-122.343,1500,5100
12455,12455,3303960060,20140619T000000,1068000.0,5.0,3.5,3990,9938,2.0,0,0,3,11,3990,0,2001,0,98059,47.5198,-122.156,3490,11734
12456,12456,993001342,20140808T000000,397500.0,3.0,2.25,1430,1383,3.0,0,0,3,8,1430,0,2005,0,98103,47.6917,-122.341,1430,1347
12457,12457,6743700030,20150401T000000,540000.0,4.0,2.0,2190,8402,2.0,0,0,4,6,2190,0,1928,0,98033,47.6944,-122.175,2210,7802
12458,12458,6696800030,20140923T000000,650000.0,4.0,2.5,2290,10186,2.0,0,0,3,8,2290,0,1985,0,98008,47.6353,-122.124,2150,10186
12459,12459,4114601580,20140724T000000,1900000.0,6.0,4.0,3020,13237,2.0,1,4,3,8,2840,180,1942,1983,98144,47.5924,-122.287,3680,12620
12460,12460,2025079045,20140623T000000,649000.0,2.0,1.75,2260,280962,2.0,0,2,3,9,1890,370,2005,0,98014,47.6359,-121.94,2860,219542
12461,12461,182000350,20150325T000000,287500.0,5.0,2.0,2020,67953,1.5,0,0,4,7,1620,400,1936,0,98178,47.4891,-122.263,1270,13198
12462,12462,8082400136,20140626T000000,815000.0,4.0,2.75,2620,4743,1.0,0,2,4,8,1310,1310,1949,0,98117,47.6829,-122.4,1900,4764
12463,12463,6352600350,20141209T000000,795000.0,2.0,2.5,2830,8630,2.0,0,0,3,10,2830,0,2001,0,98074,47.6481,-122.081,3190,7515
12464,12464,9414610070,20150130T000000,502775.0,3.0,1.75,1700,9840,1.0,0,0,4,8,1200,500,1976,0,98027,47.5192,-122.046,2040,14169
12465,12465,7812801125,20150112T000000,222900.0,2.0,1.0,1110,6411,1.0,0,0,3,6,1110,0,1944,0,98178,47.4962,-122.242,1150,6504
12466,12466,1121039105,20141203T000000,399950.0,4.0,3.0,2150,64694,1.0,0,0,3,8,1450,700,1969,0,98023,47.3268,-122.388,2430,59612
12467,12467,3591000030,20140823T000000,728000.0,4.0,2.5,2650,13684,2.0,0,0,3,9,2650,0,1994,0,98052,47.6278,-122.108,2650,12032
12468,12468,2386000240,20140929T000000,850000.0,5.0,3.5,3870,65556,2.0,0,0,3,10,3870,0,1994,0,98053,47.6403,-121.992,4290,67019
12469,12469,4254000060,20141002T000000,525000.0,4.0,2.75,2530,17856,2.0,0,0,3,8,2530,0,1998,0,98019,47.7356,-121.959,2530,14640
12470,12470,6623400193,20140903T000000,257000.0,3.0,1.0,1450,7850,1.5,0,0,5,7,1450,0,1910,0,98055,47.4299,-122.199,1360,10400
12471,12471,8944550140,20140519T000000,433500.0,3.0,2.5,2200,3360,2.0,0,0,3,8,2200,0,2009,0,98118,47.5418,-122.287,2130,3423
12472,12472,2730500140,20150423T000000,314950.0,4.0,1.75,1890,9623,1.0,0,0,4,7,1290,600,1969,0,98001,47.2901,-122.279,1510,9711
12473,12473,5490210510,20140922T000000,500000.0,3.0,1.75,1530,14633,1.0,0,0,3,7,1100,430,1977,0,98052,47.6949,-122.119,1780,8100
12474,12474,8718500560,20140627T000000,300000.0,3.0,1.5,1590,8911,1.0,0,0,3,7,1590,0,1956,0,98028,47.7394,-122.252,1590,9625
12475,12475,8651520160,20140707T000000,645000.0,4.0,2.5,2690,18653,2.0,0,0,3,8,2690,0,1985,0,98074,47.6449,-122.059,2230,9744
12476,12476,2868900160,20141002T000000,222500.0,3.0,1.0,990,10125,1.0,0,0,3,7,990,0,1972,0,98042,47.3422,-122.089,1360,10125
12477,12477,8062900030,20140715T000000,275000.0,3.0,1.75,1300,8099,1.0,0,0,4,7,1080,220,1976,0,98056,47.5026,-122.172,1270,8099
12478,12478,3336000626,20150416T000000,498000.0,3.0,1.5,1720,6570,1.5,0,0,4,8,1720,0,1909,0,98118,47.5284,-122.265,1360,6000
12479,12479,3226059083,20140626T000000,800000.0,3.0,1.75,2080,75794,1.0,0,0,3,7,2080,0,1958,0,98033,47.7018,-122.189,1870,11020
12480,12480,7212660960,20140814T000000,297000.0,3.0,2.5,1840,8234,2.0,0,0,3,8,1840,0,1994,0,98003,47.267,-122.312,1940,7601
12481,12481,1180007375,20150512T000000,625000.0,5.0,3.5,4010,6000,2.0,0,3,3,9,2560,1450,1997,0,98178,47.4928,-122.229,2440,6000
12482,12482,1150900060,20141030T000000,770000.0,4.0,2.5,3560,6187,2.0,0,0,3,9,3560,0,2003,0,98029,47.5593,-122.016,3190,6981
12483,12483,9528102110,20140917T000000,517000.0,3.0,2.25,1640,4635,1.5,0,0,3,8,1540,100,1930,0,98115,47.6793,-122.319,1530,4635
12484,12484,1172000150,20140829T000000,238000.0,1.0,1.0,530,6350,1.0,0,0,5,5,530,0,1941,0,98103,47.6946,-122.357,1200,6350
12485,12485,1523049115,20141021T000000,234550.0,3.0,1.0,1990,15375,1.0,0,0,3,7,1140,850,1946,0,98168,47.4778,-122.288,1160,10236
12486,12486,4222310410,20140929T000000,230500.0,3.0,2.25,1690,7245,1.0,0,1,3,7,1160,530,1973,0,98003,47.3505,-122.305,1690,6720
12487,12487,2568300210,20140628T000000,585000.0,5.0,2.5,2670,16777,1.5,0,0,4,7,1620,1050,1920,0,98125,47.7015,-122.301,1610,8227
12488,12488,3131201320,20140822T000000,733000.0,4.0,1.75,1930,3876,1.5,0,0,5,7,1450,480,1924,0,98105,47.6604,-122.324,1280,3825
12489,12489,1982201255,20141114T000000,357950.0,2.0,1.0,810,3880,1.0,0,0,3,7,810,0,1952,0,98107,47.6631,-122.365,900,4365
12490,12490,125039025,20140611T000000,530000.0,3.0,1.75,1550,3680,1.0,0,0,3,7,1050,500,1927,0,98117,47.6817,-122.36,1560,4000
12491,12491,5379805121,20141229T000000,377500.0,4.0,2.5,2640,10720,2.0,0,0,3,8,2640,0,1999,0,98188,47.4485,-122.278,1680,10018
12492,12492,7853302520,20150206T000000,475000.0,4.0,2.5,2320,10046,2.0,0,0,3,7,2320,0,2006,0,98065,47.5406,-121.887,2320,5253
12493,12493,1921069101,20150508T000000,399000.0,3.0,1.75,2170,73616,1.0,0,0,3,7,2170,0,2008,0,98092,47.2881,-122.086,1710,297514
12494,12494,9276202160,20141126T000000,660000.0,3.0,2.0,2080,5750,1.0,0,0,5,7,1040,1040,1926,0,98116,47.5791,-122.392,1710,4830
12495,12495,4037500230,20141007T000000,400000.0,5.0,2.25,2070,10488,1.0,0,0,4,7,1080,990,1958,0,98008,47.6095,-122.122,1740,9225
12496,12496,1982201345,20140502T000000,440000.0,2.0,1.0,800,4850,1.0,0,0,4,7,800,0,1944,0,98107,47.6639,-122.364,1150,4365
12497,12497,5469500180,20150206T000000,366400.0,4.0,2.25,2040,14383,1.0,0,0,4,8,1270,770,1977,0,98042,47.3849,-122.163,2030,11500
12498,12498,1088810040,20150320T000000,627250.0,4.0,2.5,2830,10677,2.0,0,0,3,9,2830,0,1993,0,98011,47.742,-122.208,2970,9619
12499,12499,2117700085,20140730T000000,375950.0,3.0,1.75,1480,7560,1.0,0,0,3,6,1100,380,1920,1985,98117,47.6985,-122.364,1510,7250
12500,12500,9211500730,20150218T000000,162000.0,3.0,2.25,1810,6750,1.0,0,0,3,7,1280,530,1978,0,98023,47.2976,-122.377,1690,7770
12501,12501,4083801395,20140724T000000,780000.0,3.0,2.75,1970,2600,2.5,0,0,3,8,1970,0,1924,1994,98103,47.663,-122.335,1680,3120
12502,12502,9274201006,20140507T000000,705000.0,4.0,2.5,2650,4316,1.5,0,0,3,8,1520,1130,1905,2013,98116,47.5866,-122.389,1690,5625
12503,12503,7205800040,20141223T000000,450000.0,4.0,2.5,2820,15233,1.0,0,2,4,9,1820,1000,1972,0,98003,47.3426,-122.321,2560,11998
12504,12504,3276180210,20141117T000000,311000.0,3.0,2.75,1400,7880,1.0,0,0,3,7,1000,400,1981,0,98056,47.5095,-122.193,1400,7279
12505,12505,3904900530,20140613T000000,485000.0,3.0,2.5,1580,6065,2.0,0,0,3,8,1580,0,1985,0,98029,47.5692,-122.021,1770,6700
12506,12506,9560800040,20140716T000000,485000.0,3.0,2.5,1800,11034,2.0,0,0,4,8,1800,0,1987,0,98072,47.7558,-122.142,1940,8900
12507,12507,5249801411,20141010T000000,725000.0,5.0,3.75,3360,6000,2.0,0,0,3,8,2640,720,1963,1999,98118,47.558,-122.277,1930,6000
12508,12508,3750603492,20140715T000000,185000.0,3.0,1.0,1510,17040,1.0,0,0,4,6,1510,0,1975,0,98001,47.2649,-122.285,1520,14000
12509,12509,249000180,20141201T000000,1890000.0,4.0,4.25,4285,9345,2.0,0,0,3,10,4285,0,2013,0,98004,47.6332,-122.199,1570,8994
12510,12510,1796370180,20150508T000000,260000.0,3.0,2.25,1610,7423,2.0,0,0,4,7,1610,0,1990,0,98042,47.3713,-122.091,1530,8102
12511,12511,6699940120,20150430T000000,356000.0,4.0,2.5,2470,5074,2.0,0,0,3,8,2470,0,2004,0,98038,47.3457,-122.041,2470,5078
12512,12512,3830210230,20150319T000000,225205.0,3.0,1.0,1200,7220,1.0,0,0,3,6,1200,0,1977,0,98030,47.3746,-122.183,1200,7200
12513,12513,9144100158,20141229T000000,445000.0,3.0,1.0,1260,8910,1.0,0,0,4,7,1260,0,1949,0,98117,47.7,-122.375,1560,8910
12514,12514,3332500636,20140605T000000,356000.0,2.0,1.0,920,4095,1.0,0,0,4,6,920,0,1914,0,98118,47.5484,-122.278,1460,4945
12515,12515,5315100476,20141010T000000,760250.0,5.0,2.75,2540,8250,1.0,0,0,4,7,1440,1100,1953,0,98040,47.5875,-122.24,2540,11000
12516,12516,8682260610,20150430T000000,572000.0,2.0,2.0,1870,5143,1.0,0,0,3,8,1870,0,2005,0,98053,47.7142,-122.033,1810,5143
12517,12517,5700004525,20140624T000000,970000.0,3.0,2.25,3060,9950,1.5,0,2,4,9,1810,1250,1930,0,98144,47.57899999999999,-122.284,4950,10655
12518,12518,3303950220,20140831T000000,348450.0,4.0,2.5,1950,8628,2.0,0,0,3,8,1950,0,1994,0,98038,47.3817,-122.035,2210,9019
12519,12519,7399800150,20140606T000000,535500.0,3.0,1.5,1730,40250,2.0,0,0,4,8,1730,0,1983,0,98072,47.7499,-122.111,1730,36250
12520,12520,1454600256,20141013T000000,710000.0,5.0,2.5,2570,9600,1.0,0,2,3,8,1620,950,1956,0,98125,47.7216,-122.282,2680,9900
12521,12521,629000730,20140528T000000,745000.0,3.0,1.75,1490,9800,1.0,0,0,4,7,1140,350,1947,0,98004,47.584,-122.198,2310,9800
12522,12522,7520400040,20140620T000000,355000.0,4.0,2.5,2040,8265,2.0,0,0,3,7,2040,0,1996,0,98146,47.4973,-122.341,2160,8265
12523,12523,2799800180,20150323T000000,333000.0,4.0,2.5,2690,5505,2.0,0,0,3,8,2690,0,2004,0,98042,47.3666,-122.119,2690,5505
12524,12524,2025701530,20140826T000000,282000.0,3.0,2.5,1610,6000,2.0,0,0,4,7,1610,0,1993,0,98038,47.349,-122.036,1570,6000
12525,12525,1794501415,20140528T000000,840500.0,3.0,2.0,2520,5400,1.5,0,0,4,8,1410,1110,1906,0,98119,47.6365,-122.361,1960,5400
12526,12526,4038500330,20150407T000000,432000.0,3.0,1.75,1550,8134,1.0,0,0,4,7,1550,0,1959,0,98008,47.6136,-122.121,1360,8000
12527,12527,9297301065,20141029T000000,625000.0,3.0,1.0,1800,4800,1.0,0,2,4,9,900,900,1927,0,98126,47.5672,-122.372,1400,4800
12528,12528,985000833,20140910T000000,209977.0,3.0,1.0,1170,6134,1.0,0,0,4,7,1170,0,1948,0,98168,47.4941,-122.312,1440,9823
12529,12529,3353400120,20140701T000000,174000.0,2.0,1.0,900,13531,1.0,0,0,3,6,900,0,1979,0,98001,47.2616,-122.251,1767,8308
12530,12530,8860310120,20150422T000000,740000.0,4.0,2.0,2800,8540,1.0,0,0,4,8,1730,1070,1977,0,98052,47.6869,-122.126,2470,9400
12531,12531,9547200790,20140917T000000,518000.0,3.0,1.75,1830,4500,1.5,0,0,4,7,1830,0,1909,0,98115,47.676,-122.308,1830,4080
12532,12532,9136103026,20150305T000000,539000.0,3.0,1.75,1380,3225,1.0,0,0,4,7,940,440,1915,0,98103,47.6652,-122.338,1250,3750
12533,12533,5710600620,20150429T000000,575000.0,3.0,2.75,1990,9600,1.0,0,0,3,8,1530,460,1978,0,98027,47.532,-122.05,2170,10400
12534,12534,6003001999,20150209T000000,530000.0,2.0,1.75,1170,976,2.0,0,0,3,9,780,390,2010,0,98102,47.6192,-122.316,1280,1183
12535,12535,922059020,20140716T000000,242025.0,4.0,1.75,1400,54014,1.5,0,0,4,7,1400,0,1935,0,98031,47.4153,-122.184,1910,8523
12536,12536,644200065,20150306T000000,1030000.0,4.0,2.5,2620,11200,1.0,0,0,4,8,1770,850,1962,0,98004,47.5876,-122.193,2360,11200
12537,12537,6929602390,20140826T000000,230000.0,3.0,1.0,880,7500,1.0,0,0,3,7,880,0,1978,0,98198,47.3837,-122.307,880,7500
12538,12538,7399000230,20150107T000000,350000.0,4.0,2.5,2260,7500,1.0,0,0,3,8,1460,800,1965,0,98055,47.4645,-122.196,2260,7500
12539,12539,3885805300,20150429T000000,595000.0,3.0,1.0,1300,11520,1.0,0,0,3,6,1300,0,1958,0,98033,47.6829,-122.195,1440,8064
12540,12540,200800330,20140711T000000,440000.0,3.0,1.75,1450,6829,1.0,0,0,3,8,1450,0,1983,0,98052,47.7222,-122.108,1950,7622
12541,12541,6819100330,20150220T000000,550000.0,3.0,1.0,1110,6000,1.0,0,0,3,7,1110,0,1904,0,98109,47.6461,-122.357,1460,6000
12542,12542,1338600175,20140507T000000,940000.0,4.0,2.25,1890,5940,1.0,0,1,3,9,1470,420,1963,0,98112,47.6316,-122.303,2430,5940
12543,12543,8728100781,20140516T000000,375000.0,3.0,1.5,1100,1751,2.0,0,0,3,8,940,160,2007,0,98144,47.5927,-122.306,1380,1751
12544,12544,871000515,20141205T000000,567500.0,2.0,1.5,1350,4592,1.0,0,0,3,7,1070,280,1939,0,98199,47.6511,-122.405,1610,5102
12545,12545,6446200175,20140916T000000,735000.0,3.0,2.5,3020,50800,1.0,0,0,5,8,1510,1510,1968,0,98029,47.5529,-122.026,2400,27135
12546,12546,7889600230,20141017T000000,114000.0,2.0,1.0,730,5200,1.0,0,0,3,6,730,0,1928,0,98146,47.4943,-122.337,1220,6240
12547,12547,2652500210,20140825T000000,608000.0,2.0,1.0,1390,3600,1.0,0,0,4,7,1010,380,1913,0,98119,47.6422,-122.36,1590,3600
12548,12548,7302000210,20141107T000000,442500.0,3.0,1.5,2710,47419,1.5,0,0,3,7,2170,540,1980,0,98053,47.6522,-121.966,2130,48144
12549,12549,6450301530,20141016T000000,381800.0,4.0,2.0,1530,5250,1.0,0,0,3,7,1110,420,1981,0,98133,47.7336,-122.339,1100,5250
12550,12550,7905200230,20140724T000000,330000.0,3.0,2.0,2170,3978,1.0,0,0,5,7,1340,830,1919,0,98116,47.571000000000005,-122.391,1350,4680
12551,12551,1049010620,20140513T000000,90000.0,2.0,1.0,790,2640,1.0,0,0,3,7,790,0,1973,0,98034,47.7351,-122.178,1310,2064
12552,12552,9284802825,20140724T000000,312000.0,2.0,1.75,1160,8625,1.0,0,0,4,6,1160,0,1941,0,98106,47.5509,-122.366,960,5750
12553,12553,3782100145,20140512T000000,339000.0,3.0,1.0,1080,8100,1.0,0,0,4,7,1080,0,1955,0,98155,47.777,-122.307,1080,8100
12554,12554,8731951490,20140507T000000,313000.0,3.0,1.75,2190,8000,1.0,0,0,4,8,2190,0,1967,0,98023,47.3098,-122.381,1980,8000
12555,12555,9202650210,20140507T000000,618080.0,3.0,2.5,2030,6500,2.0,0,0,3,8,2030,0,1988,0,98027,47.5654,-122.092,2030,8485
12556,12556,2473450870,20141006T000000,325000.0,3.0,2.25,2480,8755,2.0,0,0,3,8,2480,0,1979,0,98058,47.4543,-122.125,2280,9940
12557,12557,2899200040,20140715T000000,242000.0,4.0,1.0,2240,7620,1.0,0,0,3,7,1120,1120,1966,0,98146,47.5089,-122.346,1080,7620
12558,12558,2644900149,20141218T000000,364000.0,2.0,1.5,1650,7311,1.0,0,0,3,7,860,790,1978,0,98133,47.7772,-122.357,1660,7255
12559,12559,952005000,20140815T000000,545000.0,3.0,1.75,1700,5750,1.5,0,2,5,7,1450,250,1925,0,98126,47.5643,-122.38,1700,5750
12560,12560,7298030210,20141223T000000,445000.0,3.0,2.5,2790,16173,2.0,0,0,3,10,2790,0,1988,0,98023,47.3043,-122.343,2890,11632
12561,12561,3760500730,20140728T000000,1085500.0,4.0,2.75,3010,10830,2.0,0,3,4,9,3010,0,1980,0,98034,47.7005,-122.232,3010,10650
12562,12562,1562000120,20140512T000000,660000.0,4.0,2.5,2550,10000,1.0,0,0,3,8,1290,1260,1964,0,98007,47.6208,-122.141,2270,8640
12563,12563,9290850760,20141028T000000,845000.0,4.0,2.5,2880,35610,1.0,0,0,3,10,2880,0,1989,0,98052,47.6911,-122.054,3460,35610
12564,12564,272000220,20140923T000000,417000.0,4.0,2.0,2090,4000,1.0,0,0,3,6,1060,1030,1907,0,98144,47.5893,-122.299,1590,4000
12565,12565,418000145,20150428T000000,213800.0,2.0,1.0,740,5200,1.0,0,0,4,5,740,0,1952,0,98056,47.4934,-122.173,750,5200
12566,12566,3560800040,20141028T000000,400000.0,2.0,1.75,960,6200,1.0,0,0,4,7,960,0,1946,0,98136,47.5551,-122.396,1000,6000
12567,12567,1139000035,20150305T000000,759950.0,4.0,3.5,2100,7560,2.0,0,0,5,8,2100,0,2005,0,98133,47.7076,-122.356,1250,7560
12568,12568,6681500150,20150423T000000,990000.0,4.0,2.5,2540,5930,2.0,0,0,3,9,2540,0,2003,0,98199,47.6451,-122.387,1400,4000
12569,12569,2330000035,20140820T000000,710000.0,3.0,1.75,1650,10250,1.0,0,0,5,8,1650,0,1963,0,98005,47.6118,-122.169,2400,10250
12570,12570,3095000040,20141016T000000,315000.0,1.0,0.75,770,4600,1.0,0,0,4,6,770,0,1910,0,98126,47.5565,-122.377,1550,4600
12571,12571,3343300065,20140902T000000,515000.0,4.0,2.5,2280,14810,1.0,0,0,5,8,1500,780,1977,0,98056,47.5392,-122.186,2690,12196
12572,12572,375000230,20140626T000000,638000.0,3.0,2.0,1660,3729,1.0,0,0,5,7,970,690,1922,0,98116,47.5741,-122.414,1560,3729
12573,12573,7663700772,20150218T000000,370000.0,4.0,2.0,2020,8100,1.5,0,0,4,7,1160,860,1946,0,98125,47.7307,-122.297,1840,8680
12574,12574,302000065,20150129T000000,184000.0,3.0,1.0,970,14850,1.0,0,0,3,7,970,0,1968,0,98001,47.3251,-122.268,1410,14850
12575,12575,6134500220,20140728T000000,583800.0,3.0,2.5,2480,6600,2.0,0,0,3,8,2480,0,2002,0,98053,47.6313,-122.008,2310,6656
12576,12576,2787700580,20141028T000000,309500.0,3.0,1.0,1250,7320,1.0,0,0,3,7,1250,0,1968,0,98059,47.5074,-122.163,1770,7320
12577,12577,2806300065,20150422T000000,1960000.0,4.0,4.0,4430,31353,2.0,0,0,3,12,4430,0,1998,0,98005,47.6422,-122.157,3900,35237
12578,12578,7866500035,20140805T000000,299000.0,1.0,1.0,740,5000,1.0,0,0,3,7,740,0,1923,0,98118,47.5519,-122.292,1400,4400
12579,12579,7689600360,20140613T000000,215000.0,2.0,1.0,710,7200,1.0,0,0,3,6,710,0,1943,0,98178,47.4903,-122.245,960,7200
12580,12580,3541600210,20140618T000000,410000.0,4.0,2.0,1970,10500,1.0,0,0,3,8,1820,150,1961,0,98166,47.479,-122.356,2090,12300
12581,12581,6821600065,20141030T000000,478000.0,2.0,1.0,820,6000,1.0,0,0,3,7,820,0,1939,0,98199,47.6494,-122.395,1630,6000
12582,12582,7625703405,20140910T000000,431000.0,2.0,1.0,1000,6500,1.0,0,0,4,7,1000,0,1918,0,98136,47.5474,-122.388,1280,6500
12583,12583,6979900360,20140709T000000,635000.0,4.0,2.5,3080,35430,2.0,0,0,3,9,3080,0,1997,0,98053,47.6325,-121.97,2640,28972
12584,12584,6072100790,20150408T000000,648000.0,5.0,2.25,2410,12000,2.0,0,0,4,8,2410,0,1973,0,98006,47.5434,-122.175,2080,12000
12585,12585,4113800410,20140603T000000,640000.0,3.0,2.5,2370,11172,2.0,0,0,3,9,2370,0,1993,0,98056,47.5345,-122.179,2550,11558
12586,12586,4139450760,20141215T000000,932808.0,5.0,4.5,4690,6705,2.0,0,0,3,10,3450,1240,1995,0,98006,47.5539,-122.108,4070,11505
12587,12587,8682220150,20140606T000000,835000.0,2.0,2.0,2280,6815,1.0,0,0,3,8,2280,0,2002,0,98053,47.7103,-122.027,2280,6750
12588,12588,2325039057,20140728T000000,469775.0,2.0,1.75,1530,7020,1.0,0,0,3,7,1030,500,1942,0,98199,47.6465,-122.395,2090,6600
12589,12589,2459900040,20140717T000000,587000.0,5.0,3.5,3610,52595,2.0,0,0,4,7,3610,0,1989,0,98014,47.6832,-121.907,1620,60112
12590,12590,6819100150,20140721T000000,677915.0,3.0,2.0,1740,3600,1.0,0,0,5,7,990,750,1923,0,98119,47.6448,-122.358,1250,3600
12591,12591,7922900040,20140522T000000,1075000.0,4.0,3.0,3600,9200,1.0,0,4,4,9,2100,1500,1976,0,98008,47.5866,-122.116,2700,9775
12592,12592,430000035,20140705T000000,671000.0,4.0,3.0,3130,5700,1.5,0,0,3,7,1750,1380,1953,0,98115,47.6811,-122.283,2080,5700
12593,12593,7853301520,20140903T000000,695000.0,5.0,3.25,3940,9780,2.0,0,0,3,9,3940,0,2007,0,98065,47.5435,-121.888,3550,8468
12594,12594,1623049133,20140729T000000,205000.0,4.0,2.0,2200,13320,1.0,0,0,3,6,1100,1100,1944,0,98168,47.481,-122.292,1330,6099
12595,12595,4024101451,20150430T000000,350000.0,4.0,1.0,1510,7200,1.5,0,0,4,7,1510,0,1955,0,98155,47.761,-122.307,1950,10656
12596,12596,3211100730,20140804T000000,360000.0,3.0,1.75,1560,7930,2.0,0,0,4,7,1560,0,1980,0,98059,47.4779,-122.161,1720,8073
12597,12597,9542840410,20141108T000000,313999.0,4.0,2.25,1870,4198,2.0,0,0,3,7,1870,0,2008,0,98038,47.3657,-122.021,1870,4184
12598,12598,6648500580,20150421T000000,300000.0,3.0,2.25,2070,7225,1.0,0,0,3,8,1690,380,1979,0,98042,47.3551,-122.148,2070,7400
12599,12599,8665900206,20150423T000000,452000.0,2.0,1.75,1660,11747,1.0,0,0,3,7,830,830,1981,0,98155,47.7661,-122.306,1900,19850
12600,12600,3025079003,20150325T000000,495500.0,3.0,2.5,2010,57934,1.0,0,0,3,7,2010,0,1978,0,98014,47.6262,-121.96,2040,55527
12601,12601,2377000040,20141218T000000,288000.0,3.0,1.0,1410,40500,1.0,0,0,4,7,1410,0,1961,0,98092,47.3199,-122.1,1570,40500
12602,12602,9315100210,20150217T000000,227490.0,3.0,1.75,1820,7194,1.0,0,0,4,7,1820,0,1967,0,98003,47.3352,-122.307,1420,7560
12603,12603,4046500720,20141107T000000,470950.0,3.0,2.5,2560,16420,2.0,0,0,4,8,2560,0,1989,0,98014,47.6916,-121.916,2120,16298
12604,12604,8956000120,20140614T000000,735000.0,4.0,2.75,2450,4187,2.0,0,2,3,8,2450,0,2010,0,98027,47.5471,-122.016,2320,4187
12605,12605,2862100366,20141015T000000,730000.0,7.0,2.75,3110,4400,1.5,0,0,5,7,2010,1100,1914,0,98105,47.6684,-122.319,1240,4280
12606,12606,1402660150,20141203T000000,412000.0,3.0,2.5,2210,7000,2.0,0,0,4,8,2210,0,1985,0,98058,47.4377,-122.132,2260,7224
12607,12607,7853310450,20140606T000000,589500.0,4.0,2.5,2630,6326,2.0,0,0,3,9,2630,0,2008,0,98065,47.5222,-121.874,3240,6229
12608,12608,3812400455,20141104T000000,291000.0,7.0,1.0,2350,8636,1.0,0,0,3,7,1550,800,1962,0,98118,47.5432,-122.277,1500,7366
12609,12609,269000970,20150402T000000,1300000.0,5.0,3.75,4450,7680,2.0,0,0,3,9,3460,990,2010,0,98199,47.6418,-122.392,2550,6400
12610,12610,1788800910,20141020T000000,190000.0,3.0,1.0,1200,10458,1.0,0,0,4,6,1200,0,1961,0,98023,47.3262,-122.342,1160,9000
12611,12611,8820902700,20150422T000000,456200.0,2.0,1.75,1210,7733,1.0,0,0,3,6,1210,0,1904,0,98125,47.7148,-122.282,1670,7733
12612,12612,8945300040,20140919T000000,225000.0,3.0,1.0,1290,8470,1.0,0,0,4,7,970,320,1966,0,98023,47.3054,-122.371,1300,7350
12613,12613,3225069241,20150422T000000,2000000.0,3.0,2.5,3490,21064,1.0,1,4,3,10,2290,1200,1968,0,98074,47.6092,-122.073,1780,15244
12614,12614,7202430150,20140709T000000,740000.0,4.0,2.5,3360,15091,2.0,0,0,3,9,3360,0,1997,0,98052,47.6649,-122.135,1930,9936
12615,12615,2070100040,20141201T000000,467000.0,3.0,1.75,2660,5511,1.0,0,0,3,8,1330,1330,1948,0,98108,47.5575,-122.3,2030,6111
12616,12616,1139000620,20141008T000000,385000.0,2.0,1.0,770,7554,1.0,0,0,3,6,770,0,1946,0,98177,47.7057,-122.36,1390,7500
12617,12617,976000790,20141020T000000,670000.0,3.0,2.5,1800,4763,2.0,0,0,3,7,1240,560,1985,0,98119,47.646,-122.362,1790,4763
12618,12618,6617500085,20150422T000000,500000.0,4.0,2.5,2900,5760,1.0,0,0,4,8,1660,1240,1959,0,98118,47.55,-122.272,2250,6098
12619,12619,6163900971,20140619T000000,352450.0,3.0,2.0,1430,6000,1.0,0,0,5,7,1430,0,1945,0,98155,47.7564,-122.316,1630,6315
12620,12620,7135521530,20141028T000000,669888.0,4.0,2.75,2550,7591,2.0,0,0,3,9,2550,0,1989,0,98059,47.5302,-122.147,2670,7796
12621,12621,4036800925,20140624T000000,405000.0,3.0,2.75,1310,7300,1.0,0,0,3,7,1310,0,1957,0,98008,47.6016,-122.123,1310,7030
12622,12622,6751300065,20140506T000000,518000.0,3.0,1.5,1430,8000,1.0,0,0,4,7,1430,0,1956,0,98007,47.5874,-122.136,1450,8000
12623,12623,7192200040,20141001T000000,280000.0,4.0,1.0,1880,6288,1.0,0,0,3,7,1120,760,1974,0,98178,47.5101,-122.259,1880,6334
12624,12624,3629970610,20140718T000000,435000.0,3.0,2.5,1600,2375,2.0,0,0,3,7,1600,0,2005,0,98029,47.5531,-121.996,1830,2375
12625,12625,3797310230,20150507T000000,314950.0,3.0,2.0,1760,9732,1.0,0,0,3,7,1760,0,1996,0,98022,47.1923,-122.014,1910,9231
12626,12626,2781270210,20150224T000000,209900.0,2.0,2.0,1180,3003,2.0,0,0,3,6,1180,0,2005,0,98038,47.3491,-122.02,1310,3003
12627,12627,1330900230,20150416T000000,630000.0,4.0,2.5,2330,31705,2.0,0,0,4,8,2330,0,1980,0,98052,47.6471,-122.03,2460,36600
12628,12628,8917100206,20140718T000000,442000.0,4.0,1.5,1960,12688,1.5,0,0,4,7,1960,0,1962,0,98052,47.6304,-122.097,2050,9375
12629,12629,1219000120,20150402T000000,340000.0,4.0,1.0,1140,13440,1.0,0,0,2,5,1140,0,1944,0,98166,47.4619,-122.344,1450,7560
12630,12630,522059158,20140616T000000,230000.0,3.0,1.75,1400,6956,1.0,0,0,4,7,1400,0,1957,0,98031,47.4233,-122.198,1400,9375
12631,12631,526059122,20141205T000000,495200.0,5.0,2.25,2710,22120,1.0,0,0,3,7,1410,1300,1955,0,98011,47.7642,-122.195,2850,12224
12632,12632,293620180,20150331T000000,900000.0,4.0,2.5,3510,6745,2.0,0,0,3,10,3510,0,1998,0,98075,47.6016,-122.074,3320,8370
12633,12633,945000410,20150313T000000,265000.0,2.0,1.0,910,4600,1.0,0,0,3,5,910,0,1917,0,98117,47.6916,-122.362,1020,4600
12634,12634,226059106,20150102T000000,489500.0,3.0,1.75,2090,65558,1.0,0,0,3,8,1330,760,1977,0,98072,47.7621,-122.127,2450,47178
12635,12635,4166600610,20150514T000000,335000.0,3.0,2.0,1410,44866,1.0,0,0,4,7,1410,0,1985,0,98023,47.3273,-122.37,2950,29152
12636,12636,8854100220,20141205T000000,585000.0,3.0,3.25,3050,12700,2.0,0,0,3,8,2240,810,1990,0,98011,47.7445,-122.214,3050,12386
12637,12637,5249804655,20141017T000000,800000.0,4.0,2.25,2010,7200,1.0,0,1,4,8,1010,1000,1950,0,98118,47.5591,-122.267,2010,7200
12638,12638,2220069203,20140908T000000,379500.0,4.0,2.25,2120,53578,2.0,0,2,4,7,2120,0,1985,0,98022,47.2041,-122.021,2120,53578
12639,12639,3298200790,20140812T000000,475000.0,3.0,1.0,1270,8000,1.0,0,0,4,6,1270,0,1959,0,98008,47.6175,-122.118,1210,7875
12640,12640,4038400040,20141124T000000,520000.0,3.0,2.0,1670,8800,1.0,0,0,4,7,1150,520,1961,0,98008,47.6096,-122.132,2020,8250
12641,12641,7215730730,20150128T000000,515000.0,4.0,2.5,1800,4338,2.0,0,0,3,8,1800,0,2001,0,98075,47.5962,-122.015,1800,4507
12642,12642,3126049107,20150503T000000,577500.0,2.0,1.0,1640,5515,1.0,0,0,4,7,940,700,1926,0,98103,47.6912,-122.334,2054,5515
12643,12643,3110800040,20140716T000000,269900.0,3.0,2.25,1740,9672,1.0,0,0,4,7,1110,630,1963,0,98031,47.4149,-122.181,1640,9600
12644,12644,2608300035,20140527T000000,329000.0,3.0,1.0,1600,5952,1.0,0,0,4,7,1150,450,1964,0,98106,47.5292,-122.362,1460,6200
12645,12645,7217400650,20150424T000000,458500.0,3.0,1.5,1280,1920,1.5,0,0,3,7,1280,0,1905,1990,98122,47.6117,-122.301,1280,3150
12646,12646,924069106,20150313T000000,890000.0,4.0,2.0,1480,11171,1.5,0,0,4,6,1480,0,1947,0,98075,47.5849,-122.051,2790,20680
12647,12647,2310050040,20150401T000000,361500.0,4.0,2.5,1980,7334,2.0,0,0,3,7,1980,0,2003,0,98038,47.3528,-122.041,1850,7134
12648,12648,7490000040,20140718T000000,2535000.0,5.0,3.25,3730,10626,1.0,0,4,4,10,3730,0,1963,0,98004,47.624,-122.221,4180,19110
12649,12649,6675500133,20140822T000000,325000.0,2.0,1.0,900,8374,1.0,0,0,3,7,900,0,1984,0,98034,47.7282,-122.225,1580,8965
12650,12650,809001520,20141105T000000,1850000.0,4.0,3.25,3480,6000,3.0,0,0,3,8,3480,0,2014,0,98109,47.6353,-122.353,2200,4080
12651,12651,1424200035,20140523T000000,945000.0,4.0,2.0,2840,13367,1.0,0,0,3,7,1420,1420,1952,0,98004,47.6237,-122.21,2840,12744
12652,12652,5641300220,20140828T000000,370000.0,3.0,2.5,2490,4244,2.0,0,0,3,9,2490,0,2005,0,98042,47.3705,-122.131,2490,4748
12653,12653,7849202299,20150218T000000,320000.0,3.37287037037037,2.5,1490,7111,2.0,0,0,3,7,1490,0,1999,0,98065,47.5261,-121.826,1500,4675
12654,12654,8682292020,20140915T000000,450000.0,2.0,2.0,1510,4908,1.0,0,0,3,8,1510,0,2006,0,98053,47.7196,-122.024,1440,3921
12655,12655,1604590230,20150424T000000,800000.0,4.0,2.5,2900,18303,2.0,0,0,4,10,2900,0,1994,0,98075,47.5981,-122.03,2900,18303
12656,12656,2856101540,20141211T000000,676000.0,3.0,2.5,2240,3825,2.0,0,0,3,7,2240,0,1995,0,98117,47.6786,-122.389,1460,5100
12657,12657,1336300610,20150402T000000,1272500.0,4.0,1.75,2040,5000,2.0,0,0,4,9,2040,0,1921,0,98102,47.6279,-122.315,3220,5600
12658,12658,3819500065,20141028T000000,290000.0,3.0,1.75,1460,7980,1.0,0,0,3,7,1460,0,1972,0,98028,47.7713,-122.265,1920,7980
12659,12659,2329600040,20141118T000000,158000.0,3.0,1.5,990,8925,1.0,0,0,4,7,990,0,1962,0,98003,47.3294,-122.331,1360,8625
12660,12660,4440900040,20140505T000000,379950.0,4.0,1.75,1970,9389,1.0,0,0,5,7,1140,830,1960,0,98133,47.7771,-122.339,1820,8135
12661,12661,7202260330,20140509T000000,583000.0,4.0,2.5,2660,4000,2.0,0,0,3,8,2660,0,2001,0,98053,47.6876,-122.038,2330,4517
12662,12662,425000230,20141230T000000,150000.0,2.0,1.0,870,5700,1.0,0,0,4,6,870,0,1957,0,98056,47.498000000000005,-122.17,1020,5700
12663,12663,5466400530,20140721T000000,261500.0,3.0,2.5,1740,6992,2.0,0,0,3,7,1740,0,1990,0,98042,47.3574,-122.158,1260,6825
12664,12664,6600490220,20141014T000000,278000.0,4.0,2.5,2290,3777,2.0,0,0,3,7,2290,0,2004,0,98198,47.3617,-122.308,1480,3608
12665,12665,2156500220,20140923T000000,555000.0,4.0,2.75,2170,7140,1.0,0,0,3,8,1290,880,1977,0,98052,47.691,-122.113,2120,7820
12666,12666,9438300035,20140827T000000,355000.0,3.0,1.75,2040,8173,1.0,0,0,3,7,1470,570,1958,0,98133,47.7439,-122.333,1900,8172
12667,12667,4036800770,20140917T000000,375000.0,4.0,1.5,1770,6650,1.0,0,0,3,7,1770,0,1958,0,98008,47.6011,-122.124,1600,7000
12668,12668,4006000281,20140729T000000,227000.0,3.0,1.75,2380,12681,1.0,0,0,1,6,1380,1000,1918,0,98118,47.5294,-122.279,1720,6377
12669,12669,619079061,20140619T000000,335000.0,4.0,2.0,2030,103672,1.0,0,0,4,7,2030,0,1969,0,98022,47.1647,-121.973,1560,325393
12670,12670,3586501135,20140606T000000,680000.0,3.0,2.25,2270,23900,1.0,0,0,3,9,1820,450,1975,0,98177,47.7506,-122.372,2520,28300
12671,12671,8819900220,20150205T000000,686500.0,2.0,1.75,1390,5025,1.5,0,0,4,8,1390,0,1928,0,98105,47.6701,-122.288,2160,5000
12672,12672,1775801020,20141124T000000,410000.0,3.0,1.75,1530,26642,1.0,0,0,3,7,1180,350,1988,0,98072,47.7422,-122.097,1550,13566
12673,12673,3758900150,20140826T000000,425000.0,2.0,1.0,1430,13300,1.5,0,0,3,6,1230,200,1921,0,98033,47.6996,-122.203,1950,11421
12674,12674,1954420230,20150310T000000,562500.0,3.0,2.5,2030,7549,1.0,0,0,3,8,2030,0,1988,0,98074,47.6187,-122.044,2040,7130
12675,12675,4307320230,20141014T000000,345000.0,4.0,2.5,2390,6976,2.0,0,0,3,7,2390,0,2003,0,98056,47.4807,-122.182,2390,6346
12676,12676,7856620910,20150414T000000,627500.0,4.0,2.5,2540,11500,1.0,0,0,4,8,1640,900,1979,0,98006,47.5609,-122.15,2820,9800
12677,12677,1624079021,20150313T000000,355000.0,3.0,1.0,1890,36300,1.0,0,0,3,7,1890,0,1962,0,98024,47.5719,-121.914,1746,54014
12678,12678,4123800330,20150501T000000,335000.0,3.0,2.25,1870,5876,2.0,0,0,3,7,1870,0,1986,0,98038,47.3779,-122.045,1670,6203
12679,12679,7186800120,20150311T000000,350000.0,4.0,3.0,1780,4228,1.0,0,0,3,7,1780,0,1953,0,98118,47.5488,-122.287,1730,5304
12680,12680,925069123,20150318T000000,590000.0,3.0,1.0,1610,58370,1.0,0,0,3,7,1610,0,1978,0,98053,47.6718,-122.044,2510,58127
12681,12681,5422420120,20140717T000000,252000.0,3.0,2.0,1420,6788,2.0,0,0,3,7,1420,0,1990,0,98023,47.2887,-122.351,1790,6607
12682,12682,5460500040,20150421T000000,1295000.0,5.0,4.0,4440,9270,1.0,0,0,5,10,2220,2220,1968,0,98040,47.5708,-122.212,2720,9614
12683,12683,5113400264,20141119T000000,705000.0,4.0,2.0,1820,5001,2.0,0,0,3,7,1820,0,1947,2002,98119,47.6438,-122.373,1440,5408
12684,12684,1828000230,20140714T000000,498000.0,3.0,2.0,1620,8400,1.0,0,0,3,7,1180,440,1968,0,98052,47.6574,-122.128,2120,8424
12685,12685,6415100331,20140921T000000,312500.0,2.0,1.0,870,7227,1.0,0,0,3,7,870,0,1948,0,98133,47.7288,-122.331,1250,7252
12686,12686,7686205370,20141124T000000,260000.0,4.0,1.75,1830,5375,1.0,0,0,2,7,1060,770,1962,0,98198,47.4169,-122.316,1040,7500
12687,12687,8092501400,20150318T000000,209950.0,3.0,1.5,2290,9600,1.0,0,0,4,7,2290,0,1967,0,98042,47.3643,-122.111,1310,9600
12688,12688,643300210,20150210T000000,610000.0,3.0,1.75,1110,10402,1.0,0,0,4,7,1110,0,1967,0,98006,47.5676,-122.177,2050,9660
12689,12689,7550801225,20140627T000000,500000.0,4.0,1.0,1440,7100,1.5,0,0,3,7,1440,0,1906,0,98107,47.6725,-122.396,1490,5000
12690,12690,4078300040,20150224T000000,850000.0,3.0,3.5,3070,7050,1.0,0,3,3,8,1570,1500,1928,1996,98125,47.7076,-122.276,2350,5881
12691,12691,4036100175,20150219T000000,689000.0,4.0,2.5,2440,11700,1.0,0,0,5,8,1480,960,1961,0,98006,47.5606,-122.184,2140,10807
12692,12692,1036700220,20141110T000000,470000.0,4.0,2.0,2410,4680,2.0,0,0,3,9,2410,0,1974,0,98008,47.6234,-122.113,1910,4611
12693,12693,1644500450,20140507T000000,640000.0,3.0,3.0,2270,5175,2.0,0,0,3,9,2130,140,2002,0,98056,47.516000000000005,-122.203,2850,5661
12694,12694,6326000205,20140812T000000,290000.0,4.0,1.75,2340,7200,1.0,0,0,3,8,1590,750,1960,0,98146,47.497,-122.369,1970,7800
12695,12695,3375300150,20141218T000000,258500.0,3.0,2.5,1800,9000,2.0,0,0,3,7,1800,0,1983,0,98003,47.3186,-122.331,1670,8486
12696,12696,2344300220,20140714T000000,1100000.0,4.0,3.5,2210,7597,1.0,0,0,4,9,1550,660,1977,2006,98004,47.5816,-122.197,2370,8811
12697,12697,203101065,20140528T000000,420000.0,3.0,1.75,1820,22320,1.0,0,0,3,7,1250,570,1977,0,98053,47.6441,-121.96,2030,22320
12698,12698,5083100065,20140916T000000,230000.0,3.0,1.0,1190,9083,1.0,0,0,3,7,1190,0,1955,0,98198,47.4116,-122.293,1190,9450
12699,12699,1545804240,20150402T000000,252000.0,3.0,1.5,1400,6865,1.0,0,0,4,7,1400,0,1986,0,98038,47.3639,-122.048,1480,8125
12700,12700,2329720040,20140630T000000,515000.0,3.0,2.5,2600,4506,2.0,0,0,3,8,2600,0,2003,0,98028,47.7353,-122.222,2600,4658
12701,12701,7551300065,20140609T000000,425000.0,2.0,1.0,910,4635,1.0,0,0,4,6,910,0,1905,0,98107,47.675,-122.393,1740,5000
12702,12702,4321200580,20150125T000000,575000.0,3.0,2.5,1760,2320,2.0,0,2,3,8,1760,0,1994,0,98126,47.5723,-122.376,1760,4698
12703,12703,9164100040,20141026T000000,390000.0,2.0,1.0,860,5160,1.0,0,0,4,7,860,0,1909,0,98117,47.6823,-122.388,1090,5356
12704,12704,7922750150,20140917T000000,561500.0,4.0,2.25,2310,9800,1.0,0,0,3,8,1780,530,1968,0,98033,47.6657,-122.178,2310,9800
12705,12705,2804600155,20150507T000000,1350000.0,4.0,1.75,2000,3728,1.5,0,0,4,9,1820,180,1926,0,98112,47.643,-122.299,1950,3728
12706,12706,5101402296,20140925T000000,835000.0,5.0,2.75,2460,7830,1.0,0,0,5,9,1490,970,1955,0,98115,47.6938,-122.31,2050,7830
12707,12707,8019200845,20150218T000000,245000.0,2.0,1.0,1020,15000,1.5,0,0,3,6,1020,0,1933,0,98168,47.4956,-122.321,1480,14519
12708,12708,9286100150,20140811T000000,475200.0,3.0,2.5,1670,3980,2.0,0,0,3,8,1670,0,2000,0,98027,47.5317,-122.047,1670,2897
12709,12709,3727800065,20141113T000000,425000.0,2.0,1.0,790,5024,1.0,0,0,4,7,790,0,1941,0,98117,47.6833,-122.395,1330,5024
12710,12710,7657000085,20150202T000000,218000.0,2.0,1.5,2010,7755,2.0,0,0,3,7,2010,0,1952,0,98178,47.4947,-122.233,1360,8037
12711,12711,7954300120,20140822T000000,600000.0,4.0,2.5,2600,6536,2.0,0,0,3,9,2600,0,1999,0,98056,47.5232,-122.191,2640,6185
12712,12712,686400040,20150410T000000,545000.0,4.0,2.25,1890,7210,1.0,0,0,3,8,1890,0,1967,0,98008,47.6342,-122.117,1920,7210
12713,12713,853200040,20150428T000000,2408000.0,5.0,2.5,4600,23250,1.5,0,2,3,9,3600,1000,1918,2003,98004,47.623000000000005,-122.218,5500,20066
12714,12714,7857003046,20150506T000000,460000.0,5.0,3.0,2008,5050,1.0,0,0,3,7,1216,792,1992,0,98118,47.5376,-122.292,2040,5297
12715,12715,5014000085,20140623T000000,425000.0,2.0,1.0,880,6413,1.0,0,0,3,7,880,0,1950,0,98116,47.573,-122.395,1360,6413
12716,12716,2205500355,20141021T000000,455000.0,3.0,1.75,1700,8360,1.0,0,0,4,7,850,850,1955,0,98006,47.5766,-122.147,1520,8360
12717,12717,2595650220,20150421T000000,313100.0,3.0,2.0,1730,12821,1.0,0,0,3,8,1730,0,1994,0,98001,47.353,-122.272,1980,11336
12718,12718,7880010150,20140623T000000,780000.0,4.0,3.5,3910,59863,2.0,0,0,4,10,2490,1420,1987,0,98027,47.4846,-122.067,2830,37674
12719,12719,6386550040,20141223T000000,345500.0,4.0,2.5,2160,9682,2.0,0,0,3,8,2160,0,1999,0,98031,47.4106,-122.204,1770,9600
12720,12720,1355000220,20150119T000000,243000.0,3.0,1.75,1200,8034,1.0,0,0,5,7,1200,0,1975,0,98031,47.4135,-122.18,1270,7600
12721,12721,6619900120,20141208T000000,670000.0,5.0,3.5,3860,9600,1.0,0,3,4,8,2660,1200,1973,0,98034,47.7139,-122.223,2440,9600
12722,12722,2132200230,20150211T000000,325000.0,3.0,1.5,1320,7560,1.0,0,0,3,6,840,480,1983,0,98019,47.7451,-121.98,1210,7560
12723,12723,2988800065,20141202T000000,281000.0,2.0,1.0,1280,12500,1.0,0,0,3,7,1060,220,1951,0,98178,47.4833,-122.237,1460,17771
12724,12724,13001215,20150305T000000,130000.0,3.0,1.0,1100,5100,1.0,0,0,4,7,1100,0,1913,0,98108,47.5231,-122.332,1450,5100
12725,12725,705700530,20140730T000000,340000.0,3.0,2.5,2170,9798,2.0,0,0,3,7,2170,0,1995,0,98038,47.3817,-122.023,2020,8121
12726,12726,7230100120,20150209T000000,485000.0,4.0,2.75,2720,51396,2.0,0,0,4,8,2720,0,1977,0,98059,47.4777,-122.1,1960,51366
12727,12727,9520900230,20141217T000000,642860.0,4.0,2.75,2520,6398,2.0,0,0,3,8,2520,0,2014,0,98072,47.7685,-122.159,2520,6398
12728,12728,9828701085,20141003T000000,747000.0,3.0,1.75,2560,4800,1.0,0,0,3,7,1280,1280,1911,0,98112,47.6207,-122.295,1620,4800
12729,12729,1926049385,20140729T000000,559950.0,4.0,2.5,2650,7200,2.0,0,0,3,8,2250,400,1979,0,98133,47.7317,-122.354,2110,7269
12730,12730,5680000455,20141117T000000,577288.0,4.0,2.75,2870,7200,2.0,0,0,3,9,2870,0,2008,0,98108,47.5688,-122.317,2030,5400
12731,12731,125039021,20140924T000000,575000.0,2.0,1.0,1230,2726,1.5,0,0,3,7,880,350,1920,0,98117,47.6815,-122.359,1710,3750
12732,12732,3241600150,20140505T000000,287000.0,3.0,1.0,1450,6000,1.0,0,0,4,7,1450,0,1953,0,98118,47.5238,-122.287,1170,6464
12733,12733,1245003006,20141110T000000,1149000.0,4.0,3.75,3180,9889,2.0,0,0,3,9,2500,680,2012,0,98033,47.6853,-122.204,2910,8558
12734,12734,2789000120,20150424T000000,335000.0,2.0,1.0,1800,8900,1.0,0,0,3,6,900,900,1945,0,98168,47.51,-122.323,2040,10450
12735,12735,6073300040,20150106T000000,375000.0,4.0,2.25,2020,12500,2.0,0,0,2,8,2020,0,1966,0,98056,47.5403,-122.175,1800,13175
12736,12736,7663700531,20150106T000000,325000.0,2.0,1.0,620,14823,1.0,0,0,3,6,620,0,1926,0,98125,47.7322,-122.3,1400,7930
12737,12737,123059042,20150423T000000,530000.0,3.0,2.25,2190,220414,1.0,0,0,4,7,1330,860,1976,0,98059,47.5041,-122.102,2550,175982
12738,12738,7149400450,20150112T000000,287000.0,4.0,2.25,1980,7081,1.0,0,0,3,7,1470,510,1977,0,98032,47.3669,-122.288,1980,7081
12739,12739,9264911210,20150226T000000,320000.0,5.0,3.0,2970,7000,1.0,0,0,3,8,1810,1160,1979,0,98023,47.3079,-122.341,2630,8062
12740,12740,7853300650,20140822T000000,425000.0,4.0,2.5,2270,4400,2.0,0,0,3,7,2270,0,2006,0,98065,47.5381,-121.888,2090,4400
12741,12741,6383000150,20140806T000000,550000.0,3.0,1.0,1630,6009,1.0,0,3,4,8,1630,0,1954,0,98117,47.693000000000005,-122.383,2120,6009
12742,12742,5560000650,20141202T000000,135000.0,3.0,1.0,1520,8450,1.0,0,0,2,6,1120,400,1961,0,98023,47.328,-122.337,1320,8450
12743,12743,5700002020,20140717T000000,695000.0,3.0,1.75,2080,5687,1.5,0,0,4,8,2080,0,1924,0,98144,47.5776,-122.289,2300,5995
12744,12744,2141310540,20150506T000000,975000.0,5.0,2.5,3020,9648,1.0,0,2,4,9,1980,1040,1977,0,98006,47.5586,-122.134,2890,12598
12745,12745,7247000035,20140520T000000,210000.0,4.0,1.75,2180,28710,1.0,0,0,3,8,1180,1000,1950,0,98198,47.405,-122.288,2180,28710
12746,12746,4077800438,20141231T000000,518000.0,4.0,1.75,1780,8768,1.0,0,0,4,7,1050,730,1951,0,98125,47.7085,-122.283,1590,8100
12747,12747,8821900155,20140709T000000,335500.0,3.0,1.0,1370,6780,2.0,0,0,3,6,1370,0,1930,0,98125,47.7156,-122.291,1450,7214
12748,12748,1324039110,20141126T000000,750000.0,4.0,3.5,3050,7020,2.0,0,3,3,9,2050,1000,1984,0,98126,47.571000000000005,-122.374,2170,5900
12749,12749,5566100205,20141223T000000,515000.0,3.0,1.75,1490,12000,1.0,0,0,4,7,1490,0,1956,0,98006,47.569,-122.175,1630,12000
12750,12750,7222000209,20140521T000000,344500.0,4.0,2.75,1800,5453,1.0,0,0,3,7,1050,750,2002,0,98055,47.4632,-122.209,1820,6900
12751,12751,7867500021,20140616T000000,470000.0,3.0,1.5,1760,6723,1.0,0,0,3,7,1160,600,1958,0,98118,47.5514,-122.266,2080,8965
12752,12752,8563010540,20140904T000000,606150.0,4.0,1.75,1770,9848,1.0,0,0,3,8,1370,400,1967,0,98008,47.6208,-122.099,2040,9587
12753,12753,7349650120,20141120T000000,292000.0,4.0,2.75,2910,7712,1.0,0,0,3,7,1600,1310,1998,0,98002,47.2842,-122.198,2220,6649
12754,12754,620069061,20150507T000000,450000.0,3.0,2.5,2880,426452,2.0,0,3,3,7,2880,0,1979,0,98092,47.2485,-122.101,1460,320890
12755,12755,9269200540,20140819T000000,429000.0,3.0,1.75,2520,5043,1.0,0,0,3,8,1260,1260,1957,0,98126,47.5339,-122.372,1360,4920
12756,12756,1939000040,20140820T000000,765000.0,4.0,2.5,3190,38119,2.0,0,0,3,9,3190,0,1988,0,98053,47.6698,-122.044,2560,36280
12757,12757,2767603026,20150415T000000,425000.0,2.0,1.0,540,2500,1.0,0,0,3,5,540,0,1905,0,98107,47.6729,-122.383,1290,5000
12758,12758,9477920120,20150212T000000,505000.0,4.0,2.5,3170,5340,2.0,0,0,3,7,3170,0,2000,0,98059,47.4911,-122.138,3010,5340
12759,12759,4037200530,20150317T000000,544950.0,3.0,1.75,1830,7371,1.0,0,0,3,7,1830,0,1957,0,98008,47.6059,-122.121,1600,7700
12760,12760,8150600065,20140924T000000,382000.0,3.0,2.0,1360,4840,1.5,0,0,3,8,1360,0,1936,0,98126,47.5487,-122.376,1450,4840
12761,12761,4046600120,20140828T000000,475000.0,3.0,1.75,1870,25157,2.0,0,0,3,7,1870,0,1978,0,98014,47.695,-121.915,1870,15391
12762,12762,8835220210,20150417T000000,355000.0,3.0,1.5,1370,4790,2.0,0,0,4,7,1370,0,1982,0,98034,47.7253,-122.164,1370,3799
12763,12763,7696300180,20140703T000000,410000.0,4.0,2.5,1700,9000,1.0,0,0,5,7,1700,0,1972,0,98034,47.7306,-122.233,1370,7592
12764,12764,6362900145,20150203T000000,450000.0,4.0,2.0,1960,5008,1.0,0,0,3,6,980,980,1900,1988,98144,47.5958,-122.299,1175,2315
12765,12765,7663700968,20140528T000000,565000.0,7.0,4.5,4140,9066,1.0,0,0,3,7,2070,2070,1978,0,98125,47.7302,-122.291,1440,1865
12766,12766,6844700975,20150414T000000,529100.0,2.0,1.0,1290,6528,1.5,0,0,4,7,1290,0,1941,0,98115,47.694,-122.29,1670,5712
12767,12767,7853300720,20150212T000000,452500.0,4.0,2.5,2460,6454,2.0,0,0,3,7,2460,0,2006,0,98065,47.5381,-121.89,2320,4578
12768,12768,4222200210,20140522T000000,245000.0,4.0,2.0,1580,8000,1.0,0,0,3,7,1040,540,1967,0,98003,47.3467,-122.304,1550,8000
12769,12769,7518505040,20150330T000000,415000.0,1.0,1.0,700,2550,1.0,0,0,3,6,700,0,1954,0,98117,47.6783,-122.383,1330,4110
12770,12770,6646200770,20140724T000000,610000.0,4.0,2.5,2410,15899,2.0,0,3,3,9,2410,0,1990,0,98074,47.6242,-122.04,2360,11412
12771,12771,1262700040,20141016T000000,363500.0,4.0,1.75,2180,9702,1.0,0,0,5,7,1090,1090,1962,0,98178,47.4973,-122.268,2020,9792
12772,12772,6811000220,20150204T000000,510000.0,3.0,2.75,1950,12630,1.0,0,0,4,8,1230,720,1969,0,98052,47.6301,-122.107,1990,12196
12773,12773,6979900330,20150325T000000,650000.0,4.0,2.5,2630,28298,2.0,0,0,3,8,2630,0,1996,0,98053,47.6314,-121.968,2840,26071
12774,12774,984200540,20150114T000000,290000.0,4.0,2.5,2050,9015,2.0,0,0,4,7,2050,0,1973,0,98058,47.4357,-122.168,1780,8820
12775,12775,7812800155,20150318T000000,170000.0,3.0,1.0,790,6750,1.0,0,0,2,6,790,0,1944,0,98178,47.4984,-122.24,960,6298
12776,12776,7228500610,20150330T000000,510000.0,2.0,1.0,1070,5280,1.0,0,0,3,6,1070,0,1900,0,98122,47.6168,-122.303,1380,2370
12777,12777,1225069038,20140505T000000,2280000.0,7.0,8.0,13540,307752,3.0,0,4,3,12,9410,4130,1999,0,98053,47.6675,-121.986,4850,217800
12778,12778,5162100650,20140922T000000,316000.0,4.0,2.5,2320,7379,2.0,0,0,3,8,2320,0,1987,0,98003,47.3432,-122.316,2230,7614
12779,12779,3904902510,20140512T000000,690000.0,4.0,2.5,2670,13463,2.0,0,0,4,9,2670,0,1989,0,98029,47.5627,-122.018,2560,10982
12780,12780,418000330,20140808T000000,199950.0,2.0,1.0,700,5200,1.0,0,0,5,5,700,0,1952,0,98056,47.4924,-122.174,970,5200
12781,12781,7689600330,20140813T000000,207000.0,3.0,1.0,860,7740,1.0,0,0,3,6,860,0,1960,0,98178,47.4906,-122.244,980,7200
12782,12782,2473370870,20150416T000000,449950.0,4.0,2.25,3490,8400,1.5,0,0,4,8,3490,0,1976,0,98058,47.4513,-122.128,2320,8723
12783,12783,2023069054,20150318T000000,361550.0,3.0,1.75,1160,257875,1.0,0,0,2,7,1160,0,1980,0,98059,47.4655,-122.072,1420,15450
12784,12784,293800410,20140924T000000,824000.0,4.0,3.5,3650,57538,2.0,0,0,3,10,3650,0,1996,0,98077,47.7711,-122.041,3730,56257
12785,12785,7752000065,20150106T000000,537000.0,3.0,1.75,1550,10050,1.0,0,0,5,7,1550,0,1957,0,98008,47.6345,-122.123,1720,10050
12786,12786,191100870,20140805T000000,838400.0,4.0,2.5,2620,9525,2.5,0,0,4,9,2620,0,1974,0,98040,47.5631,-122.219,2580,9525
12787,12787,5347200220,20140911T000000,225000.0,2.0,1.0,720,4758,1.0,0,0,3,6,720,0,1947,0,98126,47.5176,-122.376,990,4920
12788,12788,7604400150,20150423T000000,329900.0,3.0,2.0,1380,5198,1.0,0,0,4,7,1380,0,1982,0,98106,47.5514,-122.357,1320,6827
12789,12789,3024089057,20150106T000000,282500.0,4.0,1.0,1170,34925,1.0,0,0,4,6,1170,0,1942,0,98065,47.5305,-121.841,1610,28108
12790,12790,2212901010,20150406T000000,229950.0,3.0,1.75,1170,11960,1.0,0,0,4,7,1170,0,1969,0,98042,47.3279,-122.136,1230,9800
12791,12791,6414100482,20150331T000000,500000.0,2.0,1.0,1630,12059,1.0,0,0,3,7,1270,360,1947,0,98125,47.7228,-122.314,1660,8800
12792,12792,9455200329,20141104T000000,495000.0,3.0,1.75,1890,6557,1.0,0,0,3,8,1890,0,1967,0,98125,47.7032,-122.286,1920,6793
12793,12793,9536601996,20140610T000000,149500.0,3.0,1.0,1010,9450,1.0,0,0,4,7,1010,0,1959,0,98198,47.3592,-122.315,1240,9450
12794,12794,1546600230,20140818T000000,726000.0,3.0,2.5,2040,10033,1.0,0,0,4,8,1420,620,1974,0,98005,47.6375,-122.173,2260,10115
12795,12795,8691330330,20150409T000000,899000.0,4.0,2.5,4080,10295,2.0,0,0,3,10,4080,0,1998,0,98075,47.5933,-121.982,3470,10295
12796,12796,7788400065,20150315T000000,317000.0,3.0,1.0,1270,8925,1.0,0,0,5,7,1270,0,1955,0,98056,47.5124,-122.165,1270,8996
12797,12797,2771101251,20150326T000000,395000.0,1.0,1.0,790,3000,1.0,0,0,3,6,790,0,1953,0,98199,47.6544,-122.386,1110,4100
12798,12798,4475000120,20150202T000000,360000.0,4.0,3.0,2580,6740,2.0,0,0,3,8,2580,0,1999,0,98058,47.4296,-122.185,2010,6740
12799,12799,3905120540,20140618T000000,570000.0,4.0,2.5,2290,6738,2.0,0,0,3,8,2290,0,1996,0,98029,47.5714,-122.005,2100,6261
12800,12800,8562890910,20140619T000000,320000.0,4.0,2.5,3490,5000,2.0,0,0,3,8,3490,0,2003,0,98042,47.3772,-122.127,2910,5025
12801,12801,7701700040,20140925T000000,320000.0,3.0,1.75,1510,30185,1.5,0,0,3,7,1510,0,1976,0,98058,47.4118,-122.089,1470,12465
12802,12802,7237300330,20150312T000000,268000.0,5.0,2.5,2400,4564,2.0,0,0,3,7,2400,0,2004,0,98042,47.369,-122.126,1880,4109
12803,12803,7883608693,20140627T000000,191000.0,2.0,1.0,900,3400,1.0,0,0,5,6,900,0,1905,0,98108,47.5269,-122.314,940,6000
12804,12804,4363700304,20140804T000000,400000.0,2.0,1.0,1270,7440,1.0,0,0,4,7,910,360,1949,0,98126,47.5285,-122.372,1040,7500
12805,12805,2768100040,20140701T000000,515000.0,2.0,1.0,1050,5000,1.0,0,0,5,7,1050,0,1907,0,98107,47.6699,-122.369,1340,5000
12806,12806,7853220120,20150416T000000,610000.0,4.0,2.5,2950,9010,2.0,0,0,3,9,2950,0,2004,0,98065,47.531000000000006,-121.86,3160,8813
12807,12807,9547204675,20141024T000000,538000.0,2.0,1.75,1850,3060,1.0,0,0,3,7,1060,790,1929,1992,98115,47.6821,-122.308,1850,4080
12808,12808,7852150220,20140603T000000,432000.0,3.0,2.5,1970,4036,2.0,0,0,4,7,1970,0,2003,0,98065,47.5335,-121.869,1960,5020
12809,12809,5089700720,20150127T000000,335000.0,4.0,2.25,2400,8592,2.0,0,0,3,8,2400,0,1978,0,98055,47.4383,-122.193,2180,8100
12810,12810,3705900124,20150220T000000,302000.0,5.0,1.75,2360,8642,1.5,0,0,5,7,2060,300,1926,0,98133,47.7617,-122.335,1950,8491
12811,12811,5425700150,20140804T000000,787500.0,4.0,1.75,1580,9382,1.0,0,0,3,7,1080,500,1963,0,98039,47.6353,-122.232,2010,9382
12812,12812,6141100065,20141218T000000,420000.0,3.0,1.0,1790,7055,1.0,0,0,5,8,1520,270,1937,0,98133,47.718,-122.355,1710,7055
12813,12813,2726079098,20140918T000000,560000.0,3.0,2.5,2840,216493,2.0,0,0,3,9,2840,0,1991,0,98014,47.702,-121.892,2820,175111
12814,12814,3904960150,20150423T000000,535000.0,3.0,2.5,1970,6634,2.0,0,0,3,8,1970,0,1989,0,98029,47.5759,-122.012,2090,6176
12815,12815,3298700156,20140610T000000,310000.0,3.0,2.5,1780,6771,1.0,0,0,3,7,1230,550,1990,0,98106,47.5237,-122.353,1780,6771
12816,12816,5700000180,20141208T000000,760000.0,5.0,2.0,3920,5250,1.5,0,0,5,7,2560,1360,1910,0,98144,47.5798,-122.294,1830,4240
12817,12817,646910620,20140922T000000,242500.0,3.0,1.75,1550,1905,2.0,0,0,3,7,1550,0,2005,0,98055,47.4331,-122.195,1550,1866
12818,12818,2397100975,20150220T000000,1313000.0,6.0,3.0,2980,7200,1.5,0,2,3,8,2980,0,1911,0,98119,47.6366,-122.362,1720,3600
12819,12819,5365200040,20141016T000000,235000.0,3.0,1.0,1270,7153,1.0,0,0,5,6,1270,0,1949,0,98055,47.4815,-122.226,1650,7153
12820,12820,4157600180,20150223T000000,598780.0,4.0,2.25,3040,12160,1.0,0,0,4,7,1520,1520,1963,0,98007,47.5911,-122.133,2560,12090
12821,12821,723099044,20140807T000000,433200.0,3.0,2.5,2075,16200,2.0,0,0,3,8,2075,0,2002,0,98045,47.4848,-121.698,2300,32379
12822,12822,3343300644,20150511T000000,343000.0,2.0,1.0,1110,9920,1.0,0,0,5,6,700,410,1942,0,98056,47.5454,-122.192,2830,10091
12823,12823,2870000040,20141110T000000,145000.0,2.0,1.0,800,8125,1.0,0,0,3,6,800,0,1964,0,98033,47.6836,-122.174,2390,8125
12824,12824,739000035,20150116T000000,291970.0,1.0,1.0,680,21727,1.0,0,0,3,5,680,0,1952,1995,98058,47.446000000000005,-122.175,1470,19406
12825,12825,8118600155,20150318T000000,599950.0,3.0,1.0,1680,7910,1.0,0,0,3,7,1680,0,1949,0,98146,47.5085,-122.385,1330,7910
12826,12826,3025059072,20140725T000000,1749000.0,4.0,2.5,3910,22710,1.5,0,0,3,8,3910,0,1908,2003,98004,47.6295,-122.217,2920,16544
12827,12827,524059241,20150319T000000,870000.0,4.0,1.75,2780,11000,1.0,0,0,3,9,1560,1220,1964,0,98004,47.595,-122.203,2350,11700
12828,12828,2215900410,20150508T000000,323000.0,4.0,2.75,2000,9083,2.0,0,0,4,7,2000,0,1992,0,98038,47.3511,-122.058,1690,7735
12829,12829,7215730410,20140825T000000,727000.0,4.0,3.0,3150,9703,2.0,0,0,3,9,3150,0,2001,0,98075,47.5962,-122.018,3150,8819
12830,12830,3751600146,20141023T000000,166000.0,1.0,1.0,1120,17332,1.0,0,0,3,7,1120,0,1988,0,98001,47.2972,-122.267,1280,17334
12831,12831,3461000120,20150430T000000,450000.0,4.0,1.75,1740,12204,1.0,0,0,3,7,1270,470,1961,0,98155,47.7675,-122.277,2190,12204
12832,12832,9238500040,20140624T000000,400000.0,3.0,2.5,2970,23100,1.0,0,0,3,7,1510,1460,1967,0,98072,47.7735,-122.133,2390,20300
12833,12833,9238500040,20150210T000000,599000.0,3.0,2.5,2970,23100,1.0,0,0,3,7,1510,1460,1967,0,98072,47.7735,-122.133,2390,20300
12834,12834,3751604895,20140605T000000,165000.0,3.0,1.0,1150,19200,1.0,0,0,4,5,1150,0,1908,0,98001,47.2756,-122.27,1290,19200
12835,12835,8961800035,20140605T000000,229000.0,2.0,1.0,1190,7408,1.0,0,0,3,6,830,360,1941,0,98168,47.5094,-122.31,1140,7408
12836,12836,1154100205,20141013T000000,305000.0,1.0,1.0,900,7500,1.0,0,0,3,5,900,0,1946,1987,98155,47.7553,-122.283,1470,7500
12837,12837,9274203036,20140915T000000,930000.0,3.0,3.25,2950,4446,2.0,0,0,3,9,2450,500,2001,0,98116,47.5852,-122.391,1930,4255
12838,12838,3296000040,20140923T000000,542000.0,3.0,2.5,1990,15985,1.0,0,0,3,8,1540,450,1964,0,98007,47.6205,-122.141,2470,10125
12839,12839,1421069123,20140909T000000,214000.0,3.0,1.0,1020,9147,1.0,0,0,4,6,1020,0,1900,1965,98010,47.3127,-122.002,1600,9700
12840,12840,1245500276,20140909T000000,718000.0,3.0,2.5,2070,7200,2.0,0,0,3,8,2070,0,2001,0,98033,47.6946,-122.211,1650,8877
12841,12841,263000325,20140611T000000,349000.0,3.0,2.5,1430,1002,3.0,0,0,3,8,1430,0,2002,0,98103,47.698,-122.349,1430,1530
12842,12842,8802400644,20150505T000000,305000.0,3.0,2.5,2030,8000,2.0,0,0,3,7,2030,0,1997,0,98031,47.4024,-122.216,2290,7945
12843,12843,9826701345,20140715T000000,498000.0,3.0,2.5,1620,2640,2.0,0,0,4,7,1620,0,1900,1993,98122,47.6036,-122.305,1370,3840
12844,12844,3221059044,20140523T000000,799950.0,4.0,3.5,4220,196817,2.0,0,0,3,10,4220,0,1993,0,98092,47.2642,-122.187,2500,195395
12845,12845,9430110120,20150505T000000,737000.0,3.0,2.5,2300,7800,2.0,0,2,3,9,2300,0,1997,0,98052,47.6842,-122.155,2300,8187
12846,12846,424069275,20141226T000000,860000.0,4.0,3.25,3830,10005,2.0,0,0,3,10,3830,0,2001,0,98075,47.5953,-122.039,2555,5204
12847,12847,9485940330,20140702T000000,339950.0,3.0,2.5,2390,34041,1.0,0,0,3,8,1840,550,1984,0,98042,47.3546,-122.081,2460,35686
12848,12848,2787460120,20140516T000000,249000.0,3.0,2.25,1440,7673,1.0,0,0,3,7,940,500,1982,0,98031,47.4034,-122.178,1440,8418
12849,12849,293000180,20150507T000000,370000.0,2.0,1.0,910,5525,1.0,0,0,2,6,910,0,1910,0,98126,47.5322,-122.379,1620,5525
12850,12850,7785000220,20141013T000000,725000.0,3.0,2.0,1550,12262,1.0,0,0,4,7,1550,0,1964,0,98040,47.5755,-122.216,2900,12372
12851,12851,1523059183,20141205T000000,529000.0,5.0,2.5,2380,91476,1.0,0,0,4,8,1580,800,1976,0,98059,47.479,-122.153,1880,12870
12852,12852,9536601852,20150317T000000,310000.0,4.0,2.75,2060,8100,1.0,0,0,4,7,1310,750,1988,0,98198,47.3581,-122.317,1540,8100
12853,12853,2591800530,20141027T000000,315000.0,4.0,2.25,1880,9163,2.0,0,0,3,8,1880,0,1981,0,98058,47.4362,-122.165,1900,7980
12854,12854,1732800865,20141002T000000,1300000.0,4.0,2.5,3470,4160,2.0,0,0,3,9,2480,990,1927,0,98119,47.63,-122.363,2280,5440
12855,12855,2525000760,20141105T000000,435000.0,3.0,2.0,2360,12744,2.0,0,0,5,7,2360,0,1964,0,98059,47.483,-122.164,1650,8625
12856,12856,428100580,20140716T000000,350000.0,3.0,1.75,1970,10800,1.0,0,0,4,7,1300,670,1979,0,98056,47.5107,-122.172,1970,8768
12857,12857,2143700676,20140908T000000,240000.0,3.0,1.0,1040,7800,1.0,0,0,3,7,1040,0,1948,0,98055,47.4804,-122.229,1780,8400
12858,12858,2313900610,20150428T000000,410000.0,3.0,2.25,1420,3750,2.0,0,0,3,7,1420,0,1987,0,98116,47.5725,-122.383,1430,4664
12859,12859,8946410040,20140923T000000,430000.0,4.0,2.75,2290,5249,2.0,0,0,3,7,2290,0,2003,0,98059,47.4916,-122.162,2270,4348
12860,12860,3275730120,20140818T000000,446000.0,4.0,2.5,1530,8375,1.0,0,0,3,7,1020,510,1974,0,98034,47.7174,-122.236,1650,9794
12861,12861,7334500120,20140611T000000,240000.0,3.0,1.5,1360,9760,1.5,0,0,5,7,1360,0,1984,0,98045,47.4648,-121.757,1310,11456
12862,12862,5561401210,20150108T000000,595000.0,4.0,3.0,3680,35736,1.5,0,0,4,8,2320,1360,1970,0,98027,47.4703,-122.015,3210,39512
12863,12863,8651410330,20150306T000000,215150.0,3.0,1.0,920,4770,1.0,0,0,4,6,920,0,1969,0,98042,47.3654,-122.082,920,4770
12864,12864,4058801325,20140522T000000,319950.0,2.0,1.0,1070,5824,1.0,0,2,5,7,1070,0,1949,0,98178,47.507,-122.242,2090,7980
12865,12865,2817100910,20140616T000000,385000.0,3.0,2.0,1590,9912,2.0,0,0,3,8,1590,0,2000,0,98070,47.3731,-122.43,1670,9912
12866,12866,8647800040,20150325T000000,280000.0,3.0,2.5,1600,6700,2.0,0,0,3,8,1600,0,1991,0,98042,47.3618,-122.074,1790,7577
12867,12867,1138010180,20150511T000000,399950.0,3.0,2.5,1510,7300,1.0,0,0,3,7,1040,470,1974,0,98034,47.7153,-122.211,1360,7300
12868,12868,4014400237,20140523T000000,132500.0,3.0,1.0,1080,10500,1.0,0,0,3,7,1080,0,1967,0,98001,47.32,-122.278,1200,9607
12869,12869,9358000650,20150423T000000,399950.0,2.0,0.75,1330,2856,1.0,0,0,4,7,930,400,1916,0,98126,47.5671,-122.37,1330,2856
12870,12870,6150200180,20140721T000000,290000.0,2.0,1.0,850,6800,1.0,0,0,3,7,850,0,1948,0,98133,47.7282,-122.337,870,6800
12871,12871,8146300180,20150512T000000,860000.0,5.0,2.25,1960,8592,1.0,0,0,4,8,1290,670,1958,0,98004,47.6066,-122.192,1720,8592
12872,12872,2424049029,20140529T000000,3100000.0,6.0,4.25,6980,15682,3.0,0,4,4,12,5330,1650,1999,0,98040,47.5552,-122.231,3930,18367
12873,12873,3352400905,20140516T000000,245000.0,4.0,1.0,1530,7200,1.5,0,0,3,7,1400,130,1948,0,98178,47.5015,-122.262,1530,7200
12874,12874,393000385,20141215T000000,255000.0,3.0,1.5,1320,7980,1.0,0,0,3,7,1320,0,1956,0,98178,47.5068,-122.259,2000,7700
12875,12875,7417100133,20141113T000000,310000.0,4.0,3.0,2320,7200,2.0,0,0,3,7,2320,0,1976,0,98155,47.7703,-122.312,2050,10000
12876,12876,3782100035,20140813T000000,299000.0,3.0,1.0,960,8100,1.0,0,0,3,7,960,0,1955,0,98155,47.7763,-122.305,1080,8100
12877,12877,3905120330,20141110T000000,575000.0,4.0,2.5,2040,5508,2.0,0,0,4,8,2040,0,1996,0,98029,47.5719,-122.007,2130,5496
12878,12878,9310300211,20141114T000000,284000.0,3.0,1.0,1080,8214,1.0,0,0,3,7,1080,0,1944,0,98133,47.7401,-122.348,1850,13560
12879,12879,1868900035,20150407T000000,840000.0,3.0,1.75,2020,4800,1.0,0,0,4,8,1090,930,1926,0,98115,47.6726,-122.294,1680,4800
12880,12880,3574801510,20140813T000000,442573.0,3.0,1.75,1780,7567,1.0,0,0,3,7,1290,490,1980,0,98034,47.7314,-122.225,1910,8645
12881,12881,5102400035,20141008T000000,560000.0,3.0,1.0,1140,7028,1.0,0,0,3,8,1140,0,1931,0,98115,47.6948,-122.322,1350,6923
12882,12882,2810100040,20140507T000000,485000.0,3.0,2.0,1610,4160,1.0,0,0,4,7,1010,600,1917,0,98136,47.5421,-122.388,1040,4400
12883,12883,785000040,20150318T000000,472500.0,4.0,1.75,1440,8536,1.0,0,0,4,7,1440,0,1961,0,98033,47.6775,-122.18,1720,9748
12884,12884,3861470120,20141126T000000,1610000.0,4.0,2.75,4270,25807,2.0,0,0,3,11,4270,0,1996,0,98004,47.5951,-122.206,3860,20723
12885,12885,8813400155,20141219T000000,808000.0,8.0,3.75,3460,4600,2.0,0,0,3,7,2860,600,1987,0,98105,47.6617,-122.289,2170,3750
12886,12886,526059199,20141022T000000,398000.0,3.0,1.75,1890,16001,1.5,0,0,4,7,1890,0,1950,0,98011,47.7663,-122.201,1820,11450
12887,12887,5126300770,20150217T000000,340000.0,3.0,2.5,2240,6000,2.0,0,0,3,8,2240,0,2003,0,98059,47.4837,-122.138,2400,6000
12888,12888,2734100395,20150513T000000,380000.0,2.0,1.0,760,4000,1.5,0,0,3,6,760,0,1910,0,98108,47.5462,-122.32,1130,4000
12889,12889,795000865,20140912T000000,235000.0,3.0,1.0,1020,6173,1.0,0,0,3,6,780,240,1948,0,98168,47.5042,-122.329,1330,5909
12890,12890,3763300040,20141027T000000,400000.0,3.0,1.5,1330,9900,1.0,0,0,3,7,1330,0,1956,0,98034,47.7167,-122.233,1940,9900
12891,12891,1777600880,20140711T000000,582000.0,5.0,2.5,2780,12335,1.0,0,0,4,8,1590,1190,1968,0,98006,47.5681,-122.128,2750,9930
12892,12892,3361401210,20141231T000000,209000.0,2.0,1.0,1070,6120,1.0,0,0,3,6,1070,0,1962,0,98168,47.4989,-122.317,1130,6120
12893,12893,1431600180,20150403T000000,335000.0,5.0,3.0,2660,7700,1.5,0,0,4,7,1670,990,1962,0,98058,47.46,-122.174,1610,7700
12894,12894,7454001120,20141212T000000,285950.0,2.0,1.0,710,7120,1.0,0,0,5,6,710,0,1942,0,98146,47.5122,-122.374,1100,7020
12895,12895,5561100180,20141107T000000,645000.0,5.0,2.25,3340,52476,2.0,0,0,4,8,3340,0,1975,0,98027,47.4553,-121.987,2460,48351
12896,12896,8658303080,20141223T000000,312000.0,2.0,1.0,1160,7500,1.5,0,0,4,7,1160,0,1916,0,98014,47.6499,-121.916,1110,7500
12897,12897,6795100589,20141010T000000,663000.0,3.0,2.25,2840,59677,1.0,0,0,3,7,1580,1260,1967,0,98075,47.5828,-122.044,2220,31688
12898,12898,3345100184,20141020T000000,443950.0,3.0,1.75,2000,36000,1.0,0,0,3,6,2000,0,1946,1995,98056,47.5217,-122.182,2100,9681
12899,12899,9284801165,20140530T000000,315000.0,3.0,2.0,1060,5750,1.0,0,0,3,7,1060,0,1981,0,98126,47.5523,-122.372,1080,5750
12900,12900,7229100180,20150323T000000,302200.0,4.0,1.5,1730,10396,1.0,0,0,3,7,1730,0,1964,0,98058,47.4497,-122.168,1510,10396
12901,12901,9808630120,20150108T000000,770000.0,3.0,2.5,2190,2658,2.0,0,3,4,9,2190,0,1979,0,98033,47.6528,-122.203,2315,2538
12902,12902,2473411210,20150122T000000,374950.0,4.0,1.75,1660,8160,1.0,0,0,3,8,1660,0,1974,0,98058,47.4483,-122.129,1800,7684
12903,12903,8029500180,20140611T000000,330000.0,3.0,2.5,2210,7557,2.0,0,0,3,9,2210,0,1989,0,98023,47.3079,-122.393,2440,8641
12904,12904,3438503014,20141020T000000,230000.0,2.0,1.0,870,7020,1.0,0,0,4,6,570,300,1942,0,98106,47.5404,-122.352,1730,7020
12905,12905,5100403882,20150427T000000,967000.0,4.0,2.5,3100,7250,2.0,0,0,3,9,3100,0,2010,0,98115,47.6961,-122.316,1240,6670
12906,12906,6909200401,20140908T000000,536500.0,4.0,2.5,1720,3515,2.0,0,2,3,8,1470,250,2000,0,98144,47.591,-122.293,1140,2208
12907,12907,2113700360,20140627T000000,315000.0,6.0,4.0,3120,4240,2.0,0,2,4,7,2090,1030,1993,0,98106,47.5305,-122.353,1460,4240
12908,12908,2028701075,20140716T000000,626000.0,3.0,1.0,1040,4240,1.0,0,0,4,7,860,180,1924,0,98117,47.6768,-122.367,1170,4240
12909,12909,3755200220,20140718T000000,334009.0,4.0,2.0,1650,9305,1.0,0,0,4,6,1650,0,1960,0,98034,47.7183,-122.213,1860,7486
12910,12910,2767800065,20150129T000000,429000.0,2.0,1.0,1010,5000,1.0,0,0,2,7,1010,0,1924,0,98107,47.6715,-122.365,1410,5000
12911,12911,1136100087,20150205T000000,818000.0,4.0,2.5,4020,44431,2.0,0,0,3,10,4020,0,1987,0,98072,47.7467,-122.132,3440,52900
12912,12912,3422059257,20140828T000000,326000.0,5.0,2.75,2166,6342,2.0,0,0,3,8,2166,0,2013,0,98042,47.3461,-122.152,2474,5948
12913,12913,3438502083,20140612T000000,310000.0,5.0,3.0,1880,5000,1.0,0,0,3,7,1100,780,1997,0,98106,47.5453,-122.363,1640,5000
12914,12914,930000234,20150421T000000,525000.0,4.0,2.0,2260,7680,1.0,0,0,4,7,1130,1130,1947,0,98177,47.7193,-122.361,1800,7680
12915,12915,2475200330,20150403T000000,350000.0,3.0,2.25,2010,4400,1.5,0,0,3,7,2010,0,1986,0,98055,47.4735,-122.189,1720,4187
12916,12916,6352600650,20150402T000000,936000.0,4.0,2.5,3330,8897,2.0,0,0,3,10,3330,0,2001,0,98074,47.6484,-122.08,3150,7515
12917,12917,4415600040,20141129T000000,226000.0,3.0,1.0,1520,7200,1.0,0,0,3,7,1030,490,1954,0,98166,47.4527,-122.352,1530,7201
12918,12918,7974700150,20150501T000000,1250000.0,5.0,3.5,3510,4798,2.0,0,0,3,10,2700,810,2008,0,98105,47.669,-122.282,1460,1684
12919,12919,820079043,20140819T000000,428000.0,3.0,1.75,1580,507038,1.0,0,2,4,7,1580,0,1985,0,98022,47.2303,-121.936,2040,210394
12920,12920,8910500150,20140529T000000,329932.0,3.0,1.5,1460,5040,1.0,0,0,3,7,1100,360,1971,0,98133,47.7112,-122.357,2330,7560
12921,12921,8910500150,20150120T000000,539000.0,3.0,1.5,1460,5040,1.0,0,0,3,7,1100,360,1971,0,98133,47.7112,-122.357,2330,7560
12922,12922,1938400410,20150310T000000,275000.0,3.0,1.75,1650,7700,1.0,0,0,4,8,1650,0,1977,0,98023,47.3155,-122.365,2020,7700
12923,12923,7338200180,20140910T000000,590000.0,4.0,2.5,2660,35010,2.0,0,2,3,9,2660,0,1993,0,98045,47.4816,-121.714,2330,35448
12924,12924,3636800180,20150123T000000,782000.0,4.0,2.5,3510,24604,2.0,0,0,3,10,3510,0,1997,0,98053,47.6772,-122.056,3530,26673
12925,12925,9545240180,20140616T000000,575000.0,4.0,2.5,2120,9603,2.0,0,0,3,8,2120,0,1985,0,98027,47.5348,-122.053,1990,9611
12926,12926,3293700482,20150114T000000,509000.0,3.0,2.25,1780,9315,2.0,0,0,3,7,1780,0,1996,0,98133,47.7484,-122.353,1780,8545
12927,12927,7968000120,20140509T000000,290000.0,4.0,2.5,2000,13300,1.0,0,0,4,7,1200,800,1968,0,98001,47.353,-122.294,1800,9810
12928,12928,7655900062,20140728T000000,305240.0,3.0,1.0,1300,9000,1.0,0,0,3,7,1300,0,1956,0,98133,47.7352,-122.337,1500,9600
12929,12929,4321200970,20140610T000000,555000.0,3.0,2.0,2180,4976,1.5,0,2,4,8,1680,500,1930,0,98126,47.573,-122.38,1850,5000
12930,12930,8645540040,20140725T000000,317000.0,3.0,2.0,1790,8228,1.0,0,0,3,7,1390,400,1980,0,98058,47.4658,-122.172,1880,8228
12931,12931,7504200120,20140613T000000,430000.0,3.0,2.0,1910,5040,1.5,0,0,3,8,1910,0,1971,0,98074,47.6312,-122.061,1980,4275
12932,12932,3867400175,20150224T000000,850000.0,2.0,1.5,1800,4144,1.0,0,4,4,7,900,900,1962,0,98116,47.5934,-122.39,2090,4173
12933,12933,4022906222,20141126T000000,469000.0,3.0,2.25,2620,10659,1.0,0,0,3,7,1660,960,1976,0,98155,47.7643,-122.273,1820,12071
12934,12934,7346600092,20140730T000000,327200.0,2.0,2.0,1440,8425,1.0,0,0,4,6,1440,0,1942,1983,98168,47.4831,-122.296,1430,12037
12935,12935,3222049044,20140612T000000,835000.0,3.0,3.0,2790,12523,2.0,1,4,4,8,1600,1190,1977,0,98198,47.3571,-122.324,2990,11476
12936,12936,1843100580,20140903T000000,360000.0,4.0,2.5,2340,13445,2.0,0,0,3,8,2340,0,1990,0,98042,47.374,-122.125,2340,11188
12937,12937,393000142,20141211T000000,372000.0,4.0,2.5,2070,8658,2.0,0,0,3,8,2070,0,1999,0,98178,47.5072,-122.257,2010,7215
12938,12938,3288200360,20150326T000000,453000.0,3.0,1.0,2160,11484,1.5,0,0,4,7,2160,0,1968,0,98034,47.7277,-122.185,2270,10080
12939,12939,5379800040,20140813T000000,275000.0,2.0,1.75,2090,11317,1.0,0,0,5,7,1090,1000,1931,0,98188,47.4594,-122.279,1940,11317
12940,12940,6843600040,20140702T000000,475000.0,4.0,2.5,2040,7260,2.0,0,0,4,7,2040,0,1963,0,98133,47.7399,-122.332,2040,7360
12941,12941,1091500120,20150213T000000,310000.0,4.0,2.75,1950,9720,1.0,0,0,3,7,1400,550,1986,0,98031,47.3969,-122.205,2300,10530
12942,12942,7148200040,20150210T000000,173000.0,4.0,2.0,1200,8460,1.0,0,0,5,7,1200,0,1957,0,98188,47.4413,-122.277,1350,8623
12943,12943,1623089025,20150403T000000,313500.0,5.0,3.0,2240,94960,1.0,0,0,3,6,2240,0,1985,0,98045,47.481,-121.788,1780,43400
12944,12944,3278600760,20140729T000000,345000.0,3.0,2.5,1360,1489,2.0,0,0,3,8,1360,0,2007,0,98126,47.549,-122.372,1360,1688
12945,12945,1226039054,20150316T000000,436000.0,3.0,1.5,1500,10200,1.0,0,0,3,8,1300,200,1955,0,98177,47.7598,-122.359,1950,9500
12946,12946,798000145,20140924T000000,244500.0,2.0,1.75,1300,14500,1.0,0,0,3,6,650,650,1939,0,98168,47.4989,-122.329,1370,12986
12947,12947,7905400040,20140711T000000,206000.0,3.0,1.75,1140,9800,1.0,0,0,4,7,1140,0,1968,0,98001,47.3063,-122.27,1370,9800
12948,12948,3825310720,20150421T000000,890000.0,4.0,2.5,2930,9158,2.0,0,0,3,9,2930,0,2005,0,98052,47.7065,-122.13,3590,8065
12949,12949,4137000540,20150122T000000,329950.0,4.0,2.25,2140,8874,2.0,0,0,3,8,2140,0,1986,0,98092,47.2654,-122.217,2140,8789
12950,12950,120059044,20150217T000000,250000.0,3.0,1.75,1628,286355,1.0,0,0,3,7,1628,0,1996,0,98092,47.2558,-122.122,1490,216344
12951,12951,420069021,20141027T000000,246000.0,3.0,2.0,1990,203861,1.0,0,0,3,7,1990,0,1949,0,98022,47.2507,-122.039,2760,217800
12952,12952,622100092,20140716T000000,440000.0,3.0,1.75,1950,19747,1.0,0,0,3,7,1150,800,1979,0,98072,47.7685,-122.162,2560,9674
12953,12953,3876312620,20140924T000000,395000.0,4.0,1.75,1910,8117,1.0,0,0,3,7,1460,450,1975,0,98072,47.7344,-122.173,1810,8100
12954,12954,3331001165,20140926T000000,305000.0,3.0,1.0,820,5150,1.0,0,0,5,6,820,0,1918,0,98118,47.5514,-122.284,1100,5150
12955,12955,2019200220,20140923T000000,160000.0,3.0,2.25,1470,8682,1.0,0,0,3,7,1160,310,1985,0,98003,47.2729,-122.299,1670,8359
12956,12956,2019200220,20150226T000000,269000.0,3.0,2.25,1470,8682,1.0,0,0,3,7,1160,310,1985,0,98003,47.2729,-122.299,1670,8359
12957,12957,7956200220,20140811T000000,169500.0,3.0,1.0,1060,10023,1.0,0,0,3,6,1060,0,1962,0,98023,47.2869,-122.36,1060,10023
12958,12958,6632900452,20141205T000000,690500.0,4.0,2.75,3130,8920,2.0,0,0,3,8,3130,0,2014,0,98155,47.7397,-122.316,1450,9183
12959,12959,8165100035,20141203T000000,245560.0,2.0,1.5,1260,9693,1.0,0,0,3,7,1260,0,1957,0,98177,47.7775,-122.365,1800,9693
12960,12960,9264930970,20150311T000000,345000.0,4.0,2.75,2200,13498,2.0,0,0,3,8,2200,0,1987,0,98023,47.3148,-122.35,2190,11850
12961,12961,3344500085,20141015T000000,383000.0,4.0,1.75,2580,19607,1.0,0,2,4,8,1290,1290,1958,0,98056,47.5067,-122.197,1970,9569
12962,12962,3320000222,20140827T000000,388500.0,3.0,2.25,1350,944,2.0,0,0,3,8,1050,300,2007,0,98144,47.5997,-122.312,1350,1245
12963,12963,3375300210,20140918T000000,250000.0,3.0,1.75,1350,8548,1.0,0,0,3,7,1350,0,1985,0,98003,47.3179,-122.33,1660,8538
12964,12964,5469500580,20150203T000000,455500.0,3.0,1.75,2290,19000,1.0,0,0,4,9,1650,640,1973,0,98042,47.3837,-122.158,2900,13034
12965,12965,8146100610,20141201T000000,672000.0,3.0,1.0,1220,8573,1.0,0,0,4,7,1220,0,1954,0,98004,47.6088,-122.193,1390,8573
12966,12966,3223059123,20140630T000000,550000.0,4.0,1.5,2750,128502,1.0,0,0,2,7,1500,1250,1958,0,98055,47.4345,-122.198,1470,11514
12967,12967,2325059101,20150506T000000,487000.0,3.0,1.75,1430,12632,1.0,0,0,3,7,1430,0,1959,0,98008,47.6371,-122.123,1750,10350
12968,12968,9475710040,20140820T000000,291375.0,4.0,2.5,2220,6233,2.0,0,0,3,7,2220,0,2001,0,98059,47.4887,-122.15,2220,5352
12969,12969,9310300175,20150304T000000,225000.0,3.0,1.0,1490,15850,1.0,0,0,3,7,1490,0,1946,0,98133,47.7411,-122.347,1950,13228
12970,12970,8099900040,20141111T000000,519950.0,5.0,3.5,2440,10200,2.0,0,0,4,7,2440,0,1974,0,98075,47.5814,-122.003,2000,10568
12971,12971,3224800120,20140826T000000,250000.0,3.0,2.5,2070,8400,2.0,0,0,4,8,2070,0,1990,0,98002,47.3099,-122.206,2070,9239
12972,12972,4232903265,20140918T000000,614950.0,3.0,1.0,1500,2400,1.5,0,0,5,7,1500,0,1900,0,98119,47.6333,-122.362,1780,3600
12973,12973,8861500065,20150114T000000,599500.0,4.0,2.25,2020,10260,2.0,0,0,4,7,2020,0,1984,0,98052,47.6801,-122.114,2020,10311
12974,12974,3585300365,20140924T000000,625000.0,4.0,1.5,2190,13660,1.0,0,3,3,8,2190,0,1952,0,98177,47.7658,-122.37,2520,20500
12975,12975,8019200360,20150506T000000,248500.0,2.0,1.0,780,10064,1.0,0,0,4,7,780,0,1958,0,98168,47.4913,-122.318,1090,14750
12976,12976,2862100205,20140930T000000,469950.0,5.0,2.0,1220,4200,1.0,0,0,4,6,1090,130,1921,0,98105,47.6677,-122.321,1790,4200
12977,12977,7420100040,20150422T000000,525000.0,3.0,1.5,1840,10956,1.0,0,0,4,8,1840,0,1970,0,98033,47.6746,-122.164,1680,10950
12978,12978,223039229,20140902T000000,787500.0,2.0,2.5,2390,6928,2.0,0,3,4,8,1810,580,1949,1982,98146,47.5101,-122.391,2390,12852
12979,12979,7967950040,20150416T000000,485000.0,4.0,2.5,3710,15935,1.0,0,0,3,10,2130,1580,2005,0,98001,47.3528,-122.267,3674,17913
12980,12980,1443500120,20150407T000000,310000.0,2.0,1.0,750,5379,1.0,0,0,3,6,750,0,1919,0,98118,47.5324,-122.272,1030,5511
12981,12981,3920000040,20141010T000000,280000.0,5.0,2.0,2110,7919,1.0,0,0,3,7,1110,1000,1966,0,98118,47.5164,-122.267,1590,5250
12982,12982,126059021,20150402T000000,200000.0,4.0,1.0,1020,42966,1.5,0,0,4,6,1020,0,1922,0,98072,47.7617,-122.11,2250,37680
12983,12983,8106300970,20141010T000000,490000.0,3.0,2.5,3080,7363,2.0,0,0,3,9,3080,0,2006,0,98055,47.4473,-122.205,2860,5273
12984,12984,9320900610,20141231T000000,146000.0,3.0,1.0,900,4770,1.0,0,0,3,6,900,0,1969,2009,98023,47.3038,-122.362,900,3480
12985,12985,5647900650,20141120T000000,500000.0,5.0,3.0,3720,25474,2.0,0,4,3,9,2090,1630,1986,0,98001,47.3296,-122.256,1870,14547
12986,12986,1432701430,20140910T000000,242500.0,3.0,1.0,940,7380,1.0,0,0,3,6,940,0,1959,0,98058,47.4516,-122.175,1210,8095
12987,12987,6632300477,20141006T000000,324950.0,3.0,1.0,1040,7288,1.0,0,0,3,7,1040,0,1959,0,98125,47.7287,-122.311,1160,7287
12988,12988,9476200150,20150416T000000,231500.0,2.0,1.0,1000,7615,1.0,0,0,4,6,1000,0,1943,0,98056,47.49,-122.191,1060,8000
12989,12989,8029500450,20140529T000000,300000.0,3.0,2.5,2080,9827,2.0,0,0,3,8,2080,0,1989,0,98023,47.3058,-122.394,2660,9861
12990,12990,9510320150,20141202T000000,545000.0,4.0,2.5,2500,50595,2.0,0,0,3,9,2500,0,1997,0,98045,47.4736,-121.731,2765,33720
12991,12991,415100085,20150217T000000,350000.0,3.0,1.0,1050,8583,1.0,0,0,5,6,1050,0,1955,0,98133,47.7451,-122.339,1460,7351
12992,12992,8562850150,20140523T000000,467100.0,3.0,1.75,1620,8645,1.0,0,0,3,7,1190,430,1973,0,98052,47.6651,-122.151,2010,8645
12993,12993,1951600150,20150408T000000,180000.0,3.0,1.0,1610,8500,1.5,0,0,3,7,1610,0,1959,0,98032,47.3717,-122.297,1070,8750
12994,12994,6745700150,20140710T000000,749000.0,4.0,1.5,2130,5000,2.0,0,0,4,8,2130,0,1920,0,98144,47.5828,-122.291,2560,5000
12995,12995,9211520410,20141009T000000,245000.0,3.0,2.5,1460,11593,2.0,0,0,3,7,1460,0,1989,0,98023,47.2984,-122.385,1640,9703
12996,12996,3388000040,20140819T000000,260000.0,5.0,1.0,1600,7350,1.0,0,0,5,7,1600,0,1962,0,98031,47.3943,-122.196,1600,7725
12997,12997,3566800040,20140607T000000,490000.0,3.0,3.0,1730,2940,3.0,0,0,3,7,1730,0,1985,0,98117,47.6911,-122.392,1690,4410
12998,12998,4221250120,20140827T000000,565000.0,4.0,2.5,2280,4602,2.0,0,0,3,8,2280,0,2003,0,98075,47.5895,-122.019,2280,4193
12999,12999,1402600040,20140825T000000,330000.0,4.0,2.25,2430,7490,2.0,0,0,3,8,2430,0,1983,0,98058,47.4406,-122.139,2070,7469
13000,13000,2720000120,20141104T000000,295000.0,3.0,1.0,1380,7575,1.0,0,0,4,7,1380,0,1963,0,98056,47.5139,-122.187,1320,7600
13001,13001,3359500665,20141009T000000,725000.0,3.0,1.5,1790,6000,1.5,0,0,4,7,1790,0,1903,0,98115,47.6754,-122.325,1290,3500
13002,13002,7732650040,20140903T000000,1135000.0,4.0,2.5,3370,10602,2.0,0,0,3,10,3370,0,1999,0,98007,47.6591,-122.147,2950,9949
13003,13003,2874600040,20140804T000000,680000.0,3.0,2.25,2920,6300,1.0,0,0,3,8,1710,1210,1956,0,98177,47.7065,-122.37,1940,6300
13004,13004,6154900065,20141030T000000,490000.0,2.0,1.0,2180,9300,1.0,0,0,4,7,1090,1090,1947,0,98177,47.7032,-122.371,1830,7378
13005,13005,3491300180,20150427T000000,635000.0,3.0,1.75,1480,6985,1.5,0,0,4,7,1200,280,1926,0,98117,47.68600000000001,-122.374,1480,5588
13006,13006,619079096,20150406T000000,750000.0,3.0,2.5,2350,715690,1.5,0,0,4,9,2350,0,1979,0,98022,47.1622,-121.971,1280,325393
13007,13007,9264920620,20141209T000000,330000.0,4.0,2.25,2440,8098,2.0,0,0,3,8,2440,0,1983,0,98023,47.3126,-122.346,2110,7911
13008,13008,7899800730,20150324T000000,270000.0,3.0,2.5,1350,1189,2.0,0,0,3,7,1080,270,2007,0,98106,47.5218,-122.358,1300,1182
13009,13009,8944750730,20140514T000000,340000.0,3.0,2.25,1970,3716,2.0,0,0,3,7,1970,0,1997,0,98056,47.4907,-122.167,1780,3716
13010,13010,2922703150,20150304T000000,413252.0,3.0,0.75,1110,3960,1.0,0,0,3,7,1110,0,1951,0,98117,47.6834,-122.366,1610,5530
13011,13011,293610040,20150210T000000,600000.0,4.0,2.75,2950,5803,2.0,0,0,3,9,2950,0,2007,0,98028,47.7368,-122.231,2940,5803
13012,13012,7215720410,20150415T000000,726888.0,5.0,3.0,2970,7261,2.0,0,0,3,9,2970,0,1999,0,98075,47.5994,-122.019,2970,8437
13013,13013,5550300175,20141206T000000,285000.0,2.0,1.0,720,6400,1.0,0,0,4,6,720,0,1943,0,98126,47.5286,-122.368,1030,6400
13014,13014,1588600040,20150206T000000,365000.0,2.0,1.0,770,5680,1.0,0,0,4,6,770,0,1929,0,98117,47.6951,-122.366,1170,5514
13015,13015,7819000040,20150309T000000,295000.0,4.0,2.0,1650,7200,1.0,0,0,3,7,1650,0,1964,0,98133,47.7543,-122.344,1410,7200
13016,13016,1839920180,20150318T000000,460000.0,3.0,2.25,1620,7350,1.0,0,0,3,7,1170,450,1969,0,98034,47.7248,-122.179,1800,7350
13017,13017,2560803085,20140925T000000,230000.0,3.0,1.5,1510,10588,1.5,0,0,3,7,1510,0,1947,0,98198,47.3775,-122.319,1360,2873
13018,13018,6414100133,20140522T000000,337000.0,3.0,1.0,1070,6109,1.0,0,0,5,7,1070,0,1951,0,98125,47.7207,-122.32,1170,7200
13019,13019,164000174,20140908T000000,300000.0,3.0,1.0,1010,6300,1.0,0,0,3,7,1010,0,1957,0,98133,47.7304,-122.352,1480,7480
13020,13020,1118001201,20150130T000000,2300000.0,4.0,2.5,3370,8402,1.0,0,0,5,10,2240,1130,1962,0,98112,47.6349,-122.29,3190,8700
13021,13021,5104510720,20141210T000000,360000.0,4.0,2.5,2000,5500,2.0,0,0,3,8,2000,0,2003,0,98038,47.3552,-122.014,2000,5512
13022,13022,3904910650,20150316T000000,585000.0,3.0,2.5,2060,10839,2.0,0,0,3,8,2060,0,1987,0,98029,47.5675,-122.016,2180,8126
13023,13023,9211500620,20141008T000000,182700.0,3.0,2.25,1740,6650,1.0,0,0,3,7,1240,500,1978,0,98023,47.2979,-122.379,1740,7000
13024,13024,9211500620,20150428T000000,305000.0,3.0,2.25,1740,6650,1.0,0,0,3,7,1240,500,1978,0,98023,47.2979,-122.379,1740,7000
13025,13025,6402710120,20140505T000000,309950.0,3.0,2.5,1880,7838,2.0,0,0,3,7,1880,0,1994,0,98055,47.4439,-122.19,1810,7915
13026,13026,1245001739,20150316T000000,550000.0,3.0,1.0,960,12527,1.0,0,0,3,7,960,0,1972,0,98033,47.6891,-122.203,1220,7579
13027,13027,6817850040,20141111T000000,825000.0,3.0,2.5,3280,26413,1.0,0,3,3,11,2670,610,1985,0,98074,47.6395,-122.05,3280,25211
13028,13028,9839301165,20141001T000000,998500.0,2.0,1.0,1570,4400,1.5,0,0,4,8,1570,0,1914,0,98122,47.6112,-122.293,1850,4400
13029,13029,1854900410,20141101T000000,644500.0,4.0,2.5,2990,5342,2.0,0,0,3,8,2990,0,2004,0,98074,47.6124,-122.009,2990,5936
13030,13030,2787700180,20150112T000000,320000.0,3.0,2.0,1250,8636,1.0,0,0,5,7,1250,0,1968,0,98059,47.5066,-122.159,1620,7653
13031,13031,1843130210,20141015T000000,266950.0,3.0,2.5,1920,4803,2.0,0,0,3,7,1920,0,2005,0,98042,47.3745,-122.127,2240,5231
13032,13032,205000450,20140514T000000,633100.0,4.0,2.5,2470,33305,2.0,0,0,3,9,2470,0,1993,0,98053,47.6303,-121.99,2440,33305
13033,13033,3626039279,20140805T000000,395000.0,2.0,1.0,960,6700,1.0,0,0,3,7,960,0,1951,0,98103,47.6955,-122.357,1350,6700
13034,13034,3126049261,20150316T000000,259250.0,3.0,1.0,940,5904,1.0,0,0,3,6,940,0,1947,0,98103,47.699,-122.35,870,5728
13035,13035,8658303265,20141106T000000,300000.0,3.0,1.0,1260,5000,1.0,0,0,4,6,1260,0,1968,0,98014,47.6492,-121.915,1180,7500
13036,13036,2421059009,20150220T000000,413000.0,3.0,1.75,2280,139392,1.0,0,0,3,8,2280,0,1977,0,98092,47.291,-122.118,2280,117176
13037,13037,3111300040,20140801T000000,435000.0,3.0,2.25,1740,8491,1.0,0,0,3,8,1240,500,1958,0,98177,47.7758,-122.379,2080,8494
13038,13038,1770000330,20141003T000000,500000.0,4.0,2.75,2630,15000,1.0,0,0,4,7,1690,940,1976,0,98072,47.7425,-122.089,1800,16500
13039,13039,4174600264,20140801T000000,402000.0,4.0,1.75,2430,5481,1.0,0,0,3,8,1430,1000,1953,0,98108,47.5569,-122.298,2050,5508
13040,13040,822039025,20150501T000000,777700.0,3.0,2.5,2260,251460,1.5,0,0,3,10,2260,0,1995,0,98070,47.4096,-122.449,1610,244372
13041,13041,9521101065,20150323T000000,580000.0,2.0,1.5,1220,5000,1.0,0,2,4,7,1220,0,1938,0,98103,47.6624,-122.348,2090,3850
13042,13042,3244500158,20140908T000000,570000.0,3.0,1.75,2580,40392,1.0,0,0,3,9,1390,1190,1986,0,98072,47.7637,-122.134,2460,46173
13043,13043,3603000410,20141208T000000,174950.0,2.0,1.0,730,6000,1.0,0,0,3,6,730,0,1950,1985,98198,47.3832,-122.3,1750,7200
13044,13044,7548300441,20140507T000000,300000.0,2.0,1.0,760,3001,1.0,0,0,3,6,760,0,1913,0,98144,47.5874,-122.311,1750,5000
13045,13045,3034200142,20140923T000000,435000.0,3.0,1.5,1740,6988,1.0,0,0,3,7,1600,140,1950,0,98133,47.7211,-122.33,1650,7500
13046,13046,8651611590,20140528T000000,840000.0,4.0,2.5,3420,8405,2.0,0,0,3,10,3420,0,2000,0,98074,47.6328,-122.064,3230,8460
13047,13047,2978800120,20140618T000000,469000.0,5.0,2.5,2240,7543,1.0,0,0,3,7,1140,1100,1966,0,98177,47.7756,-122.372,2110,7408
13048,13048,7011200515,20141112T000000,870000.0,4.0,1.75,1920,3600,2.0,0,0,4,8,1920,0,1907,0,98119,47.6382,-122.368,1920,3600
13049,13049,7199340620,20140604T000000,532000.0,4.0,1.75,2020,7029,1.0,0,0,4,7,1430,590,1979,0,98052,47.6983,-122.127,1780,7200
13050,13050,7291700065,20150326T000000,455000.0,4.0,1.5,1880,11400,1.0,0,0,3,7,1280,600,1955,0,98177,47.7718,-122.381,1880,11400
13051,13051,2129700142,20140731T000000,201000.0,3.0,1.0,1010,25277,1.0,0,0,5,5,1010,0,1961,0,98019,47.7242,-121.951,1570,213879
13052,13052,318300040,20140923T000000,649000.0,5.0,3.25,3990,13087,2.0,0,0,3,9,2400,1590,1991,0,98042,47.3632,-122.061,2580,13633
13053,13053,5101400871,20150524T000000,445500.0,2.0,1.75,1390,6670,1.0,0,0,3,6,720,670,1941,0,98115,47.6914,-122.308,920,6380
13054,13054,2561360120,20140527T000000,475000.0,3.0,2.0,1230,11502,1.0,0,0,4,7,1230,0,1984,0,98052,47.7017,-122.127,1660,11727
13055,13055,293800120,20150430T000000,590000.0,4.0,2.5,2940,29013,2.0,0,0,3,10,2940,0,1992,0,98077,47.7635,-122.044,3010,34071
13056,13056,2595300155,20150224T000000,565000.0,4.0,1.5,2190,8296,2.0,0,0,3,7,2190,0,1935,1963,98136,47.5158,-122.385,1160,8160
13057,13057,2853600155,20140915T000000,110000.0,1.0,1.0,640,10280,1.0,0,0,2,5,640,0,1920,0,98126,47.5144,-122.368,1090,9000
13058,13058,4365200555,20141219T000000,375000.0,3.0,2.5,1670,7740,1.0,0,0,3,7,1130,540,1974,0,98126,47.5222,-122.37,1220,7740
13059,13059,2473100790,20140718T000000,255000.0,3.0,1.5,1240,8528,1.0,0,0,4,7,1240,0,1967,0,98058,47.4478,-122.157,1570,8064
13060,13060,8019200925,20150429T000000,315000.0,5.0,1.75,1850,14800,1.5,0,0,3,6,1760,90,1937,0,98168,47.4935,-122.321,1250,14800
13061,13061,6071600450,20141120T000000,496600.0,4.0,2.25,2020,8400,1.0,0,0,4,8,1350,670,1961,0,98006,47.5488,-122.171,2060,8400
13062,13062,5249803036,20140714T000000,380000.0,3.0,1.0,1020,4800,1.0,0,0,3,7,1020,0,1944,0,98118,47.5615,-122.272,1400,5465
13063,13063,3222069151,20141110T000000,338950.0,3.0,1.75,1610,22496,1.0,0,0,4,7,1610,0,1974,0,98042,47.3443,-122.073,2050,35772
13064,13064,5561400610,20141019T000000,542500.0,5.0,3.5,2730,42500,1.0,0,0,3,8,1530,1200,1989,0,98027,47.4587,-121.996,3180,37970
13065,13065,5700000905,20140816T000000,739000.0,5.0,2.5,2840,5000,1.0,0,0,4,7,1620,1220,1913,0,98144,47.5817,-122.291,2200,5000
13066,13066,3362401935,20140619T000000,549000.0,4.0,1.75,1290,3060,2.0,0,0,4,7,1290,0,1906,0,98103,47.6798,-122.348,1510,4080
13067,13067,2893000610,20140624T000000,252000.0,3.0,2.25,1670,7881,1.0,0,0,4,7,1190,480,1977,0,98031,47.4105,-122.18,1870,7820
13068,13068,7856410411,20140922T000000,1698890.0,4.0,4.5,3860,15246,2.0,0,4,3,11,2940,920,2004,0,98006,47.56,-122.161,3750,14790
13069,13069,8156600155,20140611T000000,735000.0,4.0,1.75,2460,5100,1.5,0,0,5,7,1450,1010,1909,0,98115,47.6782,-122.3,1560,5100
13070,13070,2560803248,20140709T000000,270000.0,4.0,2.5,1660,8063,1.0,0,0,4,7,1660,0,1978,0,98198,47.3761,-122.32,1060,8437
13071,13071,1118001215,20150204T000000,2250000.0,3.0,2.5,3420,8700,1.0,0,0,3,9,2890,530,1951,0,98112,47.6352,-122.29,3370,8700
13072,13072,1437500035,20141010T000000,155000.0,2.0,1.0,1010,43056,1.5,0,0,3,5,1010,0,1990,0,98014,47.7105,-121.316,830,18297
13073,13073,2124049229,20150302T000000,469000.0,4.0,2.5,2240,5624,1.0,0,0,3,7,1520,720,1961,0,98108,47.5574,-122.308,2240,7495
13074,13074,7129304225,20150108T000000,305000.0,4.0,2.25,2340,5250,2.0,0,0,5,7,2340,0,1965,0,98118,47.5183,-122.266,1540,5250
13075,13075,7986400180,20140710T000000,675000.0,3.0,1.75,1920,4500,1.0,0,0,5,7,960,960,1924,0,98107,47.6645,-122.357,1190,4000
13076,13076,809001970,20141231T000000,931000.0,3.0,2.5,2460,6600,1.5,0,0,4,8,1560,900,1929,0,98109,47.6364,-122.351,2090,3400
13077,13077,7979900145,20150205T000000,385000.0,3.0,1.0,1470,11398,1.0,0,0,3,8,1470,0,1950,0,98155,47.746,-122.296,1710,11407
13078,13078,3299600040,20150214T000000,815000.0,3.0,2.5,3400,12442,2.0,0,0,3,9,3400,0,2001,0,98075,47.5611,-122.032,3250,8635
13079,13079,8651730580,20150330T000000,531000.0,3.0,2.25,1910,8390,1.0,0,0,3,7,1910,0,1979,0,98034,47.73,-122.216,2410,8390
13080,13080,1250201175,20150323T000000,386500.0,4.0,1.0,1400,3600,1.0,0,0,4,6,700,700,1901,0,98144,47.5972,-122.295,1690,3600
13081,13081,8651510610,20140626T000000,475580.0,3.0,1.75,1520,11085,1.0,0,0,3,8,1520,0,1983,0,98074,47.646,-122.068,2310,9647
13082,13082,7017200120,20140820T000000,358000.0,2.0,1.0,930,5077,1.0,0,0,3,6,930,0,1939,0,98133,47.7095,-122.35,1080,5803
13083,13083,9272201385,20141022T000000,677500.0,5.0,1.0,2340,4730,2.0,0,0,3,8,1810,530,1918,0,98116,47.5895,-122.385,2100,4970
13084,13084,518500210,20140508T000000,868500.0,3.0,2.5,2920,3942,3.0,0,0,3,10,2920,0,2008,0,98056,47.531000000000006,-122.204,2920,3942
13085,13085,3260000120,20150209T000000,599380.0,3.0,1.75,1270,7350,1.0,0,0,4,7,1270,0,1967,0,98005,47.6046,-122.168,1880,7350
13086,13086,7504030220,20141008T000000,712000.0,4.0,2.25,2450,11960,1.0,0,0,3,10,2450,0,1979,0,98074,47.6351,-122.06,2600,11960
13087,13087,7972601885,20150430T000000,350000.0,5.0,1.75,1380,7620,1.0,0,0,3,7,1180,200,1955,0,98106,47.5279,-122.345,1990,7620
13088,13088,2331300395,20140510T000000,875000.0,4.0,2.0,2520,6000,1.0,0,0,3,8,1400,1120,1921,2007,98103,47.6767,-122.35,1580,3720
13089,13089,2597710450,20150304T000000,365000.0,3.0,2.25,2290,7350,2.0,0,0,3,8,2290,0,1988,0,98058,47.429,-122.162,2170,7529
13090,13090,8122600145,20140521T000000,452000.0,4.0,2.0,1660,6150,1.0,0,0,3,6,850,810,1945,0,98126,47.5371,-122.368,1110,6250
13091,13091,629000410,20150217T000000,915000.0,3.0,2.75,2800,9750,1.0,0,0,5,7,1400,1400,1957,0,98004,47.5862,-122.202,2800,9530
13092,13092,7202380120,20150105T000000,482500.0,3.0,2.5,1690,3068,2.0,0,0,3,7,1690,0,2005,0,98053,47.6763,-122.028,1690,3260
13093,13093,2926049437,20141014T000000,425000.0,3.0,1.0,1180,7200,1.5,0,0,4,7,1180,0,1949,0,98133,47.7121,-122.333,2240,7875
13094,13094,9550202700,20141211T000000,460000.0,2.0,1.75,1390,4160,1.0,0,0,5,6,790,600,1916,0,98105,47.6681,-122.324,1090,4160
13095,13095,1231000458,20140720T000000,666570.0,4.0,2.0,2320,7400,1.5,0,0,5,7,1620,700,1913,0,98118,47.5558,-122.269,1740,4000
13096,13096,9485930120,20141014T000000,390000.0,3.0,2.25,2270,32112,1.0,0,0,4,8,1740,530,1980,0,98042,47.3451,-122.094,2310,41606
13097,13097,7923100410,20141009T000000,650000.0,4.0,1.75,2640,8215,1.0,0,0,4,7,1500,1140,1966,0,98008,47.5819,-122.125,2070,7875
13098,13098,2571910210,20141001T000000,305000.0,3.0,2.0,1680,8487,1.0,0,0,3,7,1680,0,1993,0,98022,47.1959,-122.01,2080,8560
13099,13099,3395800155,20140805T000000,250000.0,3.0,1.0,990,8100,1.0,0,0,3,6,990,0,1949,0,98146,47.4839,-122.341,1210,8100
13100,13100,9558040230,20150406T000000,438800.0,4.0,2.5,2770,4432,2.0,0,0,3,9,2770,0,2004,0,98058,47.4541,-122.117,2770,5423
13101,13101,7129302185,20141215T000000,290000.0,2.0,1.0,950,5650,1.0,0,0,5,6,950,0,1943,0,98118,47.5149,-122.257,1250,5650
13102,13102,7841300230,20150501T000000,324950.0,4.0,2.0,2160,4800,2.0,0,0,4,7,1290,870,1929,0,98055,47.4777,-122.212,1570,4800
13103,13103,2768300650,20141201T000000,453000.0,3.0,2.5,1650,1838,2.0,0,0,4,7,1270,380,1991,0,98107,47.6666,-122.367,1550,1558
13104,13104,546000865,20140919T000000,556000.0,3.0,1.0,1800,4005,1.5,0,0,4,7,1160,640,1929,0,98117,47.6876,-122.38,1240,4005
13105,13105,7708300150,20141118T000000,315000.0,3.0,2.0,1660,11135,1.0,0,0,3,8,1660,0,1971,0,98045,47.4897,-121.787,1660,11560
13106,13106,3709500180,20140527T000000,445830.0,3.0,2.5,1870,5449,2.0,0,0,3,8,1870,0,2003,0,98011,47.7557,-122.22,2000,7687
13107,13107,9273200145,20141010T000000,1260000.0,3.0,3.5,3220,3960,2.0,0,4,3,10,2760,460,1991,0,98116,47.5909,-122.384,3080,4444
13108,13108,2025700730,20140502T000000,287200.0,3.0,3.0,1850,19966,1.0,0,0,4,7,1090,760,1992,0,98038,47.3493,-122.034,1410,6715
13109,13109,2215500220,20140923T000000,525000.0,4.0,1.5,1580,6360,1.5,0,0,3,7,1290,290,1945,0,98115,47.6873,-122.286,1690,6360
13110,13110,3758900220,20141226T000000,1135000.0,4.0,4.25,4590,17621,2.0,0,0,3,10,3160,1430,2003,0,98033,47.6973,-122.205,3800,12268
13111,13111,7229900925,20141010T000000,381000.0,3.0,1.75,2700,18246,1.0,0,0,4,7,1510,1190,1967,0,98059,47.4817,-122.097,1620,16986
13112,13112,6632900084,20140606T000000,360000.0,3.0,1.75,1020,7020,1.5,0,0,4,7,1020,0,1953,0,98155,47.7362,-122.314,1020,5871
13113,13113,7137300040,20150504T000000,619000.0,5.0,3.5,2950,2932,3.0,0,0,3,8,2950,0,2004,0,98144,47.5923,-122.298,1580,2047
13114,13114,222069029,20150219T000000,535000.0,2.0,1.75,1780,224769,1.0,0,0,4,8,1780,0,1976,0,98038,47.4158,-122.002,2060,71560
13115,13115,7518503685,20141009T000000,402000.0,2.0,1.0,710,5100,1.0,0,0,5,7,710,0,1905,0,98117,47.6765,-122.381,1530,5100
13116,13116,7701930180,20141110T000000,600000.0,4.0,3.5,4300,70407,2.0,0,0,3,10,2710,1590,1992,0,98058,47.4472,-122.092,3520,26727
13117,13117,5072420040,20140910T000000,549950.0,3.0,2.5,2080,8690,1.0,0,0,3,8,1430,650,1974,0,98166,47.4424,-122.344,2400,9625
13118,13118,4058802300,20140820T000000,300000.0,4.0,2.0,2360,7440,1.0,0,0,3,7,1180,1180,1955,0,98178,47.5044,-122.245,1680,7800
13119,13119,5127100210,20150325T000000,360000.0,6.0,2.0,2210,9870,2.0,0,0,4,7,2210,0,1969,1995,98059,47.4751,-122.145,1390,9912
13120,13120,6453300306,20140910T000000,419000.0,7.0,3.25,4340,8521,2.0,0,0,3,7,2550,1790,1986,0,98106,47.52,-122.338,1890,8951
13121,13121,4442800166,20150407T000000,510000.0,3.0,3.0,1320,1012,3.0,0,0,3,8,1320,0,2009,0,98117,47.6904,-122.395,1320,1536
13122,13122,8078490330,20140916T000000,319950.0,3.0,2.5,1980,9907,2.0,0,0,3,8,1980,0,1991,0,98022,47.1903,-122.013,2050,9907
13123,13123,2322069010,20141007T000000,1180000.0,5.0,5.0,3960,94089,2.0,0,0,3,10,3960,0,1998,0,98038,47.38,-122.011,2240,64468
13124,13124,9558021010,20141003T000000,381000.0,4.0,2.5,2130,6003,2.0,0,0,3,8,2130,0,2003,0,98058,47.4518,-122.12,1940,4529
13125,13125,6700390230,20150505T000000,256900.0,3.0,2.5,1720,3951,2.0,0,0,3,7,1720,0,1992,0,98031,47.4033,-122.187,1720,3605
13126,13126,1841400150,20150219T000000,346000.0,5.0,1.0,1790,30456,1.0,0,0,4,7,1350,440,1964,0,98030,47.3469,-122.195,2420,35647
13127,13127,6873000150,20141208T000000,465000.0,2.0,2.25,1390,1222,3.0,0,0,3,7,1340,50,2009,0,98052,47.6754,-122.121,1480,1369
13128,13128,5710500230,20150506T000000,545000.0,3.0,2.0,1900,9975,1.0,0,0,3,8,1500,400,1973,0,98027,47.5307,-122.054,2140,9825
13129,13129,9528102060,20140730T000000,516000.0,2.0,1.75,1640,3090,1.0,0,0,4,7,910,730,1925,0,98115,47.679,-122.319,1510,4120
13130,13130,2490200450,20140609T000000,550000.0,4.0,2.5,2700,5100,1.0,0,0,4,8,1440,1260,1968,0,98136,47.5331,-122.384,1880,5100
13131,13131,4178500580,20150505T000000,339950.0,4.0,2.25,2200,7150,2.0,0,0,4,7,2200,0,1990,0,98042,47.3595,-122.089,1740,7150
13132,13132,4325700085,20150325T000000,417000.0,3.0,1.0,1310,8514,1.0,0,0,4,7,1310,0,1953,0,98133,47.7502,-122.353,1310,8514
13133,13133,5606000120,20150225T000000,906000.0,4.0,2.5,2480,5000,1.0,0,3,3,8,1480,1000,1951,0,98105,47.6653,-122.272,2240,6071
13134,13134,5451220150,20141112T000000,980000.0,4.0,2.25,3010,9800,2.0,0,0,4,9,3010,0,1973,0,98040,47.5336,-122.223,2510,9800
13135,13135,7954300620,20150413T000000,555000.0,4.0,2.5,2450,5079,2.0,0,0,3,9,2450,0,2001,0,98056,47.5214,-122.191,2690,6675
13136,13136,2591010040,20141110T000000,468000.0,2.0,1.75,1250,7029,1.0,0,0,4,7,1250,0,1986,0,98033,47.6936,-122.186,1680,8470
13137,13137,3321079060,20141020T000000,378000.0,3.0,1.75,2610,117176,1.0,0,0,3,7,1390,1220,1981,0,98022,47.2585,-121.925,2140,142005
13138,13138,7229900145,20141216T000000,430000.0,4.0,2.5,2010,16020,1.5,0,0,5,8,2010,0,1962,0,98059,47.4821,-122.108,1420,16020
13139,13139,5710610790,20140516T000000,730100.0,4.0,2.5,3120,14300,2.0,0,0,3,9,3120,0,2003,0,98027,47.5318,-122.055,2580,10005
13140,13140,937000220,20140904T000000,219000.0,4.0,1.5,1370,7944,1.5,0,0,3,7,1370,0,1961,0,98198,47.4224,-122.289,1370,9181
13141,13141,7504001320,20141121T000000,570000.0,3.0,2.5,2420,11953,1.0,0,0,3,9,2420,0,1990,0,98074,47.6285,-122.054,2420,12215
13142,13142,3832710450,20141119T000000,262500.0,4.0,2.75,1500,7036,1.0,0,0,3,7,1060,440,1979,0,98032,47.3665,-122.276,1620,7200
13143,13143,8567450180,20140529T000000,525000.0,5.0,2.5,2630,9216,2.0,0,0,3,8,2630,0,2003,0,98019,47.7379,-121.966,2020,4980
13144,13144,4443801590,20150402T000000,520000.0,2.0,1.0,950,3880,1.0,0,0,4,6,950,0,1919,0,98117,47.687,-122.389,1660,3880
13145,13145,7399200770,20141209T000000,417400.0,3.0,3.0,2680,12285,1.0,0,0,4,8,2680,0,1970,0,98055,47.4633,-122.196,2610,9558
13146,13146,8562740530,20140512T000000,788000.0,4.0,3.25,3680,5759,2.0,0,0,3,9,2840,840,2003,0,98027,47.5367,-122.067,3620,6006
13147,13147,5592900230,20141224T000000,320000.0,3.0,1.0,1270,7400,1.0,0,2,4,7,1270,0,1956,0,98056,47.4831,-122.191,1800,7400
13148,13148,3693900155,20140905T000000,950000.0,6.0,1.0,2330,5000,1.5,0,0,4,7,2330,0,1920,0,98117,47.6789,-122.397,1570,5000
13149,13149,3782100155,20140527T000000,255000.0,3.0,1.0,960,8100,1.0,0,0,3,7,960,0,1955,0,98155,47.7766,-122.307,1120,8100
13150,13150,104550580,20140520T000000,260000.0,4.0,2.5,1990,6671,2.0,0,0,3,7,1990,0,1989,0,98023,47.3078,-122.358,1862,6566
13151,13151,4365200620,20150312T000000,394000.0,3.0,1.0,1450,7930,1.0,0,0,4,6,1150,300,1923,0,98126,47.5212,-122.371,1040,7740
13152,13152,226059161,20141231T000000,575000.0,4.0,2.5,2280,27441,2.0,0,0,3,8,2280,0,1996,0,98072,47.7628,-122.123,2350,35020
13153,13153,5316100220,20150319T000000,1250000.0,4.0,2.25,1830,7200,2.0,0,2,3,8,1750,80,1923,0,98112,47.6315,-122.282,3100,7200
13154,13154,1387300760,20140804T000000,385000.0,3.0,2.25,1650,7800,1.0,0,0,3,7,1260,390,1969,0,98011,47.7377,-122.197,1760,8268
13155,13155,2521059042,20141107T000000,456000.0,5.0,2.75,2720,193406,1.0,0,4,4,7,1700,1020,1968,0,98092,47.2838,-122.121,2820,248292
13156,13156,7974200902,20150506T000000,637000.0,4.0,2.5,1710,5000,1.0,0,0,3,8,1110,600,1979,0,98115,47.6772,-122.285,1750,5304
13157,13157,259600910,20141110T000000,485000.0,5.0,1.5,1420,9900,1.0,0,0,3,7,1050,370,1964,0,98008,47.6348,-122.118,1580,8075
13158,13158,4375700065,20140512T000000,315275.0,3.0,1.75,1440,8040,1.0,0,0,3,7,960,480,1951,0,98125,47.7128,-122.306,1500,8040
13159,13159,2473100330,20140923T000000,252500.0,2.0,1.5,1280,8710,1.0,0,0,3,7,1280,0,1967,0,98058,47.4472,-122.16,1520,9375
13160,13160,1523069095,20150323T000000,240000.0,2.0,1.0,1320,24319,1.0,0,0,3,7,1320,0,1966,0,98027,47.4741,-122.015,1430,98445
13161,13161,5101402428,20141112T000000,790000.0,4.0,2.5,2560,12760,1.0,0,0,4,7,1760,800,1949,0,98115,47.6947,-122.303,1760,6384
13162,13162,1072100085,20140514T000000,310000.0,3.0,1.0,1480,7830,1.0,0,0,3,7,1480,0,1952,0,98133,47.7703,-122.336,1450,7830
13163,13163,9322800230,20141212T000000,1250000.0,4.0,2.5,2960,20240,2.0,0,4,4,10,2960,0,1985,0,98146,47.5075,-122.389,2500,14960
13164,13164,2695600455,20150128T000000,425000.0,2.0,1.0,1160,5038,1.0,0,0,5,7,740,420,1942,0,98126,47.5304,-122.38,1160,5076
13165,13165,8946400210,20140603T000000,548000.0,3.0,2.5,2110,4099,2.0,0,0,3,8,2110,0,2001,0,98072,47.7508,-122.17,2110,4871
13166,13166,1523069197,20140503T000000,379880.0,3.0,2.5,1650,14054,1.0,0,0,4,7,1130,520,1986,0,98027,47.4821,-122.017,1940,87555
13167,13167,8078420230,20140530T000000,530000.0,3.0,2.5,1950,9906,2.0,0,0,3,8,1950,0,1988,0,98074,47.6363,-122.025,1860,7689
13168,13168,2723069052,20150420T000000,695000.0,3.0,2.25,2600,220300,1.5,0,0,5,8,2120,480,1977,0,98027,47.4562,-122.016,2760,215600
13169,13169,9297300395,20140527T000000,435000.0,3.0,1.0,1270,4000,1.5,0,2,3,7,1270,0,1928,0,98126,47.5695,-122.376,1560,4000
13170,13170,1428000970,20140521T000000,540000.0,3.0,1.75,1300,62290,1.0,0,0,3,7,1300,0,1983,0,98053,47.6529,-121.979,1850,52272
13171,13171,1774000720,20140620T000000,425000.0,3.0,2.25,1790,10209,1.0,0,0,3,7,1290,500,1967,0,98072,47.7492,-122.086,1840,9900
13172,13172,2826049106,20140715T000000,490000.0,3.0,2.5,1930,7266,2.0,0,0,3,8,1930,0,2005,0,98125,47.7191,-122.309,1930,7266
13173,13173,2113700205,20140703T000000,220000.0,4.0,1.0,1200,6000,1.5,0,0,3,6,1200,0,1923,0,98106,47.5307,-122.352,950,4000
13174,13174,1036450360,20150107T000000,540000.0,4.0,2.5,2050,3784,2.0,0,0,3,8,2050,0,2001,0,98034,47.7189,-122.181,2050,3366
13175,13175,714000155,20141222T000000,670000.0,3.0,1.0,1710,6195,1.0,0,0,3,7,1410,300,1946,0,98105,47.6706,-122.265,1610,6195
13176,13176,686800065,20141119T000000,667500.0,3.0,1.75,2130,20423,1.0,0,0,3,9,2130,0,1953,0,98004,47.6339,-122.192,2370,20875
13177,13177,5323100120,20140916T000000,585000.0,3.0,3.5,1700,2197,2.0,0,0,3,8,1260,440,2010,0,98116,47.5767,-122.41,1360,1418
13178,13178,8658300455,20141118T000000,225000.0,3.0,1.5,1390,12500,1.0,0,0,4,6,1390,0,1976,0,98014,47.6496,-121.908,1390,9000
13179,13179,2202500150,20140819T000000,375000.0,3.0,1.0,1230,9877,1.0,0,0,3,7,1230,0,1954,0,98006,47.5745,-122.136,1240,9965
13180,13180,258100040,20141124T000000,335000.0,3.0,2.0,1490,8847,1.0,0,0,4,7,1490,0,1967,0,98177,47.7639,-122.363,1640,7572
13181,13181,4027700021,20150311T000000,680000.0,5.0,3.25,2440,15815,2.0,0,0,3,8,1990,450,2014,0,98155,47.774,-122.28,2500,14201
13182,13182,9828701747,20150123T000000,600000.0,3.0,1.0,970,4800,1.0,0,0,3,6,970,0,1950,0,98112,47.6212,-122.298,1500,2042
13183,13183,1523049207,20140805T000000,161000.0,4.0,2.0,1700,8043,1.0,0,0,3,7,850,850,1954,0,98168,47.4758,-122.288,1540,13260
13184,13184,1523049207,20150114T000000,220000.0,4.0,2.0,1700,8043,1.0,0,0,3,7,850,850,1954,0,98168,47.4758,-122.288,1540,13260
13185,13185,2131701075,20141204T000000,420000.0,3.0,1.75,1720,5000,1.5,0,0,3,8,1720,0,1932,2009,98019,47.738,-121.983,1410,8300
13186,13186,1794500870,20150327T000000,710000.0,3.0,1.0,1400,2250,1.5,0,0,3,7,1400,0,1909,0,98119,47.6373,-122.358,1630,3600
13187,13187,6383000790,20150122T000000,626000.0,4.0,2.5,2570,7221,1.0,0,0,4,8,1570,1000,1958,0,98117,47.6921,-122.387,2440,7274
13188,13188,723049448,20140722T000000,279500.0,3.0,1.5,1200,8040,1.0,0,0,4,7,1200,0,1959,0,98146,47.4901,-122.341,1450,9315
13189,13189,5093300325,20140523T000000,1610000.0,4.0,3.5,4390,11600,2.0,0,3,3,11,3060,1330,1990,0,98040,47.5862,-122.246,3240,12000
13190,13190,7547300120,20140801T000000,325000.0,2.0,1.0,1080,5000,1.0,0,0,3,7,1080,0,1954,0,98106,47.5682,-122.359,1010,5000
13191,13191,2473000720,20140717T000000,380000.0,4.0,2.25,1860,7980,1.0,0,0,4,8,1860,0,1966,0,98058,47.4524,-122.15,1860,8814
13192,13192,7697800040,20140826T000000,470000.0,4.0,2.75,2150,9820,1.0,0,0,4,8,1220,930,1979,0,98011,47.7758,-122.2,2060,9830
13193,13193,1442860120,20141205T000000,363000.0,4.0,3.0,2250,12142,2.0,0,0,3,8,2250,0,1986,0,98058,47.4338,-122.16,2300,9003
13194,13194,9542800610,20150219T000000,245000.0,4.0,2.25,2050,7700,2.0,0,0,3,7,2050,0,1977,0,98023,47.3009,-122.375,1780,7700
13195,13195,6003501400,20150226T000000,525000.0,3.0,1.0,1010,3520,1.0,0,0,3,7,1010,0,1902,0,98102,47.6208,-122.319,1300,1233
13196,13196,5493100366,20140625T000000,1700000.0,5.0,3.5,5850,22885,2.0,0,2,4,11,4670,1180,1978,0,98004,47.606,-122.211,3240,19020
13197,13197,6681500205,20150504T000000,658500.0,4.0,2.25,1900,5000,1.0,0,0,3,7,1400,500,1963,0,98199,47.6456,-122.387,1710,4994
13198,13198,2594200230,20150424T000000,680000.0,2.0,1.0,1020,8442,1.0,0,4,4,7,920,100,1941,0,98136,47.5145,-122.391,2550,10323
13199,13199,624110450,20150225T000000,835000.0,4.0,2.0,3390,16025,2.0,0,0,4,10,3390,0,1987,0,98077,47.7222,-122.056,3950,15277
13200,13200,2768100180,20140606T000000,595000.0,4.0,2.5,1990,2175,2.0,0,0,3,8,1680,310,2005,0,98107,47.6696,-122.371,1560,2087
13201,13201,9406700180,20150416T000000,419000.0,4.0,2.5,3190,4980,2.0,0,0,3,9,3190,0,2005,0,98038,47.3657,-122.034,2830,6720
13202,13202,2122059077,20140915T000000,198900.0,2.0,1.0,1210,18700,1.0,0,0,4,7,1210,0,1940,0,98042,47.3752,-122.166,2250,10048
13203,13203,624110610,20140515T000000,1085000.0,4.0,3.25,3740,12080,1.0,0,0,3,10,2000,1740,1988,0,98077,47.7214,-122.056,4210,15277
13204,13204,3575302245,20150423T000000,500000.0,3.0,3.5,2150,4368,2.0,0,0,3,8,1610,540,1998,0,98074,47.6213,-122.065,2390,16630
13205,13205,2287600040,20140711T000000,575000.0,4.0,1.75,2440,8100,1.0,0,0,4,9,1620,820,1960,0,98177,47.7201,-122.361,2030,8100
13206,13206,2026049183,20150402T000000,324950.0,2.0,1.5,1230,1516,3.0,0,0,3,8,1230,0,2000,0,98125,47.7265,-122.314,1352,1411
13207,13207,216500040,20150226T000000,259000.0,3.0,2.5,2740,7980,2.0,0,0,4,7,2740,0,1964,0,98168,47.473,-122.3,1470,8611
13208,13208,6705800040,20140516T000000,551000.0,2.0,2.0,2260,9604,1.0,0,0,3,9,2260,0,1990,0,98011,47.7718,-122.208,2260,10747
13209,13209,9266701115,20140808T000000,488000.0,2.0,1.5,1000,5125,1.0,0,0,3,7,1000,0,1942,1968,98103,47.6926,-122.347,1090,5100
13210,13210,3811000180,20150305T000000,635000.0,4.0,2.25,2350,46173,2.0,0,0,4,8,2350,0,1980,0,98053,47.6657,-122.067,2390,36567
13211,13211,1561900180,20150311T000000,395000.0,3.0,2.5,2300,8938,2.0,0,0,3,9,2300,0,1989,0,98031,47.4181,-122.211,2570,9694
13212,13212,3432500760,20140818T000000,370000.0,3.0,1.0,1440,8287,1.5,0,0,4,7,1440,0,1928,0,98155,47.7438,-122.315,1330,8285
13213,13213,7465900205,20141024T000000,675000.0,4.0,3.0,2780,5000,1.5,0,0,5,7,1710,1070,1919,0,98116,47.5721,-122.381,1150,5000
13214,13214,6629300120,20150402T000000,402000.0,3.0,1.0,1200,6825,1.0,0,0,3,7,1200,0,1954,2013,98133,47.7491,-122.353,1470,8100
13215,13215,3026059011,20140813T000000,825000.0,3.0,2.75,3040,24192,2.0,0,0,4,10,3040,0,1987,0,98034,47.7108,-122.225,2770,5728
13216,13216,822069029,20150217T000000,579000.0,3.0,2.75,2660,223027,1.0,0,0,3,8,1330,1330,1962,2015,98038,47.4127,-122.071,1560,222591
13217,13217,9826701490,20150225T000000,455000.0,5.0,2.0,1510,3000,2.0,0,0,3,6,1510,0,1983,0,98122,47.6029,-122.304,1610,3600
13218,13218,4137020360,20140722T000000,265000.0,3.0,2.5,1780,6527,2.0,0,0,3,8,1780,0,1989,0,98092,47.2578,-122.217,2040,8840
13219,13219,1115700040,20141201T000000,713500.0,5.0,2.75,2920,9163,1.0,0,0,4,8,1520,1400,1976,0,98006,47.5668,-122.169,2250,9163
13220,13220,1061400180,20150106T000000,240000.0,3.0,1.0,1550,12670,1.0,0,0,4,7,1550,0,1962,0,98056,47.5024,-122.169,1550,8880
13221,13221,820079081,20140911T000000,570000.0,4.0,3.0,2710,217800,2.5,0,0,3,9,2710,0,2006,0,98022,47.2411,-121.932,2710,217800
13222,13222,2524069072,20140626T000000,243800.0,3.0,1.0,1140,27760,1.0,0,0,4,6,1140,0,1981,0,98027,47.5372,-121.972,1690,87300
13223,13223,9521101520,20141212T000000,543000.0,2.0,1.0,940,3864,1.0,0,0,4,8,940,0,1918,0,98103,47.6631,-122.345,1440,3956
13224,13224,5016002240,20141008T000000,1010000.0,3.0,2.25,2160,7500,2.0,0,0,3,10,2160,0,1982,0,98112,47.6232,-122.299,1550,3839
13225,13225,424069010,20140721T000000,625000.0,4.0,2.25,2470,17008,2.0,0,0,4,8,2470,0,1979,0,98075,47.5924,-122.048,2470,31798
13226,13226,5104540610,20140925T000000,459950.0,4.0,2.5,2800,6567,2.0,0,0,3,9,2800,0,2006,0,98038,47.3555,-122.002,3400,5900
13227,13227,8567300150,20141031T000000,370000.0,4.0,2.75,2420,39704,1.0,0,0,3,9,2420,0,1985,0,98038,47.4053,-122.03,2760,36303
13228,13228,2976800749,20141031T000000,150000.0,4.0,2.0,1460,7254,1.0,0,0,3,6,1460,0,1959,0,98178,47.5056,-122.254,1460,7236
13229,13229,7015200790,20140624T000000,683500.0,3.0,1.5,1820,5756,1.5,0,0,3,7,1640,180,1946,0,98119,47.6479,-122.367,1760,6169
13230,13230,2770604104,20140604T000000,499950.0,3.0,2.5,1520,2208,2.0,0,0,3,8,1040,480,2007,0,98119,47.6419,-122.374,1610,1618
13231,13231,1624049092,20140630T000000,255000.0,2.0,1.0,1320,9967,1.0,0,0,3,6,940,380,1919,0,98108,47.5693,-122.296,1970,7587
13232,13232,8078570410,20150326T000000,279000.0,3.0,2.5,1920,7779,2.0,0,0,3,7,1920,0,1989,0,98031,47.4024,-122.171,1960,7536
13233,13233,7974200456,20141201T000000,910000.0,5.0,3.0,2640,5096,2.0,0,0,3,10,2640,0,2009,0,98115,47.6809,-122.288,1610,5217
13234,13234,752000035,20140520T000000,699000.0,4.0,2.5,2650,7945,2.0,0,0,3,9,2650,0,2006,0,98125,47.7113,-122.296,1200,7920
13235,13235,3262300322,20150408T000000,1651000.0,4.0,3.25,3640,13530,1.0,0,0,3,9,2570,1070,1924,2000,98039,47.6293,-122.238,2760,15000
13236,13236,5412300410,20150325T000000,248000.0,3.0,1.0,1420,8800,1.0,0,0,4,6,1090,330,1981,0,98030,47.3746,-122.181,1480,8000
13237,13237,4013200145,20141107T000000,429000.0,3.0,1.0,1540,37950,1.0,0,0,4,7,1090,450,1959,0,98001,47.3259,-122.289,1820,24375
13238,13238,2623039018,20141027T000000,685000.0,4.0,1.0,1550,15239,1.5,1,4,3,6,1370,180,1930,0,98166,47.4502,-122.378,1790,22047
13239,13239,8122100650,20140731T000000,316000.0,2.0,1.0,730,5040,1.0,0,0,3,6,730,0,1927,0,98126,47.5387,-122.374,790,5040
13240,13240,1005000220,20150310T000000,410000.0,2.0,1.0,2020,7540,1.0,0,0,3,7,1010,1010,1921,0,98118,47.5359,-122.28,1270,4652
13241,13241,1023089096,20140808T000000,299000.0,3.0,1.0,1200,15843,1.0,0,2,3,7,1200,0,1955,0,98045,47.4991,-121.779,1410,15843
13242,13242,1392800035,20140618T000000,559000.0,2.0,1.0,1240,6400,1.0,0,1,4,7,1060,180,1938,0,98126,47.5493,-122.377,1240,6400
13243,13243,1523069072,20140723T000000,575000.0,3.0,2.25,2680,100188,2.0,0,0,4,8,1580,1100,1978,0,98027,47.4776,-122.02,2540,60548
13244,13244,519000043,20140714T000000,602000.0,3.0,2.5,1640,3804,2.0,0,0,3,8,1640,0,1998,0,98122,47.6103,-122.3,1440,3230
13245,13245,475000975,20140522T000000,492000.0,4.0,2.0,1640,5000,2.0,0,0,3,7,1640,0,1907,1983,98107,47.6662,-122.365,1240,5000
13246,13246,4142450040,20150327T000000,293500.0,3.0,2.5,1610,5024,2.0,0,0,3,7,1610,0,2004,0,98038,47.3833,-122.043,1790,3717
13247,13247,2824059043,20140722T000000,481000.0,3.0,2.75,2290,14810,1.0,0,0,5,7,1400,890,1967,0,98056,47.5343,-122.185,2540,8640
13248,13248,8558600085,20140509T000000,311100.0,4.0,2.25,2130,8078,1.0,0,0,4,7,1380,750,1977,0,98055,47.4482,-122.209,2300,8112
13249,13249,8649400410,20150417T000000,375000.0,3.0,1.75,2140,13598,1.5,0,0,4,7,1620,520,1970,0,98014,47.7139,-121.321,930,10150
13250,13250,2523089025,20150210T000000,1075000.0,3.0,3.0,4020,435600,1.5,0,2,3,10,4020,0,1999,0,98045,47.4418,-121.731,2590,283140
13251,13251,9512500720,20150428T000000,500000.0,5.0,2.5,2030,8400,1.0,0,0,3,7,1330,700,1968,0,98052,47.6713,-122.152,1920,8400
13252,13252,2461900760,20150401T000000,553000.0,3.0,1.0,1380,6250,1.0,0,0,4,7,1380,0,1918,0,98136,47.5514,-122.385,2270,6250
13253,13253,2877104196,20141206T000000,760000.0,3.0,2.0,1780,1750,1.0,0,2,3,8,1400,380,1927,2014,98103,47.6797,-122.357,1780,3750
13254,13254,2493200325,20150509T000000,589500.0,4.0,1.5,1440,3200,1.0,0,1,4,7,960,480,1960,0,98136,47.5269,-122.383,1650,6400
13255,13255,5210200410,20141114T000000,840000.0,5.0,2.75,2790,20824,1.0,0,0,3,9,1680,1110,1959,0,98115,47.6948,-122.282,2380,10465
13256,13256,1954700410,20140801T000000,2546000.0,4.0,3.0,4190,8805,2.5,0,2,5,9,3490,700,1928,0,98112,47.6181,-122.284,3780,8558
13257,13257,9253900210,20140707T000000,1275000.0,3.0,2.5,3870,46609,2.0,0,3,3,9,3870,0,1997,0,98008,47.5966,-122.112,4030,17880
13258,13258,984000450,20141201T000000,260000.0,3.0,2.5,1850,7875,1.0,0,0,3,7,1250,600,1968,0,98058,47.434,-122.171,1930,8062
13259,13259,993002247,20140716T000000,430000.0,3.0,2.25,1550,1469,3.0,0,0,3,8,1550,0,2004,0,98103,47.6911,-122.341,1520,1465
13260,13260,7517500610,20150304T000000,781000.0,3.0,2.5,1920,1896,3.0,0,3,3,8,1920,0,2000,0,98103,47.6616,-122.356,1670,2994
13261,13261,3438500981,20150328T000000,280000.0,2.0,1.0,790,13170,1.0,0,0,3,6,790,0,1947,0,98106,47.5487,-122.357,970,12700
13262,13262,2011400021,20140701T000000,392000.0,5.0,2.25,3740,32481,1.5,0,0,3,8,2240,1500,1958,0,98198,47.3965,-122.314,2040,11398
13263,13263,4038100360,20150210T000000,466200.0,3.0,1.5,1340,8856,1.0,0,0,4,7,1340,0,1959,0,98008,47.6094,-122.126,1850,8740
13264,13264,2028700360,20140523T000000,641000.0,3.0,1.75,1620,3975,1.0,0,0,5,7,940,680,1926,0,98117,47.6786,-122.368,1320,3922
13265,13265,9144100035,20150324T000000,350000.0,3.0,1.0,1680,8010,1.0,0,0,3,7,840,840,1951,0,98117,47.6993,-122.376,1890,8778
13266,13266,8665050530,20150204T000000,450000.0,3.0,2.0,1610,4364,2.0,0,0,3,8,1610,0,1996,0,98029,47.5672,-122.004,2010,4364
13267,13267,5425700205,20140520T000000,1800000.0,4.0,3.5,4460,16953,1.0,0,0,3,9,2550,1910,1962,1994,98039,47.6338,-122.232,1980,13370
13268,13268,7399100040,20150309T000000,185000.0,3.0,1.5,1200,1848,2.0,0,0,3,8,1200,0,1966,0,98055,47.4658,-122.191,1270,1848
13269,13269,7809200035,20150123T000000,290000.0,2.0,1.0,1250,12507,1.0,0,0,5,7,1250,0,1958,0,98056,47.4972,-122.176,1250,12498
13270,13270,1825069072,20150430T000000,964000.0,3.0,2.5,3630,9475,2.0,0,0,3,11,3630,0,1999,0,98074,47.6544,-122.085,3250,11605
13271,13271,2524049318,20140528T000000,2000000.0,4.0,3.0,4260,18000,2.0,0,2,3,11,4260,0,2000,0,98040,47.5355,-122.24,3540,17015
13272,13272,7527200360,20140611T000000,545000.0,3.0,2.5,2180,15693,1.0,0,0,4,8,1850,330,1979,0,98075,47.592,-122.082,2270,24000
13273,13273,3041700035,20150312T000000,609950.0,3.0,2.25,1760,10350,1.0,0,0,4,7,1330,430,1979,0,98033,47.6605,-122.188,2210,11337
13274,13274,625049318,20140804T000000,605000.0,4.0,2.0,1820,7626,1.0,0,0,5,7,990,830,1941,0,98103,47.6878,-122.342,1390,5904
13275,13275,6071400360,20140908T000000,550000.0,4.0,2.5,2120,9163,1.0,0,0,4,8,1450,670,1961,0,98006,47.5551,-122.172,2120,9166
13276,13276,8127700720,20150120T000000,905000.0,4.0,2.75,2730,4268,2.0,0,1,3,9,2730,0,2009,0,98199,47.6397,-122.395,2340,5000
13277,13277,1402650360,20141023T000000,384200.0,3.0,2.5,2430,7613,2.0,0,0,4,8,2430,0,1986,0,98058,47.4383,-122.135,2440,8342
13278,13278,3277800845,20140711T000000,370000.0,3.0,1.0,1170,1105,1.0,0,0,3,7,1170,0,1965,0,98126,47.5448,-122.375,1380,1399
13279,13279,2771603050,20141204T000000,717500.0,3.0,1.0,2090,4000,1.5,0,2,3,8,1890,200,1931,0,98199,47.6393,-122.392,2090,4000
13280,13280,1068000150,20150501T000000,1999000.0,4.0,3.25,3910,7500,2.0,0,2,4,11,2550,1360,1933,0,98199,47.6448,-122.409,3070,7500
13281,13281,126039213,20141203T000000,365500.0,2.0,1.0,1140,15624,1.0,0,0,4,6,1140,0,1909,0,98177,47.7673,-122.367,2110,15493
13282,13282,7537300210,20150128T000000,580000.0,2.0,1.5,1460,5700,1.5,0,0,3,7,1460,0,1912,0,98115,47.6838,-122.312,1780,3800
13283,13283,764000155,20141107T000000,415000.0,4.0,1.5,2700,14760,1.5,0,0,5,9,2700,0,1940,0,98022,47.1996,-122.003,1670,7200
13284,13284,7454000555,20150113T000000,272000.0,2.0,1.0,670,6300,1.0,0,0,4,6,670,0,1942,0,98126,47.5145,-122.374,740,6300
13285,13285,2215500205,20140505T000000,600000.0,3.0,1.75,1880,6360,1.0,0,0,4,7,1040,840,1945,0,98115,47.6878,-122.286,1770,6175
13286,13286,3013300085,20140515T000000,744000.0,4.0,3.0,1980,5352,2.5,0,0,3,8,1980,0,1941,2005,98136,47.532,-122.385,1680,5352
13287,13287,3760500222,20140603T000000,830000.0,3.0,3.0,2080,10521,1.5,0,0,3,9,2080,0,2004,0,98034,47.6987,-122.228,3730,11840
13288,13288,6145601312,20141029T000000,322000.0,3.0,3.25,1380,1225,3.0,0,0,3,7,1380,0,2000,0,98133,47.7035,-122.351,1380,1704
13289,13289,3750605674,20140917T000000,270000.0,3.0,2.5,1808,19200,1.0,0,0,3,8,1808,0,2005,0,98001,47.2598,-122.281,1450,14400
13290,13290,1001200035,20150306T000000,272450.0,3.0,1.0,1350,7973,1.5,0,0,3,7,1350,0,1954,0,98188,47.4323,-122.292,1310,7491
13291,13291,2768300736,20150408T000000,605000.0,3.0,3.0,1760,2114,2.0,0,0,3,7,1400,360,2008,0,98107,47.6666,-122.37,1300,1500
13292,13292,5255300150,20150511T000000,510000.0,3.0,1.75,1950,8325,1.0,0,0,4,7,1950,0,1962,0,98011,47.7685,-122.2,1950,8325
13293,13293,5015001215,20150423T000000,1125000.0,4.0,3.5,3170,4000,2.0,0,0,3,10,2340,830,1999,0,98112,47.6265,-122.298,1770,4000
13294,13294,4219400580,20140612T000000,1688000.0,4.0,2.5,3000,7500,2.0,0,0,3,9,3000,0,1937,1994,98105,47.6571,-122.277,2580,5000
13295,13295,6151800612,20150107T000000,162000.0,4.0,1.0,1460,16638,1.0,0,0,4,6,1460,0,1975,0,98010,47.3431,-122.048,1460,16638
13296,13296,7893207510,20150506T000000,337500.0,3.0,1.75,1350,5850,1.0,0,0,4,7,1050,300,1973,0,98198,47.4225,-122.328,1710,7757
13297,13297,8899200720,20150331T000000,312000.0,3.0,2.25,1470,7857,1.0,0,0,4,7,1180,290,1973,0,98055,47.4547,-122.209,1900,7600
13298,13298,7167000040,20140813T000000,740000.0,4.0,3.0,3350,199253,2.0,0,0,3,10,3350,0,2004,0,98010,47.3602,-121.988,3350,183897
13299,13299,7167000040,20150305T000000,700000.0,4.0,3.0,3350,199253,2.0,0,0,3,10,3350,0,2004,0,98010,47.3602,-121.988,3350,183897
13300,13300,7771300035,20140925T000000,328000.0,4.0,1.0,1360,8136,1.0,0,0,3,7,1360,0,1948,0,98133,47.7366,-122.333,1570,8132
13301,13301,7967700530,20150213T000000,241000.0,3.0,1.0,1020,7538,1.0,0,0,3,7,1020,0,1981,0,98032,47.3587,-122.288,1650,7201
13302,13302,6669150790,20140731T000000,265000.0,3.0,2.25,1840,6750,1.0,0,0,4,7,1270,570,1980,0,98031,47.4075,-122.172,1750,7004
13303,13303,1921059213,20150327T000000,246000.0,5.0,1.75,2030,10200,1.0,0,0,4,7,2030,0,1958,0,98002,47.2867,-122.209,1760,11550
13304,13304,723049533,20140930T000000,271000.0,4.0,1.75,1490,9112,1.0,0,0,3,6,970,520,1940,0,98146,47.4991,-122.345,1650,8411
13305,13305,797000276,20140625T000000,270000.0,2.0,1.0,2060,8398,1.0,0,0,3,7,1260,800,1962,0,98168,47.50899999999999,-122.324,1690,13495
13306,13306,6381500720,20141117T000000,395000.0,4.0,2.0,2240,7085,1.5,0,0,3,7,2240,0,1944,1992,98125,47.7309,-122.305,1440,7085
13307,13307,3812400789,20140731T000000,340000.0,3.0,2.0,1460,5715,1.0,0,0,3,7,1460,0,1957,2014,98118,47.54,-122.276,1400,5715
13308,13308,3451000206,20141016T000000,340000.0,3.0,1.75,2140,13260,1.0,0,0,3,7,1240,900,1948,0,98146,47.5074,-122.353,1640,13260
13309,13309,8165501540,20150306T000000,335000.0,2.0,2.25,1420,1246,2.0,0,0,3,8,1420,0,2007,0,98106,47.5394,-122.368,1420,1826
13310,13310,3131201563,20140625T000000,435000.0,2.0,1.0,1060,3036,1.5,0,0,4,6,1060,0,1943,0,98105,47.6578,-122.324,1730,5535
13311,13311,6813600365,20141009T000000,527950.0,4.0,1.75,1760,3600,1.0,0,0,5,7,880,880,1926,0,98103,47.6889,-122.33,1500,5580
13312,13312,1822039138,20150227T000000,600000.0,2.0,2.25,2320,18919,2.0,1,4,4,8,2320,0,1976,0,98070,47.3905,-122.462,1610,18919
13313,13313,4443800555,20140716T000000,667000.0,3.0,1.75,1770,3880,1.0,0,0,3,8,1300,470,1963,0,98117,47.6846,-122.392,1430,3880
13314,13314,627300145,20140814T000000,1148000.0,10.0,5.25,4590,10920,1.0,0,2,3,9,2500,2090,2008,0,98004,47.5861,-122.113,2730,10400
13315,13315,9133600120,20150408T000000,417000.0,3.0,2.5,2040,11211,2.0,0,0,3,8,2040,0,2000,0,98055,47.4867,-122.223,1830,11964
13316,13316,2354300910,20150310T000000,451000.0,4.0,1.75,1260,7250,1.0,0,0,3,6,1260,0,1943,0,98027,47.5267,-122.032,1880,7250
13317,13317,6917700665,20150218T000000,580000.0,2.0,1.0,1650,9780,1.0,0,0,3,7,950,700,1943,0,98199,47.6549,-122.394,1650,5458
13318,13318,7214710210,20141217T000000,570000.0,4.0,2.25,2380,36446,2.0,0,0,4,8,2380,0,1977,0,98077,47.7644,-122.072,2790,40005
13319,13319,2649500155,20140610T000000,750000.0,5.0,3.25,2750,7500,2.0,0,1,3,7,2150,600,1937,1997,98033,47.6636,-122.203,2750,7500
13320,13320,3343301385,20140527T000000,685000.0,3.0,2.5,2810,7700,2.0,0,0,3,9,2810,0,2001,0,98006,47.5464,-122.191,2910,8250
13321,13321,1237500720,20141226T000000,275000.0,3.0,2.0,1340,9764,1.0,0,0,3,7,1340,0,1944,0,98052,47.6786,-122.161,1310,9764
13322,13322,1724069043,20140618T000000,739888.0,3.0,2.5,2420,43177,2.0,0,4,4,8,1690,730,1989,0,98075,47.569,-122.058,3740,8717
13323,13323,8682210650,20140527T000000,715000.0,2.0,2.5,2160,5581,1.0,0,0,3,8,2160,0,2002,0,98053,47.7017,-122.023,2315,5652
13324,13324,2025049025,20150325T000000,800000.0,4.0,2.0,2450,4400,1.0,0,0,3,7,1450,1000,1913,1980,98102,47.6414,-122.327,1890,1386
13325,13325,7883605695,20141124T000000,350000.0,3.0,1.5,1870,9000,1.0,0,0,3,7,1120,750,1923,0,98108,47.5224,-122.318,1850,6000
13326,13326,2120069003,20141124T000000,220000.0,3.0,1.0,1000,223462,1.0,0,2,4,6,1000,0,1933,0,98022,47.2099,-122.043,1710,105850
13327,13327,7852130720,20141009T000000,452500.0,3.0,2.5,2240,7791,2.0,0,0,3,7,2240,0,2002,0,98065,47.5361,-121.88,2480,5018
13328,13328,3832060120,20150316T000000,280000.0,4.0,2.5,2200,5893,2.0,0,0,3,7,2200,0,2008,0,98042,47.3333,-122.055,2200,5757
13329,13329,4356200120,20141023T000000,248000.0,1.0,1.0,790,12000,1.0,0,0,3,6,790,0,1918,0,98118,47.5146,-122.265,1900,6000
13330,13330,4073200124,20150417T000000,305000.0,2.0,1.0,890,7200,1.0,0,0,3,7,740,150,1949,0,98115,47.6998,-122.278,1290,7200
13331,13331,2113700790,20150312T000000,435010.0,3.0,1.0,1270,4000,1.0,0,0,3,7,1120,150,1954,0,98106,47.5293,-122.354,1220,4600
13332,13332,9274202620,20140718T000000,678100.0,3.0,1.75,1850,2860,1.5,0,0,5,8,1210,640,1931,0,98116,47.5853,-122.39,1660,3120
13333,13333,2026049124,20140509T000000,325000.0,3.0,2.25,1352,1694,3.0,0,0,3,8,1352,0,2007,0,98125,47.7265,-122.315,1439,1387
13334,13334,1828000760,20140714T000000,529950.0,3.0,2.0,1540,8400,1.0,0,0,3,7,1180,360,1968,0,98052,47.6554,-122.129,1550,8760
13335,13335,6187700175,20141223T000000,440000.0,3.0,1.75,1640,8529,1.0,0,0,5,7,1640,0,1951,0,98155,47.7751,-122.32,1730,7769
13336,13336,6371500040,20150316T000000,585000.0,3.0,1.0,1350,4800,1.5,0,0,3,7,1350,0,1928,0,98116,47.5749,-122.412,1360,4800
13337,13337,8929000040,20140820T000000,462608.0,3.0,2.5,2010,2778,2.0,0,0,3,8,1390,620,2014,0,98029,47.5528,-121.999,1540,1689
13338,13338,2970800145,20150407T000000,350500.0,3.0,1.75,2080,5200,1.0,0,0,3,7,1040,1040,1974,0,98166,47.4738,-122.35,1410,6550
13339,13339,8588000610,20141110T000000,210000.0,3.0,1.0,1040,8125,1.0,0,0,3,7,1040,0,1956,0,98003,47.3171,-122.316,1200,9375
13340,13340,3905080870,20150206T000000,510000.0,3.0,2.5,1890,5929,2.0,0,0,3,8,1890,0,1993,0,98029,47.5697,-121.994,2060,5775
13341,13341,2457200040,20150506T000000,280000.0,3.0,2.25,1810,7630,1.0,0,0,4,7,1810,0,1959,0,98056,47.497,-122.18,1830,7594
13342,13342,3971700580,20150303T000000,385000.0,3.0,1.75,1930,14389,1.0,0,0,3,7,1130,800,1963,1998,98155,47.7733,-122.317,1730,14378
13343,13343,7304300760,20140625T000000,349000.0,3.0,1.0,1010,8184,1.0,0,0,4,6,1010,0,1947,0,98155,47.7416,-122.319,1010,8184
13344,13344,5561720180,20140826T000000,252000.0,3.0,2.25,1740,10836,1.0,0,0,3,7,910,830,1981,0,98031,47.3976,-122.166,2090,7500
13345,13345,1370801565,20141030T000000,1100000.0,4.0,2.5,2910,8881,2.0,0,1,3,10,1940,970,1932,0,98199,47.6424,-122.411,2540,5250
13346,13346,1822350180,20141211T000000,375000.0,3.0,2.25,1330,8004,2.0,0,0,3,7,1330,0,1985,0,98034,47.7098,-122.217,1300,7971
13347,13347,1310900610,20140714T000000,336000.0,4.0,2.25,2210,11700,2.0,0,0,4,8,2210,0,1967,0,98032,47.3648,-122.284,2040,9000
13348,13348,9285800330,20140702T000000,732000.0,3.0,3.75,2670,6517,2.5,0,4,4,8,2020,650,1977,0,98126,47.5702,-122.38,2010,6073
13349,13349,6620400205,20140806T000000,200000.0,2.0,1.0,1000,6227,1.0,0,0,3,6,1000,0,1949,0,98168,47.513000000000005,-122.333,1240,6250
13350,13350,1644510040,20140528T000000,681716.0,4.0,2.5,3150,7277,2.0,0,0,3,9,3150,0,2006,0,98056,47.5159,-122.202,3030,8643
13351,13351,6151800606,20150225T000000,235000.0,3.0,1.75,1520,12246,1.0,0,0,4,6,1520,0,1971,0,98010,47.3434,-122.049,1460,12246
13352,13352,5245600120,20141009T000000,257500.0,3.0,1.0,1690,13825,1.0,0,0,3,7,1210,480,1955,0,98148,47.4256,-122.322,1190,9450
13353,13353,8951900065,20140929T000000,315000.0,3.0,1.0,1070,9497,1.0,0,0,3,7,1070,0,1955,0,98028,47.7425,-122.23,1710,9561
13354,13354,226039186,20140520T000000,299950.0,3.0,1.0,910,8000,1.0,0,0,4,6,740,170,1950,0,98177,47.7746,-122.378,2090,9007
13355,13355,3558900450,20140711T000000,530000.0,4.0,2.25,2130,8640,1.0,0,0,3,7,1430,700,1969,0,98034,47.7087,-122.198,2120,8826
13356,13356,3179100790,20140915T000000,766500.0,2.0,1.75,2230,6930,1.0,0,0,4,8,1530,700,1947,0,98105,47.6705,-122.277,1970,6930
13357,13357,9808590210,20140513T000000,860000.0,4.0,2.5,3560,11119,1.0,0,2,3,10,2290,1270,1986,0,98004,47.6456,-122.19,3290,11385
13358,13358,1781500220,20150131T000000,690000.0,3.0,2.5,2590,4961,2.0,0,0,3,9,2590,0,1944,2007,98126,47.5271,-122.381,1230,4961
13359,13359,3126049052,20150318T000000,551000.0,4.0,1.75,2040,6348,1.0,0,0,3,7,1020,1020,1962,0,98103,47.6964,-122.336,1770,5047
13360,13360,8677900120,20141121T000000,530000.0,3.0,2.75,2100,20150,1.0,0,0,4,7,2100,0,1955,0,98034,47.7206,-122.248,2100,15500
13361,13361,5408100035,20150420T000000,568000.0,3.0,1.0,1340,7260,1.5,0,0,3,7,1340,0,1953,0,98125,47.7016,-122.295,1830,6822
13362,13362,3827600040,20140520T000000,749950.0,3.0,2.5,2770,10773,2.0,0,2,3,9,2770,0,1992,0,98008,47.5754,-122.12,2530,10423
13363,13363,7504100910,20141006T000000,535000.0,3.0,2.5,2400,12546,1.0,0,0,3,9,2400,0,1983,0,98074,47.6317,-122.041,2940,12150
13364,13364,2068500210,20150409T000000,234300.0,3.0,1.0,1140,9779,1.0,0,0,3,7,1140,0,1963,0,98055,47.424,-122.201,1520,9814
13365,13365,2172000035,20140821T000000,190000.0,2.0,1.0,930,11450,1.0,0,0,3,6,930,0,1946,0,98178,47.4862,-122.264,1150,11450
13366,13366,4039400410,20141010T000000,525000.0,4.0,1.75,1820,6600,1.0,0,0,5,7,1820,0,1960,0,98007,47.606,-122.135,1430,8800
13367,13367,7519000580,20141106T000000,610000.0,4.0,1.0,1390,3708,1.5,0,0,4,7,1390,0,1926,0,98117,47.685,-122.363,1430,3708
13368,13368,9828702266,20141003T000000,520000.0,3.0,2.5,1480,1165,3.0,0,0,3,8,1480,0,2006,0,98144,47.6199,-122.3,1480,1231
13369,13369,2770602170,20150422T000000,375000.0,2.0,1.0,760,6000,1.0,0,0,3,6,760,0,1942,0,98199,47.646,-122.384,1360,6000
13370,13370,3260100330,20140528T000000,600000.0,3.0,1.75,1580,7416,1.0,0,0,3,7,1150,430,1967,0,98005,47.6056,-122.173,1730,7416
13371,13371,925059219,20141023T000000,664000.0,4.0,2.5,1870,16200,1.0,0,0,5,8,1250,620,1974,0,98033,47.6651,-122.174,2000,11250
13372,13372,1257201010,20150504T000000,698000.0,2.0,1.0,1510,4080,1.0,0,0,3,7,1010,500,1923,0,98103,47.6742,-122.329,1660,4080
13373,13373,476000333,20140827T000000,418000.0,3.0,2.0,1250,1306,3.0,0,0,3,7,1250,0,2001,0,98107,47.6705,-122.39,1320,1250
13374,13374,1721059218,20140818T000000,271675.0,3.0,1.75,2140,13068,1.0,0,0,4,7,1460,680,1974,0,98092,47.3099,-122.197,2090,17424
13375,13375,6400700220,20150507T000000,450000.0,3.0,1.0,1540,9028,1.0,0,0,4,6,1540,0,1968,0,98033,47.6698,-122.177,1450,9028
13376,13376,524069115,20140509T000000,759000.0,3.0,2.25,2950,78843,1.5,0,0,3,9,2950,0,2006,0,98075,47.5917,-122.068,3880,78843
13377,13377,8818900155,20150115T000000,599950.0,6.0,3.0,2020,4129,1.0,0,0,3,7,1230,790,1994,0,98105,47.6648,-122.324,2080,4080
13378,13378,2321300325,20150122T000000,810000.0,4.0,2.75,2820,5000,1.5,0,0,3,8,2170,650,1927,0,98199,47.6376,-122.394,1740,5000
13379,13379,2131200925,20140729T000000,331292.0,3.0,1.75,1660,10000,1.0,0,0,3,7,1660,0,1972,0,98019,47.74100000000001,-121.978,1770,10000
13380,13380,3726800220,20150406T000000,348000.0,3.0,1.75,1830,2417,1.0,0,0,3,7,930,900,1919,0,98144,47.5723,-122.309,1320,3200
13381,13381,3488300085,20140919T000000,435000.0,2.0,1.0,720,5600,1.0,0,0,4,7,720,0,1920,0,98116,47.5641,-122.391,1330,5600
13382,13382,6415100297,20150219T000000,530000.0,3.0,2.5,2160,9063,2.0,0,0,3,8,2160,0,1992,0,98133,47.7296,-122.333,2160,9063
13383,13383,9265400210,20140922T000000,227000.0,3.0,1.75,1510,9837,2.0,0,0,3,7,1510,0,1989,0,98001,47.2576,-122.255,1470,8054
13384,13384,2787000040,20141003T000000,285000.0,3.0,1.5,1870,42070,1.0,0,0,3,7,1870,0,1953,0,98168,47.50899999999999,-122.313,1870,19965
13385,13385,3425059218,20150317T000000,740000.0,4.0,2.25,2860,26136,1.0,0,0,3,8,1640,1220,1977,0,98005,47.6033,-122.158,2670,25040
13386,13386,1591600676,20150311T000000,246000.0,3.0,1.0,990,9145,1.5,0,0,4,6,990,0,1939,0,98146,47.5022,-122.36,1640,8320
13387,13387,2843200085,20150217T000000,260000.0,3.0,1.0,1910,8710,1.0,0,0,3,7,1080,830,1954,0,98168,47.5038,-122.3,1460,8944
13388,13388,2561320120,20140811T000000,366000.0,3.0,2.0,1350,10200,1.0,0,0,3,7,1350,0,1977,0,98074,47.6159,-122.05,1820,9600
13389,13389,8835400775,20141026T000000,594950.0,4.0,3.25,2557,9480,2.0,0,2,3,7,2557,0,1948,1993,98118,47.5449,-122.262,2220,8340
13390,13390,2767704525,20150327T000000,608000.0,3.0,2.75,2610,5000,2.0,0,0,4,7,1710,900,1946,0,98107,47.6729,-122.373,1500,5000
13391,13391,3343901848,20150408T000000,313100.0,3.0,2.0,1720,11875,1.0,0,0,5,6,1720,0,1905,0,98056,47.5068,-122.191,1860,7500
13392,13392,7137800085,20141003T000000,185000.0,3.0,1.75,1170,9085,1.0,0,0,3,7,1170,0,1967,0,98023,47.2808,-122.354,1230,9085
13393,13393,1443500925,20150504T000000,455000.0,2.0,1.0,1140,11480,1.0,0,0,3,6,1140,0,1907,0,98118,47.5328,-122.274,1550,8150
13394,13394,8731800210,20140711T000000,235000.0,3.0,2.5,2350,9051,1.0,0,0,4,8,1570,780,1966,0,98023,47.3126,-122.364,2270,8748
13395,13395,8155000040,20141030T000000,230000.0,3.0,1.0,1020,12289,1.0,0,0,4,7,1020,0,1967,0,98058,47.4235,-122.155,1300,9894
13396,13396,9279200910,20141120T000000,770000.0,4.0,2.25,2730,5000,1.0,0,0,5,7,1460,1270,1955,0,98116,47.5843,-122.393,2010,5000
13397,13397,7697920150,20141002T000000,240000.0,4.0,2.25,1830,7614,2.0,0,0,3,7,1830,0,1991,0,98030,47.3682,-122.179,1860,6930
13398,13398,7202290620,20150219T000000,461000.0,3.0,2.5,1690,3026,2.0,0,0,3,7,1690,0,2002,0,98053,47.6885,-122.043,1650,3161
13399,13399,5093301285,20150327T000000,1580000.0,4.0,2.5,2900,10500,1.0,0,3,5,8,1450,1450,1963,0,98040,47.5838,-122.246,2900,9201
13400,13400,1524069044,20141009T000000,1822500.0,4.0,4.5,6380,88714,2.0,0,0,3,12,6380,0,2006,0,98029,47.5592,-122.015,3040,7113
13401,13401,7202340450,20141123T000000,452000.0,3.0,2.5,1690,4000,2.0,0,0,3,7,1690,0,2004,0,98053,47.6788,-122.034,1690,4000
13402,13402,3629921120,20141003T000000,765000.0,4.0,2.5,2660,5043,2.0,0,2,3,9,2660,0,2003,0,98029,47.5445,-121.996,3010,5500
13403,13403,524069020,20150422T000000,1050000.0,4.0,4.0,4550,54013,1.0,0,1,4,9,2300,2250,1989,0,98075,47.5964,-122.077,3540,39634
13404,13404,2273600410,20150505T000000,546000.0,3.0,3.0,1530,9999,1.0,0,0,4,7,1150,380,1983,0,98033,47.6869,-122.186,1530,8556
13405,13405,3186600515,20150122T000000,781000.0,3.0,2.5,2070,4463,1.5,0,0,5,8,1780,290,1931,0,98115,47.6853,-122.305,2070,5000
13406,13406,7923000360,20150120T000000,538000.0,4.0,1.75,1880,7953,1.0,0,0,4,7,1880,0,1965,0,98008,47.5838,-122.123,1750,8591
13407,13407,6678900150,20140819T000000,790000.0,4.0,2.5,2240,8664,1.0,0,0,5,8,1470,770,1975,0,98033,47.6621,-122.189,2210,8860
13408,13408,9482700455,20141021T000000,696500.0,4.0,2.75,2540,4400,1.5,0,0,5,7,1630,910,1925,0,98103,47.6832,-122.343,1560,3920
13409,13409,3861500330,20150430T000000,276000.0,3.0,2.0,1370,8137,1.0,0,0,4,7,1370,0,1988,0,98003,47.2802,-122.303,1660,8840
13410,13410,6163901033,20140902T000000,269000.0,2.0,1.0,770,8612,1.0,0,0,3,6,770,0,1953,0,98155,47.7547,-122.323,1290,8407
13411,13411,2426039123,20150130T000000,2415000.0,5.0,4.75,7880,24250,2.0,0,2,3,13,7880,0,1996,0,98177,47.7334,-122.362,2740,10761
13412,13412,624069003,20150102T000000,829000.0,4.0,2.75,2970,59677,1.0,0,2,4,8,1610,1360,1973,0,98075,47.5953,-122.08,2930,42489
13413,13413,7454000145,20150306T000000,122000.0,2.0,1.0,740,6840,1.0,0,0,3,6,740,0,1942,0,98126,47.5168,-122.373,740,6840
13414,13414,4402700230,20140821T000000,352500.0,3.0,1.5,1360,7680,1.0,0,0,3,7,1360,0,1955,0,98133,47.7441,-122.337,1630,7679
13415,13415,1432701510,20141021T000000,249000.0,4.0,2.0,1280,7560,1.0,0,0,5,6,1280,0,1959,0,98058,47.45,-122.175,1250,7690
13416,13416,1115100119,20141208T000000,360000.0,4.0,2.0,1920,7803,1.0,0,0,3,7,1080,840,1962,0,98155,47.758,-122.325,1940,8147
13417,13417,2553300120,20150504T000000,629500.0,3.0,2.0,2020,10584,1.0,0,0,3,10,2020,0,1994,0,98075,47.5851,-122.028,3030,9870
13418,13418,2481630180,20140625T000000,1140000.0,4.0,2.25,3310,127631,2.0,0,0,5,9,3310,0,1924,1956,98072,47.732,-122.134,3830,43959
13419,13419,2525049246,20141017T000000,1550000.0,2.0,2.25,2950,15593,1.0,0,0,4,8,1560,1390,1942,1986,98039,47.6209,-122.236,2060,19855
13420,13420,7236300065,20140718T000000,275000.0,3.0,1.5,1320,7695,1.0,0,0,4,7,1320,0,1959,0,98056,47.4908,-122.181,1370,8295
13421,13421,1854900330,20140909T000000,697000.0,4.0,2.5,3160,6961,2.0,0,0,3,8,3160,0,2005,0,98074,47.6125,-122.01,3110,5058
13422,13422,203101210,20140507T000000,379500.0,2.0,1.0,1640,17335,1.0,0,0,3,7,840,800,1978,0,98053,47.6397,-121.953,2440,17850
13423,13423,622100074,20141110T000000,720000.0,3.0,2.75,2440,76531,1.0,0,0,3,10,1640,800,1980,0,98072,47.7672,-122.161,1890,10042
13424,13424,5014600180,20140513T000000,675000.0,4.0,2.5,3000,5548,2.0,0,0,3,9,3000,0,2006,0,98059,47.5399,-122.188,2870,5000
13425,13425,809002295,20141029T000000,1169000.0,5.0,2.5,2810,6000,2.5,0,0,3,9,2810,0,1907,0,98109,47.6367,-122.35,2240,4800
13426,13426,7533800325,20140520T000000,1100000.0,3.0,2.0,2390,6888,2.0,0,1,5,8,2390,0,1939,0,98115,47.6839,-122.274,2390,7920
13427,13427,5637500180,20140612T000000,520000.0,4.0,1.0,2080,3500,1.5,0,0,5,7,1260,820,1926,0,98136,47.5445,-122.383,1380,5900
13428,13428,3971700981,20141003T000000,415000.0,3.0,1.75,2650,7500,1.5,0,0,4,7,1590,1060,1962,0,98155,47.7716,-122.317,1340,7500
13429,13429,2267000453,20140627T000000,415000.0,3.0,2.5,1060,1536,2.0,0,0,3,8,1060,0,2000,0,98117,47.6907,-122.395,1220,1316
13430,13430,5029000120,20150407T000000,450000.0,3.0,2.25,1940,8312,1.0,0,1,4,7,1220,720,1963,0,98166,47.4556,-122.346,2060,9503
13431,13431,3735900325,20150427T000000,485000.0,2.0,1.0,1080,4080,1.0,0,0,3,8,1080,0,1948,0,98115,47.6899,-122.32,1890,4080
13432,13432,6187100360,20150427T000000,294000.0,3.0,2.25,1700,9600,2.0,0,0,3,7,1700,0,1984,0,98042,47.39,-122.158,1930,9600
13433,13433,7237500530,20140709T000000,1037000.0,4.0,3.5,4440,10660,2.0,0,0,3,11,4440,0,2003,0,98059,47.5294,-122.137,4390,9976
13434,13434,2207500880,20140728T000000,690000.0,3.0,1.0,1580,4000,2.0,0,0,3,8,1580,0,1905,0,98102,47.6363,-122.32,2190,4000
13435,13435,7937900220,20141009T000000,716500.0,5.0,2.75,3630,38461,2.0,0,0,3,11,3630,0,2000,0,98058,47.4289,-122.094,4440,50378
13436,13436,2767603615,20140903T000000,481000.0,2.0,2.25,1290,1137,3.0,0,0,3,8,1290,0,2007,0,98107,47.6718,-122.382,1290,1332
13437,13437,8121100325,20150419T000000,575000.0,4.0,2.75,1960,4635,1.0,0,0,4,7,1000,960,1968,0,98118,47.5693,-122.285,1830,6180
13438,13438,8712100720,20140815T000000,785000.0,3.0,2.0,2090,5015,1.5,0,0,5,7,2090,0,1920,0,98112,47.6378,-122.301,1930,4250
13439,13439,1223059081,20150325T000000,480000.0,3.0,1.75,1960,43995,1.0,0,0,3,7,1960,0,1970,0,98059,47.4915,-122.106,1960,42253
13440,13440,9323610180,20140819T000000,720000.0,3.0,2.25,2120,9297,2.0,0,0,4,8,2120,0,1981,0,98006,47.5561,-122.154,2620,10352
13441,13441,2722059275,20150512T000000,536000.0,3.0,2.75,2290,34548,2.0,0,3,4,7,2290,0,1984,0,98042,47.3691,-122.163,399,275299
13442,13442,1545800205,20140613T000000,324900.0,4.0,2.5,1880,7965,2.0,0,0,3,7,1880,0,2000,0,98038,47.3642,-122.052,1570,7584
13443,13443,4303200555,20140815T000000,265000.0,2.0,1.0,770,5160,1.0,0,0,3,6,770,0,1943,0,98106,47.5304,-122.356,920,5160
13444,13444,2267000730,20140701T000000,545000.0,3.0,2.5,1530,3210,1.5,0,0,5,7,1010,520,1928,0,98117,47.6913,-122.393,1330,4410
13445,13445,1926049154,20150115T000000,465000.0,2.0,1.5,1450,27075,1.0,0,0,3,7,1450,0,1940,0,98133,47.7281,-122.353,1890,10599
13446,13446,3300790540,20150109T000000,292500.0,3.0,2.25,1690,7320,2.0,0,0,3,7,1690,0,1987,0,98198,47.3889,-122.316,1520,7450
13447,13447,2652501215,20140702T000000,860000.0,4.0,1.75,1880,3720,1.5,0,0,4,7,1880,0,1924,0,98109,47.6431,-122.356,2090,4095
13448,13448,2426059124,20141216T000000,1045000.0,4.0,3.25,4160,47480,2.0,0,0,3,10,4160,0,1995,0,98072,47.7266,-122.115,3400,40428
13449,13449,164000237,20140612T000000,495000.0,4.0,2.5,2140,7245,2.0,0,0,3,7,2140,0,2003,0,98133,47.729,-122.35,2080,7875
13450,13450,1453602283,20150507T000000,342000.0,2.0,2.0,1320,1462,3.0,0,0,3,7,1320,0,1997,0,98125,47.7223,-122.29,1430,1650
13451,13451,8081650330,20140625T000000,320000.0,4.0,2.5,2000,10051,2.0,0,0,3,7,2000,0,1997,0,98038,47.3625,-122.025,2000,6686
13452,13452,3797000205,20140924T000000,444000.0,3.0,2.0,1460,2610,2.0,0,0,3,8,1460,0,1987,0,98103,47.6864,-122.345,1320,3000
13453,13453,8921000040,20140625T000000,804100.0,4.0,2.5,3070,8086,2.0,0,0,3,10,3070,0,2005,0,98059,47.5399,-122.16,3320,10738
13454,13454,6791100410,20140919T000000,432000.0,3.0,2.5,1660,15000,1.0,0,0,4,7,1660,0,1970,0,98075,47.5803,-122.05,2060,15015
13455,13455,7224000450,20141230T000000,230000.0,6.0,1.5,1810,4838,1.5,0,0,4,5,1050,760,1905,0,98055,47.4874,-122.202,1300,4838
13456,13456,3303980650,20140827T000000,935000.0,4.0,3.5,3510,11200,2.0,0,0,3,11,3510,0,2001,0,98059,47.5193,-122.15,3600,12124
13457,13457,7589200191,20140807T000000,634950.0,3.0,3.0,2180,2650,1.5,0,0,5,8,1410,770,1930,0,98117,47.6891,-122.375,1570,4820
13458,13458,9547200530,20150112T000000,780000.0,6.0,4.0,3300,5720,1.0,0,0,3,8,1960,1340,1963,0,98115,47.676,-122.309,2030,4080
13459,13459,8635751120,20140519T000000,611000.0,4.0,2.5,2460,4200,2.0,0,0,3,8,2460,0,1998,0,98074,47.6031,-122.021,2330,4200
13460,13460,1982201465,20141121T000000,475999.0,4.0,1.75,1880,4175,1.5,0,0,3,7,1090,790,1944,0,98107,47.6646,-122.364,1700,3758
13461,13461,8648700450,20141216T000000,565000.0,3.0,2.0,2290,9450,1.0,0,0,3,9,1670,620,1979,0,98008,47.5692,-122.1,2750,11700
13462,13462,3586501085,20140808T000000,630000.0,4.0,2.5,2290,26720,2.0,0,0,3,8,2290,0,1977,0,98177,47.7502,-122.374,2290,26720
13463,13463,7701990040,20140617T000000,840000.0,4.0,3.5,3860,18334,2.0,0,0,3,10,3120,740,1996,0,98077,47.7095,-122.075,3550,18334
13464,13464,3420069060,20141107T000000,790000.0,3.0,2.5,2640,432036,1.5,0,3,3,10,2640,0,1996,0,98022,47.1795,-122.036,1500,560617
13465,13465,1822069052,20140709T000000,450000.0,5.0,2.5,2850,209523,1.0,0,0,4,7,1930,920,1925,1968,98058,47.3939,-122.089,2220,209523
13466,13466,4385701285,20141223T000000,1272000.0,4.0,3.25,3020,4000,1.5,0,0,5,8,1920,1100,1927,0,98112,47.6395,-122.279,2400,4000
13467,13467,2810600210,20150422T000000,520000.0,3.0,2.0,1510,3760,1.0,0,0,5,7,930,580,1925,0,98136,47.5425,-122.39,1510,3760
13468,13468,1624049170,20141017T000000,446800.0,4.0,2.0,2410,8712,1.0,0,0,3,7,1260,1150,1958,0,98144,47.5729,-122.302,2220,6038
13469,13469,871001085,20150129T000000,652000.0,3.0,1.0,1470,6122,1.0,0,0,3,8,1200,270,1948,0,98199,47.6517,-122.406,2200,6122
13470,13470,4104500191,20140522T000000,1170000.0,3.0,2.75,2890,12130,2.0,0,3,4,10,2830,60,1987,0,98033,47.6505,-122.203,2415,11538
13471,13471,98030530,20140610T000000,745000.0,4.0,3.25,3490,7024,2.0,0,0,3,10,3490,0,2006,0,98075,47.5834,-121.972,3450,6866
13472,13472,1025049115,20140625T000000,594000.0,3.0,2.25,1270,1406,2.0,0,0,3,8,1060,210,2014,0,98105,47.6647,-122.284,1160,1327
13473,13473,9331800580,20150310T000000,257000.0,2.0,1.0,1000,3700,1.0,0,0,3,6,800,200,1929,0,98118,47.552,-122.29,1270,5000
13474,13474,9826701320,20140701T000000,485000.0,4.0,1.75,1430,4096,2.0,0,0,3,7,1430,0,1900,0,98122,47.604,-122.306,1640,3377
13475,13475,2426049079,20150506T000000,330000.0,3.0,1.0,1060,20040,1.0,0,0,3,6,1060,0,1943,0,98034,47.7281,-122.235,1768,10800
13476,13476,204000175,20140731T000000,381000.0,3.0,2.0,1680,8946,1.0,0,0,3,6,940,740,1996,0,98053,47.6379,-121.966,1550,11625
13477,13477,822039004,20140613T000000,849900.0,2.0,2.0,2280,641203,2.0,0,0,3,9,2280,0,1990,0,98070,47.4125,-122.455,2030,224334
13478,13478,3735900205,20150402T000000,793000.0,4.0,2.5,2450,4080,1.5,0,0,4,8,1490,960,1930,0,98115,47.6899,-122.319,2000,4080
13479,13479,823000174,20140728T000000,920000.0,3.0,2.25,3650,5353,2.0,0,4,4,7,2200,1450,1947,0,98144,47.5949,-122.291,1950,4970
13480,13480,3300701575,20150422T000000,455000.0,2.0,1.0,830,4000,1.0,0,0,4,6,830,0,1947,0,98117,47.6909,-122.381,1420,4000
13481,13481,4128500210,20140513T000000,975000.0,4.0,2.5,3490,7494,2.0,0,3,3,11,3490,0,2000,0,98006,47.559,-122.127,3260,8437
13482,13482,1934800142,20141203T000000,375000.0,2.0,1.5,1050,1046,2.0,0,0,3,8,960,90,2007,0,98122,47.6028,-122.309,1470,1768
13483,13483,1189000205,20150311T000000,400000.0,2.0,2.5,1170,1811,2.0,0,0,3,8,1170,0,2001,0,98122,47.6132,-122.297,1250,3146
13484,13484,4040800120,20150211T000000,447000.0,3.0,1.0,1220,7200,1.0,0,0,4,7,1220,0,1965,0,98008,47.6218,-122.116,1320,7200
13485,13485,1238501099,20141031T000000,470000.0,3.0,1.75,1310,8600,1.0,0,0,4,7,1310,0,1987,0,98033,47.68600000000001,-122.185,2510,8515
13486,13486,6705870040,20141015T000000,665000.0,4.0,2.5,3130,7582,2.0,0,0,3,8,3130,0,2004,0,98075,47.577,-122.055,2990,6441
13487,13487,7340601063,20140903T000000,295500.0,3.0,1.75,1590,41550,1.5,0,0,3,6,1290,300,1933,1989,98168,47.4817,-122.28,2990,6464
13488,13488,7212660540,20150115T000000,200000.0,4.0,2.5,1720,8638,2.0,0,0,3,8,1720,0,1994,0,98003,47.2704,-122.313,1870,7455
13489,13489,1426079047,20140911T000000,620000.0,3.0,2.25,2520,212137,2.0,0,0,3,9,1590,930,2005,0,98019,47.7384,-121.878,2000,212137
13490,13490,6817800220,20140829T000000,434900.0,3.0,2.0,1520,11067,1.0,0,0,3,7,1140,380,1983,0,98074,47.6326,-122.033,1280,11371
13491,13491,1336800065,20150324T000000,1328000.0,4.0,2.25,3260,4640,2.0,0,0,5,9,2360,900,1907,0,98112,47.6272,-122.312,3240,5800
13492,13492,9413900035,20150109T000000,1650000.0,4.0,3.25,3910,7500,2.0,0,0,3,10,3910,0,2006,0,98033,47.6527,-122.198,2600,9235
13493,13493,9113200180,20140905T000000,852500.0,4.0,2.5,3480,6315,2.0,0,0,3,9,2360,1120,2000,0,98052,47.6841,-122.161,3620,5233
13494,13494,4215250220,20141209T000000,790000.0,3.0,2.5,3040,34670,2.0,0,0,4,10,3040,0,1983,0,98072,47.7565,-122.129,3480,35001
13495,13495,8563030330,20150313T000000,565000.0,4.0,1.75,2030,7350,1.0,0,0,3,8,2030,0,1966,0,98008,47.6274,-122.094,2000,7998
13496,13496,5634500688,20150325T000000,1127500.0,6.0,3.25,3870,24700,2.0,0,0,3,10,2520,1350,1989,0,98028,47.7517,-122.233,2360,30030
13497,13497,1657530450,20141222T000000,289950.0,3.0,2.5,1870,1436,2.0,0,0,3,7,1870,0,2004,0,98059,47.4899,-122.166,1720,1852
13498,13498,1624059219,20141105T000000,850000.0,2.0,2.0,2640,13939,1.0,0,1,5,8,1640,1000,1963,0,98006,47.5647,-122.165,2880,14810
13499,13499,7942600975,20140512T000000,505000.0,4.0,1.75,1940,4800,1.0,0,0,5,7,1030,910,1922,0,98122,47.6054,-122.314,1450,4800
13500,13500,8835200610,20141028T000000,372000.0,3.0,2.5,1710,5633,2.0,0,0,3,7,1710,0,1981,0,98034,47.7232,-122.161,1540,5000
13501,13501,7524200180,20141023T000000,207000.0,4.0,2.0,1690,7728,1.5,0,0,4,7,1690,0,1967,0,98198,47.3666,-122.318,1480,8009
13502,13502,5451100220,20140513T000000,780000.0,3.0,1.75,2340,10495,1.0,0,0,4,8,2340,0,1967,0,98040,47.5386,-122.226,3120,11068
13503,13503,4047200065,20140623T000000,400000.0,4.0,1.75,1700,20283,1.5,0,0,3,7,1340,360,1965,0,98019,47.7694,-121.903,1680,21369
13504,13504,3374900035,20150223T000000,440250.0,3.0,1.5,1850,8124,1.0,0,0,4,7,1850,0,1948,0,98177,47.7275,-122.359,1530,8123
13505,13505,7010700580,20150303T000000,585000.0,2.0,2.0,1370,7920,1.0,0,0,3,8,950,420,1949,0,98199,47.6589,-122.397,1370,4680
13506,13506,4139440360,20140918T000000,850000.0,4.0,2.5,2900,9972,2.0,0,0,3,9,2900,0,1993,0,98006,47.5536,-122.121,2901,8567
13507,13507,3126049154,20140925T000000,570000.0,3.0,3.0,2400,3192,2.0,0,0,3,7,2400,0,1991,0,98103,47.6963,-122.348,1360,3192
13508,13508,1331900410,20140620T000000,869000.0,4.0,3.0,3740,30884,2.0,0,0,3,9,3060,680,1988,0,98072,47.7505,-122.117,3240,37031
13509,13509,3432501395,20140924T000000,551000.0,4.0,2.75,2170,5988,2.0,0,0,3,8,2170,0,2014,0,98155,47.7484,-122.317,1170,8147
13510,13510,8945100530,20150313T000000,172380.0,3.0,1.0,970,8378,1.0,0,0,4,6,970,0,1962,0,98023,47.3078,-122.365,1050,8563
13511,13511,3121069038,20150326T000000,355000.0,3.0,2.5,2620,78843,1.0,0,3,4,7,1310,1310,1964,0,98092,47.2584,-122.093,2330,130244
13512,13512,4139440730,20150225T000000,728935.0,4.0,2.5,2980,10194,2.0,0,0,3,9,2980,0,1993,0,98006,47.5515,-122.12,2980,10053
13513,13513,9808640040,20150306T000000,850000.0,3.0,2.5,2340,1919,2.0,0,2,4,9,2340,0,1981,0,98033,47.6512,-122.203,2415,2166
13514,13514,423059077,20141223T000000,515000.0,5.0,1.75,1880,48787,2.0,0,0,3,6,1880,0,1922,0,98059,47.5094,-122.165,1690,8401
13515,13515,8005100571,20141205T000000,215000.0,2.0,1.0,1480,5325,1.0,0,0,4,7,1120,360,1925,0,98022,47.2079,-121.993,1670,5800
13516,13516,9324320040,20140616T000000,220000.0,4.0,2.5,2240,9826,1.0,0,0,4,7,1370,870,1988,0,98023,47.31399999999999,-122.364,1980,9826
13517,13517,3825310970,20140724T000000,845000.0,4.0,2.5,2940,7675,2.0,0,0,3,9,2940,0,2004,0,98052,47.7054,-122.129,3120,6574
13518,13518,1930301540,20150223T000000,390000.0,1.0,1.0,710,4000,1.0,0,0,4,6,610,100,1928,0,98103,47.6562,-122.354,1440,4500
13519,13519,723049158,20150313T000000,135000.0,4.0,1.0,1460,18599,1.5,0,0,3,5,1460,0,1940,0,98146,47.5006,-122.351,1320,8100
13520,13520,6116500366,20150401T000000,439000.0,3.0,1.0,1530,19007,1.0,0,0,4,8,1290,240,1949,0,98166,47.4508,-122.352,2090,20962
13521,13521,7954300330,20140708T000000,585000.0,4.0,2.5,2630,6185,2.0,0,0,3,9,2630,0,1999,0,98056,47.5229,-122.192,2720,6185
13522,13522,2346800180,20150309T000000,620000.0,5.0,1.0,2230,16800,1.5,0,3,4,7,1700,530,1923,0,98136,47.5161,-122.395,2730,18400
13523,13523,452001475,20140902T000000,477000.0,3.0,1.0,960,3600,1.0,0,0,4,7,960,0,1906,0,98117,47.6758,-122.369,1580,5000
13524,13524,952006783,20141014T000000,399500.0,2.0,1.5,1180,1722,2.0,0,0,3,8,1180,0,2006,0,98116,47.5626,-122.384,1490,1469
13525,13525,2013802060,20140927T000000,500000.0,2.0,1.0,1760,27332,1.0,1,4,4,7,1300,460,1951,0,98198,47.3799,-122.325,2590,16630
13526,13526,1787600209,20140909T000000,432500.0,3.0,2.5,1340,8867,2.0,0,0,3,8,1340,0,1984,0,98125,47.724,-122.327,1630,7287
13527,13527,9542100085,20141028T000000,940000.0,4.0,2.25,2800,18673,1.0,0,0,5,9,1650,1150,1965,0,98005,47.5893,-122.177,2800,15300
13528,13528,3025059124,20140828T000000,3168750.0,5.0,3.5,4330,11979,1.0,0,4,3,12,2090,2240,2008,0,98004,47.6251,-122.218,4320,12000
13529,13529,7504021490,20140512T000000,1080000.0,3.0,2.5,3720,11610,2.0,0,0,3,11,3720,0,1982,0,98074,47.636,-122.049,3530,11877
13530,13530,8651440230,20140815T000000,229999.0,4.0,2.0,1670,5200,1.0,0,0,4,7,1030,640,1977,0,98042,47.3652,-122.09,1500,5200
13531,13531,1003400155,20140811T000000,233000.0,3.0,1.0,1100,7657,1.0,0,0,3,7,1100,0,1955,0,98188,47.4374,-122.285,1300,8000
13532,13532,7852190410,20140626T000000,600000.0,3.0,2.5,3240,8016,2.0,0,0,3,8,2910,330,2004,0,98065,47.5382,-121.877,2990,7561
13533,13533,2968801085,20150508T000000,334000.0,4.0,1.5,1680,7620,1.0,0,0,4,7,1180,500,1965,0,98166,47.4578,-122.351,1460,7620
13534,13534,7771300155,20140716T000000,332500.0,3.0,1.0,1030,8164,1.0,0,0,4,7,1030,0,1950,0,98133,47.7353,-122.334,1340,8164
13535,13535,9320870040,20140626T000000,249900.0,3.0,2.5,1630,7700,1.0,0,0,3,7,1120,510,1978,0,98031,47.3876,-122.211,1640,8160
13536,13536,623049047,20141023T000000,310000.0,3.0,2.0,2610,12180,1.0,0,0,3,7,1670,940,1918,0,98146,47.5063,-122.346,1520,12180
13537,13537,9505100035,20141105T000000,200000.0,2.0,1.0,1250,8520,1.0,0,0,3,6,1250,0,1928,0,98126,47.5158,-122.378,1040,8520
13538,13538,8114000040,20140725T000000,310000.0,4.0,1.75,1480,11200,1.0,0,0,4,7,1480,0,1969,0,98059,47.5064,-122.141,1480,20310
13539,13539,424000145,20140707T000000,230000.0,3.0,1.0,1390,6000,1.0,0,0,3,5,1390,0,1954,0,98056,47.4977,-122.175,1170,6000
13540,13540,7857003953,20141020T000000,420000.0,4.0,2.5,1940,5414,2.0,0,0,3,8,1940,0,1997,0,98108,47.5461,-122.299,2050,6307
13541,13541,3630110220,20141012T000000,785000.0,4.0,2.5,2960,4750,2.0,0,0,3,9,2960,0,2005,0,98029,47.5544,-121.993,2960,4750
13542,13542,251500330,20141014T000000,1775000.0,3.0,2.25,4320,19225,1.0,0,0,4,10,2160,2160,1972,0,98004,47.6368,-122.216,3430,18469
13543,13543,1900600040,20140507T000000,265000.0,5.0,1.5,1500,7112,1.0,0,0,5,6,760,740,1920,0,98166,47.4692,-122.35,1200,7112
13544,13544,6163901383,20140923T000000,295000.0,2.0,1.0,840,10465,1.0,0,0,3,6,840,0,1951,0,98155,47.755,-122.317,1320,8515
13545,13545,4054530210,20150218T000000,896000.0,4.0,2.5,3560,46644,2.0,0,0,3,11,3560,0,1992,0,98077,47.7268,-122.05,3520,50261
13546,13546,5088500210,20150112T000000,415000.0,4.0,2.75,2390,9968,1.0,0,0,4,9,1390,1000,1989,0,98038,47.3706,-122.056,2560,12385
13547,13547,424500035,20150212T000000,250000.0,3.0,1.75,1200,5478,1.0,0,0,5,6,1200,0,1955,0,98056,47.4959,-122.174,1270,6855
13548,13548,6762700515,20150421T000000,1475000.0,3.0,2.5,2570,5000,2.0,0,0,3,11,2570,0,1984,0,98102,47.6295,-122.32,1570,5000
13549,13549,1562200040,20150407T000000,635000.0,5.0,2.25,2180,6000,1.0,0,0,4,8,1430,750,1966,0,98007,47.6235,-122.143,2160,8800
13550,13550,3401700040,20150401T000000,905000.0,3.0,2.5,3450,48787,2.0,0,0,3,10,3450,0,1987,0,98072,47.739,-122.129,2810,41040
13551,13551,7202330610,20140721T000000,528000.0,3.0,2.5,2020,5613,2.0,0,0,3,7,2020,0,2003,0,98053,47.6835,-122.035,2020,4609
13552,13552,8835350230,20140825T000000,530000.0,3.0,2.5,2480,7480,2.0,0,0,3,9,2480,0,1992,0,98072,47.771,-122.166,2480,7480
13553,13553,4057300180,20140807T000000,310000.0,3.0,1.5,1140,3104,2.0,0,0,3,7,1140,0,1988,0,98029,47.5707,-122.018,1150,2981
13554,13554,1023059186,20150126T000000,252000.0,3.0,1.0,1530,9465,1.0,0,0,4,7,1530,0,1960,0,98059,47.4915,-122.151,1530,9465
13555,13555,6672500040,20140811T000000,334500.0,3.0,2.0,1700,8160,1.0,0,0,3,7,1120,580,1961,0,98133,47.74,-122.339,1740,8181
13556,13556,3265300410,20150506T000000,370000.0,3.0,1.0,2150,8480,1.0,0,0,3,8,1610,540,1951,0,98115,47.6996,-122.308,1620,5203
13557,13557,7549801565,20141219T000000,311000.0,3.0,2.0,1190,7840,1.5,0,0,4,6,1190,0,1918,0,98108,47.5531,-122.312,1460,3240
13558,13558,2114700040,20150414T000000,260000.0,3.0,2.75,1730,4131,2.0,0,2,3,7,1480,250,1975,0,98106,47.5327,-122.346,1570,4120
13559,13559,3375300360,20140701T000000,217500.0,3.0,1.75,1400,9546,1.0,0,0,4,7,1400,0,1984,0,98003,47.3179,-122.331,1660,8550
13560,13560,7237301010,20150218T000000,290000.0,3.0,2.5,2200,4240,2.0,0,0,3,7,2200,0,2003,0,98042,47.3715,-122.127,2200,4311
13561,13561,1245500691,20141007T000000,500000.0,3.0,1.5,960,4600,1.0,0,0,3,6,960,0,1944,0,98033,47.6937,-122.213,2230,9350
13562,13562,1604601225,20150420T000000,423500.0,3.0,2.0,1770,6000,1.0,0,3,3,7,1100,670,1984,0,98118,47.5644,-122.29,1300,3000
13563,13563,5411600180,20141224T000000,715000.0,4.0,2.5,2970,5722,2.0,0,0,3,9,2970,0,2005,0,98074,47.6134,-122.042,3940,4848
13564,13564,3331001115,20140728T000000,299000.0,3.0,2.5,1590,3121,2.0,0,0,3,7,1590,0,1994,0,98118,47.5515,-122.284,1090,4900
13565,13565,11300120,20140630T000000,635000.0,3.0,2.5,3350,4007,2.0,0,0,3,8,2550,800,2005,0,98034,47.7277,-122.207,2340,4167
13566,13566,8691310040,20140826T000000,806000.0,4.0,2.5,3370,9629,2.0,0,0,3,10,3370,0,1999,0,98075,47.5896,-121.978,3360,10335
13567,13567,4307350450,20140531T000000,289950.0,3.0,2.5,1960,3480,2.0,0,0,3,7,1960,0,2004,0,98056,47.4802,-122.18,2560,3500
13568,13568,2460700650,20141010T000000,280000.0,3.0,1.75,1360,6603,1.0,0,0,4,7,1360,0,1981,0,98058,47.4619,-122.168,1770,7107
13569,13569,9558050450,20150330T000000,479950.0,3.0,2.5,2780,6000,2.0,0,0,3,9,2780,0,2004,0,98058,47.4569,-122.118,1940,3466
13570,13570,3793500730,20140627T000000,394000.0,4.0,2.5,3000,9793,2.0,0,0,3,7,3000,0,2002,0,98038,47.3655,-122.028,1890,7557
13571,13571,1026069061,20150129T000000,682000.0,4.0,2.5,3600,203425,2.0,0,0,3,9,3400,200,1979,0,98077,47.7597,-122.018,3150,202989
13572,13572,3797002160,20140724T000000,409950.0,2.0,1.0,990,3000,1.0,0,0,4,6,990,0,1918,0,98103,47.6839,-122.345,1120,3000
13573,13573,1251200155,20140911T000000,1000000.0,4.0,3.5,2990,4200,2.0,0,4,5,9,2000,990,1925,0,98144,47.593,-122.289,2390,4200
13574,13574,4319200450,20150120T000000,436000.0,4.0,1.0,1200,6600,1.5,0,2,3,7,1200,0,1908,0,98136,47.5372,-122.382,1810,6600
13575,13575,2762600035,20140909T000000,279000.0,3.0,1.0,1530,15975,1.0,0,0,3,7,970,560,1952,0,98168,47.4766,-122.326,1540,15975
13576,13576,9269200150,20140715T000000,390000.0,1.0,1.75,1440,4920,1.0,0,0,3,7,720,720,1923,0,98126,47.534,-122.376,1440,4920
13577,13577,2623029003,20141216T000000,635000.0,3.0,1.75,1940,167125,1.0,1,1,4,7,1480,460,1955,0,98070,47.459,-122.504,1910,127195
13578,13578,104560120,20140718T000000,304400.0,4.0,2.75,2140,8100,2.0,0,0,4,7,2140,0,1990,0,98023,47.3075,-122.359,1960,7002
13579,13579,7266200085,20150325T000000,780000.0,5.0,1.75,2330,3800,1.5,0,0,3,7,1360,970,1927,0,98115,47.6835,-122.308,2100,3800
13580,13580,2622029072,20141001T000000,520000.0,4.0,3.5,2734,210201,2.0,0,0,5,8,2734,0,1974,0,98070,47.3652,-122.504,2270,187308
13581,13581,5101406375,20150319T000000,580000.0,3.0,1.75,1950,10633,1.0,0,0,3,7,1250,700,1978,0,98125,47.7019,-122.313,1290,6380
13582,13582,2698200210,20140908T000000,274000.0,3.0,1.75,1440,7198,1.0,0,0,3,7,990,450,1981,0,98055,47.4333,-122.194,1550,7156
13583,13583,1328340120,20150209T000000,315000.0,3.0,2.25,1530,7906,1.0,0,0,3,7,1150,380,1980,0,98058,47.4418,-122.136,1460,7875
13584,13584,2380000040,20140806T000000,390000.0,4.0,1.75,1910,77574,1.0,0,0,4,8,1910,0,1971,0,98042,47.3932,-122.12,2130,37026
13585,13585,5490700085,20140911T000000,340000.0,5.0,2.0,1750,8220,1.0,0,0,3,7,1750,0,1956,0,98155,47.7694,-122.321,1210,6760
13586,13586,1226059101,20140701T000000,502000.0,3.0,2.25,1600,45613,2.0,0,0,4,8,1600,0,1983,0,98072,47.7523,-122.117,2320,43005
13587,13587,1081200360,20140806T000000,260000.0,3.0,1.75,1750,11180,1.0,0,0,3,8,1750,0,1968,0,98059,47.4713,-122.117,1730,11180
13588,13588,148000450,20140530T000000,399000.0,2.0,1.0,940,4800,1.0,0,0,4,6,940,0,1911,1955,98116,47.5756,-122.414,980,5900
13589,13589,7831800395,20140515T000000,312500.0,2.0,1.0,880,6345,1.0,0,0,3,7,880,0,1919,0,98106,47.5341,-122.358,1440,6345
13590,13590,4024101395,20140513T000000,370000.0,3.0,1.75,1650,8254,1.0,0,0,5,7,1060,590,1951,0,98155,47.7596,-122.304,2280,9450
13591,13591,686550040,20140619T000000,1240000.0,4.0,3.5,3820,13224,2.0,0,0,3,10,3280,540,1990,0,98004,47.6005,-122.199,3340,9700
13592,13592,2337000150,20150220T000000,230000.0,3.0,1.5,1900,9630,1.0,0,0,3,8,1900,0,1967,0,98023,47.3352,-122.344,2010,9630
13593,13593,1068000559,20141003T000000,1275000.0,4.0,1.75,3720,8448,1.0,0,3,4,9,1960,1760,1947,0,98199,47.6425,-122.406,2540,7064
13594,13594,7899800120,20140820T000000,294350.0,3.0,1.0,1410,5120,1.5,0,0,3,6,1210,200,1925,0,98106,47.5238,-122.355,1330,5120
13595,13595,425000175,20141013T000000,208950.0,3.0,1.0,960,5700,1.0,0,0,4,5,960,0,1956,0,98056,47.4983,-122.172,960,5700
13596,13596,8682262260,20141106T000000,515000.0,2.0,1.75,1930,5570,1.0,0,0,3,8,1930,0,2005,0,98053,47.7173,-122.034,1810,5178
13597,13597,5608010650,20150408T000000,965000.0,4.0,2.5,3420,9575,2.0,0,0,3,11,3420,0,1994,0,98027,47.5527,-122.095,3310,8192
13598,13598,5350200870,20150326T000000,925000.0,4.0,2.75,3010,3400,2.0,0,2,3,9,2240,770,1923,2009,98122,47.6142,-122.284,1940,5080
13599,13599,1279300085,20150318T000000,654500.0,4.0,1.0,1780,5000,1.5,0,0,3,8,1780,0,1947,0,98115,47.6761,-122.297,2030,5000
13600,13600,1081300450,20140814T000000,364000.0,4.0,2.5,2080,11050,1.0,0,0,4,8,2080,0,1969,0,98059,47.472,-122.119,1850,11050
13601,13601,8698600395,20150324T000000,150000.0,2.0,1.0,1250,5208,1.0,0,0,3,7,1050,200,1951,0,98002,47.3063,-122.219,1030,5354
13602,13602,5381000072,20140514T000000,349950.0,5.0,3.0,2257,10117,1.0,0,0,3,8,1363,894,2005,0,98188,47.4524,-122.284,1540,10700
13603,13603,2877103111,20140825T000000,585000.0,3.0,1.5,1670,5000,1.5,0,0,4,7,1670,0,1912,0,98117,47.678,-122.36,1750,5000
13604,13604,2159800120,20150317T000000,801501.0,4.0,2.25,2250,13500,2.0,0,0,4,9,2250,0,1980,0,98007,47.621,-122.151,2730,13500
13605,13605,2724079061,20141010T000000,610000.0,3.0,1.75,1650,221720,1.0,0,0,3,7,1650,0,1992,0,98024,47.5297,-121.901,2520,221284
13606,13606,1843100610,20140521T000000,382000.0,5.0,2.25,2880,11965,2.0,0,0,4,8,2880,0,1990,0,98042,47.3734,-122.124,2370,10715
13607,13607,120069003,20141201T000000,495000.0,4.0,3.0,3620,403693,2.0,0,2,3,9,3620,0,1980,0,98022,47.2527,-121.98,2230,148811
13608,13608,3226049401,20141103T000000,447500.0,3.0,1.75,1950,6504,1.0,0,0,3,8,1530,420,1953,0,98115,47.6934,-122.328,1660,6552
13609,13609,259800610,20150220T000000,575000.0,4.0,2.5,2280,9491,1.0,0,0,4,7,1290,990,1966,0,98008,47.6297,-122.117,1560,8050
13610,13610,635000145,20141007T000000,565000.0,2.0,1.75,1740,4736,1.5,0,2,4,7,1040,700,1907,0,98144,47.5994,-122.287,2020,4215
13611,13611,3764800540,20140522T000000,348580.0,3.0,1.0,1220,7876,1.0,0,0,3,7,1220,0,1966,0,98034,47.7317,-122.201,1340,7876
13612,13612,6672700120,20141016T000000,459000.0,4.0,1.75,2260,9703,1.0,0,0,2,8,1660,600,1978,0,98052,47.6622,-122.145,2390,8455
13613,13613,2126079124,20150402T000000,375000.0,4.0,2.0,1790,61419,2.0,0,2,2,7,1790,0,1988,0,98019,47.7216,-121.907,1790,62290
13614,13614,2331550120,20140904T000000,310000.0,4.0,2.5,2440,7093,2.0,0,0,3,7,2440,0,1999,0,98030,47.3817,-122.204,1860,6072
13615,13615,2190600243,20141118T000000,210000.0,3.0,1.5,1400,9600,1.0,0,0,4,7,1400,0,1964,0,98003,47.2878,-122.297,2210,15000
13616,13616,7853340330,20140911T000000,384205.0,3.0,2.75,1810,3292,2.0,0,0,3,8,1810,0,2014,0,98065,47.5164,-121.877,1810,2769
13617,13617,3185600040,20140522T000000,180000.0,2.0,1.0,1400,4500,1.0,0,0,3,7,900,500,1922,0,98055,47.4866,-122.219,1400,5500
13618,13618,3185600040,20141224T000000,310000.0,2.0,1.0,1400,4500,1.0,0,0,3,7,900,500,1922,0,98055,47.4866,-122.219,1400,5500
13619,13619,253600180,20150203T000000,427500.0,4.0,2.5,2010,6294,2.0,0,0,3,7,2010,0,2000,0,98028,47.776,-122.24,1870,4394
13620,13620,7011201475,20140527T000000,780000.0,3.0,3.0,2520,2152,1.5,0,0,3,8,1560,960,1925,2006,98119,47.6363,-122.371,1140,2152
13621,13621,2525049266,20140821T000000,1762000.0,3.0,2.25,3060,16000,2.0,0,0,3,10,3060,0,1988,0,98039,47.6189,-122.23,3510,13162
13622,13622,9542830540,20150303T000000,339950.0,4.0,2.5,2150,4000,2.0,0,0,3,7,2150,0,2010,0,98038,47.3655,-122.018,1610,4000
13623,13623,8965400210,20140701T000000,820000.0,3.0,2.25,2880,9750,2.0,0,0,3,10,2880,0,1989,0,98006,47.5575,-122.119,2920,11090
13624,13624,8682291970,20140924T000000,398000.0,2.0,2.0,1300,3865,1.0,0,0,3,8,1300,0,2006,0,98053,47.7193,-122.024,1350,4199
13625,13625,5561300540,20140602T000000,492000.0,3.0,1.75,2770,39927,1.0,0,0,4,8,1580,1190,1978,0,98027,47.4669,-122.003,2420,36384
13626,13626,2722049092,20150108T000000,240000.0,4.0,1.5,1780,14810,1.0,0,0,4,8,1180,600,1950,0,98032,47.3581,-122.288,1450,6728
13627,13627,5469502380,20140609T000000,599950.0,4.0,3.5,3730,15029,2.0,0,2,3,10,2440,1290,1991,0,98042,47.3804,-122.163,3440,14280
13628,13628,2023049218,20140716T000000,105500.0,2.0,1.0,930,7740,1.0,0,0,1,5,930,0,1932,0,98148,47.4611,-122.324,1620,8584
13629,13629,2023049218,20150316T000000,445000.0,2.0,1.0,930,7740,1.0,0,0,1,5,930,0,1932,0,98148,47.4611,-122.324,1620,8584
13630,13630,1920079103,20140911T000000,390500.0,2.0,1.75,1460,426450,1.0,0,0,5,7,960,500,1966,0,98022,47.2079,-121.967,1810,17350
13631,13631,7760400210,20150224T000000,255000.0,3.0,2.0,1310,8454,1.0,0,0,3,7,1310,0,1994,0,98042,47.3697,-122.075,1310,8454
13632,13632,8078390150,20140626T000000,675750.0,4.0,2.5,2770,10274,2.0,0,0,3,9,2770,0,1989,0,98029,47.5748,-122.018,2270,7210
13633,13633,3528900401,20140701T000000,1640000.0,3.0,3.25,3140,5445,2.0,0,3,4,10,2240,900,1913,0,98109,47.6406,-122.347,2950,5250
13634,13634,5104520720,20140930T000000,353500.0,4.0,2.5,1770,9239,2.0,0,0,3,7,1770,0,2004,0,98038,47.3512,-122.006,2150,5450
13635,13635,8146100580,20141020T000000,765000.0,3.0,1.0,1220,7585,1.0,0,0,4,7,1220,0,1954,0,98004,47.6094,-122.194,1380,8918
13636,13636,7852020620,20150303T000000,563500.0,4.0,2.5,2190,4944,2.0,0,0,3,8,2190,0,1999,0,98065,47.5341,-121.866,2190,5108
13637,13637,5249803010,20150121T000000,439000.0,4.0,2.0,1800,5465,1.0,0,0,3,7,900,900,1942,0,98118,47.56100000000001,-122.272,1400,5400
13638,13638,5459500145,20140613T000000,975000.0,5.0,2.75,3100,10014,1.0,0,2,4,9,1660,1440,1973,0,98040,47.5734,-122.213,3230,10279
13639,13639,7853302110,20150406T000000,469900.0,3.0,2.5,2270,4399,2.0,0,0,3,7,2270,0,2007,0,98065,47.5415,-121.884,2060,4399
13640,13640,7304300905,20150423T000000,252000.0,3.0,1.0,1300,8184,2.0,0,0,3,6,1300,0,1947,0,98155,47.7469,-122.319,1120,8184
13641,13641,6119200085,20140612T000000,495000.0,3.0,2.0,1769,9300,1.0,0,0,4,7,1769,0,1955,2009,98166,47.441,-122.342,1870,10226
13642,13642,622049106,20141202T000000,570000.0,6.0,2.5,3370,15625,1.0,0,0,3,8,1770,1600,1964,0,98166,47.4223,-122.343,2790,15681
13643,13643,1624049275,20140812T000000,327000.0,4.0,2.5,1630,5361,2.0,0,0,3,7,1630,0,1999,0,98144,47.5704,-122.294,1920,5046
13644,13644,5035300871,20141014T000000,898000.0,2.0,2.25,2470,7658,1.0,0,0,4,8,1480,990,1954,0,98199,47.653,-122.416,2070,7270
13645,13645,1329500120,20150109T000000,300000.0,4.0,2.5,2600,8572,2.0,0,0,3,8,2600,0,2003,0,98001,47.3155,-122.266,2170,5288
13646,13646,7504400620,20150413T000000,418500.0,3.0,2.0,1800,12440,1.0,0,0,3,8,1220,580,1978,0,98074,47.6254,-122.05,2460,12352
13647,13647,8029550180,20150325T000000,450000.0,4.0,2.5,2240,4616,2.0,0,0,3,7,1840,400,2001,0,98056,47.5118,-122.194,2260,5200
13648,13648,5072200040,20140502T000000,403000.0,3.0,2.0,1960,13100,1.0,0,2,5,8,1650,310,1957,0,98166,47.4419,-122.34,1960,10518
13649,13649,6141100330,20140612T000000,440000.0,3.0,1.0,1710,6556,1.5,0,0,4,7,1200,510,1926,0,98133,47.7185,-122.354,1410,6563
13650,13650,7131300063,20150429T000000,350000.0,4.0,1.75,2140,4959,1.0,0,0,3,7,1080,1060,1965,0,98118,47.5166,-122.266,1590,5250
13651,13651,2807100155,20140515T000000,240000.0,3.0,2.0,1400,6200,1.0,0,0,3,6,700,700,1948,0,98133,47.7634,-122.34,1410,7564
13652,13652,1819800286,20140616T000000,460000.0,2.0,1.0,890,2100,1.0,0,0,4,6,760,130,1919,0,98107,47.656000000000006,-122.359,1600,4250
13653,13653,2663000580,20140919T000000,825000.0,4.0,1.0,1820,4000,2.0,0,0,3,8,1820,0,1923,0,98102,47.6259,-122.321,2050,4000
13654,13654,7749500970,20150226T000000,267500.0,3.0,2.25,1860,12000,1.0,0,0,4,7,1860,0,1976,0,98092,47.2942,-122.19,1815,9604
13655,13655,3599600150,20140904T000000,201000.0,3.0,1.0,1220,22443,1.0,0,0,4,7,1220,0,1972,0,98001,47.2633,-122.245,1260,19950
13656,13656,7853310720,20140617T000000,479500.0,3.0,2.75,2300,4637,2.0,0,0,3,8,2300,0,2008,0,98065,47.5216,-121.878,2420,5699
13657,13657,4239410220,20150402T000000,210000.0,2.0,1.0,1520,4700,2.0,0,0,4,7,1520,0,1978,0,98092,47.3187,-122.182,1140,3906
13658,13658,9136103027,20140608T000000,445000.0,2.0,1.0,1440,3225,1.0,0,0,3,7,960,480,1915,0,98103,47.6653,-122.338,1160,3630
13659,13659,3432501415,20140714T000000,265000.0,3.0,1.75,1170,8148,1.0,0,0,3,7,1170,0,1952,0,98155,47.7479,-122.318,1200,8147
13660,13660,3432501415,20141111T000000,399000.0,3.0,1.75,1170,8148,1.0,0,0,3,7,1170,0,1952,0,98155,47.7479,-122.318,1200,8147
13661,13661,1026069044,20141010T000000,785000.0,4.0,2.25,3200,53357,2.0,0,0,4,9,3200,0,1972,0,98077,47.755,-122.035,2650,54014
13662,13662,1152600220,20140623T000000,831500.0,5.0,2.5,4470,35124,2.5,0,0,3,11,4470,0,1984,0,98072,47.7377,-122.084,4050,34118
13663,13663,9478500770,20150403T000000,360000.0,4.0,2.5,2570,4557,2.0,0,0,3,7,2570,0,2009,0,98042,47.367,-122.115,2200,4500
13664,13664,6388920410,20150423T000000,655000.0,3.0,2.5,2370,7916,2.0,0,0,3,9,2370,0,1990,0,98056,47.528,-122.171,2500,8221
13665,13665,3579800180,20150504T000000,449950.0,4.0,1.5,1800,10150,1.5,0,0,4,7,1800,0,1958,0,98034,47.7325,-122.242,1630,10660
13666,13666,8860300220,20150429T000000,612000.0,5.0,2.5,2300,7000,1.0,0,0,3,8,1290,1010,1975,0,98052,47.6875,-122.122,2080,7280
13667,13667,1823069287,20140729T000000,575000.0,3.0,2.5,3240,33661,2.0,0,0,3,8,3240,0,2001,0,98059,47.4785,-122.095,1870,43560
13668,13668,8854000410,20150212T000000,557000.0,3.0,2.5,2280,18241,1.0,0,0,3,9,960,1320,1995,0,98011,47.7453,-122.213,3100,12465
13669,13669,3344500183,20150128T000000,375000.0,4.0,1.75,1870,12500,1.0,0,1,5,6,1030,840,1943,0,98056,47.511,-122.197,2060,14141
13670,13670,2891400410,20150227T000000,369000.0,3.0,2.25,1820,99752,1.0,0,0,4,7,1820,0,1969,0,98092,47.2838,-122.006,1850,117612
13671,13671,7129800063,20150420T000000,330000.0,5.0,2.75,2390,6282,1.0,0,0,4,7,1290,1100,1966,0,98118,47.5149,-122.263,1690,5202
13672,13672,3179100220,20150427T000000,1031000.0,4.0,1.75,2110,6708,1.0,0,3,3,8,1410,700,1941,0,98105,47.67,-122.274,2140,7006
13673,13673,1931300815,20150326T000000,550000.0,2.0,1.0,980,4800,1.0,0,0,4,7,980,0,1910,0,98103,47.6569,-122.348,1570,2640
13674,13674,6163900333,20141110T000000,338000.0,3.0,1.75,1250,7710,1.0,0,0,4,7,1250,0,1947,0,98155,47.7623,-122.317,1340,7710
13675,13675,4389201075,20140731T000000,1900000.0,4.0,2.5,3680,13351,2.0,0,2,5,9,3680,0,1946,1982,98004,47.6154,-122.214,3410,11700
13676,13676,2122700120,20140820T000000,235000.0,3.0,1.0,2230,8163,1.0,0,0,3,7,1230,1000,1966,0,98118,47.5215,-122.275,2380,6874
13677,13677,2291401115,20141125T000000,349950.0,1.0,1.0,1230,9300,1.5,0,0,4,6,1230,0,1918,0,98133,47.7055,-122.348,1190,6820
13678,13678,7229100040,20140729T000000,300000.0,5.0,2.5,2093,10350,1.5,0,0,5,7,2093,0,1963,0,98058,47.4495,-122.17,1520,10350
13679,13679,3204800040,20141103T000000,431000.0,3.0,1.75,1660,12865,1.0,0,0,5,7,1660,0,1967,0,98056,47.5375,-122.175,1610,12400
13680,13680,8092700220,20150411T000000,280000.0,5.0,2.5,1630,20750,1.0,0,0,4,7,1100,530,1975,0,98042,47.3657,-122.113,1630,8640
13681,13681,7503800210,20150326T000000,295000.0,4.0,2.5,1677,7209,2.0,0,0,3,7,1677,0,2011,0,98023,47.2957,-122.357,2236,7209
13682,13682,2781250150,20150423T000000,445000.0,4.0,2.5,2990,6383,2.0,0,0,3,7,2990,0,2003,0,98038,47.3499,-122.027,2640,6454
13683,13683,2024089011,20140826T000000,550000.0,5.0,1.0,2150,262231,1.5,0,0,3,7,2150,0,1900,2000,98065,47.5519,-121.803,1460,46609
13684,13684,2427910040,20140826T000000,515000.0,4.0,2.5,2890,15067,2.0,0,0,3,9,2890,0,2003,0,98024,47.5666,-121.907,3090,15398
13685,13685,3123059107,20140520T000000,555000.0,3.0,2.5,3050,158558,1.0,0,0,4,9,3050,0,1987,0,98055,47.4326,-122.208,2960,31050
13686,13686,7211400506,20140908T000000,265000.0,3.0,2.5,1410,2500,2.0,0,0,3,7,1410,0,2006,0,98146,47.5132,-122.358,1290,5190
13687,13687,8129700085,20140924T000000,597000.0,4.0,2.5,2280,2432,2.0,0,0,5,8,1520,760,1921,0,98103,47.6605,-122.355,1690,2099
13688,13688,3271301175,20140815T000000,661000.0,2.0,1.0,1260,5800,1.0,0,0,4,7,1260,0,1939,0,98199,47.6501,-122.409,1830,5800
13689,13689,7203101970,20140715T000000,362764.0,3.0,2.0,1460,4350,2.0,0,0,3,7,1460,0,2008,0,98053,47.696000000000005,-122.026,1740,4622
13690,13690,1787600146,20140821T000000,427000.0,4.0,2.5,1600,14000,1.0,0,0,3,8,1310,290,1950,0,98125,47.7258,-122.326,1600,10200
13691,13691,5255200220,20141205T000000,405000.0,3.0,1.75,2020,8531,1.0,0,0,3,7,2020,0,1965,0,98011,47.7691,-122.199,1950,8449
13692,13692,937000330,20141224T000000,157000.0,3.0,1.5,1170,11530,1.0,0,0,3,7,1170,0,1960,0,98198,47.4211,-122.29,1550,8605
13693,13693,937000330,20150319T000000,246500.0,3.0,1.5,1170,11530,1.0,0,0,3,7,1170,0,1960,0,98198,47.4211,-122.29,1550,8605
13694,13694,6817800730,20150108T000000,386500.0,2.0,1.5,1280,11071,1.0,0,0,3,7,850,430,1984,0,98074,47.6351,-122.033,1280,10879
13695,13695,1898900040,20140606T000000,300000.0,4.0,2.5,2680,15508,2.0,0,0,3,8,2680,0,1999,0,98023,47.3025,-122.39,1960,15586
13696,13696,9264901510,20141107T000000,240000.0,3.0,1.75,1770,8571,1.0,0,0,3,8,1270,500,1978,0,98023,47.3109,-122.339,2120,7711
13697,13697,3343301490,20140909T000000,818500.0,5.0,3.5,4790,12957,2.0,0,1,3,9,3110,1680,2005,0,98006,47.5469,-122.194,2620,13538
13698,13698,1645000097,20140809T000000,249000.0,3.0,1.75,1300,8500,1.0,0,0,4,7,1300,0,1964,0,98022,47.209,-122.005,1410,7800
13699,13699,2923501020,20140929T000000,580000.0,4.0,2.25,2610,7700,1.0,0,0,3,8,1700,910,1977,0,98027,47.5659,-122.089,2260,8266
13700,13700,4139900180,20150420T000000,2340000.0,4.0,2.5,4500,35200,1.0,0,0,3,13,4500,0,1988,0,98006,47.5477,-122.126,4760,35200
13701,13701,2621760360,20140926T000000,333000.0,4.0,2.5,2100,7366,2.0,0,0,3,8,2100,0,1997,0,98042,47.3703,-122.107,2060,7324
13702,13702,5702380730,20140823T000000,230000.0,2.0,2.0,1340,7605,1.0,0,0,3,7,1340,0,1992,0,98022,47.1936,-121.981,1670,7136
13703,13703,1604601855,20150213T000000,360500.0,3.0,1.0,970,6180,1.0,0,3,3,6,970,0,1974,0,98118,47.5658,-122.291,1120,4500
13704,13704,6777800150,20140722T000000,265000.0,3.0,1.75,2200,7200,1.0,0,0,3,8,1270,930,1962,0,98032,47.3745,-122.276,1800,8000
13705,13705,1563103040,20141025T000000,490000.0,2.0,1.0,990,5000,1.0,0,0,3,7,990,0,1941,0,98116,47.5666,-122.403,2250,6032
13706,13706,7550800736,20150506T000000,600000.0,2.0,1.75,1180,5000,1.0,0,0,2,7,880,300,1925,0,98107,47.6749,-122.398,1470,5000
13707,13707,1138000410,20140915T000000,307500.0,3.0,1.0,980,6530,1.0,0,0,3,7,980,0,1969,0,98034,47.7133,-122.213,1220,6723
13708,13708,7555220150,20141217T000000,670000.0,4.0,2.25,2370,9636,1.0,0,0,3,8,1660,710,1976,0,98033,47.6497,-122.194,2350,9588
13709,13709,3021059197,20141021T000000,247200.0,3.0,1.5,1910,10583,1.5,0,0,4,7,1910,0,1922,1967,98002,47.2782,-122.212,1770,9068
13710,13710,2923500230,20141216T000000,2600000.0,4.0,4.5,5270,12195,2.0,1,4,3,11,3400,1870,1979,0,98027,47.5696,-122.09,3390,9905
13711,13711,4039500610,20140820T000000,440000.0,3.0,1.75,1430,8400,1.0,0,0,4,7,1430,0,1961,0,98008,47.6073,-122.127,1570,7800
13712,13712,3904910610,20150506T000000,700000.0,4.0,2.5,2490,7694,2.0,0,0,3,8,2490,0,1987,0,98029,47.567,-122.016,2140,8126
13713,13713,2489200230,20150311T000000,756100.0,4.0,2.0,2000,8317,1.5,0,0,4,8,2000,0,1917,0,98126,47.5394,-122.379,1390,6001
13714,13714,2600100180,20141020T000000,555000.0,4.0,2.75,2600,19275,1.0,0,0,3,8,1620,980,1978,0,98006,47.5523,-122.162,2230,10119
13715,13715,6909200355,20150424T000000,830000.0,5.0,3.5,2880,3750,2.0,0,2,3,8,2270,610,2001,0,98144,47.5905,-122.292,2060,4000
13716,13716,7575500040,20141212T000000,180000.0,3.0,1.0,1010,8863,1.0,0,0,4,6,1010,0,1990,0,98022,47.1955,-121.999,1090,8410
13717,13717,6192400180,20141006T000000,775000.0,5.0,3.5,3290,5600,2.0,0,0,3,9,2670,620,2004,0,98052,47.7056,-122.119,3130,5600
13718,13718,5125400385,20140805T000000,220000.0,4.0,1.75,1530,18400,1.5,0,0,4,6,1530,0,1938,0,98002,47.32899999999999,-122.219,1620,13535
13719,13719,7811100230,20140724T000000,650000.0,4.0,2.75,2020,15810,1.0,0,0,4,9,1620,400,1967,0,98005,47.5921,-122.155,2210,10160
13720,13720,6608500220,20141224T000000,410000.0,3.0,1.75,1340,9975,1.0,0,0,4,7,1340,0,1961,0,98033,47.7012,-122.169,1340,10050
13721,13721,705730180,20141021T000000,339995.0,4.0,2.5,2180,5367,2.0,0,0,3,7,2180,0,2000,0,98038,47.3775,-122.022,2180,5130
13722,13722,4039700870,20150219T000000,1160000.0,5.0,1.75,2870,9680,1.0,0,4,5,9,1440,1430,1966,0,98008,47.6122,-122.111,2940,9729
13723,13723,238000201,20140723T000000,440000.0,3.0,2.75,2070,9697,2.0,0,0,4,7,1330,740,1929,0,98188,47.4327,-122.283,2000,14436
13724,13724,4365700330,20140730T000000,275000.0,2.0,1.75,930,7080,1.0,0,0,3,6,930,0,1923,2006,98106,47.5224,-122.36,1100,7680
13725,13725,4249000230,20140829T000000,766000.0,3.0,2.5,2270,9822,2.0,0,0,3,9,2270,0,1988,0,98052,47.6685,-122.137,2790,8089
13726,13726,1099750610,20140710T000000,231500.0,3.0,2.25,1630,7900,1.0,0,0,4,7,1130,500,1973,0,98023,47.3076,-122.377,1630,8200
13727,13727,3123089010,20141229T000000,472000.0,3.0,2.0,2770,89298,2.0,0,0,3,9,2770,0,2004,0,98045,47.4291,-121.842,2040,109771
13728,13728,9578050120,20140808T000000,1325000.0,4.0,2.5,4010,37076,2.0,0,0,4,12,4010,0,1990,0,98052,47.7139,-122.106,4280,35326
13729,13729,1423049029,20150306T000000,265000.0,4.0,1.75,1970,8390,1.0,0,0,3,7,1140,830,1955,0,98178,47.4861,-122.251,1710,10890
13730,13730,1703900155,20141113T000000,325000.0,2.0,1.0,790,6000,1.0,0,0,3,7,790,0,1948,0,98118,47.5543,-122.273,960,6000
13731,13731,1397300120,20140729T000000,364500.0,3.0,1.75,1740,8424,1.0,0,0,5,7,1040,700,1954,0,98133,47.7508,-122.352,1370,8424
13732,13732,7304301085,20150129T000000,322500.0,2.0,1.0,1130,8184,1.0,0,0,3,6,1130,0,1947,0,98155,47.7473,-122.32,1010,8184
13733,13733,603001020,20150416T000000,338900.0,3.0,1.75,1180,4000,1.0,0,0,3,7,1040,140,1929,0,98118,47.5226,-122.284,1430,4000
13734,13734,5332200530,20140613T000000,910000.0,5.0,2.5,2350,4000,2.0,0,0,3,9,2350,0,1993,0,98112,47.6265,-122.296,1840,4000
13735,13735,5332200530,20150424T000000,1015000.0,5.0,2.5,2350,4000,2.0,0,0,3,9,2350,0,1993,0,98112,47.6265,-122.296,1840,4000
13736,13736,4475800065,20140613T000000,459950.0,3.0,1.75,1850,6869,1.0,0,2,5,6,1100,750,1919,1934,98166,47.4648,-122.363,1850,10096
13737,13737,4305500180,20141014T000000,584950.0,4.0,3.0,3220,6224,1.5,0,0,3,9,3220,0,2009,0,98059,47.4813,-122.129,2950,6224
13738,13738,9269750220,20141223T000000,252000.0,3.0,1.75,2050,11313,1.0,0,0,3,7,1520,530,1987,0,98023,47.2837,-122.358,1620,8065
13739,13739,6802210330,20150429T000000,270000.0,3.0,2.5,1430,8470,1.0,0,0,3,7,1190,240,1992,0,98022,47.1943,-121.991,1670,8418
13740,13740,98020220,20141030T000000,750000.0,4.0,2.5,3210,8938,2.0,0,0,3,10,3210,0,2005,0,98075,47.582,-121.971,3740,8108
13741,13741,6837700175,20141201T000000,775000.0,3.0,1.75,3520,12350,1.0,0,4,4,8,1530,1990,1960,0,98116,47.5837,-122.382,2140,7800
13742,13742,1895450230,20150218T000000,325000.0,3.0,2.5,2260,8120,2.0,0,0,3,8,2260,0,2004,0,98023,47.2924,-122.357,2250,7784
13743,13743,1853080180,20141026T000000,810000.0,5.0,3.25,3290,6422,2.0,0,0,3,9,3290,0,2012,0,98074,47.5933,-122.061,3210,6891
13744,13744,3582750120,20140715T000000,409000.0,2.0,2.25,1640,2128,2.0,0,0,4,8,1640,0,1974,0,98028,47.753,-122.252,1640,2128
13745,13745,3319500385,20140616T000000,400000.0,4.0,1.75,1580,5340,1.0,0,0,3,7,1130,450,1947,0,98144,47.6003,-122.306,830,980
13746,13746,2783100230,20150512T000000,530000.0,4.0,2.25,1940,8270,2.0,0,0,5,7,1940,0,1962,0,98133,47.7567,-122.333,1800,7743
13747,13747,1238501098,20150313T000000,580000.0,3.0,2.25,1580,8506,2.0,0,0,3,7,1580,0,1987,0,98033,47.68600000000001,-122.185,2253,8515
13748,13748,8562900180,20140509T000000,491300.0,3.0,1.75,1750,11340,1.0,0,1,4,7,1300,450,1987,0,98074,47.6099,-122.058,2310,11340
13749,13749,7140200450,20141231T000000,272000.0,4.0,2.75,1810,7350,1.0,0,0,4,7,1200,610,1980,0,98030,47.3703,-122.171,1750,7350
13750,13750,220069106,20150401T000000,599950.0,3.0,2.5,1970,106722,1.0,0,4,3,9,1970,0,1985,0,98022,47.2498,-122.003,2910,101494
13751,13751,3905040040,20150226T000000,464000.0,3.0,2.5,1770,5146,2.0,0,0,3,8,1770,0,1992,0,98029,47.5704,-121.999,1870,5146
13752,13752,3797000330,20140623T000000,471001.0,3.0,1.75,1800,6000,1.0,0,0,5,7,900,900,1905,0,98103,47.6867,-122.349,1800,3000
13753,13753,6669150530,20141117T000000,230000.0,3.0,1.5,1500,11616,1.0,0,0,3,7,1100,400,1980,0,98031,47.4062,-122.174,1830,8288
13754,13754,3298200620,20140714T000000,358000.0,3.0,1.0,940,6695,1.0,0,0,4,6,940,0,1959,0,98008,47.6195,-122.12,1230,7400
13755,13755,8024202170,20140820T000000,510000.0,3.0,2.25,2340,6183,1.0,0,0,3,7,1210,1130,1929,0,98115,47.6979,-122.31,1970,6183
13756,13756,1788900230,20140722T000000,86500.0,3.0,1.0,840,9480,1.0,0,0,3,6,840,0,1960,0,98023,47.3277,-122.341,840,9420
13757,13757,1788900230,20150403T000000,199950.0,3.0,1.0,840,9480,1.0,0,0,3,6,840,0,1960,0,98023,47.3277,-122.341,840,9420
13758,13758,3220200040,20140616T000000,1712500.0,3.0,3.25,2940,5432,3.0,0,3,4,10,2440,500,1978,0,98109,47.6299,-122.354,4400,5500
13759,13759,7645900355,20150313T000000,850000.0,3.0,2.75,3180,3680,2.0,0,0,4,9,2190,990,1918,0,98126,47.577,-122.38,2000,3680
13760,13760,458000065,20140923T000000,542000.0,4.0,2.5,2020,3440,1.5,0,0,4,7,1480,540,1928,0,98117,47.6885,-122.376,1520,5080
13761,13761,123039604,20140701T000000,102500.0,2.0,1.0,820,4320,1.0,0,0,3,5,820,0,1937,0,98106,47.514,-122.359,780,7424
13762,13762,1223089077,20150401T000000,718000.0,3.0,1.75,4060,136290,1.0,0,0,3,8,2810,1250,1995,0,98045,47.4843,-121.719,1300,51836
13763,13763,4039800180,20141222T000000,625000.0,4.0,2.25,2660,22194,1.0,0,0,4,8,2180,480,1977,0,98008,47.6142,-122.107,2660,18135
13764,13764,7304301005,20140523T000000,350000.0,3.0,1.0,1010,11244,1.0,0,0,4,7,1010,0,1947,0,98155,47.7467,-122.321,1220,11242
13765,13765,7899800915,20150209T000000,216000.0,2.0,1.0,710,5120,1.0,0,0,3,6,710,0,1918,0,98106,47.5224,-122.357,1150,1252
13766,13766,164000271,20140905T000000,340000.0,3.0,1.0,980,7228,1.5,0,0,3,7,980,0,1946,0,98133,47.7294,-122.353,1070,7228
13767,13767,7010700976,20141114T000000,505000.0,3.0,1.0,1100,5400,1.5,0,0,3,7,1100,0,1908,0,98199,47.6604,-122.396,1770,4400
13768,13768,6699300330,20150513T000000,372000.0,5.0,2.5,2840,6010,2.0,0,0,3,8,2840,0,2003,0,98001,47.3161,-122.27,2740,5509
13769,13769,8732020770,20140904T000000,263850.0,4.0,2.25,2300,7524,2.0,0,0,4,8,2300,0,1978,0,98023,47.313,-122.388,2270,8025
13770,13770,1795800040,20140903T000000,1350000.0,4.0,3.25,5370,20388,2.0,0,4,4,11,5370,0,1990,0,98198,47.405,-122.331,2770,22270
13771,13771,5104450720,20141119T000000,325000.0,4.0,2.5,2280,9899,2.0,0,0,3,8,2280,0,1987,0,98058,47.461000000000006,-122.148,1970,9451
13772,13772,2113200065,20141027T000000,289000.0,2.0,1.0,1010,7740,1.0,0,0,3,6,890,120,1924,0,98106,47.5323,-122.355,1030,6000
13773,13773,4027700799,20150226T000000,364000.0,3.0,2.25,1420,6600,1.0,0,0,3,7,1160,260,1987,0,98028,47.77,-122.265,1920,7902
13774,13774,3902310210,20140822T000000,610000.0,4.0,2.5,2100,8800,1.0,0,0,5,8,1250,850,1980,0,98033,47.6909,-122.186,2100,9000
13775,13775,9283800230,20140625T000000,531500.0,4.0,2.75,3110,49765,1.0,0,0,4,8,3110,0,1958,1972,98010,47.3343,-122.044,1880,19709
13776,13776,114100234,20150430T000000,402500.0,3.0,2.25,2160,9540,2.0,0,0,3,8,2160,0,1979,0,98028,47.7668,-122.243,1720,12593
13777,13777,7625703065,20140604T000000,375000.0,2.0,1.0,820,6250,1.0,0,0,4,5,820,0,1922,0,98136,47.5479,-122.384,1300,6250
13778,13778,427000065,20150126T000000,537500.0,5.0,2.5,4340,9108,1.0,0,0,5,8,2170,2170,1979,0,98118,47.5384,-122.276,2030,6812
13779,13779,7844200040,20140731T000000,375000.0,3.0,1.75,2100,9066,1.0,0,0,3,8,1440,660,1962,0,98188,47.4294,-122.292,2000,9132
13780,13780,9315300230,20140820T000000,293550.0,4.0,1.75,1250,8840,1.0,0,0,4,7,910,340,1979,0,98198,47.4138,-122.317,1410,8378
13781,13781,1774200230,20150120T000000,585000.0,6.0,3.0,3870,43787,2.0,0,0,3,8,2700,1170,1976,0,98077,47.7642,-122.098,2600,35381
13782,13782,2781250530,20140812T000000,225000.0,2.0,2.5,1360,2693,2.0,0,0,3,6,1360,0,2003,0,98038,47.3492,-122.025,1360,2693
13783,13783,7796600085,20150108T000000,185000.0,4.0,1.0,1400,8684,1.5,0,0,3,7,1400,0,1957,0,98146,47.4887,-122.344,1520,8712
13784,13784,3205400150,20140617T000000,402000.0,3.0,1.5,1450,7375,1.0,0,0,3,7,1010,440,1968,0,98034,47.7212,-122.179,1350,7440
13785,13785,2207200455,20150409T000000,585000.0,5.0,1.75,1880,16617,1.0,0,0,3,7,960,920,1963,0,98007,47.6003,-122.132,1720,8400
13786,13786,9523100458,20140617T000000,549000.0,2.0,2.5,1380,953,3.0,0,0,3,9,1380,0,2006,0,98103,47.6654,-122.355,1430,3400
13787,13787,5035300325,20150414T000000,1810000.0,3.0,2.25,2910,15626,1.5,0,0,4,9,2510,400,1923,0,98199,47.6534,-122.412,2370,6519
13788,13788,3840700593,20150406T000000,345000.0,3.0,1.75,1380,10529,1.0,0,0,3,7,1380,0,1967,0,98034,47.7119,-122.233,1670,5694
13789,13789,1683800120,20141117T000000,302500.0,3.0,2.25,3100,11985,1.0,0,0,4,7,1790,1310,1963,0,98198,47.3825,-122.31,1770,7954
13790,13790,2722059183,20141014T000000,218500.0,4.0,1.75,1400,25500,1.0,0,0,4,7,1400,0,1964,0,98042,47.36,-122.164,2170,25500
13791,13791,4083305870,20141001T000000,705000.0,2.0,2.0,1650,6840,1.5,0,0,5,7,1650,0,1916,0,98103,47.6512,-122.338,1700,4560
13792,13792,8651400730,20150428T000000,191000.0,3.0,1.0,840,5525,1.0,0,0,5,6,840,0,1969,0,98042,47.3607,-122.085,920,5330
13793,13793,7302000120,20140610T000000,695000.0,3.0,2.5,2550,45254,2.0,0,0,3,9,2550,0,2001,0,98053,47.6498,-121.964,2190,49222
13794,13794,797000258,20150402T000000,350000.0,2.0,2.75,2820,11770,2.0,0,0,3,7,1630,1190,1947,0,98168,47.5102,-122.324,1690,12500
13795,13795,9100000040,20140807T000000,480000.0,3.0,1.75,1710,4080,1.0,0,0,4,7,1130,580,1979,0,98136,47.5563,-122.392,1200,4080
13796,13796,8651441520,20150302T000000,220000.0,3.0,1.0,820,5200,1.0,0,0,4,6,820,0,1977,0,98042,47.363,-122.094,1120,5200
13797,13797,6843310120,20141029T000000,535000.0,4.0,2.25,2620,33578,2.0,0,0,3,7,2620,0,1977,0,98075,47.5921,-122.013,2520,35160
13798,13798,3585900150,20140519T000000,1000000.0,2.0,1.75,2430,23400,1.0,0,4,3,10,2430,0,1951,0,98177,47.7616,-122.372,3150,23600
13799,13799,9144100206,20141125T000000,592000.0,3.0,1.75,1560,7424,1.0,0,0,5,8,1560,0,1940,0,98117,47.6981,-122.374,1370,7424
13800,13800,2871000360,20141124T000000,775000.0,4.0,2.5,3060,6826,2.0,0,0,3,9,3060,0,2004,0,98052,47.7006,-122.112,3110,6932
13801,13801,4307330120,20140917T000000,320000.0,3.0,2.5,1680,4584,2.0,0,0,3,7,1680,0,2003,0,98056,47.4794,-122.182,2160,4621
13802,13802,6117900120,20150317T000000,760000.0,3.0,3.25,3320,15022,2.0,0,0,3,10,3320,0,1989,0,98166,47.429,-122.341,3430,15018
13803,13803,1939120540,20140722T000000,640000.0,3.0,2.5,2390,8315,2.0,0,0,4,9,2390,0,1990,0,98074,47.6271,-122.028,2370,7816
13804,13804,421000455,20150502T000000,253200.0,3.0,1.0,1360,5840,1.0,0,0,4,5,1360,0,1953,0,98056,47.4945,-122.166,1250,6708
13805,13805,6600790210,20140716T000000,228000.0,2.0,1.0,1800,9236,1.0,0,0,3,7,1800,0,1954,0,98030,47.3792,-122.198,1730,5701
13806,13806,1771000540,20141104T000000,325000.0,3.0,1.0,1160,9525,1.0,0,0,4,7,1160,0,1968,0,98077,47.7431,-122.073,1160,10640
13807,13807,5561300730,20140605T000000,530000.0,4.0,3.25,4160,35654,2.0,0,0,3,8,2760,1400,1973,0,98027,47.4683,-122.008,2500,35675
13808,13808,9542830210,20150211T000000,300000.0,4.0,2.25,1660,3200,2.0,0,0,3,7,1660,0,2011,0,98038,47.3666,-122.019,1960,3558
13809,13809,263000155,20140505T000000,418000.0,3.0,2.0,1410,6030,1.5,0,0,4,7,1410,0,1930,0,98103,47.6994,-122.347,1410,6300
13810,13810,4058801575,20141217T000000,415000.0,4.0,1.75,2230,9625,1.0,0,4,3,8,1180,1050,1955,0,98178,47.508,-122.244,2300,8211
13811,13811,7852150120,20140520T000000,384000.0,3.0,2.5,1700,4000,2.0,0,0,3,7,1700,0,2003,0,98065,47.5327,-121.871,1700,4417
13812,13812,2095500040,20140613T000000,325000.0,3.0,2.5,2070,8337,2.0,0,0,3,8,2070,0,1997,0,98030,47.3658,-122.176,2030,7248
13813,13813,8832900120,20141222T000000,600000.0,3.0,1.75,2300,12682,1.0,0,2,3,8,2300,0,1955,0,98028,47.7588,-122.27,2720,14643
13814,13814,9542850580,20141010T000000,760000.0,4.0,2.25,3040,9690,1.0,0,0,4,9,1940,1100,1978,0,98005,47.5923,-122.169,2430,9690
13815,13815,3530430155,20140530T000000,168000.0,2.0,1.5,1220,3568,1.5,0,0,4,8,1220,0,1976,0,98198,47.3804,-122.318,1180,3678
13816,13816,2225039081,20141020T000000,405000.0,3.0,1.0,960,3960,1.0,0,0,3,7,960,0,1943,0,98199,47.6465,-122.404,1550,6050
13817,13817,7923300230,20150504T000000,479000.0,3.0,1.0,1480,10094,1.0,0,0,4,7,1480,0,1956,0,98007,47.5942,-122.136,1430,10083
13818,13818,8021701115,20140826T000000,549000.0,3.0,2.0,1560,5130,1.0,0,0,5,7,1150,410,1915,0,98103,47.6913,-122.333,1560,4500
13819,13819,5515600087,20141209T000000,215000.0,3.0,1.5,1100,33600,1.0,0,0,3,7,1100,0,1967,0,98001,47.3185,-122.29,1570,32700
13820,13820,952006680,20150129T000000,550000.0,2.0,1.5,900,5750,1.0,0,2,3,7,900,0,1940,0,98116,47.5623,-122.384,1300,1413
13821,13821,6411600043,20140702T000000,389000.0,4.0,1.75,2400,7700,1.5,0,0,4,7,1500,900,1927,0,98133,47.7125,-122.332,1530,7700
13822,13822,1523089266,20140722T000000,447500.0,3.0,2.5,2320,15024,2.0,0,0,3,8,2320,0,1990,0,98045,47.4829,-121.766,2300,15145
13823,13823,866400040,20141013T000000,540000.0,5.0,3.0,2570,5590,1.0,0,0,3,8,1580,990,2009,0,98034,47.7271,-122.228,2020,10500
13824,13824,8092500150,20150428T000000,273500.0,4.0,2.75,1300,9638,1.0,0,0,2,7,1300,0,1983,0,98042,47.3683,-122.109,1670,9638
13825,13825,5637200450,20141017T000000,257000.0,5.0,2.75,2930,10148,2.0,0,0,3,9,2930,0,2002,0,98059,47.4887,-122.145,2930,8425
13826,13826,5126400230,20140524T000000,199000.0,2.0,1.0,720,7200,1.0,0,0,5,6,720,0,1943,0,98058,47.4763,-122.177,970,8027
13827,13827,7137950720,20150304T000000,339100.0,4.0,2.5,2350,10655,2.0,0,0,3,8,2350,0,1992,0,98092,47.3284,-122.171,2210,7028
13828,13828,1473120230,20141223T000000,435000.0,4.0,2.5,2940,7590,2.0,0,0,3,9,2940,0,1991,0,98058,47.4341,-122.16,2550,8360
13829,13829,1604600085,20140711T000000,400000.0,3.0,2.5,2020,3000,1.0,0,0,4,6,1010,1010,1910,0,98118,47.5621,-122.291,1670,3000
13830,13830,123079023,20141124T000000,356000.0,2.0,1.0,1430,365904,1.0,0,0,3,7,1010,420,1991,0,98065,47.513000000000005,-121.857,2300,253519
13831,13831,705000120,20150406T000000,395000.0,3.0,1.0,950,6951,1.0,0,0,4,7,950,0,1950,0,98125,47.7263,-122.3,1410,7200
13832,13832,1930300410,20150304T000000,575000.0,2.0,1.0,1250,4320,1.0,0,0,4,7,850,400,1911,0,98103,47.6549,-122.352,1520,4320
13833,13833,9393700065,20150423T000000,515000.0,3.0,1.75,1300,5120,1.5,0,0,4,6,1300,0,1925,0,98116,47.5589,-122.394,1090,5124
13834,13834,6814600355,20140619T000000,618250.0,4.0,3.25,2520,3360,1.5,0,0,4,8,1550,970,1931,0,98115,47.6801,-122.315,1730,3360
13835,13835,9477100620,20150219T000000,245000.0,3.0,1.5,1330,7125,2.0,0,0,3,7,1330,0,1968,0,98034,47.7308,-122.194,1570,7350
13836,13836,6788203060,20141010T000000,690000.0,3.0,2.75,2480,3240,1.5,0,0,3,9,1890,590,1929,0,98112,47.6399,-122.311,2160,3240
13837,13837,5706200360,20141106T000000,465000.0,5.0,2.25,3020,10010,1.0,0,0,3,7,1510,1510,1959,0,98027,47.5249,-122.044,1760,10878
13838,13838,8732130730,20141120T000000,280000.0,3.0,1.75,1770,8240,1.0,0,0,4,7,1240,530,1978,0,98023,47.3066,-122.378,2060,8250
13839,13839,4202400395,20150316T000000,285000.0,3.0,1.75,1930,6533,1.0,0,0,3,7,1230,700,1960,0,98055,47.4883,-122.221,2030,5954
13840,13840,705700210,20150316T000000,320000.0,3.0,2.25,1650,7047,2.0,0,0,3,7,1650,0,1994,0,98038,47.3826,-122.027,2010,7763
13841,13841,2817100040,20150213T000000,355000.0,4.0,3.0,2580,9601,2.0,0,0,4,7,2130,450,1992,0,98070,47.3726,-122.433,1900,10092
13842,13842,686300880,20150427T000000,670000.0,3.0,2.0,2570,10078,1.5,0,0,3,8,2570,0,1965,0,98008,47.6275,-122.12,2660,8013
13843,13843,8122100355,20140924T000000,550000.0,1.0,1.0,2880,7560,1.0,0,0,3,7,1440,1440,1925,2014,98126,47.537,-122.375,1400,5040
13844,13844,3797000145,20141015T000000,765000.0,4.0,2.75,2660,4500,1.5,0,0,5,8,1860,800,1909,0,98103,47.6864,-122.347,1830,4000
13845,13845,1704900180,20141030T000000,430000.0,3.0,1.0,1560,5225,1.5,0,0,3,7,1260,300,1927,0,98118,47.5554,-122.279,1560,5322
13846,13846,9241900150,20140827T000000,950000.0,3.0,2.5,3080,8448,2.0,0,2,3,9,3080,0,2000,0,98199,47.6469,-122.389,2500,6400
13847,13847,5249803185,20141015T000000,525000.0,4.0,1.75,2540,7200,1.0,0,0,4,7,1270,1270,1947,0,98118,47.5579,-122.271,1650,7200
13848,13848,1598600209,20141020T000000,300000.0,6.0,2.5,3080,8163,1.0,0,0,3,7,1580,1500,1985,0,98030,47.3859,-122.221,1850,8658
13849,13849,3260810580,20150417T000000,345000.0,3.0,2.75,2190,7258,2.0,0,0,3,8,2190,0,2000,0,98003,47.3486,-122.301,2190,8645
13850,13850,2423059060,20150420T000000,838000.0,3.0,3.75,2930,150945,2.0,0,0,3,8,2930,0,1972,2000,98058,47.4658,-122.115,2070,43935
13851,13851,5461300150,20141211T000000,1795000.0,5.0,2.75,2880,20274,1.0,0,3,4,9,1660,1220,1959,0,98004,47.6267,-122.222,3750,20220
13852,13852,3422059010,20150327T000000,390000.0,3.0,1.75,2160,98445,2.0,0,0,3,8,2160,0,1978,0,98042,47.35,-122.162,2004,44431
13853,13853,6795100330,20140625T000000,1150000.0,3.0,2.0,2110,18815,2.0,0,0,5,7,2110,0,1979,0,98075,47.5836,-122.042,2690,21010
13854,13854,1776420150,20140723T000000,295000.0,4.0,2.25,1830,5720,2.0,0,0,3,7,1830,0,2003,0,98030,47.3604,-122.179,1960,5754
13855,13855,3735900770,20141017T000000,775000.0,4.0,4.0,3180,7650,2.0,0,0,3,8,2530,650,1920,0,98115,47.6887,-122.319,2000,4080
13856,13856,4123840210,20150318T000000,380000.0,3.0,2.5,1880,6047,2.0,0,0,3,8,1880,0,1993,0,98038,47.3722,-122.044,2120,7188
13857,13857,5076700145,20150427T000000,550000.0,3.0,1.0,1140,8180,1.0,0,0,3,7,1140,0,1959,0,98005,47.5851,-122.172,1510,8588
13858,13858,2482500040,20140717T000000,199900.0,5.0,1.75,1798,11232,1.0,0,0,3,7,1798,0,1967,0,98001,47.3266,-122.291,1300,15582
13859,13859,2589300065,20140916T000000,329900.0,3.0,1.75,1670,5209,1.5,0,0,5,7,1670,0,1908,0,98118,47.5362,-122.271,1990,4960
13860,13860,2332700081,20140901T000000,898000.0,3.0,2.25,2580,11060,1.0,0,0,3,8,2580,0,1964,0,98005,47.6113,-122.164,2580,13868
13861,13861,9201000610,20140603T000000,875000.0,4.0,2.25,3720,12384,1.0,0,2,5,8,1860,1860,1970,0,98075,47.5836,-122.074,3180,15541
13862,13862,2822049254,20140516T000000,375000.0,4.0,2.5,2790,7956,2.0,0,0,3,9,2790,0,2005,0,98198,47.3681,-122.31,1660,8192
13863,13863,2310110120,20140808T000000,365000.0,3.0,2.5,2190,5091,2.0,0,0,3,8,2190,0,2004,0,98038,47.3506,-122.039,2200,5948
13864,13864,2887700995,20140508T000000,530000.0,4.0,2.75,2280,2850,1.5,0,0,4,7,1540,740,1930,0,98115,47.6871,-122.307,1680,3800
13865,13865,8651410120,20150318T000000,225500.0,3.0,1.0,1100,5200,1.0,0,0,4,6,1100,0,1969,0,98042,47.3643,-122.081,920,5200
13866,13866,7399000580,20141117T000000,318000.0,4.0,2.25,2180,7000,1.0,0,0,3,8,1680,500,1969,0,98055,47.4651,-122.192,2000,8000
13867,13867,7524950210,20150401T000000,910000.0,4.0,2.5,2770,9798,2.0,0,0,4,9,2770,0,1986,0,98027,47.562,-122.081,3040,11100
13868,13868,1021049057,20141008T000000,207000.0,3.0,1.0,1980,18730,1.0,0,0,4,7,1280,700,1943,0,98001,47.3221,-122.282,1356,9450
13869,13869,824059042,20140530T000000,1886700.0,5.0,3.5,4180,17935,2.0,0,0,3,11,4180,0,2004,0,98004,47.5873,-122.202,2950,13760
13870,13870,7525410120,20140905T000000,624500.0,6.0,3.0,3030,31920,1.0,0,0,4,8,1670,1360,1980,0,98075,47.575,-122.033,2890,35100
13871,13871,2770600841,20140604T000000,640000.0,3.0,2.5,1690,1553,2.5,0,0,3,8,1690,0,2007,0,98199,47.6443,-122.385,1910,1553
13872,13872,2423069164,20150410T000000,500000.0,3.0,2.0,1990,65340,2.0,0,0,3,8,1990,0,1986,0,98027,47.4726,-121.99,2120,59241
13873,13873,3876000120,20150304T000000,390000.0,5.0,1.75,2250,8970,1.0,0,0,4,7,1500,750,1966,0,98034,47.7217,-122.188,1940,8710
13874,13874,3705000120,20140729T000000,284000.0,3.0,2.25,2080,2050,1.5,0,0,3,7,1550,530,2003,0,98042,47.4199,-122.157,2080,2275
13875,13875,323069158,20140626T000000,620000.0,3.0,2.0,2460,41343,1.0,0,0,4,8,2460,0,1988,0,98027,47.5142,-122.021,2500,53885
13876,13876,6669240230,20150317T000000,306000.0,3.0,2.5,2588,5702,2.0,0,0,3,8,2588,0,2008,0,98042,47.3453,-122.151,2403,5703
13877,13877,7504400120,20140919T000000,495000.0,4.0,1.75,2570,12039,1.0,0,0,3,8,1910,660,1978,0,98074,47.626000000000005,-122.048,2200,12384
13878,13878,1038000040,20140605T000000,499950.0,3.0,2.5,2370,12753,2.0,0,0,3,7,2370,0,2001,0,98019,47.7359,-121.984,2280,16808
13879,13879,9238450330,20141110T000000,330000.0,3.0,1.0,1070,10563,1.0,0,0,3,7,1070,0,1969,0,98072,47.7687,-122.166,1840,9638
13880,13880,1982200330,20140513T000000,665000.0,3.0,2.0,1940,5820,1.5,0,0,5,7,1150,790,1944,0,98107,47.6638,-122.362,990,3880
13881,13881,1732800175,20140630T000000,850000.0,3.0,2.5,2650,2387,2.0,0,0,3,8,1830,820,1920,0,98119,47.6315,-122.362,1870,2216
13882,13882,8078350220,20140911T000000,599950.0,4.0,2.5,2290,6318,2.0,0,0,4,8,2290,0,1988,0,98029,47.57,-122.02,2150,7350
13883,13883,3990200065,20141022T000000,360000.0,4.0,2.5,2050,9143,2.0,0,0,3,8,2050,0,1992,0,98166,47.4597,-122.355,1510,9484
13884,13884,3825311210,20140827T000000,699000.0,3.0,2.5,2680,5497,2.0,0,0,3,9,2680,0,2001,0,98052,47.7043,-122.128,2780,5497
13885,13885,1862400087,20150313T000000,475000.0,3.0,1.75,1520,8100,1.0,0,0,5,6,760,760,1945,0,98117,47.6966,-122.375,1040,8100
13886,13886,3522029124,20141203T000000,575000.0,3.0,2.0,2690,435600,2.0,0,0,3,8,2690,0,1992,0,98070,47.3477,-122.519,1700,163350
13887,13887,1250200418,20140527T000000,345000.0,2.0,1.5,1180,844,2.0,0,0,3,7,990,190,2005,0,98144,47.5998,-122.3,1170,1400
13888,13888,7967900150,20150430T000000,367950.0,4.0,2.5,3030,9500,2.0,0,0,3,8,3030,0,1989,0,98001,47.3511,-122.287,2650,9500
13889,13889,5631501073,20140625T000000,374500.0,3.0,2.25,1400,11400,2.0,0,0,3,8,1400,0,1984,0,98028,47.7428,-122.231,2180,9248
13890,13890,2826049197,20140804T000000,607500.0,4.0,2.5,3000,8100,2.0,0,0,3,8,3000,0,1992,0,98125,47.7151,-122.305,1550,8100
13891,13891,1775920210,20140530T000000,374000.0,3.0,1.0,1200,9800,1.0,0,0,4,7,1200,0,1971,0,98072,47.7412,-122.109,1220,10220
13892,13892,5272200035,20140903T000000,390000.0,3.0,1.0,1000,6947,1.0,0,0,3,7,1000,0,1947,0,98125,47.7142,-122.319,1000,6947
13893,13893,9525100040,20150407T000000,705000.0,4.0,3.25,2740,5339,2.5,0,0,3,9,2740,0,2004,0,98103,47.6706,-122.356,1770,4820
13894,13894,7853221010,20141029T000000,467000.0,3.0,2.5,1990,4978,2.0,0,0,3,8,1990,0,2004,0,98065,47.5323,-121.856,2650,6816
13895,13895,2500600297,20140814T000000,243500.0,3.0,3.0,2110,7794,1.0,0,0,3,6,2110,0,1981,0,98198,47.4005,-122.293,1330,10044
13896,13896,8562791010,20140707T000000,593000.0,3.0,2.75,1830,1850,2.0,0,0,3,10,1690,140,2011,0,98027,47.5307,-122.074,2310,2680
13897,13897,3550800040,20141114T000000,223000.0,3.0,1.0,940,7980,1.0,0,0,3,6,940,0,1961,0,98146,47.5107,-122.345,1050,7980
13898,13898,8857640210,20150420T000000,574000.0,4.0,2.5,2980,10179,2.0,0,2,3,9,2980,0,2003,0,98038,47.3895,-122.033,2980,8828
13899,13899,8898700120,20140604T000000,400000.0,3.0,2.0,2260,11305,1.0,0,0,3,7,1130,1130,1986,0,98055,47.4544,-122.204,2080,10248
13900,13900,1242700035,20141103T000000,772000.0,4.0,2.75,3470,70131,1.0,0,0,4,8,1750,1720,1962,0,98005,47.6339,-122.18,2950,43560
13901,13901,7200001005,20150501T000000,593777.0,3.0,1.75,1510,10450,1.0,0,0,4,7,1510,0,1964,0,98052,47.684,-122.113,1310,9450
13902,13902,4174600072,20141223T000000,539500.0,4.0,3.5,2710,5722,2.0,0,0,4,8,2040,670,1997,0,98108,47.5591,-122.302,2500,5722
13903,13903,3630060150,20150401T000000,550000.0,3.0,2.5,2080,2625,2.0,0,0,3,8,2080,0,2006,0,98029,47.5469,-121.997,1760,2772
13904,13904,3348401490,20140630T000000,265000.0,2.0,2.0,1860,10856,1.0,0,0,3,8,1260,600,1952,0,98178,47.4989,-122.265,1250,10008
13905,13905,7214810150,20141002T000000,428000.0,3.0,1.75,2120,9350,1.0,0,0,3,7,1280,840,1979,0,98072,47.7562,-122.145,2200,9000
13906,13906,1566100450,20150428T000000,505000.0,3.0,2.0,1110,8375,1.0,0,0,5,7,1110,0,1951,0,98115,47.6978,-122.297,1410,7734
13907,13907,7851990120,20140701T000000,925000.0,5.0,5.5,5190,12637,2.0,0,2,3,11,5190,0,2001,0,98065,47.5424,-121.872,3840,12637
13908,13908,8937500040,20150102T000000,230000.0,3.0,1.75,1520,15344,1.0,0,0,3,8,1520,0,1968,0,98023,47.3308,-122.365,2270,14981
13909,13909,1149600120,20140820T000000,695000.0,4.0,2.5,2650,9990,2.0,0,0,3,10,2650,0,1990,0,98029,47.5605,-122.016,2710,8012
13910,13910,7853240040,20150414T000000,700000.0,4.0,2.75,3350,7857,2.0,0,2,3,9,3350,0,2004,0,98065,47.5398,-121.859,3870,7886
13911,13911,7517500085,20150425T000000,712500.0,3.0,1.75,1770,2800,1.5,0,0,3,7,1770,0,1914,0,98103,47.6631,-122.357,1630,3254
13912,13912,9527310180,20150403T000000,480000.0,3.0,2.5,2200,4692,2.0,0,0,3,8,2200,0,2005,0,98011,47.7761,-122.169,2440,3833
13913,13913,3558900580,20140922T000000,470000.0,3.0,2.5,2000,8424,1.0,0,0,4,7,1300,700,1968,0,98034,47.7089,-122.201,2110,8400
13914,13914,4046500180,20140724T000000,335000.0,3.0,1.75,1730,15003,1.0,0,0,3,7,1150,580,1980,0,98014,47.6923,-121.92,1900,15483
13915,13915,6386300120,20150417T000000,270000.0,3.0,1.5,1300,7907,1.0,0,0,3,7,900,400,1970,0,98030,47.3737,-122.224,1630,7600
13916,13916,3395350210,20150324T000000,810000.0,5.0,3.25,2950,67475,1.0,0,0,3,8,2530,420,1981,2004,98072,47.7233,-122.117,2620,39820
13917,13917,9578080040,20140812T000000,589000.0,3.0,3.0,1720,954,3.0,0,0,3,8,1460,260,2006,0,98119,47.648,-122.358,1720,1294
13918,13918,5683500085,20140926T000000,415000.0,2.0,1.0,880,4558,1.0,0,0,3,7,880,0,1951,0,98115,47.6803,-122.287,1370,5243
13919,13919,8645500360,20150311T000000,197000.0,4.0,2.25,1790,13200,1.0,0,0,3,7,1220,570,1979,0,98058,47.4672,-122.185,1740,8950
13920,13920,4222310220,20140825T000000,235500.0,3.0,1.5,1380,7600,1.0,0,0,4,7,790,590,1971,0,98003,47.3489,-122.306,1570,7904
13921,13921,2394600157,20150407T000000,460000.0,3.0,2.25,1530,1840,2.0,0,0,3,8,1240,290,2008,0,98144,47.587,-122.301,1800,3431
13922,13922,9238900085,20141029T000000,572500.0,5.0,1.75,2330,4947,1.0,0,0,4,8,1380,950,1955,0,98136,47.5352,-122.392,2120,5605
13923,13923,2739200040,20140924T000000,302000.0,5.0,2.0,1540,9629,1.0,0,0,4,7,1540,0,1960,0,98059,47.4915,-122.143,2260,9600
13924,13924,3893100456,20140813T000000,870000.0,3.0,2.5,3210,8630,2.0,0,0,4,10,2530,680,1990,0,98033,47.6939,-122.189,2630,8630
13925,13925,1370803940,20141007T000000,485000.0,3.0,1.0,1130,5758,1.0,0,0,3,7,960,170,1939,0,98199,47.6413,-122.401,1510,6000
13926,13926,4222200120,20150205T000000,240000.0,3.0,2.0,1460,7526,1.0,0,0,3,7,1460,0,1968,0,98003,47.3463,-122.304,1580,7526
13927,13927,9477000120,20141022T000000,383000.0,3.0,1.75,1410,7215,1.0,0,0,3,7,1410,0,1967,0,98034,47.7343,-122.193,1550,7600
13928,13928,7228501065,20140626T000000,750000.0,4.0,2.75,1750,5080,1.5,0,0,3,8,1750,0,1903,0,98122,47.6143,-122.305,1700,4572
13929,13929,9266701085,20140603T000000,409950.0,2.0,1.75,1370,5125,1.0,0,0,5,6,1370,0,1944,0,98103,47.6926,-122.346,1200,5100
13930,13930,985001082,20140521T000000,246000.0,3.0,1.5,1780,23819,1.0,0,0,3,7,1780,0,1953,0,98168,47.4912,-122.312,1130,14450
13931,13931,8815400410,20150403T000000,860000.0,4.0,1.75,1890,4500,2.0,0,0,5,7,1490,400,1937,0,98115,47.6751,-122.289,1890,5000
13932,13932,2459500210,20140507T000000,339950.0,3.0,2.25,1630,12295,2.0,0,0,4,7,1630,0,1985,0,98058,47.4279,-122.161,1730,9948
13933,13933,1219000043,20140509T000000,315000.0,5.0,1.75,2320,8100,1.0,0,0,4,7,1160,1160,1956,0,98166,47.4631,-122.341,1410,7271
13934,13934,4379400580,20140813T000000,698000.0,3.0,2.5,2580,4636,2.0,0,0,3,9,2580,0,2006,0,98074,47.6201,-122.025,2480,4500
13935,13935,2159900120,20140822T000000,419000.0,2.0,2.5,1470,2034,2.0,0,0,4,8,1470,0,1985,0,98007,47.6213,-122.153,1510,2055
13936,13936,1243100191,20150122T000000,372000.0,3.0,1.0,2298,10140,1.0,0,0,3,7,2298,0,1969,0,98052,47.6909,-122.083,2580,24724
13937,13937,7852150530,20140911T000000,425000.0,3.0,2.5,1960,4709,2.0,0,0,3,7,1960,0,2003,0,98065,47.5322,-121.871,1700,4444
13938,13938,7508700085,20140724T000000,386500.0,3.0,2.25,2950,8036,1.5,0,0,3,8,1950,1000,1963,0,98125,47.7239,-122.313,2060,7200
13939,13939,8820903370,20141117T000000,348000.0,2.0,1.0,670,7312,1.0,0,0,3,5,670,0,1942,0,98125,47.7145,-122.285,860,8242
13940,13940,1923000150,20150424T000000,754000.0,5.0,3.5,3020,15305,2.0,0,0,3,10,2230,790,1978,0,98040,47.5627,-122.216,3680,14486
13941,13941,3920900220,20141215T000000,269950.0,4.0,3.0,2390,7309,2.0,0,0,4,7,2390,0,1944,1981,98002,47.294,-122.218,930,7308
13942,13942,8835700330,20141211T000000,891500.0,3.0,2.5,3090,20785,2.0,0,0,4,10,3090,0,1991,0,98075,47.5602,-122.03,3400,7566
13943,13943,7338402160,20141009T000000,349950.0,4.0,1.75,1780,5000,1.0,0,0,5,7,890,890,1903,0,98108,47.5329,-122.292,1860,5000
13944,13944,3223059141,20140509T000000,360000.0,2.0,1.0,1420,81892,1.0,0,0,3,7,1180,240,1956,0,98055,47.4342,-122.195,1490,1863
13945,13945,524059052,20141209T000000,975000.0,4.0,2.25,2420,15482,2.0,0,0,4,8,2420,0,1925,1997,98004,47.5907,-122.196,2870,13905
13946,13946,6145600865,20140505T000000,449250.0,4.0,2.0,1480,3844,1.5,0,0,5,7,1480,0,1928,0,98133,47.7042,-122.352,1480,3844
13947,13947,2325400330,20141201T000000,350000.0,4.0,2.25,2190,3850,2.0,0,0,3,7,2190,0,2006,0,98059,47.4854,-122.16,1900,3850
13948,13948,9530100085,20150401T000000,790000.0,4.0,1.75,1820,6137,1.5,0,3,4,7,1690,130,1911,0,98107,47.6681,-122.36,2130,5100
13949,13949,3024059044,20140909T000000,990000.0,3.0,1.75,1810,24586,1.0,0,4,4,9,930,880,1983,0,98040,47.5314,-122.222,3540,14200
13950,13950,5015000596,20141201T000000,834000.0,3.0,2.25,2550,4089,2.0,0,0,3,9,2550,0,1983,0,98112,47.6272,-122.297,1680,4089
13951,13951,4443801285,20140814T000000,466950.0,3.0,1.0,1360,3880,1.0,0,0,3,7,1060,300,1963,0,98117,47.6837,-122.391,1110,3880
13952,13952,3751606606,20140717T000000,262500.0,3.0,1.75,2259,26831,1.5,0,3,5,7,1491,768,1908,0,98001,47.2741,-122.266,1980,15794
13953,13953,1829300210,20140506T000000,762300.0,4.0,2.5,3880,14550,2.0,0,0,3,10,3880,0,1987,0,98074,47.6378,-122.04,3240,14045
13954,13954,2767601085,20150126T000000,733000.0,6.0,2.75,2730,5000,1.0,0,0,3,8,1780,950,1962,0,98107,47.6751,-122.38,2090,5000
13955,13955,8832900155,20150414T000000,439000.0,4.0,2.5,2800,17279,1.0,0,2,3,7,1560,1240,1957,0,98028,47.7596,-122.269,3060,13423
13956,13956,8805900065,20141112T000000,1160000.0,5.0,3.25,4290,7019,2.5,0,0,4,10,3590,700,1927,0,98112,47.6439,-122.302,1920,4000
13957,13957,8635760040,20141008T000000,420000.0,3.0,2.5,1770,3993,2.0,0,0,3,8,1770,0,1999,0,98074,47.6027,-122.02,1820,4046
13958,13958,8651540040,20140718T000000,549000.0,3.0,2.25,1920,10961,2.0,0,0,3,8,1920,0,1981,0,98074,47.6432,-122.057,2000,10706
13959,13959,9818700455,20140826T000000,518000.0,4.0,2.5,2320,4000,1.5,0,0,5,8,1510,810,1905,0,98122,47.6048,-122.298,1490,4500
13960,13960,924069210,20140603T000000,695000.0,4.0,2.5,2961,12146,2.0,0,0,3,9,2961,0,1998,0,98075,47.5839,-122.052,2620,17749
13961,13961,1954430180,20150105T000000,485000.0,3.0,2.5,1680,7385,2.0,0,0,3,8,1680,0,1988,0,98074,47.6194,-122.041,1970,7470
13962,13962,5111400081,20140603T000000,280000.0,3.0,1.75,1590,27200,1.5,0,0,4,6,1590,0,1926,0,98038,47.4238,-122.052,1820,74052
13963,13963,5559200065,20150507T000000,306500.0,2.0,1.0,1420,16400,1.5,0,0,4,6,1420,0,1943,0,98023,47.3221,-122.344,1900,16400
13964,13964,1266200120,20150321T000000,720000.0,2.0,1.0,1370,9460,1.0,0,0,3,6,1370,0,1950,0,98004,47.6238,-122.191,1690,9930
13965,13965,8141310180,20141118T000000,277500.0,3.0,2.5,2620,4558,2.0,0,3,3,7,2620,0,2010,0,98022,47.1944,-121.974,1670,4558
13966,13966,6102400166,20140905T000000,649000.0,3.0,2.0,1810,17006,2.0,1,4,3,8,1810,0,1913,1987,98166,47.4663,-122.369,2180,24911
13967,13967,3126059023,20150303T000000,3395000.0,4.0,3.5,4730,47870,1.0,1,4,3,10,2940,1790,1954,0,98033,47.6967,-122.216,3250,49346
13968,13968,408100150,20140514T000000,267800.0,2.0,1.0,700,6000,1.0,0,0,4,6,700,0,1949,0,98155,47.7515,-122.316,920,6000
13969,13969,3905081520,20150325T000000,625000.0,4.0,2.75,2390,6979,2.0,0,0,3,8,2390,0,1993,0,98029,47.5703,-121.996,2090,6321
13970,13970,9324800220,20140917T000000,600000.0,4.0,2.5,2070,8127,1.5,0,0,3,9,1590,480,1924,2003,98125,47.7316,-122.289,2050,8131
13971,13971,3996900555,20141017T000000,395000.0,4.0,2.0,1780,8149,1.5,0,0,4,7,1780,0,1948,0,98155,47.745,-122.302,1180,8149
13972,13972,9456200450,20150427T000000,212000.0,4.0,2.5,1900,21780,1.5,0,0,3,7,1900,0,1940,1987,98198,47.3776,-122.314,1240,9166
13973,13973,9165100330,20141212T000000,425000.0,2.0,1.0,1040,4040,1.0,0,0,3,7,940,100,1928,0,98117,47.6829,-122.393,1420,4040
13974,13974,2877103615,20150511T000000,870000.0,4.0,1.75,2370,5000,1.5,0,2,3,8,1770,600,1919,0,98103,47.6779,-122.357,2100,4550
13975,13975,7853210210,20150325T000000,420000.0,3.0,2.5,1970,3667,2.0,0,0,3,7,1970,0,2004,0,98065,47.5321,-121.851,1970,3739
13976,13976,7524950540,20150403T000000,800000.0,4.0,2.25,2120,9921,2.0,0,0,3,8,2120,0,1981,0,98027,47.5593,-122.082,1890,7845
13977,13977,200500410,20150506T000000,575000.0,3.0,2.5,1960,9535,2.0,0,0,3,8,1960,0,1989,0,98011,47.7371,-122.215,2520,9206
13978,13978,9103000365,20140620T000000,915000.0,3.0,3.25,2660,4000,2.0,0,0,3,9,2170,490,2003,0,98122,47.6186,-122.288,2660,4000
13979,13979,6076500220,20140903T000000,400000.0,3.0,2.25,1180,14258,2.0,0,0,3,7,1180,0,1987,0,98034,47.7112,-122.238,1860,10390
13980,13980,1818800144,20140502T000000,750000.0,3.0,2.5,2390,6550,1.0,0,2,4,8,1440,950,1955,0,98116,47.5714,-122.408,2010,6550
13981,13981,2569600150,20141103T000000,235000.0,3.0,1.0,1250,7592,1.0,0,0,5,7,1250,0,1961,0,98042,47.3604,-122.111,1250,7592
13982,13982,3448000344,20141112T000000,599950.0,5.0,3.0,2600,13674,1.0,0,0,5,8,1300,1300,1967,0,98125,47.7176,-122.302,2150,7800
13983,13983,7170200085,20150327T000000,481203.0,2.0,1.0,940,3800,1.0,0,0,3,7,940,0,1929,0,98115,47.6798,-122.292,1680,3800
13984,13984,4094800120,20140619T000000,1815000.0,5.0,3.0,3880,13000,2.0,0,0,3,10,3880,0,1972,2003,98040,47.5467,-122.234,3470,13701
13985,13985,2591010180,20140709T000000,379000.0,3.0,2.5,1530,2913,2.0,0,0,4,7,1530,0,1986,0,98033,47.6939,-122.184,1370,3783
13986,13986,3052701135,20140626T000000,626000.0,3.0,1.75,2430,5000,2.0,0,0,4,7,1760,670,1945,0,98117,47.6785,-122.372,1320,4062
13987,13987,625049281,20140521T000000,535000.0,2.0,1.0,1030,4841,1.0,0,0,3,7,920,110,1939,0,98103,47.68600000000001,-122.341,1530,4944
13988,13988,5427110040,20140609T000000,1225000.0,4.0,2.5,2740,16007,2.0,0,0,3,9,2740,0,1984,0,98039,47.6353,-122.229,2760,16008
13989,13989,9528103443,20140724T000000,410000.0,2.0,1.5,1180,1034,2.0,0,0,3,7,1120,60,2001,0,98115,47.678,-122.322,1137,1034
13990,13990,7855800730,20150210T000000,940000.0,4.0,2.5,3090,9238,1.0,0,3,4,8,1680,1410,1967,0,98006,47.5654,-122.163,2690,8500
13991,13991,395300650,20140721T000000,326250.0,3.0,1.0,1060,9663,1.0,0,0,3,7,1060,0,1967,0,98034,47.7244,-122.226,1320,10162
13992,13992,7812800995,20140905T000000,200000.0,2.0,1.0,790,5985,1.0,0,0,3,6,790,0,1944,0,98178,47.4941,-122.24,1030,5985
13993,13993,9541600355,20140813T000000,880000.0,4.0,2.5,3070,8250,1.0,0,0,5,8,2100,970,1958,0,98005,47.5935,-122.172,2270,8800
13994,13994,774100355,20141103T000000,370000.0,2.0,2.0,2100,58488,2.0,0,0,3,9,2100,0,2005,0,98014,47.72,-121.402,1440,59346
13995,13995,2781280150,20140801T000000,190000.0,2.0,2.5,1100,1737,2.0,0,0,3,8,1100,0,2006,0,98055,47.4499,-122.189,1610,2563
13996,13996,7338000150,20150129T000000,160000.0,2.0,1.0,1070,4200,1.0,0,0,4,6,1070,0,1983,0,98002,47.3336,-122.215,1150,4200
13997,13997,6977000040,20140823T000000,625000.0,4.0,3.0,2190,12825,1.0,0,0,3,9,1520,670,1989,0,98034,47.7107,-122.229,3050,4673
13998,13998,9558050230,20150507T000000,590000.0,4.0,3.5,3450,6873,2.0,0,0,3,10,2750,700,2004,0,98058,47.459,-122.118,3450,6873
13999,13999,1241500155,20140805T000000,575000.0,3.0,2.5,2070,3599,2.0,0,0,3,8,2070,0,1999,0,98033,47.6679,-122.165,2070,6844
14000,14000,9266700256,20141013T000000,470000.0,2.0,1.0,1190,5200,1.0,0,0,5,7,1190,0,1912,0,98103,47.6939,-122.348,1550,5100
14001,14001,2354300456,20150311T000000,130000.0,2.0,1.0,600,1500,1.0,0,0,4,4,600,0,1900,0,98027,47.5289,-122.033,1130,6000
14002,14002,7789000120,20150421T000000,229000.0,3.0,1.0,940,8400,1.0,0,0,3,7,940,0,1958,0,98056,47.5108,-122.165,1190,8400
14003,14003,3210200395,20140822T000000,279900.0,3.0,1.0,1280,12928,1.5,0,0,3,6,1280,0,1942,0,98023,47.3215,-122.399,1610,19467
14004,14004,8658303065,20140519T000000,307000.0,3.0,1.0,1370,7500,1.0,0,0,3,7,1370,0,1960,0,98014,47.6499,-121.915,1160,7500
14005,14005,4046601010,20141023T000000,399950.0,3.0,1.75,2450,15001,1.0,0,0,3,7,1980,470,1989,0,98014,47.6957,-121.913,1790,15323
14006,14006,526059183,20140801T000000,405000.0,4.0,2.25,1970,15743,1.0,0,0,3,7,1370,600,1962,0,98011,47.7673,-122.202,2390,11336
14007,14007,5056500210,20141007T000000,539950.0,4.0,2.75,2910,9000,1.0,0,0,4,8,2130,780,1966,0,98006,47.544,-122.176,1970,9000
14008,14008,6146600175,20141107T000000,129000.0,2.0,1.0,760,5240,1.0,0,0,3,6,760,0,1949,0,98032,47.388000000000005,-122.234,980,5080
14009,14009,6057700120,20140917T000000,340000.0,3.0,1.75,1270,8422,1.0,0,0,3,7,1270,0,1967,0,98011,47.7601,-122.197,1470,8500
14010,14010,8651442060,20140611T000000,214950.0,3.0,1.75,1570,4875,1.0,0,0,4,7,1310,260,1977,0,98042,47.3621,-122.094,1380,5200
14011,14011,7129301445,20140625T000000,450000.0,4.0,2.75,2310,5650,1.0,0,2,3,8,1330,980,1952,2012,98118,47.513000000000005,-122.252,2300,5650
14012,14012,7881500330,20150304T000000,515000.0,3.0,1.75,1900,5000,1.0,0,0,4,7,950,950,1925,0,98106,47.5677,-122.363,1420,5000
14013,14013,1336800880,20140822T000000,1400000.0,4.0,2.25,3780,5160,2.0,0,0,4,9,2510,1270,1907,0,98112,47.6275,-122.308,2740,5160
14014,14014,7147600220,20140626T000000,230000.0,3.0,1.0,1060,9946,1.0,0,0,4,7,1060,0,1956,0,98188,47.4432,-122.282,1310,10619
14015,14015,2600030210,20140707T000000,681000.0,3.0,1.75,1880,10032,1.0,0,0,4,8,1880,0,1984,0,98006,47.5527,-122.16,2430,9732
14016,14016,6303400150,20140929T000000,255000.0,3.0,1.0,1160,8636,1.0,0,0,3,6,1160,0,1923,0,98146,47.5097,-122.357,1300,8636
14017,14017,9136103136,20150313T000000,580000.0,2.0,1.0,860,4013,1.0,0,0,3,7,860,0,1925,0,98103,47.6652,-122.338,1490,4013
14018,14018,8898700880,20150317T000000,295000.0,2.0,2.0,1590,8000,1.0,0,0,3,7,910,680,1984,0,98055,47.459,-122.205,1590,8364
14019,14019,4318200360,20140730T000000,286000.0,2.0,1.0,1170,6543,1.0,0,0,3,7,1170,0,1913,0,98136,47.537,-122.385,1550,7225
14020,14020,6798100610,20150108T000000,425000.0,3.0,1.5,1190,8100,1.0,0,0,3,7,830,360,1947,0,98125,47.7146,-122.311,1256,8100
14021,14021,7466900220,20141212T000000,170000.0,2.0,1.0,1300,11400,1.0,0,0,3,7,1300,0,1961,0,98003,47.3459,-122.299,1360,9750
14022,14022,7435500085,20140528T000000,380000.0,3.0,2.0,1660,8281,1.0,0,0,3,7,1660,0,1949,0,98136,47.5568,-122.382,1660,7559
14023,14023,7977200995,20150506T000000,506000.0,3.0,2.0,1160,6120,1.0,0,0,3,7,1160,0,1947,0,98115,47.6853,-122.293,1150,5100
14024,14024,1862900360,20140922T000000,315000.0,3.0,2.5,1950,9618,2.0,0,0,3,7,1950,0,1992,0,98031,47.4068,-122.18,1890,7133
14025,14025,7852040210,20140617T000000,449950.0,4.0,2.5,2470,3811,2.0,0,0,3,8,2470,0,1999,0,98065,47.5362,-121.877,2400,4266
14026,14026,3343901961,20150331T000000,255000.0,3.0,1.0,1430,12420,1.0,0,0,3,7,1430,0,1964,0,98056,47.5116,-122.191,1900,10350
14027,14027,3874010220,20140624T000000,289000.0,3.0,2.5,1970,9607,2.0,0,0,3,7,1090,880,1988,0,98001,47.3462,-122.286,2020,9608
14028,14028,2724069103,20140828T000000,389000.0,3.0,1.75,1400,10018,1.0,0,0,4,7,1400,0,1962,0,98027,47.5327,-122.032,1350,9300
14029,14029,1520069052,20140721T000000,327000.0,3.0,1.5,1510,344124,1.0,0,2,4,7,1510,0,1964,0,98022,47.2156,-122.029,1750,169884
14030,14030,5316101075,20140926T000000,2885000.0,7.0,3.0,5350,14400,2.5,0,0,4,10,5020,330,1910,0,98112,47.6295,-122.285,3050,7469
14031,14031,8113100150,20140714T000000,210000.0,3.0,1.0,920,6612,1.0,0,0,3,6,920,0,1948,0,98118,47.548,-122.284,1860,8424
14032,14032,3459900230,20141125T000000,1680000.0,4.0,3.75,7620,29536,2.0,0,3,3,11,5980,1640,2005,0,98006,47.5571,-122.14,2840,20809
14033,14033,3955900150,20141229T000000,360000.0,4.0,2.5,2490,4751,2.0,0,0,3,7,2490,0,2001,0,98056,47.4813,-122.188,2510,5233
14034,14034,7701960210,20150427T000000,875000.0,4.0,2.5,3030,16000,2.0,0,0,3,11,3030,0,1990,0,98077,47.7125,-122.081,3670,16641
14035,14035,686450210,20141104T000000,550000.0,4.0,2.25,1650,7200,1.0,0,0,3,8,1650,0,1967,0,98008,47.6384,-122.116,2180,7950
14036,14036,3451000442,20140717T000000,257500.0,3.0,1.5,1210,12500,1.0,0,0,3,7,1210,0,1962,0,98146,47.503,-122.351,1210,12500
14037,14037,5700003221,20141210T000000,1075000.0,4.0,2.75,2990,7389,1.5,0,0,4,8,2090,900,1923,0,98144,47.5711,-122.284,2510,6157
14038,14038,8651402700,20141028T000000,202950.0,2.0,1.0,1060,5144,1.0,0,0,5,6,1060,0,1969,0,98042,47.3613,-122.088,1130,5200
14039,14039,3526039101,20141030T000000,622000.0,4.0,1.75,2680,6120,1.0,0,0,5,8,1340,1340,1959,0,98117,47.6965,-122.393,2320,6840
14040,14040,1136100072,20150213T000000,455000.0,4.0,1.75,1790,45738,1.0,0,0,3,8,1410,380,1976,0,98072,47.7453,-122.129,1870,47480
14041,14041,2050100210,20141117T000000,805000.0,3.0,2.5,2690,17461,2.0,0,3,3,10,2690,0,1997,0,98074,47.654,-122.088,3610,16887
14042,14042,9141100210,20140908T000000,257000.0,2.0,1.0,770,9497,1.0,0,0,3,6,770,0,1950,0,98133,47.7407,-122.351,1550,7532
14043,14043,1153000150,20140625T000000,744500.0,5.0,2.5,2700,16570,1.0,0,0,4,8,1750,950,1967,0,98005,47.6144,-122.167,2570,11840
14044,14044,1245000438,20150413T000000,885000.0,4.0,2.5,2620,9157,2.0,0,0,3,8,2620,0,1996,0,98033,47.6916,-122.203,2240,7405
14045,14045,1498300775,20140624T000000,355000.0,2.0,2.25,930,747,2.0,0,0,3,8,630,300,2007,0,98144,47.5844,-122.316,940,6000
14046,14046,4051100230,20140820T000000,240000.0,3.0,1.0,1340,7000,1.0,0,0,4,7,1340,0,1978,0,98042,47.3742,-122.149,1850,7904
14047,14047,121039038,20140819T000000,169000.0,3.0,1.5,1470,18459,2.0,0,0,4,6,1470,0,1916,0,98023,47.3302,-122.36,1750,16074
14048,14048,1523550220,20150328T000000,639900.0,3.0,2.5,2330,4160,2.0,0,0,4,8,2330,0,1992,0,98052,47.6367,-122.109,2940,4500
14049,14049,1622059095,20140604T000000,292000.0,3.0,1.75,1730,11325,1.0,0,0,5,7,1730,0,1972,0,98031,47.3921,-122.182,2030,17859
14050,14050,7853220210,20140922T000000,563500.0,4.0,2.5,2780,7838,2.0,0,3,3,9,2780,0,2004,0,98065,47.5312,-121.861,3160,7848
14051,14051,8682291510,20150126T000000,389000.0,2.0,2.0,1200,7131,1.0,0,0,3,8,1200,0,2006,0,98053,47.7199,-122.022,1670,4601
14052,14052,7397300220,20140529T000000,2750000.0,4.0,3.25,4430,21000,2.0,0,0,3,10,4430,0,1952,2007,98039,47.6398,-122.237,3930,20000
14053,14053,3764500230,20140821T000000,661000.0,3.0,2.0,1820,4418,2.0,0,0,4,8,1820,0,1994,0,98033,47.6947,-122.19,1920,13402
14054,14054,8682260870,20140912T000000,344000.0,2.0,2.0,1300,4659,1.0,0,0,3,8,1300,0,2005,0,98053,47.7132,-122.033,1640,4780
14055,14055,369000365,20150422T000000,510000.0,1.0,1.0,680,6600,1.0,0,0,3,5,480,200,1916,0,98199,47.6567,-122.392,1170,5500
14056,14056,9238901020,20140916T000000,289000.0,2.0,1.0,780,4132,1.0,0,0,3,7,780,0,1942,0,98136,47.5324,-122.387,1100,5100
14057,14057,3343901641,20140827T000000,365000.0,3.0,2.25,2430,7614,1.5,0,0,3,8,1900,530,1979,0,98056,47.5065,-122.191,1720,11250
14058,14058,3024079057,20140730T000000,410000.0,3.0,1.5,1750,32500,1.0,0,0,4,7,1750,0,1966,0,98027,47.5316,-121.959,1820,102801
14059,14059,7518507330,20140724T000000,535610.0,3.0,1.0,1610,5100,1.5,0,0,5,7,1010,600,1901,0,98117,47.6765,-122.386,1270,5100
14060,14060,2968801510,20141113T000000,397950.0,4.0,1.75,2120,7620,2.0,0,0,3,8,2120,0,1971,2002,98166,47.457,-122.346,1820,7620
14061,14061,2822100175,20140827T000000,284000.0,3.0,1.75,1430,4850,1.0,0,0,3,7,930,500,1978,0,98108,47.5472,-122.303,1430,4850
14062,14062,3826000385,20141217T000000,201000.0,4.0,1.5,1360,8100,1.5,0,0,3,7,1360,0,1962,0,98168,47.4931,-122.305,1300,8100
14063,14063,2301400540,20141215T000000,734000.0,4.0,2.25,2530,5000,1.5,0,0,4,7,1690,840,1925,0,98117,47.6806,-122.36,1530,5000
14064,14064,2111010760,20150108T000000,357500.0,5.0,3.0,3270,9146,2.0,0,0,3,7,3270,0,2002,0,98092,47.3342,-122.169,3200,6300
14065,14065,23500220,20141015T000000,550120.0,5.0,2.5,2620,8050,1.0,0,0,3,8,1520,1100,1975,0,98052,47.6919,-122.115,2030,7676
14066,14066,8001600150,20150310T000000,300000.0,3.0,1.5,1810,8232,1.0,0,0,3,8,1810,0,1988,0,98001,47.3195,-122.273,2260,8491
14067,14067,9149000180,20140819T000000,374950.0,3.0,2.5,2120,9653,2.0,0,0,3,8,2120,0,1992,0,98030,47.3843,-122.213,1780,9801
14068,14068,7525420150,20150413T000000,602500.0,4.0,1.75,2190,41000,2.0,0,0,3,8,2190,0,1980,0,98075,47.5755,-122.033,2590,35370
14069,14069,1003000175,20141222T000000,221000.0,3.0,1.0,980,7606,1.0,0,0,3,7,980,0,1954,0,98188,47.4356,-122.29,980,8125
14070,14070,2902200874,20150410T000000,920000.0,5.0,3.0,2230,4400,2.0,0,0,3,7,1730,500,1913,0,98102,47.6404,-122.325,1280,1800
14071,14071,7131300032,20150306T000000,235000.0,4.0,2.0,1540,9279,1.0,0,0,3,7,1540,0,1955,0,98118,47.5163,-122.268,1540,5110
14072,14072,3581100330,20140804T000000,375000.0,3.0,1.0,980,7296,1.0,0,0,3,7,980,0,1967,0,98034,47.7292,-122.231,1280,7296
14073,14073,3629970870,20140827T000000,599000.0,4.0,2.5,2120,3640,2.0,0,0,3,8,2120,0,2005,0,98029,47.5521,-121.996,2190,3640
14074,14074,2561360210,20140603T000000,562100.0,3.0,2.25,2090,12112,2.0,0,0,3,8,2090,0,1983,0,98052,47.7015,-122.13,1760,12112
14075,14075,9828702245,20150316T000000,640000.0,3.0,2.5,1620,1377,2.0,0,0,3,8,1100,520,2009,0,98112,47.6195,-122.299,1620,1251
14076,14076,8687800150,20141120T000000,294000.0,3.0,2.0,1650,11256,1.0,0,0,4,7,1250,400,1957,0,98168,47.4707,-122.26,1860,11256
14077,14077,3825310760,20141229T000000,714000.0,4.0,2.5,3230,7766,2.0,0,0,3,9,3230,0,2005,0,98052,47.7069,-122.131,3740,8344
14078,14078,7284900385,20140521T000000,970000.0,4.0,3.25,2790,5420,1.0,0,3,3,9,1130,1660,1963,2013,98177,47.7698,-122.386,2530,7200
14079,14079,5702380770,20150428T000000,280000.0,4.0,2.25,1600,7916,2.0,0,0,3,7,1600,0,1991,0,98022,47.194,-121.981,1540,7242
14080,14080,2095600150,20141112T000000,260000.0,4.0,2.5,1790,4358,2.0,0,0,3,7,1790,0,1993,0,98031,47.3994,-122.204,1790,4305
14081,14081,4166600230,20141119T000000,294000.0,3.0,1.5,2060,15050,1.5,0,0,4,7,2060,0,1938,0,98023,47.3321,-122.373,1900,15674
14082,14082,3521059042,20140728T000000,255500.0,4.0,1.0,1370,41194,1.5,0,2,5,5,1370,0,1900,0,98092,47.2716,-122.144,1590,84070
14083,14083,3625059043,20140904T000000,3300000.0,5.0,4.75,6200,13873,2.0,1,4,4,11,4440,1760,1989,0,98008,47.605,-122.112,2940,13525
14084,14084,1926069054,20140508T000000,450000.0,3.0,2.0,1510,43560,1.0,0,0,3,7,1510,0,1954,0,98077,47.7218,-122.079,2060,67756
14085,14085,9238450150,20140512T000000,368000.0,3.0,1.0,1280,9898,1.0,0,0,3,7,1280,0,1968,0,98072,47.7677,-122.163,1290,9625
14086,14086,8146200150,20141110T000000,830000.0,4.0,2.25,2180,11056,1.0,0,0,3,8,1370,810,1963,0,98004,47.6042,-122.193,2090,8747
14087,14087,3841600220,20140715T000000,282500.0,2.0,1.75,1440,11210,1.0,0,0,4,6,1130,310,1935,0,98146,47.498000000000005,-122.35,1250,9381
14088,14088,943100683,20140502T000000,335000.0,3.0,2.25,1580,16215,1.0,0,0,4,7,1580,0,1978,0,98024,47.5643,-121.897,1450,16215
14089,14089,952001765,20140707T000000,558000.0,2.0,2.0,1580,5750,1.0,0,0,5,6,790,790,1910,0,98116,47.5668,-122.384,1580,5750
14090,14090,3744600704,20150224T000000,270000.0,4.0,1.5,1730,8505,1.5,0,0,4,7,1730,0,1961,0,98146,47.4905,-122.347,1510,8505
14091,14091,1822059057,20140725T000000,152000.0,2.0,1.0,700,13500,1.0,0,0,3,4,700,0,1920,0,98031,47.3882,-122.208,1600,10124
14092,14092,2126059219,20140617T000000,493000.0,4.0,1.75,2030,18295,1.5,0,0,4,7,2030,0,1975,0,98034,47.7326,-122.179,1970,7307
14093,14093,4139400910,20140815T000000,740000.0,4.0,2.5,2500,10330,2.0,0,0,3,10,2500,0,1992,0,98006,47.5595,-122.114,2710,8375
14094,14094,9808630210,20150313T000000,789800.0,3.0,2.5,2605,2216,2.0,0,2,3,9,2090,515,1979,0,98033,47.6536,-122.203,2605,2300
14095,14095,2920700220,20150508T000000,275000.0,2.0,1.0,910,4191,1.0,0,0,3,6,910,0,1910,0,98117,47.6929,-122.36,1480,6050
14096,14096,1338800365,20140507T000000,1500000.0,6.0,2.5,3560,6480,2.5,0,0,4,11,3560,0,1914,0,98112,47.627,-122.304,2780,6480
14097,14097,1175001135,20140929T000000,424000.0,3.0,1.75,1140,3395,1.0,0,0,5,7,620,520,1925,0,98107,47.6712,-122.393,1480,3500
14098,14098,3867400180,20150327T000000,715000.0,2.0,1.0,1000,3513,1.0,0,4,4,5,1000,0,1914,0,98116,47.5935,-122.39,1930,4920
14099,14099,7954300220,20140730T000000,600000.0,4.0,2.5,3010,7953,2.0,0,0,3,9,3010,0,2000,0,98056,47.522,-122.19,2670,6202
14100,14100,7784400035,20140813T000000,802000.0,2.0,1.75,2110,8700,1.0,0,4,4,9,1760,350,1960,0,98146,47.4912,-122.365,2120,9500
14101,14101,4435600330,20140726T000000,165000.0,3.0,1.0,910,8700,1.0,0,0,4,6,910,0,1943,0,98188,47.449,-122.29,1090,8700
14102,14102,5016001285,20140609T000000,750000.0,4.0,3.25,2050,5000,2.0,0,0,4,8,1370,680,1987,0,98112,47.6235,-122.298,1720,5000
14103,14103,6817800330,20140812T000000,405000.0,2.0,1.0,1090,10481,1.0,0,0,2,7,780,310,1981,0,98074,47.632,-122.03,1160,10533
14104,14104,8680500220,20141203T000000,521900.0,3.0,2.5,2100,12338,2.0,0,0,3,9,2100,0,1997,0,98072,47.7412,-122.168,2320,6257
14105,14105,3211600650,20140722T000000,275000.0,3.0,1.0,1000,8018,1.0,0,0,3,7,1000,0,1969,0,98034,47.7285,-122.198,1270,8000
14106,14106,4008400035,20141015T000000,600000.0,5.0,3.25,4410,58157,2.0,0,0,4,9,2330,2080,2001,0,98058,47.4395,-122.111,2460,42565
14107,14107,2473002060,20140519T000000,442500.0,3.0,1.75,1800,10200,1.0,0,0,3,8,1800,0,1967,0,98058,47.4496,-122.146,2140,10128
14108,14108,4059400515,20140909T000000,229950.0,2.0,1.0,920,7716,1.0,0,0,3,6,920,0,1944,0,98178,47.5028,-122.243,1410,7128
14109,14109,2916610150,20150120T000000,274950.0,3.0,2.0,1410,7265,1.0,0,0,4,7,1410,0,1983,0,98042,47.3654,-122.076,1390,8060
14110,14110,8887001215,20141107T000000,407185.0,3.0,1.75,1860,48076,1.5,0,0,4,8,1860,0,1929,0,98070,47.5051,-122.461,1410,23066
14111,14111,3876313040,20140709T000000,468000.0,4.0,2.5,2100,8400,1.0,0,0,4,7,1240,860,1976,0,98072,47.735,-122.17,1980,8610
14112,14112,6021501320,20140930T000000,450000.0,2.0,1.0,1030,4365,1.0,0,0,3,7,1030,0,1942,0,98117,47.6875,-122.387,1420,4268
14113,14113,2372800145,20141023T000000,219950.0,2.0,1.0,940,8997,1.0,0,0,5,7,940,0,1955,0,98022,47.2005,-121.999,1110,9126
14114,14114,7120000210,20150122T000000,275000.0,2.0,2.5,1340,5995,2.0,0,0,3,7,1340,0,1989,0,98028,47.7366,-122.233,1540,6616
14115,14115,1180003175,20150410T000000,229950.0,2.0,1.0,850,6000,1.0,0,0,3,6,850,0,1924,0,98178,47.4972,-122.224,1100,6000
14116,14116,2902200915,20141125T000000,675000.0,3.0,1.75,2130,4400,1.0,0,0,3,7,1430,700,1922,0,98102,47.6417,-122.325,1710,3300
14117,14117,2473530150,20150323T000000,412950.0,4.0,2.5,2430,6796,2.0,0,0,3,8,2430,0,1993,0,98058,47.4499,-122.127,2450,8400
14118,14118,2366400150,20150429T000000,670000.0,5.0,2.25,2290,39000,2.0,0,0,3,8,2290,0,1979,0,98052,47.7012,-122.12,2750,39900
14119,14119,4040800360,20140923T000000,420000.0,3.0,1.75,1230,10005,1.0,0,0,4,7,1230,0,1963,0,98008,47.621,-122.114,1530,8560
14120,14120,1269200150,20150113T000000,358000.0,3.0,1.5,1150,27319,1.0,0,0,4,6,1150,0,1976,0,98070,47.3933,-122.454,1700,30691
14121,14121,9510970530,20150424T000000,680000.0,3.0,2.5,2120,3600,2.0,0,0,3,9,2120,0,2005,0,98052,47.6649,-122.082,2540,4592
14122,14122,3856904825,20141104T000000,380000.0,2.0,1.0,980,3400,1.0,0,0,3,7,980,0,1923,0,98105,47.6688,-122.323,1200,3420
14123,14123,326069101,20141205T000000,515000.0,3.0,2.5,2130,219978,2.0,0,0,3,8,2130,0,1986,0,98077,47.7754,-122.032,3340,217800
14124,14124,254000175,20140819T000000,325000.0,2.0,1.0,1050,4800,1.0,0,0,4,7,1050,0,1969,0,98146,47.5128,-122.388,1230,4800
14125,14125,8086000201,20141204T000000,875000.0,3.0,2.5,1820,6848,1.0,0,0,4,7,1820,0,1953,0,98004,47.6287,-122.207,2080,11700
14126,14126,9284800085,20150420T000000,426000.0,3.0,2.5,2210,5750,2.0,0,0,3,7,1710,500,1914,2000,98106,47.5525,-122.366,1350,5750
14127,14127,2287000330,20140915T000000,868500.0,5.0,2.5,2490,9639,1.0,0,0,4,8,1610,880,1959,0,98040,47.551,-122.22,2290,9958
14128,14128,2025760210,20140611T000000,657500.0,4.0,2.75,4140,24190,2.0,0,0,3,11,4140,0,2002,0,98092,47.3062,-122.15,3950,24190
14129,14129,3330500085,20140918T000000,366000.0,2.0,1.0,1210,3090,1.0,0,0,3,6,860,350,1926,0,98118,47.5532,-122.277,1210,3348
14130,14130,1231001225,20140916T000000,385000.0,2.0,1.0,1010,4000,1.0,0,0,3,6,1010,0,1911,0,98118,47.5536,-122.267,1040,4000
14131,14131,984000650,20140908T000000,300000.0,4.0,2.0,2050,8750,1.0,0,0,3,7,1300,750,1967,0,98058,47.4324,-122.171,2050,8750
14132,14132,1962200145,20150320T000000,810000.0,3.0,1.75,2060,3300,2.0,0,0,4,9,1500,560,1918,0,98102,47.6498,-122.32,1830,3712
14133,14133,4074300150,20150417T000000,460000.0,4.0,1.75,1560,7200,1.0,0,0,3,6,860,700,1943,0,98115,47.7001,-122.279,1420,7200
14134,14134,8665050220,20141021T000000,459000.0,3.0,2.5,1780,4000,2.0,0,0,4,8,1780,0,1995,0,98029,47.5677,-122.003,1730,4000
14135,14135,2212700180,20150319T000000,260000.0,3.0,1.75,1460,10000,1.0,0,0,4,8,1460,0,1967,0,98092,47.342,-122.195,1930,14175
14136,14136,8077200360,20141112T000000,557865.0,4.0,2.5,3030,6813,2.0,0,0,3,9,3030,0,1987,0,98074,47.6296,-122.029,2310,8682
14137,14137,8850000180,20150420T000000,295000.0,4.0,1.0,980,3000,1.5,0,0,4,7,980,0,1914,0,98144,47.5892,-122.312,1525,3000
14138,14138,1643500072,20140905T000000,375000.0,4.0,2.25,1450,7245,1.0,0,0,5,7,1450,0,1950,1983,98133,47.7643,-122.343,1660,7800
14139,14139,6065300330,20140620T000000,2110000.0,3.0,2.25,3230,17833,2.0,0,0,4,9,3230,0,1973,0,98006,47.5683,-122.188,3690,17162
14140,14140,6149700191,20140819T000000,307300.0,2.0,2.0,1520,1020,3.0,0,0,3,7,1520,0,1999,0,98133,47.7292,-122.343,1500,1245
14141,14141,1555200180,20140827T000000,225000.0,4.0,1.0,1410,7000,1.5,0,0,3,7,1410,0,1963,0,98032,47.3767,-122.287,1540,7000
14142,14142,9407100720,20141107T000000,290000.0,3.0,1.75,1390,13200,2.0,0,0,3,7,1390,0,1979,0,98045,47.4429,-121.771,1430,10725
14143,14143,5700000515,20141120T000000,690000.0,4.0,2.0,2230,5000,1.5,0,0,4,7,1510,720,1922,0,98144,47.5772,-122.292,2140,5000
14144,14144,5451200530,20140705T000000,825000.0,4.0,2.25,2110,12653,2.0,0,0,4,8,2110,0,1972,0,98040,47.536,-122.225,2350,10980
14145,14145,868000530,20140702T000000,645000.0,3.0,1.75,2270,11472,1.0,0,0,4,7,1370,900,1956,0,98177,47.7057,-122.374,2270,8340
14146,14146,1777600210,20150217T000000,590000.0,4.0,2.25,2530,10611,1.0,0,0,5,8,1320,1210,1977,0,98006,47.5698,-122.132,2530,10125
14147,14147,7174800760,20140725T000000,667000.0,5.0,2.0,1900,5470,1.0,0,0,3,7,1180,720,1930,1965,98105,47.6666,-122.303,1300,3250
14148,14148,8635750330,20140925T000000,664000.0,4.0,2.5,2390,8432,2.0,0,0,3,9,2390,0,1998,0,98074,47.6027,-122.024,2710,7417
14149,14149,4058800925,20150428T000000,452100.0,4.0,2.5,3160,6540,1.0,0,3,3,8,1580,1580,1959,0,98178,47.5037,-122.24,1990,7090
14150,14150,272000620,20141202T000000,290000.0,2.0,1.0,900,2728,2.0,0,0,3,7,900,0,1998,0,98144,47.5877,-122.298,900,2728
14151,14151,7779200355,20150422T000000,950000.0,3.0,3.0,3610,17483,2.0,0,2,4,8,3610,0,1954,0,98146,47.4852,-122.357,2230,12600
14152,14152,510000641,20150130T000000,662500.0,3.0,2.0,2070,4200,1.5,0,0,4,7,1670,400,1906,0,98103,47.6624,-122.333,1490,4560
14153,14153,8835200230,20140702T000000,475000.0,4.0,2.5,1850,5444,2.0,0,0,5,7,1850,0,1981,0,98034,47.7227,-122.16,1540,5000
14154,14154,8718500555,20140915T000000,450000.0,3.0,1.5,1440,9711,1.0,0,0,3,7,1140,300,1956,0,98028,47.7394,-122.252,1590,9711
14155,14155,1722049154,20140707T000000,538250.0,3.0,2.25,2590,15229,2.0,0,3,3,8,2590,0,1984,0,98198,47.3948,-122.325,2590,15229
14156,14156,6450304130,20140505T000000,329950.0,2.0,1.0,1140,5250,1.5,0,0,4,6,1140,0,1949,0,98133,47.731,-122.341,1450,5250
14157,14157,6908200155,20150122T000000,1103990.0,4.0,3.5,2760,5040,2.0,0,2,3,9,2760,0,1955,2005,98117,47.6756,-122.401,2370,5760
14158,14158,1773101020,20141020T000000,307000.0,5.0,1.5,1310,4800,1.5,0,0,3,6,1110,200,1929,0,98106,47.5545,-122.365,960,4800
14159,14159,1105000571,20140610T000000,433000.0,3.0,1.75,1870,7189,1.0,0,0,3,7,1270,600,1959,0,98118,47.5412,-122.27,1780,6200
14160,14160,5153200666,20150114T000000,212000.0,3.0,2.25,1900,18000,1.0,0,0,4,7,1280,620,1968,0,98023,47.3251,-122.354,1920,15000
14161,14161,7660100085,20140908T000000,750000.0,5.0,2.75,2860,6000,2.5,0,0,4,8,2380,480,1902,0,98144,47.5906,-122.316,2240,6000
14162,14162,1843130530,20141125T000000,279000.0,3.0,2.0,1640,5650,1.0,0,0,3,7,1640,0,2003,0,98042,47.3736,-122.13,2250,5488
14163,14163,7010700905,20140611T000000,476000.0,3.0,1.0,1140,5500,1.5,0,0,4,6,1140,0,1908,0,98199,47.6606,-122.395,1690,4400
14164,14164,6790600790,20150326T000000,368000.0,5.0,1.75,2590,9394,1.0,0,0,4,7,1390,1200,1963,0,98198,47.3941,-122.307,2580,9049
14165,14165,8651442520,20141015T000000,228950.0,4.0,3.0,2160,5200,1.0,0,0,3,7,1320,840,1978,0,98042,47.3627,-122.091,1460,5144
14166,14166,2722059010,20140618T000000,568450.0,5.0,3.5,3260,58806,2.0,0,0,4,8,3260,0,1969,0,98042,47.3703,-122.159,1810,17927
14167,14167,6884800210,20140605T000000,619000.0,4.0,1.75,1660,3800,1.5,0,0,3,7,1660,0,1926,0,98115,47.6883,-122.314,1660,3767
14168,14168,7349600230,20140729T000000,275000.0,3.0,2.25,1640,6044,2.0,0,0,3,7,1640,0,1996,0,98002,47.2844,-122.205,1600,7418
14169,14169,6699300210,20141027T000000,321500.0,4.0,2.5,2620,5457,2.0,0,0,3,8,2620,0,2003,0,98001,47.3148,-122.27,2740,5816
14170,14170,7883607520,20140508T000000,230000.0,3.0,1.75,950,6000,1.0,0,0,3,6,790,160,1939,0,98108,47.5271,-122.316,1360,6000
14171,14171,1450000210,20150128T000000,179500.0,3.0,1.0,900,8100,1.0,0,0,4,6,900,0,1959,0,98002,47.2866,-122.221,1000,7830
14172,14172,1387301430,20140818T000000,460000.0,3.0,2.25,1650,7313,1.0,0,0,3,7,1220,430,1975,0,98011,47.7375,-122.194,1690,7252
14173,14173,2517010230,20150226T000000,286000.0,3.0,2.5,1800,3980,2.0,0,0,3,7,1800,0,2006,0,98042,47.4006,-122.162,2580,4307
14174,14174,9828201020,20141031T000000,427500.0,3.0,1.0,1480,4200,1.5,0,0,3,7,1480,0,1925,0,98122,47.6147,-122.298,1460,3600
14175,14175,2461900175,20140522T000000,400000.0,3.0,1.0,1040,6250,1.0,0,0,3,7,1040,0,1942,0,98136,47.5526,-122.385,1770,6250
14176,14176,8682250330,20140624T000000,675000.0,3.0,3.5,2300,5611,1.0,0,0,3,8,2300,0,2004,0,98053,47.7122,-122.026,2170,5926
14177,14177,3031200230,20150226T000000,350000.0,3.0,1.0,2480,8906,1.0,0,0,3,7,1240,1240,1969,0,98118,47.5366,-122.289,1800,8906
14178,14178,3824100166,20141122T000000,385000.0,4.0,1.75,1970,10358,1.0,0,0,3,8,1540,430,1977,0,98028,47.7719,-122.255,1900,10358
14179,14179,7011201445,20140702T000000,525000.0,2.0,1.75,1530,3503,1.0,0,1,4,7,830,700,1916,0,98119,47.6368,-122.371,1280,1531
14180,14180,7262200150,20150121T000000,315000.0,2.0,1.0,970,18557,1.0,0,0,3,6,970,0,1939,0,98146,47.5116,-122.37,1150,7200
14181,14181,1623069023,20140729T000000,820000.0,4.0,2.5,2920,252648,2.0,0,0,3,10,2920,0,2002,0,98027,47.4784,-122.048,2180,71874
14182,14182,7523700210,20150415T000000,205000.0,3.0,1.0,970,7700,1.0,0,0,4,7,970,0,1959,0,98032,47.3793,-122.304,1160,8250
14183,14183,2915200210,20141205T000000,500000.0,2.0,1.0,680,5250,1.0,0,0,4,6,680,0,1922,0,98177,47.7013,-122.359,1620,5461
14184,14184,3904990210,20140822T000000,599000.0,4.0,2.5,2640,6738,2.0,0,0,4,8,2640,0,1989,0,98029,47.5787,-122.0,2180,5782
14185,14185,1333300145,20150304T000000,2225000.0,3.0,4.0,4200,30120,2.0,0,2,4,11,3600,600,1933,0,98112,47.6379,-122.311,2760,12200
14186,14186,7461400360,20150421T000000,299000.0,1.0,2.5,1980,7521,1.0,0,0,4,7,1180,800,1979,0,98055,47.4343,-122.192,1980,8000
14187,14187,7631200085,20140512T000000,947500.0,3.0,2.75,2980,27144,1.5,1,2,5,8,2180,800,1917,0,98166,47.4522,-122.378,1890,12514
14188,14188,6145600040,20140623T000000,385000.0,3.0,3.25,1630,1677,3.0,0,0,3,8,1630,0,2007,0,98133,47.7048,-122.353,1220,1677
14189,14189,6372000155,20140811T000000,639950.0,2.0,1.75,1780,4520,1.0,0,0,5,7,890,890,1925,0,98116,47.5798,-122.404,1560,4520
14190,14190,6821600145,20141110T000000,824000.0,2.0,1.0,1210,8400,1.0,0,0,3,8,780,430,2000,0,98199,47.6503,-122.393,1860,6000
14191,14191,7983100150,20140602T000000,199950.0,3.0,1.0,1010,7245,1.0,0,0,3,7,1010,0,1969,0,98003,47.3338,-122.306,1300,8236
14192,14192,723000150,20150408T000000,1005000.0,3.0,2.5,2570,5000,1.0,0,0,4,8,1480,1090,1940,0,98105,47.6578,-122.285,2420,5484
14193,14193,2493200155,20150403T000000,950000.0,4.0,2.25,2770,5320,2.0,0,1,3,9,2440,330,2013,0,98136,47.5283,-122.385,2100,6011
14194,14194,2592210150,20140923T000000,822000.0,3.0,2.5,2290,9158,2.0,0,0,4,8,2290,0,1984,0,98006,47.5476,-122.14,2210,9588
14195,14195,2595300210,20141106T000000,473600.0,4.0,1.5,1780,8400,1.0,0,0,3,7,1080,700,1969,0,98136,47.5173,-122.385,1660,8400
14196,14196,3902100150,20150202T000000,490000.0,5.0,2.0,2150,4500,1.5,0,0,3,8,2150,0,1938,0,98116,47.5582,-122.388,1300,4500
14197,14197,3329520410,20140505T000000,245000.0,3.0,1.75,1920,9306,1.0,0,0,3,7,1000,920,1984,0,98001,47.3319,-122.267,1860,8458
14198,14198,4013800206,20140828T000000,199000.0,4.0,1.0,1220,11730,1.0,0,0,4,7,1220,0,1960,0,98001,47.3229,-122.283,1270,9520
14199,14199,1370803460,20140507T000000,1340000.0,3.0,3.0,2960,5500,2.0,0,2,3,10,2440,520,1937,1990,98199,47.6356,-122.402,2960,5876
14200,14200,4046600220,20141017T000000,418000.0,3.0,1.75,1500,19113,1.0,0,0,3,7,1500,0,1984,0,98014,47.6976,-121.916,1820,18151
14201,14201,6190701484,20150311T000000,450000.0,7.0,3.5,2830,8625,1.0,0,0,4,8,1830,1000,1957,0,98133,47.7493,-122.355,1570,8400
14202,14202,8016200530,20140718T000000,280000.0,3.0,2.5,1580,7000,2.0,0,0,3,8,1580,0,1992,0,98030,47.3659,-122.17,2110,7062
14203,14203,6802210210,20150303T000000,273000.0,3.0,2.25,1230,11601,1.0,0,0,4,7,910,320,1992,0,98022,47.1955,-121.991,1820,8465
14204,14204,4305600040,20140505T000000,549000.0,4.0,2.5,2910,6338,2.0,0,0,3,8,2910,0,2008,0,98059,47.4804,-122.126,2500,5877
14205,14205,7856570150,20140625T000000,913888.0,5.0,2.25,2370,15512,2.0,0,0,4,9,2370,0,1981,0,98006,47.5555,-122.15,2380,15100
14206,14206,7576200040,20140718T000000,689888.0,4.0,2.25,1930,3500,1.5,0,0,5,8,1540,390,1916,0,98122,47.6167,-122.29,1800,5000
14207,14207,6300500183,20141212T000000,305000.0,4.0,2.0,1780,5043,1.0,0,0,3,7,870,910,1993,0,98133,47.7045,-122.342,1350,5044
14208,14208,3204950120,20140529T000000,602500.0,4.0,2.5,2760,6850,2.0,0,0,3,9,2760,0,1999,0,98056,47.5346,-122.185,2640,9803
14209,14209,7857004225,20150424T000000,355000.0,2.0,1.75,1620,3640,1.0,0,0,3,7,900,720,1929,0,98108,47.543,-122.299,1590,5538
14210,14210,7732400360,20140821T000000,756000.0,3.0,2.5,2160,7525,2.0,0,0,3,9,2160,0,1986,0,98052,47.6608,-122.145,2470,7941
14211,14211,4388000120,20150423T000000,289950.0,4.0,2.25,2190,6906,1.0,0,0,4,7,1040,1150,1977,0,98023,47.319,-122.373,1250,6440
14212,14212,8653900150,20140505T000000,800000.0,3.0,2.5,3240,7857,2.0,0,0,3,10,3240,0,1994,0,98075,47.5857,-122.038,2970,7857
14213,14213,3362400472,20141202T000000,403000.0,2.0,1.0,720,3255,1.0,0,0,4,6,720,0,1905,0,98103,47.6823,-122.348,1430,3170
14214,14214,8857100180,20150413T000000,350000.0,3.0,2.25,1410,1340,2.0,0,0,3,8,1370,40,1967,0,98008,47.6108,-122.113,1730,2748
14215,14215,8156600210,20150326T000000,1285000.0,5.0,3.5,2980,5100,2.0,0,0,3,10,2370,610,2015,0,98115,47.6782,-122.299,1780,5100
14216,14216,4038700720,20140918T000000,525126.0,5.0,2.25,1950,8025,1.0,0,2,3,7,1150,800,1960,0,98008,47.6159,-122.114,1780,8560
14217,14217,2634500085,20140812T000000,241450.0,3.0,1.0,1100,8138,1.0,0,0,3,7,1100,0,1949,0,98155,47.7393,-122.325,1440,8131
14218,14218,1077100035,20150122T000000,320000.0,3.0,1.5,1400,9087,1.0,0,0,3,7,1400,0,1954,0,98133,47.7711,-122.34,1490,8380
14219,14219,5466700360,20141023T000000,234000.0,4.0,2.0,1710,7455,1.0,0,0,3,7,1030,680,1975,0,98031,47.3965,-122.173,1710,7350
14220,14220,1250201165,20141121T000000,441000.0,5.0,2.5,2000,3600,1.0,0,0,3,6,1150,850,1987,0,98144,47.5971,-122.295,1410,3600
14221,14221,1250201165,20150317T000000,474500.0,5.0,2.5,2000,3600,1.0,0,0,3,6,1150,850,1987,0,98144,47.5971,-122.295,1410,3600
14222,14222,4083301120,20150422T000000,705000.0,3.0,1.0,1440,2618,1.5,0,0,4,7,1440,0,1906,0,98103,47.6582,-122.336,1850,3990
14223,14223,3905100610,20150409T000000,517500.0,4.0,2.5,1520,3370,2.0,0,0,3,8,1520,0,1994,0,98029,47.5696,-122.004,1860,4486
14224,14224,4330600360,20140617T000000,142500.0,4.0,0.75,1440,13300,1.0,0,0,3,6,1440,0,1948,0,98166,47.4761,-122.337,1460,11100
14225,14225,345700150,20141106T000000,310000.0,2.0,1.5,1010,10005,2.0,0,0,3,7,1010,0,1981,0,98056,47.5118,-122.189,1210,7794
14226,14226,7732100150,20141028T000000,749500.0,4.0,2.5,2440,9727,2.0,0,0,3,9,2440,0,1987,0,98052,47.6613,-122.132,2370,11503
14227,14227,5379800862,20150429T000000,360000.0,5.0,3.0,2480,7200,1.0,0,0,3,7,1560,920,1999,0,98188,47.4586,-122.283,1910,9432
14228,14228,4396000180,20141121T000000,267500.0,3.0,1.0,1090,22080,1.0,0,0,5,7,1090,0,1967,0,98038,47.3991,-121.964,1590,19457
14229,14229,1447600410,20141009T000000,290000.0,3.0,1.0,1480,32700,1.0,0,0,4,6,1380,100,1942,0,98168,47.4949,-122.327,1500,22600
14230,14230,3325059177,20141105T000000,850000.0,5.0,2.5,2800,11325,1.0,0,0,4,8,1400,1400,1970,0,98005,47.6166,-122.172,2510,13700
14231,14231,2652500155,20141029T000000,815000.0,4.0,1.75,1820,4500,1.5,0,0,3,8,1820,0,1921,0,98119,47.6429,-122.36,1870,3600
14232,14232,824059305,20150108T000000,2200000.0,5.0,4.0,5840,11652,2.0,0,1,3,11,4410,1430,1988,0,98004,47.5835,-122.202,3120,13639
14233,14233,5318101565,20140703T000000,1625000.0,4.0,3.25,2980,3600,2.0,0,0,3,9,2150,830,1999,0,98112,47.6352,-122.284,2980,4800
14234,14234,2460600040,20140616T000000,175000.0,3.0,1.5,1220,7300,1.0,0,0,3,7,1220,0,1973,0,98001,47.3341,-122.279,1260,7347
14235,14235,9527000040,20141002T000000,429950.0,3.0,1.75,1830,9758,1.0,0,0,3,8,1300,530,1977,0,98034,47.7107,-122.23,1850,8000
14236,14236,2909300150,20140714T000000,675000.0,4.0,2.5,2900,5505,2.0,0,0,3,8,2900,0,2002,0,98074,47.6063,-122.02,2970,5251
14237,14237,8078600330,20140708T000000,580000.0,3.0,2.25,1940,5980,1.0,0,0,3,7,1520,420,1987,0,98027,47.5476,-122.075,1910,6309
14238,14238,4338800720,20150224T000000,240000.0,4.0,2.0,1750,7800,1.0,0,0,4,6,1750,0,1944,0,98166,47.4791,-122.347,1270,7800
14239,14239,4016800120,20140820T000000,374000.0,3.0,2.5,1850,17808,1.0,0,0,4,8,1210,640,1982,0,98032,47.3631,-122.271,2260,16754
14240,14240,2021201085,20141212T000000,862500.0,4.0,2.5,3220,4400,2.0,0,2,3,9,2180,1040,1937,0,98199,47.6325,-122.394,3000,5000
14241,14241,1922059010,20150121T000000,140000.0,2.0,1.0,1080,6052,1.0,0,0,5,6,1080,0,1908,0,98030,47.3857,-122.215,1810,7830
14242,14242,1133000385,20140530T000000,740000.0,5.0,3.75,3990,18897,2.0,0,0,3,8,3090,900,1937,2010,98125,47.7228,-122.31,2080,9793
14243,14243,2397100155,20150224T000000,589000.0,3.0,1.75,920,3600,1.0,0,0,4,6,820,100,1904,0,98119,47.6386,-122.365,1620,3600
14244,14244,7461420210,20150223T000000,275000.0,3.0,1.75,1290,9760,1.0,0,0,3,7,1290,0,1979,0,98058,47.4265,-122.148,1410,8034
14245,14245,6204050040,20140711T000000,489900.0,4.0,2.5,2090,4196,2.0,0,0,3,8,2090,0,2006,0,98011,47.7453,-122.192,2640,4503
14246,14246,4099100210,20140813T000000,545000.0,3.0,2.5,1900,3366,2.0,0,0,3,9,1900,0,1996,0,98033,47.6679,-122.184,2500,3954
14247,14247,316000145,20150325T000000,235000.0,4.0,1.0,1360,7132,1.5,0,0,3,6,1360,0,1941,0,98168,47.5054,-122.301,1280,7175
14248,14248,3331000455,20150217T000000,230000.0,3.0,1.0,1000,4000,1.5,0,0,4,6,1000,0,1915,0,98118,47.5523,-122.286,1040,4240
14249,14249,9839300775,20140710T000000,655000.0,4.0,2.25,2170,4080,2.0,0,0,3,7,1920,250,1980,0,98122,47.6124,-122.293,1890,4400
14250,14250,2320069107,20140822T000000,185000.0,2.0,1.0,820,16030,1.0,0,0,4,5,820,0,1923,0,98022,47.2039,-122.003,1880,14046
14251,14251,2599001010,20150326T000000,196000.0,3.0,1.0,1090,7400,1.0,0,0,4,7,1090,0,1962,0,98092,47.2923,-122.19,1140,8165
14252,14252,2193340120,20140604T000000,572000.0,3.0,2.25,1830,7897,1.0,0,0,4,8,1290,540,1986,0,98052,47.6914,-122.103,1990,8306
14253,14253,7954310210,20150430T000000,615000.0,4.0,2.5,3010,6903,2.0,0,0,3,9,3010,0,2001,0,98056,47.5213,-122.193,2860,6435
14254,14254,2425049107,20150305T000000,1950000.0,4.0,3.75,4150,17424,1.0,0,0,3,9,3130,1020,1963,2000,98039,47.639,-122.236,3930,21420
14255,14255,1338300555,20150320T000000,1225000.0,6.0,2.25,2930,4320,2.0,0,0,3,9,2130,800,1913,0,98112,47.6295,-122.306,2860,4320
14256,14256,8944310330,20140819T000000,375000.0,3.0,2.5,1520,5649,2.0,0,0,4,7,1520,0,1989,0,98034,47.7221,-122.162,1540,5000
14257,14257,2551500180,20140905T000000,295000.0,3.0,1.75,1250,9486,1.0,0,0,4,6,1250,0,1971,0,98070,47.4341,-122.446,1270,9600
14258,14258,9212900180,20140625T000000,760000.0,4.0,2.5,2760,6000,2.0,0,0,5,7,2230,530,1942,0,98115,47.6877,-122.295,1600,6000
14259,14259,2473460650,20150407T000000,347000.0,3.0,1.75,1330,7848,1.0,0,0,3,8,1330,0,1978,0,98058,47.4463,-122.127,2110,8497
14260,14260,2856101755,20150504T000000,712000.0,3.0,2.0,1700,5100,1.5,0,0,4,7,1500,200,1924,0,98117,47.679,-122.39,1700,5100
14261,14261,3080000040,20140515T000000,495000.0,4.0,2.0,2050,4000,1.5,0,0,5,7,1210,840,1941,0,98144,47.5799,-122.306,1310,4000
14262,14262,1224049080,20140620T000000,925000.0,4.0,2.0,3140,10437,1.0,0,0,4,8,2040,1100,1959,0,98040,47.5786,-122.229,2010,10437
14263,14263,9547200835,20150402T000000,775000.0,3.0,1.0,2030,4080,1.5,0,0,4,7,1840,190,1908,0,98115,47.6765,-122.308,2030,4080
14264,14264,4363700365,20140801T000000,429000.0,4.0,2.5,2100,7920,1.5,0,0,4,6,1400,700,1916,0,98126,47.5293,-122.371,1230,7920
14265,14265,7683800212,20141218T000000,229000.0,3.0,1.0,1010,12705,1.0,0,0,4,7,1010,0,1959,0,98003,47.3348,-122.303,1490,10200
14266,14266,1324079054,20140922T000000,400000.0,4.0,1.5,1980,113691,1.0,0,0,3,7,1980,0,1962,0,98024,47.5606,-121.853,1980,89298
14267,14267,2141330360,20140729T000000,625000.0,4.0,2.25,2100,8290,2.0,0,0,4,8,2100,0,1978,0,98006,47.5595,-122.129,2100,8290
14268,14268,6450302546,20141021T000000,130000.0,2.0,1.0,840,6654,1.0,0,0,3,7,840,0,1951,0,98133,47.7319,-122.335,1350,5831
14269,14269,7972600676,20141104T000000,349000.0,3.0,1.75,1690,5080,1.0,0,0,3,7,1190,500,1976,0,98106,47.5312,-122.348,1300,5080
14270,14270,922059161,20140922T000000,365000.0,3.0,2.0,2140,26600,1.0,0,0,4,7,2140,0,1983,0,98031,47.4066,-122.169,2310,8783
14271,14271,2770601461,20150317T000000,487500.0,3.0,2.5,1810,1988,2.0,0,0,3,7,1350,460,1997,0,98199,47.6513,-122.385,1600,1525
14272,14272,8079010230,20140603T000000,475000.0,3.0,2.5,2600,7210,2.0,0,0,3,8,2600,0,1989,0,98059,47.5123,-122.151,2350,7225
14273,14273,5458800620,20140924T000000,685000.0,3.0,1.75,1650,8400,1.0,0,0,3,8,1470,180,1959,0,98040,47.5766,-122.236,2020,7777
14274,14274,5318101075,20140811T000000,960000.0,3.0,1.75,2460,4800,1.0,0,0,4,7,1230,1230,1938,0,98112,47.6343,-122.282,2860,4800
14275,14275,5430300120,20141113T000000,1100000.0,5.0,2.25,4320,7620,2.0,0,0,3,7,2880,1440,1973,2014,98115,47.6824,-122.287,1880,7620
14276,14276,1442700360,20150320T000000,428000.0,3.0,2.25,2600,15000,2.0,0,0,3,9,2600,0,1978,0,98038,47.3719,-122.056,2380,15000
14277,14277,5651010150,20150510T000000,435000.0,3.0,2.5,1930,5790,2.0,0,0,4,7,1930,0,1988,0,98011,47.7733,-122.17,1790,4901
14278,14278,6908200021,20141028T000000,769950.0,3.0,2.0,2190,5400,1.0,0,2,5,7,1260,930,1952,0,98107,47.6737,-122.4,2160,5400
14279,14279,2201500555,20140929T000000,385000.0,3.0,1.0,1420,10980,1.0,0,0,4,7,1200,220,1954,0,98006,47.574,-122.138,1630,9763
14280,14280,255550150,20141118T000000,352000.0,3.0,2.5,2090,3002,2.0,0,0,3,7,1670,420,2005,0,98019,47.745,-121.984,2090,3163
14281,14281,524069011,20140911T000000,622500.0,3.0,2.5,2290,14374,2.0,0,0,3,8,2290,0,1983,2012,98075,47.5886,-122.074,2290,33450
14282,14282,7504010760,20150212T000000,660000.0,3.0,3.0,2470,11900,2.0,0,0,3,9,2290,180,1976,0,98074,47.641000000000005,-122.057,2590,11900
14283,14283,1788800610,20140902T000000,105000.0,3.0,1.0,840,8400,1.0,0,0,3,6,840,0,1959,0,98023,47.3277,-122.343,840,9450
14284,14284,7192800145,20141202T000000,420000.0,2.0,1.0,2100,4480,1.0,0,0,5,7,1400,700,1908,0,98126,47.574,-122.372,1570,4400
14285,14285,5566100145,20140903T000000,499950.0,3.0,1.5,1360,11250,1.0,0,0,4,7,1360,0,1955,0,98006,47.5697,-122.177,1440,11250
14286,14286,2024059052,20140814T000000,975000.0,6.0,3.0,3420,22421,1.0,0,0,5,9,2270,1150,1948,0,98006,47.5508,-122.189,2430,15560
14287,14287,2436700540,20141001T000000,665000.0,3.0,2.75,1930,2960,1.5,0,0,5,7,1490,440,1929,0,98105,47.6659,-122.287,2080,3760
14288,14288,7200001608,20140701T000000,540000.0,4.0,2.5,2180,10140,1.0,0,0,4,7,1180,1000,1968,0,98052,47.6822,-122.111,1840,9375
14289,14289,5612100065,20140529T000000,400000.0,4.0,2.0,1670,12056,1.0,0,0,3,7,1670,0,1955,0,98028,47.7418,-122.244,1860,12056
14290,14290,7785380150,20141215T000000,469950.0,4.0,2.75,2720,6427,1.0,0,0,3,8,1650,1070,2008,0,98146,47.4931,-122.354,2720,8484
14291,14291,4178310040,20141016T000000,777000.0,4.0,2.5,3170,9900,2.0,0,0,4,8,3170,0,1979,0,98007,47.6181,-122.147,2540,12400
14292,14292,1708400555,20140625T000000,346500.0,2.0,1.75,1610,6300,1.0,0,0,3,7,1010,600,1941,0,98108,47.554,-122.304,1370,5225
14293,14293,3629760330,20150311T000000,685000.0,3.0,2.5,2370,4950,2.0,0,0,3,8,2370,0,2003,0,98029,47.5465,-122.013,2230,4950
14294,14294,5469501830,20140624T000000,396500.0,3.0,2.5,2590,18980,1.0,0,0,4,10,2590,0,1976,0,98042,47.3839,-122.153,3110,14652
14295,14295,9829201058,20140504T000000,783500.0,3.0,2.5,2850,7130,2.0,0,0,3,10,1990,860,1980,0,98122,47.603,-122.289,2280,6459
14296,14296,1931300175,20140702T000000,575000.0,4.0,2.0,1660,4800,1.5,0,0,3,7,1660,0,1922,0,98103,47.6556,-122.345,1660,4800
14297,14297,7237500360,20141106T000000,1500000.0,4.0,4.25,5550,12968,2.0,0,0,3,11,5550,0,2005,0,98059,47.5305,-122.135,4750,13001
14298,14298,923000120,20150408T000000,515000.0,3.0,1.5,2200,7620,1.0,0,0,4,7,1130,1070,1942,0,98177,47.7263,-122.363,2170,7672
14299,14299,1446800995,20140805T000000,300000.0,3.0,2.5,2020,6628,1.0,0,0,4,7,1250,770,1963,0,98168,47.4934,-122.332,1540,9995
14300,14300,8732000410,20150114T000000,272000.0,3.0,1.5,1760,9600,1.0,0,0,4,7,1760,0,1966,0,98031,47.4085,-122.195,1450,9600
14301,14301,7303100210,20140527T000000,355000.0,4.0,2.25,1810,4970,2.0,0,0,3,7,1810,0,2003,0,98059,47.5003,-122.156,1810,4858
14302,14302,3348401622,20140731T000000,223000.0,3.0,2.0,1310,8440,1.0,0,0,5,6,1310,0,1951,0,98178,47.5003,-122.269,1790,10775
14303,14303,3793501400,20140820T000000,397000.0,4.0,2.5,3000,8584,2.0,0,0,3,7,3000,0,2003,0,98038,47.369,-122.032,2610,7570
14304,14304,2872100385,20150318T000000,460000.0,2.0,2.0,1080,5000,1.0,0,0,5,6,1080,0,1923,0,98117,47.6826,-122.394,1530,5000
14305,14305,1689400150,20150206T000000,848000.0,3.0,2.75,2170,2738,1.5,0,0,4,9,1550,620,1930,0,98109,47.6389,-122.349,1170,1062
14306,14306,2887701251,20141007T000000,392800.0,2.0,1.0,740,4275,1.0,0,0,5,6,740,0,1924,0,98115,47.688,-122.308,1900,4275
14307,14307,3528000040,20141001T000000,1690000.0,3.0,3.25,5290,224442,2.0,0,0,4,11,4540,750,1988,0,98053,47.6671,-122.051,3750,84936
14308,14308,3528000040,20150326T000000,1800000.0,3.0,3.25,5290,224442,2.0,0,0,4,11,4540,750,1988,0,98053,47.6671,-122.051,3750,84936
14309,14309,3787000120,20150122T000000,577000.0,3.0,2.25,2370,7878,2.0,0,0,3,8,2370,0,1985,0,98034,47.7281,-122.168,1870,7766
14310,14310,5693500760,20140707T000000,570000.0,3.0,1.0,1890,3330,1.5,0,0,4,7,1390,500,1901,0,98103,47.6597,-122.352,1530,3330
14311,14311,8892900180,20140617T000000,250000.0,3.0,1.75,1160,6134,1.0,0,0,3,7,1160,0,1998,0,98002,47.3414,-122.218,1330,6301
14312,14312,5458800330,20140904T000000,645000.0,4.0,1.75,1550,7350,1.5,0,0,4,8,1550,0,1958,0,98040,47.5795,-122.235,1860,7350
14313,14313,1560930450,20141024T000000,567500.0,3.0,2.5,3090,67082,2.0,0,0,3,9,3090,0,1990,0,98038,47.4032,-122.023,3650,62290
14314,14314,6699930360,20140722T000000,337000.0,4.0,2.5,2610,5240,2.0,0,0,3,8,2610,0,2004,0,98038,47.345,-122.042,2480,5240
14315,14315,1423900580,20140625T000000,280000.0,3.0,1.75,1230,8250,1.0,0,0,3,7,1230,0,1966,0,98058,47.4526,-122.176,1250,8250
14316,14316,7338000730,20140728T000000,167000.0,3.0,1.5,1280,5547,2.0,0,0,4,6,1280,0,1985,0,98002,47.3344,-122.215,1150,4500
14317,14317,4364700730,20140530T000000,280000.0,2.0,1.0,1880,7560,1.0,0,0,3,6,940,940,1919,0,98126,47.5261,-122.374,1280,7560
14318,14318,7305300760,20141222T000000,317500.0,2.0,1.5,1220,8409,1.0,0,0,4,6,1220,0,1948,0,98155,47.7534,-122.324,1130,8409
14319,14319,2488200455,20140703T000000,405500.0,2.0,2.75,1350,1252,2.0,0,0,3,8,1120,230,2006,0,98136,47.522,-122.39,1410,1265
14320,14320,318900120,20150123T000000,495000.0,4.0,2.5,2370,15336,2.0,0,0,3,8,2370,0,1995,0,98024,47.5633,-121.901,2110,15925
14321,14321,7504110330,20150128T000000,691000.0,4.0,3.0,3040,11651,2.0,0,0,3,10,3040,0,1987,0,98074,47.6348,-122.038,2540,11815
14322,14322,2222039011,20141103T000000,480000.0,5.0,1.75,2080,217800,1.0,0,0,5,7,2080,0,1963,0,98070,47.3884,-122.404,1670,213008
14323,14323,6021502300,20150211T000000,549010.0,2.0,1.75,1560,4141,1.0,0,0,4,7,880,680,1942,0,98117,47.6863,-122.382,1210,4141
14324,14324,3630110360,20150422T000000,750000.0,5.0,3.5,2980,5809,2.0,0,2,3,8,2980,0,2005,0,98029,47.5537,-121.996,2120,3416
14325,14325,1529300410,20150224T000000,365000.0,2.0,1.0,870,5689,1.0,0,0,4,7,870,0,1948,0,98103,47.6988,-122.351,1100,5711
14326,14326,2426049154,20150305T000000,412500.0,3.0,1.75,1660,10716,1.0,0,0,3,7,1100,560,1988,0,98034,47.7326,-122.234,1630,7626
14327,14327,6204420180,20140603T000000,425000.0,3.0,2.25,1870,9000,1.0,0,0,3,7,1440,430,1978,0,98011,47.7373,-122.198,1870,8640
14328,14328,8085400410,20150331T000000,920000.0,3.0,1.0,1410,9656,1.0,0,0,3,7,960,450,1953,0,98004,47.6354,-122.208,2410,9384
14329,14329,8731980880,20141222T000000,340000.0,4.0,2.25,2180,8000,1.0,0,0,4,9,1630,550,1975,0,98023,47.317,-122.378,2310,8000
14330,14330,626049115,20141105T000000,405000.0,4.0,2.5,2620,8960,1.0,0,0,5,7,1520,1100,1955,0,98133,47.7642,-122.335,1880,8960
14331,14331,6388910040,20150324T000000,537100.0,3.0,2.5,2450,7051,1.0,0,0,3,8,1870,580,1990,0,98056,47.5308,-122.171,2450,8788
14332,14332,1748800120,20150318T000000,353500.0,4.0,2.5,3250,4650,2.0,0,0,3,8,3250,0,2007,0,98031,47.4004,-122.203,2960,4650
14333,14333,4077800582,20140912T000000,522000.0,3.0,1.0,1150,7080,1.0,0,0,3,7,1150,0,1952,0,98125,47.7106,-122.288,1490,7921
14334,14334,7202260210,20141010T000000,710000.0,4.0,2.75,2780,6978,2.0,0,0,3,8,2780,0,2001,0,98053,47.6881,-122.04,2760,5460
14335,14335,5095600360,20150312T000000,329950.0,3.0,1.75,1360,13320,1.0,0,0,4,7,1360,0,1985,0,98059,47.4625,-122.069,1580,13625
14336,14336,2607801120,20150420T000000,830000.0,5.0,2.5,2810,14207,1.0,0,3,3,9,1540,1270,1979,0,98008,47.5742,-122.11,3190,14000
14337,14337,9542200610,20150219T000000,800500.0,4.0,2.5,1780,11130,1.0,0,0,5,8,1780,0,1962,0,98005,47.5931,-122.178,2610,11130
14338,14338,8092000330,20140528T000000,168500.0,3.0,1.0,1100,10125,1.0,0,0,3,7,1100,0,1969,0,98042,47.367,-122.107,1570,10650
14339,14339,7852020790,20140627T000000,490000.0,3.0,2.5,2230,5348,2.0,0,0,3,8,2230,0,2000,0,98065,47.5347,-121.866,2190,5205
14340,14340,6379500227,20141006T000000,579000.0,3.0,2.5,1710,1904,2.0,0,0,3,8,1140,570,2003,0,98116,47.5827,-122.387,1260,1316
14341,14341,6790200180,20140603T000000,600000.0,4.0,2.5,2620,9873,2.0,0,0,3,8,2620,0,1987,0,98075,47.5822,-122.051,2520,9935
14342,14342,1781500155,20140529T000000,445000.0,4.0,1.75,1990,4725,1.5,0,0,4,7,1190,800,1944,0,98126,47.5275,-122.38,1240,4961
14343,14343,3424069154,20140624T000000,362500.0,4.0,1.75,1450,8450,1.0,0,0,3,7,1450,0,1960,0,98027,47.5289,-122.028,1540,8450
14344,14344,1683500180,20140514T000000,234000.0,4.0,2.0,1630,9010,1.0,0,0,4,7,1050,580,1975,0,98092,47.317,-122.196,1670,7820
14345,14345,1523300180,20140709T000000,321500.0,1.0,1.0,730,1942,1.0,0,0,3,7,730,0,2008,0,98144,47.5939,-122.299,1020,2183
14346,14346,1868901120,20140606T000000,660000.0,3.0,1.75,1980,3300,1.5,0,0,4,7,1140,840,1926,0,98115,47.6733,-122.298,1590,5000
14347,14347,822059101,20140925T000000,319000.0,4.0,1.0,1730,36356,1.5,0,0,4,6,1730,0,1954,0,98031,47.4135,-122.199,1380,14060
14348,14348,3421069020,20141020T000000,314000.0,3.0,1.75,1350,217852,1.0,0,0,3,8,1100,250,1953,0,98022,47.2628,-122.03,2190,217800
14349,14349,2769602710,20141006T000000,517950.0,3.0,2.0,1410,5000,1.0,0,0,5,7,740,670,1908,0,98107,47.6752,-122.361,1830,4000
14350,14350,6071300180,20140714T000000,525000.0,5.0,2.5,2360,10081,1.0,0,0,4,7,1180,1180,1961,0,98006,47.5552,-122.178,2200,10461
14351,14351,3211101010,20150211T000000,319500.0,3.0,1.0,1190,8450,1.0,0,0,5,6,1190,0,1961,0,98059,47.4807,-122.157,1660,8450
14352,14352,9471201175,20140506T000000,1580000.0,4.0,3.25,3760,10920,1.5,0,0,5,9,2400,1360,1950,0,98105,47.6687,-122.264,3430,11050
14353,14353,2009003136,20140822T000000,325000.0,1.0,1.0,1220,12426,1.0,0,4,4,6,1220,0,1946,0,98198,47.4047,-122.331,2770,22270
14354,14354,7574910220,20140731T000000,795000.0,4.0,2.5,2920,32219,2.0,0,0,5,10,2920,0,1995,0,98077,47.7439,-122.041,3420,37206
14355,14355,1370801465,20140619T000000,850000.0,2.0,1.75,1590,5136,1.5,0,3,3,9,1320,270,1927,0,98199,47.6424,-122.411,2520,5243
14356,14356,1245500730,20141208T000000,1010000.0,5.0,3.25,3510,10930,2.0,0,0,3,9,3510,0,2013,0,98033,47.6914,-122.21,1970,7488
14357,14357,2767603591,20140804T000000,475000.0,3.0,2.5,1320,1310,3.0,0,0,3,8,1320,0,2006,0,98107,47.6719,-122.38,1350,1250
14358,14358,8718500665,20140724T000000,375000.0,3.0,1.0,1610,11250,1.0,0,0,3,7,1090,520,1975,0,98028,47.7391,-122.256,2040,10692
14359,14359,106000395,20140624T000000,405000.0,3.0,1.0,1410,8053,1.0,0,0,4,7,1410,0,1951,0,98177,47.70399999999999,-122.367,1170,8042
14360,14360,5538300120,20141015T000000,420000.0,4.0,2.5,2170,10500,1.0,0,0,3,7,1570,600,1962,0,98155,47.7512,-122.295,1850,11127
14361,14361,9405800040,20141016T000000,775000.0,4.0,1.75,1890,4800,1.5,0,0,3,7,1390,500,1906,0,98119,47.6405,-122.367,1890,4800
14362,14362,3630180450,20150407T000000,800000.0,4.0,2.75,3260,5000,2.0,0,0,3,9,3260,0,2007,0,98027,47.5395,-121.997,3450,6218
14363,14363,8126300610,20150401T000000,436800.0,3.0,1.75,2080,12714,2.0,0,0,4,8,1540,540,1984,0,98052,47.7056,-122.162,2080,12107
14364,14364,546000910,20141203T000000,620000.0,3.0,1.75,2040,4005,1.5,0,0,4,8,1740,300,1930,0,98117,47.6885,-122.38,1380,4005
14365,14365,2268000180,20150325T000000,230000.0,3.0,1.0,1250,9035,1.0,0,0,4,7,1250,0,1970,0,98003,47.275,-122.302,1350,10425
14366,14366,3333002450,20140708T000000,165000.0,1.0,1.0,850,8050,1.0,0,0,2,6,850,0,1906,0,98118,47.5427,-122.288,1590,5180
14367,14367,3333002450,20150122T000000,490000.0,1.0,1.0,850,8050,1.0,0,0,2,6,850,0,1906,0,98118,47.5427,-122.288,1590,5180
14368,14368,6072000910,20140806T000000,480000.0,3.0,1.75,1600,8400,1.0,0,0,5,8,1600,0,1963,0,98006,47.5479,-122.179,2210,8400
14369,14369,4113800330,20140606T000000,570000.0,3.0,2.5,2400,6975,2.0,0,0,3,9,2400,0,1993,0,98056,47.534,-122.179,2640,11172
14370,14370,3764500180,20150124T000000,615000.0,3.0,2.25,1870,4894,2.0,0,0,4,8,1750,120,1992,0,98033,47.6943,-122.19,1920,5988
14371,14371,1326049170,20140924T000000,280000.0,3.0,1.0,1720,9605,1.0,0,0,3,7,860,860,1969,0,98028,47.7439,-122.242,1720,9998
14372,14372,9238450210,20140623T000000,326000.0,3.0,1.0,1030,9834,1.0,0,0,3,7,1030,0,1969,0,98072,47.7676,-122.164,1210,9875
14373,14373,2436700666,20150216T000000,550700.0,2.0,2.25,1190,1499,2.0,0,0,3,9,1100,90,2004,0,98105,47.6666,-122.285,1430,1332
14374,14374,3043200035,20140701T000000,600000.0,2.0,1.0,910,2002,1.5,0,0,3,6,910,0,1900,0,98112,47.6188,-122.306,1190,1208
14375,14375,1424069044,20140910T000000,450000.0,3.0,1.0,1290,47044,1.0,0,0,3,7,1150,140,1968,0,98029,47.5655,-121.998,1960,49658
14376,14376,3037200141,20150309T000000,546000.0,2.0,2.25,1530,1324,2.0,0,0,3,8,1280,250,2010,0,98122,47.6032,-122.311,1410,1689
14377,14377,1323089107,20150121T000000,585000.0,3.0,2.5,2330,33750,2.0,0,0,3,9,2330,0,1983,2001,98045,47.4787,-121.723,2270,35000
14378,14378,8024201714,20141117T000000,489000.0,3.0,1.75,2090,7667,1.0,0,2,3,7,1200,890,1952,0,98115,47.7007,-122.312,1480,7666
14379,14379,9829200325,20140617T000000,765000.0,3.0,2.0,1570,7000,2.0,0,2,4,8,1050,520,1971,0,98122,47.6061,-122.286,1990,6675
14380,14380,723039189,20150102T000000,519000.0,3.0,1.75,1560,26099,1.0,0,3,4,8,1560,0,1973,0,98070,47.5023,-122.467,1760,19687
14381,14381,1352300120,20140529T000000,262000.0,2.0,1.0,1500,4120,1.5,0,0,3,5,880,620,1928,0,98055,47.4857,-122.2,1300,4120
14382,14382,5101404351,20140702T000000,550000.0,4.0,2.75,2160,5005,1.0,0,0,3,7,1430,730,1987,0,98115,47.6971,-122.302,1770,5326
14383,14383,7211401485,20140606T000000,285000.0,2.0,1.0,780,5000,1.0,0,0,4,6,780,0,1943,0,98146,47.5112,-122.357,1030,5000
14384,14384,5631500967,20150204T000000,476000.0,4.0,1.75,2340,17541,1.0,0,0,4,7,1360,980,1956,0,98028,47.745,-122.229,2250,9212
14385,14385,2425049061,20140825T000000,2200000.0,3.0,2.0,3570,30456,1.0,0,1,3,8,2070,1500,1946,1982,98039,47.6413,-122.24,3570,27418
14386,14386,7518503065,20140623T000000,335000.0,1.0,1.0,720,5100,1.0,0,0,3,6,720,0,1907,0,98117,47.6821,-122.38,1320,5100
14387,14387,1796000120,20141023T000000,510000.0,4.0,2.0,2990,102366,1.0,0,0,4,8,2990,0,1974,0,98092,47.3068,-122.088,2820,57140
14388,14388,1922059197,20140918T000000,291000.0,3.0,2.25,1860,13939,1.0,0,0,4,7,1860,0,1961,0,98030,47.3746,-122.217,1530,10018
14389,14389,7849201020,20140821T000000,335000.0,4.0,1.75,1950,13440,1.5,0,0,4,6,1950,0,1931,0,98065,47.5232,-121.821,1300,7432
14390,14390,1126049103,20140829T000000,415000.0,3.0,1.5,1860,9003,1.0,0,0,3,7,1490,370,1955,0,98028,47.7624,-122.26,2090,11574
14391,14391,65000085,20140708T000000,430000.0,3.0,2.0,1550,6039,1.0,0,0,5,7,830,720,1942,0,98126,47.5436,-122.378,1330,6042
14392,14392,9211510410,20150407T000000,270000.0,3.0,1.75,1610,6205,1.0,0,0,4,7,1210,400,1979,0,98023,47.3004,-122.383,1780,8056
14393,14393,2301400325,20150407T000000,760000.0,3.0,2.0,1810,4500,1.0,0,0,4,7,980,830,1906,0,98117,47.681,-122.359,1800,4500
14394,14394,7132300540,20150508T000000,450000.0,2.0,2.0,1730,4248,2.0,0,0,3,7,1730,0,1905,0,98144,47.5933,-122.308,1380,4000
14395,14395,323059103,20150403T000000,425000.0,3.0,2.5,1230,23522,1.0,0,0,4,7,1230,0,1978,0,98059,47.515,-122.162,2340,23522
14396,14396,4083306705,20141121T000000,725000.0,4.0,2.5,2130,3420,1.5,0,0,4,7,1730,400,1916,0,98103,47.649,-122.336,1520,3420
14397,14397,1245001216,20140721T000000,700000.0,3.0,2.75,2190,11060,1.0,0,0,4,7,1610,580,1973,0,98033,47.6893,-122.208,2020,8588
14398,14398,293760210,20140826T000000,998000.0,5.0,4.5,4130,10404,2.0,0,0,3,10,4130,0,2004,0,98029,47.5556,-122.03,3890,11531
14399,14399,3782400040,20150508T000000,396000.0,3.0,2.25,1680,9766,2.0,0,0,3,7,1680,0,1989,0,98019,47.7341,-121.981,1590,9757
14400,14400,2726049164,20140605T000000,547000.0,3.0,2.5,1480,8381,1.0,0,0,4,7,1480,0,1968,0,98125,47.7078,-122.288,1710,8050
14401,14401,9183701085,20150415T000000,302000.0,4.0,1.5,1790,10200,1.0,0,0,4,8,1210,580,1963,0,98030,47.3774,-122.225,1540,6600
14402,14402,1623300325,20141021T000000,999000.0,5.0,3.5,2810,2700,2.0,0,0,5,9,1900,910,1910,0,98117,47.6799,-122.363,1510,3800
14403,14403,7987401010,20140703T000000,633000.0,4.0,2.5,2360,10000,1.0,0,3,3,8,1980,380,1977,0,98126,47.573,-122.374,2480,5000
14404,14404,2131200065,20141211T000000,265800.0,3.0,1.75,1460,7361,1.0,0,0,3,6,1460,0,1982,0,98019,47.7436,-121.979,1460,7505
14405,14405,6141600065,20141016T000000,530000.0,3.0,2.25,2160,8114,1.0,0,0,3,8,1460,700,1960,0,98133,47.7176,-122.35,2160,8000
14406,14406,1562100220,20150501T000000,605000.0,6.0,2.0,2610,9132,1.0,0,0,4,8,1320,1290,1965,0,98007,47.622,-122.14,2170,8000
14407,14407,7853300970,20150421T000000,489000.0,4.0,2.5,2170,4587,2.0,0,0,3,7,2170,0,2006,0,98065,47.5396,-121.889,2170,5211
14408,14408,8687800065,20140702T000000,305000.0,2.0,1.0,2160,12960,1.0,0,0,3,7,1360,800,1968,0,98168,47.4702,-122.261,2070,12960
14409,14409,1504800097,20140613T000000,513000.0,4.0,2.75,2020,7070,1.0,0,0,5,7,1010,1010,1958,0,98126,47.5202,-122.378,1390,6000
14410,14410,3630160610,20140716T000000,765000.0,4.0,2.5,2980,5000,2.0,0,0,3,10,2980,0,2006,0,98027,47.5431,-121.997,3140,5500
14411,14411,6852700477,20140916T000000,550000.0,2.0,1.5,1300,2970,1.0,0,0,3,7,990,310,1903,0,98102,47.6233,-122.319,1700,3000
14412,14412,2592220040,20140724T000000,974350.0,4.0,2.5,3090,10730,2.0,0,0,5,8,2420,670,1985,0,98006,47.5458,-122.141,2220,7875
14413,14413,7524950730,20150327T000000,653675.0,4.0,2.25,2280,7229,2.0,0,0,4,8,2280,0,1984,0,98027,47.5609,-122.081,2320,7735
14414,14414,1545807920,20141015T000000,245000.0,3.0,1.75,1260,8614,1.0,0,0,4,7,1260,0,1985,0,98038,47.3586,-122.056,1600,8614
14415,14415,3213200180,20150505T000000,700180.0,2.0,1.75,1530,4387,1.0,0,0,3,8,1020,510,1952,0,98115,47.6726,-122.264,1870,5029
14416,14416,3577300040,20150430T000000,510000.0,3.0,2.5,1830,8133,1.0,0,0,3,8,1390,440,1996,0,98028,47.7478,-122.247,2310,11522
14417,14417,2064800610,20141025T000000,390000.0,3.0,2.5,1610,10292,1.0,0,0,4,7,1190,420,1969,0,98056,47.5349,-122.174,1940,8700
14418,14418,7215730120,20150504T000000,606500.0,3.0,2.5,2170,5500,2.0,0,0,3,8,2170,0,2000,0,98075,47.5975,-122.018,2170,5862
14419,14419,629800540,20140909T000000,1500000.0,4.0,4.25,5020,26319,2.0,0,0,3,12,5020,0,1998,0,98074,47.6008,-122.01,4930,26319
14420,14420,7575610760,20150507T000000,290000.0,3.0,2.25,1620,7772,2.0,0,0,4,8,1620,0,1988,0,98003,47.3521,-122.302,1710,6455
14421,14421,104500730,20150224T000000,115000.0,3.0,1.75,1080,7942,1.0,0,0,3,7,1080,0,1981,0,98023,47.3141,-122.355,1380,8244
14422,14422,8137500730,20140507T000000,500000.0,3.0,2.5,1940,37565,1.0,0,0,4,8,1940,0,1987,0,98027,47.4801,-122.063,2560,37565
14423,14423,9543000205,20150413T000000,139950.0,3.37287037037037,2.1157362403369904,844,4269,1.0,0,0,4,7,844,0,1913,0,98001,47.2781,-122.25,1380,9600
14424,14424,3543900418,20140515T000000,580050.0,3.0,2.5,2360,4638,2.0,0,3,3,9,2360,0,1996,0,98115,47.6837,-122.321,1620,4638
14425,14425,8929000230,20150306T000000,550000.0,3.0,2.5,2010,2261,2.0,0,0,3,8,1390,620,2014,0,98029,47.5514,-121.998,1690,1899
14426,14426,2856100360,20150409T000000,465000.0,3.0,1.0,800,3060,1.5,0,0,4,6,800,0,1903,0,98117,47.6769,-122.389,1180,3060
14427,14427,6413600276,20150324T000000,354950.0,3.0,1.0,970,5922,1.5,0,0,3,7,970,0,1949,0,98125,47.719,-122.321,1730,6128
14428,14428,8562720230,20141107T000000,980000.0,4.0,3.25,3720,7150,2.0,0,2,3,11,3720,0,2007,0,98027,47.5359,-122.069,4040,7442
14429,14429,3579000410,20140905T000000,500000.0,3.0,2.25,2010,7447,2.0,0,0,3,8,2010,0,1985,0,98028,47.747,-122.248,2230,7846
14430,14430,3856904655,20150329T000000,667750.0,4.0,1.0,1430,4080,1.5,0,0,3,7,1430,0,1924,0,98105,47.6696,-122.324,1760,4080
14431,14431,8832900360,20150428T000000,735000.0,3.0,1.75,2250,11520,1.0,0,1,3,8,2250,0,1956,0,98028,47.7619,-122.268,2730,12445
14432,14432,4058200040,20140917T000000,361000.0,3.0,1.75,2130,8742,1.0,0,3,3,7,1330,800,1955,0,98178,47.5057,-122.231,2380,7448
14433,14433,4178501020,20150105T000000,276750.0,3.0,2.0,1620,12482,1.0,0,0,4,7,1290,330,1989,0,98042,47.3584,-122.086,1560,8499
14434,14434,8562790730,20140822T000000,760000.0,4.0,3.25,3140,3680,2.0,0,0,3,10,2310,830,2009,0,98027,47.5319,-122.076,2620,2664
14435,14435,455000841,20140829T000000,475000.0,2.0,1.0,870,7975,1.0,0,2,3,7,870,0,1946,0,98107,47.6698,-122.361,1080,5722
14436,14436,2154900330,20140827T000000,234000.0,4.0,2.5,1820,8217,1.0,0,0,3,7,1120,700,1987,0,98001,47.263000000000005,-122.242,1310,8217
14437,14437,8159610150,20141117T000000,234950.0,3.0,2.0,1510,9153,1.0,0,0,4,7,1510,0,1974,0,98001,47.3412,-122.273,1780,9286
14438,14438,1545800730,20150222T000000,269950.0,2.0,1.75,1320,7540,1.0,0,0,3,7,1320,0,1968,0,98038,47.3634,-122.052,1570,7540
14439,14439,3904980360,20150112T000000,495000.0,3.0,2.5,1800,7318,2.0,0,0,3,8,1800,0,1989,0,98029,47.5747,-122.008,1800,5414
14440,14440,5100403321,20150318T000000,438000.0,2.0,1.0,1120,6380,1.0,0,0,3,7,1120,0,1942,1994,98115,47.6951,-122.316,1230,6380
14441,14441,1326069151,20150224T000000,260000.0,3.0,1.75,2160,22702,1.0,0,0,4,7,2160,0,1981,0,98019,47.7355,-121.982,1820,22687
14442,14442,629410180,20141208T000000,697000.0,4.0,2.5,3220,6399,2.0,0,0,3,9,3220,0,2004,0,98075,47.5883,-121.991,2850,6399
14443,14443,7452500815,20150310T000000,212625.0,2.0,1.0,960,5000,1.0,0,0,3,6,960,0,1951,0,98126,47.5188,-122.372,930,5000
14444,14444,6840701135,20141110T000000,593000.0,5.0,2.5,2640,4400,1.5,0,0,5,7,1840,800,1925,0,98122,47.605,-122.3,1720,4400
14445,14445,5104512060,20141212T000000,410000.0,4.0,3.0,2430,7243,2.0,0,0,3,8,2430,0,2003,0,98038,47.3533,-122.016,2430,7084
14446,14446,2917200365,20140610T000000,445434.0,2.0,1.0,1470,7137,1.0,0,0,3,7,1020,450,1941,0,98103,47.7008,-122.352,1470,7067
14447,14447,5151600040,20140911T000000,200126.0,3.0,2.5,2040,15463,1.0,0,0,3,8,1340,700,1968,0,98003,47.3334,-122.322,2370,12672
14448,14448,2025700790,20140811T000000,290700.0,3.0,2.5,1670,6666,2.0,0,0,4,7,1670,0,1992,0,98038,47.3488,-122.033,1370,6170
14449,14449,7686204675,20150129T000000,248000.0,4.0,1.0,1010,7515,1.0,0,0,4,6,1010,0,1955,0,98198,47.4174,-122.316,1330,7515
14450,14450,126039305,20141013T000000,345000.0,1.0,1.0,540,10125,1.0,0,0,3,5,540,0,1961,0,98177,47.7739,-122.358,1840,10125
14451,14451,1930300915,20140820T000000,525000.0,3.0,1.0,1240,4800,1.0,0,0,3,7,800,440,1951,0,98103,47.6563,-122.353,1440,4800
14452,14452,9477100330,20141212T000000,400000.0,3.0,1.75,1510,8385,1.0,0,0,3,7,1510,0,1968,0,98034,47.7279,-122.195,1570,7480
14453,14453,513000665,20150408T000000,532000.0,3.0,1.0,1820,5750,1.0,0,0,3,7,1120,700,1918,0,98116,47.5773,-122.383,1500,5750
14454,14454,8581400450,20141028T000000,159995.0,2.0,1.0,1000,5026,1.0,0,0,5,5,760,240,1915,0,98002,47.297,-122.225,990,5026
14455,14455,1061500360,20141016T000000,287000.0,5.0,1.5,2040,11772,1.0,0,0,4,7,1030,1010,1963,0,98056,47.5015,-122.166,1560,9435
14456,14456,1373800330,20150420T000000,1115000.0,4.0,2.5,3690,11191,1.0,0,3,4,10,2190,1500,1951,0,98199,47.6434,-122.412,3460,8160
14457,14457,2597520790,20150423T000000,765000.0,3.0,2.5,2310,11993,2.0,0,0,3,9,2310,0,1988,0,98006,47.5438,-122.139,2830,10031
14458,14458,2525300540,20141114T000000,185000.0,3.0,1.5,1090,9605,1.0,0,0,4,6,1090,0,1969,0,98038,47.3609,-122.028,1160,10487
14459,14459,3797000035,20140521T000000,430000.0,3.0,1.0,1150,3000,1.0,0,0,5,6,1150,0,1906,0,98103,47.6867,-122.345,1460,3200
14460,14460,3709600180,20140526T000000,346000.0,4.0,2.5,2100,3916,2.0,0,0,3,8,2100,0,2009,0,98058,47.4324,-122.185,2100,3916
14461,14461,3902300210,20140715T000000,607000.0,4.0,2.75,2150,16728,1.0,0,0,4,8,1240,910,1982,0,98033,47.6915,-122.183,2200,9257
14462,14462,2113700620,20140804T000000,417000.0,3.0,1.5,2500,6000,1.5,0,0,5,7,1730,770,1941,1984,98106,47.5297,-122.354,1340,5000
14463,14463,5700003705,20140619T000000,930000.0,5.0,2.0,3530,9385,1.5,0,0,3,9,3530,0,1925,0,98144,47.5774,-122.285,4100,9203
14464,14464,34001540,20150423T000000,573300.0,2.0,1.75,1290,6600,1.0,0,2,3,7,870,420,1951,0,98136,47.531000000000006,-122.39,2380,7370
14465,14465,2976800145,20150406T000000,260000.0,4.0,1.75,2010,10816,1.0,0,0,3,7,1410,600,1955,0,98178,47.5048,-122.251,1610,9360
14466,14466,7549801385,20140612T000000,280000.0,1.0,0.75,420,6720,1.0,0,0,3,5,420,0,1922,0,98108,47.552,-122.311,1420,6720
14467,14467,9103000360,20141218T000000,825000.0,4.0,2.5,2180,4000,2.0,0,0,3,8,2180,0,1920,2005,98122,47.6186,-122.288,2660,4000
14468,14468,7304300720,20140610T000000,307000.0,4.0,1.0,1150,8184,1.5,0,0,3,6,1150,0,1947,0,98155,47.7431,-122.319,990,8184
14469,14469,1254200835,20140813T000000,595000.0,4.0,1.75,2000,5100,1.0,0,0,4,7,1130,870,1949,0,98117,47.6798,-122.391,1540,5100
14470,14470,8562700410,20150415T000000,528000.0,5.0,1.75,2780,7786,1.0,0,0,3,8,1390,1390,1966,0,98052,47.6694,-122.157,2130,7918
14471,14471,7558800620,20140822T000000,600000.0,2.0,1.75,1550,7764,1.0,1,4,4,8,1550,0,1965,1986,98070,47.358,-122.446,1690,11620
14472,14472,2122049038,20150302T000000,275000.0,2.0,1.0,2180,12875,1.0,0,0,3,7,1480,700,1959,0,98198,47.3757,-122.303,1800,7447
14473,14473,2397101075,20140702T000000,782000.0,2.0,1.5,1570,3600,1.5,0,2,4,7,1320,250,1906,0,98119,47.6366,-122.363,2140,3600
14474,14474,7695470120,20140808T000000,610000.0,3.0,2.5,2260,33042,1.0,0,0,3,9,1660,600,1986,0,98077,47.7634,-122.086,2600,40115
14475,14475,4083304700,20141125T000000,488000.0,3.0,1.0,1600,3200,1.5,0,0,3,7,1600,0,1909,0,98103,47.653,-122.331,1860,3420
14476,14476,7857001225,20150403T000000,320000.0,3.0,1.0,1630,5000,1.0,0,0,3,7,930,700,1954,0,98108,47.5497,-122.295,1630,5480
14477,14477,4356200210,20150318T000000,153500.0,3.0,1.0,890,4810,1.0,0,0,3,6,890,0,1910,0,98118,47.5153,-122.266,1230,6057
14478,14478,3840700205,20150319T000000,414500.0,3.0,1.0,1350,9450,1.0,0,0,3,7,1350,0,1979,0,98034,47.7186,-122.236,1460,9461
14479,14479,7739100155,20140804T000000,750000.0,5.0,1.75,2850,11860,1.0,0,0,3,9,2850,0,1951,0,98155,47.7503,-122.28,2640,11604
14480,14480,1720069029,20150313T000000,349990.0,3.0,1.0,1350,165092,1.0,0,3,5,6,1350,0,1925,0,98022,47.2217,-122.063,2300,211266
14481,14481,921049141,20141201T000000,645000.0,3.0,2.25,3280,79279,1.0,0,0,3,10,3280,0,2001,0,98003,47.3207,-122.293,1860,24008
14482,14482,6909700205,20150406T000000,425000.0,2.0,1.0,1090,6000,1.0,0,0,3,7,1090,0,1922,0,98144,47.5886,-122.292,1960,5000
14483,14483,2725069164,20140805T000000,785000.0,4.0,2.5,2990,9374,2.0,0,0,3,9,2990,0,2003,0,98074,47.6287,-122.024,2440,8711
14484,14484,3523069060,20141107T000000,290000.0,3.0,1.75,1340,63597,1.0,0,0,4,7,1340,0,1963,0,98038,47.4379,-122.011,1950,87120
14485,14485,3523069060,20150401T000000,415000.0,3.0,1.75,1340,63597,1.0,0,0,4,7,1340,0,1963,0,98038,47.4379,-122.011,1950,87120
14486,14486,4302200790,20140814T000000,248500.0,2.0,1.0,720,5160,1.0,0,0,3,6,720,0,1949,0,98106,47.5274,-122.357,990,5160
14487,14487,8899210610,20140723T000000,325000.0,3.0,2.5,2330,8627,1.0,0,0,4,7,1480,850,1980,0,98055,47.4543,-122.21,1940,9607
14488,14488,5631500905,20140723T000000,272925.0,2.0,1.0,1280,5728,1.5,0,0,5,6,1280,0,1941,0,98028,47.7477,-122.232,2480,9775
14489,14489,2770601530,20140826T000000,500000.0,2.0,2.25,1570,1269,2.0,0,0,3,9,1280,290,2015,0,98199,47.6514,-122.385,1570,6000
14490,14490,7831800411,20141020T000000,250000.0,4.0,1.75,1510,5500,1.5,0,0,3,7,1510,0,1920,0,98106,47.535,-122.359,1320,6431
14491,14491,326049103,20140922T000000,470000.0,4.0,2.5,2470,8536,2.0,0,0,3,8,2470,0,2002,0,98155,47.7699,-122.292,1690,8840
14492,14492,1231001115,20141001T000000,440000.0,2.0,1.0,1190,3400,1.0,0,0,4,7,990,200,1917,0,98118,47.5539,-122.268,1180,4000
14493,14493,1041440360,20150105T000000,299999.0,4.0,2.5,1981,4828,2.0,0,0,3,8,1981,0,2013,0,98092,47.3252,-122.167,1981,3783
14494,14494,5001700040,20150327T000000,255000.0,3.0,1.75,1590,7810,1.0,0,0,4,7,1590,0,1959,0,98002,47.2932,-122.22,1470,7810
14495,14495,4037200665,20140813T000000,415950.0,3.0,1.75,1150,7700,1.0,0,0,3,7,1150,0,1957,0,98008,47.6048,-122.121,1650,8000
14496,14496,5249802520,20140805T000000,402000.0,5.0,2.75,2160,7200,1.5,0,0,3,7,1220,940,1955,0,98118,47.5576,-122.273,1900,7200
14497,14497,3585300410,20150424T000000,729000.0,3.0,1.5,1770,30689,1.0,0,4,3,9,1770,0,1953,0,98177,47.7648,-122.37,2650,30280
14498,14498,1624049087,20140917T000000,635000.0,2.0,2.5,2470,8840,2.0,0,0,4,8,1780,690,2001,0,98108,47.5693,-122.301,1940,8840
14499,14499,8121200530,20141008T000000,479000.0,3.0,2.5,1710,8998,2.0,0,0,3,8,1710,0,1982,0,98052,47.7236,-122.11,1710,9859
14500,14500,6705120540,20141222T000000,462370.0,2.0,2.25,1860,2670,2.0,0,0,4,8,1860,0,1986,0,98006,47.5436,-122.187,1860,2531
14501,14501,3353402390,20150501T000000,171500.0,3.0,1.0,1150,6480,1.5,0,0,4,5,1150,0,1946,0,98001,47.2642,-122.258,1100,7300
14502,14502,6190000035,20140715T000000,925000.0,5.0,3.0,3850,9457,2.0,0,0,4,9,2910,940,1963,0,98177,47.727,-122.362,2830,9608
14503,14503,1313000220,20140513T000000,675000.0,5.0,3.0,3410,9600,1.0,0,0,4,8,1870,1540,1968,0,98052,47.6358,-122.103,2390,9679
14504,14504,921059161,20140623T000000,320000.0,4.0,1.5,1890,43560,1.0,0,0,4,8,1890,0,1974,0,98092,47.3267,-122.166,2376,5820
14505,14505,1823069279,20140520T000000,499950.0,5.0,3.5,3200,43560,2.0,0,0,3,7,3200,0,1989,0,98059,47.475,-122.093,2730,43560
14506,14506,826059152,20141117T000000,435000.0,5.0,1.0,2170,65340,1.5,0,0,4,7,1670,500,1930,0,98011,47.7555,-122.204,3170,12884
14507,14507,4136930360,20140605T000000,359800.0,4.0,2.5,2390,6426,2.0,0,0,3,9,2390,0,1999,0,98092,47.2586,-122.221,2520,6700
14508,14508,7697870530,20140507T000000,239900.0,3.0,2.0,1410,7566,1.0,0,0,3,7,1410,0,1985,0,98030,47.3674,-122.182,1570,7210
14509,14509,1024000109,20140710T000000,295000.0,2.0,1.0,740,4459,1.0,0,2,3,5,740,0,1915,0,98116,47.5704,-122.409,1490,4700
14510,14510,5112800234,20150304T000000,380000.0,3.0,2.5,2150,25705,1.5,0,0,3,6,2150,0,1980,2009,98058,47.4514,-122.089,1850,20160
14511,14511,8122101115,20150421T000000,435000.0,4.0,2.5,2180,6500,2.0,0,0,3,7,1410,770,1945,0,98126,47.5365,-122.37,920,6500
14512,14512,6933600540,20140820T000000,508000.0,2.0,1.0,820,5040,1.0,0,0,3,7,820,0,1953,0,98199,47.6498,-122.388,1730,5760
14513,14513,6169900790,20140620T000000,2400000.0,6.0,4.5,5480,10800,2.0,0,3,4,9,4430,1050,1999,0,98119,47.6307,-122.367,2970,7200
14514,14514,8001210120,20140916T000000,234500.0,4.0,2.5,1960,7875,1.0,0,0,3,7,1220,740,1978,0,98001,47.3427,-122.274,2030,7650
14515,14515,1931300870,20140528T000000,355000.0,2.0,1.0,1270,3200,1.0,0,0,4,7,960,310,1920,0,98103,47.6565,-122.348,1410,1320
14516,14516,8651441210,20140801T000000,230000.0,3.0,2.0,1710,5200,1.0,0,0,5,7,1030,680,1977,0,98042,47.3651,-122.094,1390,5200
14517,14517,1217000481,20150211T000000,345000.0,3.0,1.75,1930,9000,1.0,0,1,4,7,1150,780,1951,0,98166,47.4539,-122.348,1590,9000
14518,14518,7925100271,20140520T000000,430000.0,3.0,1.75,1200,4500,1.0,0,0,5,7,1200,0,1906,0,98108,47.5553,-122.316,1340,4500
14519,14519,1233100366,20141215T000000,500000.0,3.0,1.5,1680,17409,1.0,0,0,3,7,1680,0,1962,0,98033,47.6766,-122.176,1680,9101
14520,14520,9250900124,20150505T000000,378000.0,4.0,1.0,1300,6075,1.0,0,0,5,7,1300,0,1954,0,98133,47.773,-122.349,1450,7320
14521,14521,7852050220,20140808T000000,345000.0,3.0,2.5,1540,3237,2.0,0,0,3,7,1540,0,1999,0,98065,47.5299,-121.878,1780,3411
14522,14522,9297301520,20150329T000000,410000.0,2.0,1.75,870,4000,1.0,0,0,3,6,870,0,1941,0,98126,47.5657,-122.376,1420,4000
14523,14523,8615800325,20140822T000000,750000.0,2.0,2.25,1890,5400,2.0,0,0,5,8,1610,280,1905,0,98105,47.6688,-122.31,2820,4860
14524,14524,9512500610,20150122T000000,485000.0,4.0,1.75,2050,8913,1.0,0,0,3,7,1330,720,1968,0,98052,47.6735,-122.151,1290,8550
14525,14525,4311700120,20150317T000000,105000.0,3.0,1.0,880,18109,1.0,0,0,4,6,880,0,1970,0,98042,47.3634,-122.101,940,11193
14526,14526,1930301325,20150423T000000,1025000.0,3.0,2.75,2780,4000,2.0,0,2,5,8,1960,820,1904,0,98103,47.6565,-122.355,1490,4800
14527,14527,3888100133,20141014T000000,360000.0,3.0,1.0,1160,10988,1.0,0,0,3,7,1160,0,1965,0,98033,47.6818,-122.165,1670,51376
14528,14528,9510900610,20141030T000000,294000.0,5.0,2.75,2300,7600,1.0,0,0,4,7,1400,900,1969,0,98023,47.3084,-122.372,1750,8500
14529,14529,5469502060,20141009T000000,400000.0,4.0,2.5,3140,12792,2.0,0,0,4,9,3140,0,1977,0,98042,47.3863,-122.156,2510,12792
14530,14530,2946002914,20150102T000000,325000.0,3.0,1.75,2300,6200,1.0,0,0,4,7,1150,1150,1970,0,98198,47.4176,-122.323,1740,6600
14531,14531,7856640180,20140904T000000,770000.0,3.0,2.5,2900,23550,1.0,0,0,3,10,1490,1410,1987,0,98006,47.5708,-122.153,2900,19604
14532,14532,6204200180,20140709T000000,443000.0,3.0,2.25,1920,8223,2.0,0,0,4,7,1920,0,1989,0,98011,47.735,-122.201,1940,7274
14533,14533,5145100180,20140917T000000,325000.0,3.0,1.0,1150,7486,1.0,0,0,3,7,1150,0,1970,0,98034,47.7261,-122.219,1510,7486
14534,14534,3905090410,20150123T000000,760000.0,4.0,2.5,3120,8792,2.0,0,0,4,9,3120,0,1992,0,98029,47.5699,-121.993,2150,7688
14535,14535,5363200180,20140515T000000,640000.0,4.0,2.0,2560,7798,1.0,0,0,4,7,1890,670,1947,0,98115,47.6914,-122.296,1330,7798
14536,14536,8806900040,20150406T000000,415000.0,3.0,2.0,1410,4303,1.5,0,0,4,7,1410,0,1900,0,98108,47.5541,-122.317,1660,4326
14537,14537,3674400035,20140512T000000,156000.0,3.0,1.0,970,8580,1.0,0,0,3,7,970,0,1959,0,98003,47.3363,-122.311,1430,11907
14538,14538,6648150150,20140922T000000,996000.0,3.0,3.25,3620,8131,2.0,0,0,4,10,2730,890,1988,0,98040,47.5776,-122.214,2040,3776
14539,14539,9266700175,20150327T000000,415000.0,2.0,1.0,880,5100,1.0,0,0,4,7,880,0,1941,0,98103,47.694,-122.346,980,5100
14540,14540,3678900450,20140926T000000,615000.0,3.0,1.75,1900,3783,1.5,0,0,5,7,1110,790,1927,0,98144,47.5742,-122.315,1530,5098
14541,14541,9526600210,20141007T000000,717000.0,4.0,2.5,2540,4241,2.0,0,0,3,8,2540,0,2009,0,98052,47.7073,-122.112,3010,4929
14542,14542,631000040,20150331T000000,548000.0,4.0,1.75,1690,7794,1.0,0,0,3,7,1090,600,1968,0,98033,47.6888,-122.203,1380,7325
14543,14543,2026049122,20150401T000000,425000.0,3.0,1.5,1120,6653,1.0,0,0,4,7,1120,0,1937,0,98133,47.7321,-122.334,1580,7355
14544,14544,7523850150,20141027T000000,325250.0,4.0,2.75,2130,9339,1.0,0,0,3,7,1330,800,1991,0,98198,47.3788,-122.316,2090,7628
14545,14545,2326059080,20140801T000000,1225000.0,3.0,2.5,3420,79279,2.0,0,0,3,11,3420,0,1990,0,98052,47.7225,-122.126,4240,40500
14546,14546,3211700035,20140625T000000,557500.0,3.0,1.75,1900,11165,1.0,0,0,4,7,1900,0,1959,0,98008,47.5789,-122.118,2030,11165
14547,14547,9365700385,20140714T000000,1260500.0,4.0,2.5,3730,16950,2.0,0,0,3,10,3730,0,1990,0,98040,47.5678,-122.228,3200,16950
14548,14548,2734100736,20140910T000000,249950.0,3.0,3.0,1790,2003,2.0,0,0,3,7,1480,310,2006,0,98108,47.5421,-122.321,1220,4000
14549,14549,5029460180,20140916T000000,260000.0,4.0,2.75,2250,7345,1.0,0,0,4,8,1320,930,1984,0,98023,47.2895,-122.37,1800,6950
14550,14550,632000065,20140611T000000,1989000.0,3.0,2.5,2880,13500,1.0,0,4,5,8,1520,1360,1950,0,98004,47.6281,-122.216,3710,20486
14551,14551,6821101765,20140621T000000,442900.0,4.0,1.75,1780,2788,1.0,0,0,4,6,890,890,1943,0,98199,47.6511,-122.4,1760,5664
14552,14552,7525050150,20140613T000000,475000.0,3.0,2.25,1580,12177,1.0,0,0,3,7,1200,380,1981,0,98074,47.6254,-122.045,1660,11374
14553,14553,2591780180,20140813T000000,365000.0,5.0,2.75,3260,9253,2.0,0,0,3,8,3260,0,2004,0,98042,47.3674,-122.07,2770,8067
14554,14554,4027700666,20150426T000000,780000.0,4.0,2.5,3180,9603,2.0,0,2,3,9,3180,0,2002,0,98155,47.7717,-122.277,2440,15261
14555,14555,4083300620,20150227T000000,930000.0,3.0,1.75,2460,4240,1.0,0,0,4,7,1230,1230,1925,0,98103,47.6593,-122.337,1700,4240
14556,14556,2303900035,20140611T000000,2888000.0,5.0,6.25,8670,64033,2.0,0,4,3,13,6120,2550,1965,2003,98177,47.7295,-122.372,4140,81021
14557,14557,6300500515,20140818T000000,350000.0,3.0,1.0,1020,4980,1.0,0,0,4,7,850,170,1941,0,98133,47.7039,-122.34,970,4980
14558,14558,6163900952,20141218T000000,357500.0,3.0,1.75,1630,9403,1.0,0,0,3,7,1630,0,1983,0,98155,47.757,-122.316,1430,8461
14559,14559,5631500369,20140521T000000,520000.0,4.0,2.5,3290,11446,2.0,0,0,3,8,3290,0,1992,0,98028,47.7399,-122.234,2050,11933
14560,14560,9558010230,20140509T000000,330000.0,4.0,2.5,1940,3784,2.0,0,0,3,8,1940,0,2003,0,98058,47.4513,-122.119,1940,4499
14561,14561,9407102245,20140604T000000,310000.0,3.0,2.0,1350,11150,1.0,0,0,3,7,1110,240,1995,0,98045,47.446000000000005,-121.776,1290,10043
14562,14562,1430800191,20150213T000000,279000.0,3.0,1.0,1110,6060,1.0,0,0,3,6,1110,0,1949,0,98166,47.4705,-122.352,1480,8100
14563,14563,7635801371,20140725T000000,540000.0,4.0,1.5,2993,19400,2.0,0,0,4,7,2233,760,1921,0,98166,47.4692,-122.365,2060,15100
14564,14564,2215450150,20140530T000000,322000.0,4.0,2.5,2280,7200,2.0,0,0,3,8,2280,0,1994,0,98030,47.3829,-122.207,2250,7200
14565,14565,7146400040,20150312T000000,380000.0,5.0,3.25,3800,15500,1.0,0,0,3,7,2490,1310,1965,0,98032,47.3862,-122.28,2000,13980
14566,14566,7635800180,20150428T000000,320000.0,2.0,1.0,850,8400,1.0,0,0,4,6,850,0,1941,0,98166,47.4696,-122.359,1280,8400
14567,14567,114100297,20140922T000000,400000.0,3.0,1.75,1560,8456,1.0,0,0,5,7,1560,0,1970,0,98028,47.7769,-122.25,2230,13109
14568,14568,6145601510,20140822T000000,412000.0,3.0,1.0,1000,3844,1.0,0,0,5,7,900,100,1928,0,98133,47.7031,-122.349,1000,3920
14569,14569,9550200155,20150407T000000,887200.0,3.0,1.0,1400,5100,1.5,0,0,3,7,1400,0,1900,0,98103,47.6677,-122.333,1740,3060
14570,14570,8122100905,20140624T000000,395000.0,4.0,1.75,1540,5120,1.0,0,0,5,6,770,770,1943,0,98126,47.5359,-122.372,1080,5120
14571,14571,2025069025,20150429T000000,895000.0,4.0,3.0,3570,10273,1.5,0,3,3,9,2630,940,1935,2007,98074,47.6394,-122.077,3640,15324
14572,14572,5595900210,20141119T000000,195000.0,2.0,1.0,800,5280,1.0,0,0,5,6,800,0,1918,0,98022,47.205,-121.995,1240,7670
14573,14573,3157600325,20140620T000000,390000.0,3.0,1.0,1160,3750,1.5,0,0,3,7,1160,0,1910,0,98106,47.5652,-122.359,1530,3750
14574,14574,1432400120,20141111T000000,165000.0,3.0,1.0,1010,7690,1.0,0,0,4,6,1010,0,1958,0,98058,47.4501,-122.176,1010,7619
14575,14575,1432400120,20150508T000000,255000.0,3.0,1.0,1010,7690,1.0,0,0,4,6,1010,0,1958,0,98058,47.4501,-122.176,1010,7619
14576,14576,3811000230,20150316T000000,589000.0,4.0,2.25,2390,57599,2.0,0,0,3,8,2390,0,1981,0,98053,47.6651,-122.067,2390,38186
14577,14577,8665050770,20140619T000000,505000.0,3.0,2.5,1610,4611,2.0,0,0,3,8,1610,0,1996,0,98029,47.5678,-122.004,1730,4461
14578,14578,2976800360,20150223T000000,335750.0,3.0,3.0,2400,7260,1.0,0,0,3,7,1440,960,1955,0,98178,47.5045,-122.251,1060,7200
14579,14579,871001484,20150115T000000,719000.0,3.0,1.75,1800,5816,1.0,0,0,5,7,900,900,1947,0,98199,47.6529,-122.407,1650,5816
14580,14580,9528104910,20140909T000000,796000.0,4.0,3.25,2110,3000,2.0,0,0,3,8,2110,0,2001,0,98115,47.6769,-122.328,1780,4000
14581,14581,6929602721,20150408T000000,95000.0,2.0,1.0,960,7000,1.0,0,0,3,4,960,0,1918,0,98198,47.3864,-122.307,1850,8120
14582,14582,7203600530,20140529T000000,525000.0,3.0,3.0,2600,5238,1.5,0,3,3,9,1890,710,1989,0,98198,47.3448,-122.327,2220,4853
14583,14583,2206500395,20140515T000000,417000.0,3.0,1.5,1340,10224,1.0,0,0,4,7,1340,0,1956,0,98006,47.5752,-122.157,1340,10440
14584,14584,9277200180,20150420T000000,410000.0,3.0,1.0,1410,5000,1.0,0,0,3,6,980,430,1925,0,98116,47.5769,-122.397,1410,5000
14585,14585,6672900220,20150112T000000,984000.0,4.0,2.25,2390,12292,1.0,0,0,5,9,2390,0,1962,0,98040,47.5528,-122.221,2870,12337
14586,14586,1139000072,20150403T000000,325000.0,2.0,1.5,1180,834,3.0,0,0,3,8,1180,0,2009,0,98133,47.7074,-122.356,1180,1207
14587,14587,7229900975,20140507T000000,314950.0,3.0,1.0,1040,16986,1.0,0,0,4,7,1040,0,1968,0,98059,47.4812,-122.097,1660,16986
14588,14588,5631500594,20140923T000000,350000.0,3.0,2.25,1840,9929,1.0,0,0,3,7,1200,640,1987,0,98028,47.7408,-122.236,1710,9929
14589,14589,6861700156,20141027T000000,1045000.0,4.0,2.25,2630,4000,2.0,0,0,5,9,1810,820,1909,0,98102,47.6393,-122.317,2370,4700
14590,14590,6388930620,20140710T000000,657000.0,4.0,2.5,2640,25038,2.0,0,0,4,8,2640,0,1995,0,98056,47.5277,-122.174,2630,16668
14591,14591,2887970040,20150408T000000,234950.0,2.0,2.5,1720,3132,2.0,0,0,3,8,1720,0,1999,0,98042,47.3728,-122.157,1740,4220
14592,14592,726049213,20150320T000000,410000.0,4.0,1.75,2320,7500,1.0,0,0,3,7,1220,1100,1955,0,98133,47.7574,-122.343,2230,7500
14593,14593,442000210,20150417T000000,625000.0,3.0,1.75,1840,5664,2.0,0,0,3,7,1270,570,1948,0,98115,47.6899,-122.283,1480,5664
14594,14594,5525400530,20150423T000000,706000.0,5.0,2.5,2890,15891,2.0,0,0,3,9,2890,0,1990,0,98059,47.5286,-122.16,2590,10556
14595,14595,6093000065,20140519T000000,485000.0,3.0,1.75,2200,7706,2.0,0,2,3,7,2200,0,1908,1988,98198,47.3878,-122.326,1170,70973
14596,14596,7519000085,20141002T000000,685000.0,4.0,2.75,1660,5150,1.5,0,0,5,7,1280,380,1928,0,98117,47.6835,-122.362,1490,4017
14597,14597,2525310220,20141016T000000,242050.0,3.0,2.5,2170,9900,1.0,0,0,3,7,1690,480,1980,0,98038,47.3634,-122.031,1420,10614
14598,14598,3630120970,20140922T000000,770000.0,3.0,3.25,3310,5000,2.0,0,0,3,9,3310,0,2006,0,98029,47.5558,-122.001,2670,4907
14599,14599,1232001985,20150428T000000,557000.0,2.0,1.5,1450,3840,1.0,0,0,3,7,950,500,1947,0,98117,47.684,-122.381,1450,3840
14600,14600,3422049158,20140711T000000,246000.0,3.0,1.75,1440,11325,1.0,0,0,4,8,1440,0,1966,0,98001,47.3503,-122.279,1440,20000
14601,14601,2501600150,20150310T000000,194000.0,4.0,2.0,1760,7700,1.0,0,0,4,7,1760,0,1962,0,98003,47.3299,-122.318,1870,7316
14602,14602,3326059254,20141124T000000,720000.0,3.0,2.5,3170,7187,2.0,0,0,3,9,3170,0,2005,0,98033,47.6934,-122.166,2790,7336
14603,14603,2624049103,20150325T000000,449000.0,2.0,1.0,1250,4576,1.0,0,0,3,6,1040,210,1925,0,98118,47.5387,-122.266,1550,5000
14604,14604,1525069095,20140619T000000,925000.0,4.0,2.5,3280,209088,2.0,0,0,3,10,3280,0,1994,0,98053,47.6553,-122.023,2460,39498
14605,14605,4077800455,20150326T000000,570000.0,4.0,3.0,2460,10401,1.0,0,0,5,7,1700,760,1947,0,98125,47.7106,-122.285,1470,7727
14606,14606,968000120,20141112T000000,395000.0,3.0,2.0,1470,10125,1.0,0,0,4,7,1470,0,1962,0,98011,47.7751,-122.222,1440,10125
14607,14607,629000704,20140729T000000,1000000.0,4.0,2.0,1780,15648,1.5,0,0,5,8,1780,0,1918,0,98004,47.5849,-122.198,2320,14963
14608,14608,7129300175,20140701T000000,406000.0,4.0,1.0,1580,8475,1.5,0,2,4,7,1580,0,1928,0,98178,47.5104,-122.254,1700,5650
14609,14609,2887703186,20141023T000000,574800.0,3.0,1.5,1630,2946,1.5,0,0,4,8,1630,0,1932,0,98115,47.6865,-122.31,1550,3800
14610,14610,3832500790,20150420T000000,309000.0,4.0,2.0,2240,9240,1.0,0,0,3,7,1120,1120,1968,0,98032,47.3666,-122.288,2040,8250
14611,14611,2423069170,20140603T000000,770000.0,3.0,2.5,2430,54059,2.0,0,0,3,10,2430,0,1987,0,98027,47.4664,-121.992,2910,49658
14612,14612,225039029,20150317T000000,525000.0,3.0,1.5,1940,5625,1.0,0,0,4,7,1440,500,1941,0,98117,47.6818,-122.388,1460,5500
14613,14613,7852180650,20140718T000000,419000.0,3.0,2.5,1970,4058,2.0,0,0,3,7,1970,0,2004,0,98065,47.5308,-121.853,2340,4067
14614,14614,5422500220,20150411T000000,479000.0,4.0,2.5,2050,6705,1.0,0,0,4,7,1230,820,1973,0,98034,47.7242,-122.217,1610,7292
14615,14615,8649400790,20150113T000000,160000.0,3.0,1.0,1340,18552,1.5,0,0,4,5,1340,0,1935,0,98014,47.7129,-121.325,960,15141
14616,14616,2473001210,20140916T000000,333000.0,4.0,1.75,1880,9880,1.0,0,0,4,8,1880,0,1967,0,98058,47.4551,-122.151,1880,9600
14617,14617,9485700175,20140930T000000,310000.0,2.0,1.0,860,12160,1.0,0,0,4,6,860,0,1921,0,98106,47.5267,-122.361,1010,7611
14618,14618,7694800180,20150205T000000,666000.0,3.0,2.5,2140,2868,2.0,0,0,3,8,1770,370,2007,0,98052,47.6668,-122.132,2140,2527
14619,14619,7936500109,20140725T000000,2230000.0,3.0,3.0,3620,28064,2.0,1,4,5,10,2370,1250,1977,0,98136,47.5516,-122.398,2550,34713
14620,14620,104560540,20140917T000000,310000.0,4.0,2.75,2370,7320,2.0,0,0,3,7,2370,0,1989,0,98023,47.3071,-122.36,1960,7320
14621,14621,8161000220,20141227T000000,350000.0,3.0,2.5,1860,21876,2.0,0,0,3,8,1860,0,1992,0,98014,47.6455,-121.901,2450,21876
14622,14622,2487200775,20140512T000000,610000.0,4.0,3.0,2110,5000,1.5,0,2,4,7,1640,470,1930,0,98136,47.5195,-122.391,1380,5000
14623,14623,3905030330,20141008T000000,564800.0,3.0,2.25,1990,8501,2.0,0,0,3,8,1990,0,1991,0,98029,47.5707,-121.996,2090,6459
14624,14624,2881700522,20150421T000000,438000.0,3.0,2.25,1820,9150,1.0,0,0,3,7,1320,500,1961,0,98133,47.737,-122.334,1780,8055
14625,14625,7856620870,20140813T000000,855000.0,3.0,2.0,3120,9400,1.0,0,0,5,9,1820,1300,1978,0,98006,47.5612,-122.15,2770,9500
14626,14626,179001046,20140508T000000,229000.0,3.0,2.5,1190,3000,2.0,0,0,3,7,1190,0,2002,0,98178,47.4933,-122.275,1190,3000
14627,14627,7562100065,20140725T000000,260000.0,3.0,2.0,1170,5450,1.0,0,0,5,6,1170,0,1902,0,98118,47.5276,-122.273,1340,6384
14628,14628,6891800360,20140918T000000,609000.0,3.0,2.5,2630,10131,2.0,0,0,3,9,2630,0,1989,0,98028,47.7695,-122.259,2800,10123
14629,14629,7211400760,20140528T000000,277000.0,4.0,1.0,1450,6250,1.0,0,0,3,6,990,460,1964,0,98146,47.5131,-122.357,1440,4000
14630,14630,123039207,20141209T000000,283000.0,4.0,2.0,2100,8160,1.0,0,0,3,7,1200,900,1959,0,98106,47.5145,-122.365,1140,8160
14631,14631,3426049124,20150318T000000,334000.0,2.0,1.75,1680,8367,1.0,0,0,3,6,840,840,1914,0,98115,47.6976,-122.288,1830,6720
14632,14632,4222500410,20150226T000000,267000.0,4.0,1.75,2000,7350,1.0,0,0,3,7,1100,900,1963,0,98003,47.3428,-122.303,1720,7350
14633,14633,6716700325,20140714T000000,385000.0,3.0,1.0,1030,3000,1.0,0,0,3,7,830,200,1924,0,98115,47.6813,-122.317,1830,3000
14634,14634,431500155,20141024T000000,640000.0,5.0,1.75,2020,6565,1.0,0,0,3,8,1120,900,1956,0,98115,47.6821,-122.283,2020,6552
14635,14635,626059220,20150506T000000,532500.0,4.0,2.0,2220,23750,1.0,0,0,3,7,2220,0,1963,0,98011,47.7759,-122.214,2650,21167
14636,14636,1328340540,20140523T000000,335000.0,4.0,2.5,1750,8476,1.0,0,0,4,7,1240,510,1983,0,98058,47.4447,-122.137,1660,7875
14637,14637,9269200120,20141030T000000,415000.0,3.0,2.5,1710,4920,2.0,0,0,3,7,1710,0,1990,0,98126,47.5347,-122.376,1500,4920
14638,14638,2225059170,20140917T000000,1098000.0,6.0,3.25,3560,107362,1.5,0,0,4,8,2760,800,1963,0,98005,47.6356,-122.15,3210,35001
14639,14639,8835900220,20140828T000000,1442500.0,2.0,2.5,2720,16637,1.0,0,3,3,10,2160,560,1953,0,98118,47.5499,-122.264,2880,7320
14640,14640,3192000085,20140807T000000,180000.0,3.0,1.0,1010,10215,1.0,0,0,3,6,1010,0,1955,0,98146,47.4872,-122.345,1320,10245
14641,14641,5104520610,20140714T000000,335000.0,4.0,2.5,1830,4500,2.0,0,0,3,7,1830,0,2004,0,98038,47.3504,-122.005,2080,5100
14642,14642,3530210180,20140723T000000,835000.0,4.0,3.0,4480,42717,2.0,0,0,3,9,4480,0,1987,0,98077,47.7711,-122.088,3140,41632
14643,14643,6840701225,20141003T000000,592500.0,4.0,1.5,2080,4400,1.5,0,0,3,7,2080,0,1925,0,98122,47.606,-122.299,1680,4400
14644,14644,7979900210,20140808T000000,418900.0,3.0,1.5,1470,11112,1.0,0,0,3,7,1470,0,1954,0,98155,47.7462,-122.294,1460,11407
14645,14645,3343901183,20140709T000000,340000.0,3.0,1.0,1600,7324,1.0,0,0,4,7,1600,0,1958,0,98056,47.5054,-122.19,1430,7249
14646,14646,5249804825,20140702T000000,545000.0,3.0,2.0,1340,7200,1.5,0,0,4,7,1340,0,1923,0,98118,47.5601,-122.265,1630,5760
14647,14647,1234000704,20150403T000000,1378000.0,5.0,3.5,3680,8680,2.0,0,0,3,9,3680,0,2003,0,98033,47.6575,-122.197,2020,8847
14648,14648,646910150,20150326T000000,183750.0,3.0,2.5,1770,3451,2.0,0,0,3,7,1770,0,2004,0,98055,47.4325,-122.197,1490,2138
14649,14649,9407001320,20140522T000000,295000.0,4.0,2.0,980,10640,1.0,0,0,5,7,980,0,1978,0,98045,47.4462,-121.773,1230,9750
14650,14650,9527000180,20140711T000000,625000.0,4.0,3.0,2530,5625,1.0,0,0,3,8,1470,1060,1976,0,98034,47.7094,-122.233,1840,7070
14651,14651,7225000155,20140609T000000,290000.0,4.0,3.0,2390,4500,2.0,0,0,3,7,2390,0,1974,0,98055,47.4872,-122.204,1320,4500
14652,14652,3622069103,20150123T000000,760000.0,4.0,2.5,3600,155509,2.0,0,0,3,9,3600,0,2004,0,98010,47.3538,-121.986,3410,34412
14653,14653,3345100286,20150219T000000,560000.0,4.0,2.5,3270,24750,1.0,0,0,4,8,1690,1580,1979,0,98056,47.5221,-122.178,1520,13480
14654,14654,203100910,20140923T000000,475000.0,5.0,2.5,2300,28480,2.0,0,0,3,6,2300,0,1994,0,98053,47.6403,-121.964,1880,26720
14655,14655,1257201530,20140513T000000,620000.0,3.0,1.0,1710,4050,1.5,0,0,3,7,1710,0,1909,0,98103,47.6732,-122.331,1790,4896
14656,14656,3083000365,20150508T000000,330000.0,4.0,2.0,1170,4000,1.0,0,0,3,7,1170,0,1955,0,98144,47.5797,-122.305,1720,4000
14657,14657,1245000865,20150408T000000,620000.0,3.0,2.25,1990,6256,1.0,0,0,3,7,1390,600,1960,0,98033,47.6903,-122.206,2080,9300
14658,14658,5104220120,20150107T000000,320000.0,4.0,1.75,1710,10480,1.5,0,0,4,6,1710,0,1969,0,98059,47.4743,-122.143,1750,10480
14659,14659,9828701608,20140915T000000,525000.0,3.0,2.5,1740,2350,2.0,0,0,3,8,1120,620,1996,0,98112,47.6206,-122.297,1750,3802
14660,14660,98020410,20140721T000000,802500.0,4.0,3.75,3320,8030,2.0,0,0,3,10,3320,0,2005,0,98075,47.5818,-121.972,3740,8030
14661,14661,3416601021,20140926T000000,569500.0,4.0,1.0,1960,3194,2.0,0,0,3,7,1960,0,1907,0,98144,47.6005,-122.296,1870,4200
14662,14662,3052700610,20141216T000000,850000.0,6.0,3.5,2820,5400,1.0,0,0,3,8,1620,1200,1958,0,98117,47.6791,-122.374,1560,2276
14663,14663,8818400155,20150405T000000,630000.0,3.0,1.0,1590,4080,1.5,0,0,3,7,1590,0,1922,0,98105,47.662,-122.326,1570,4080
14664,14664,8562901830,20140805T000000,454800.0,4.0,2.25,2490,10720,1.0,0,1,4,7,1400,1090,1979,0,98074,47.6137,-122.06,3080,10720
14665,14665,8651430870,20150303T000000,177000.0,3.0,1.0,870,5200,1.0,0,0,5,6,870,0,1969,0,98042,47.3695,-122.081,870,5200
14666,14666,721049207,20140619T000000,275000.0,3.0,1.75,1860,15681,1.0,0,0,4,7,1860,0,1971,0,98023,47.3191,-122.339,1860,22979
14667,14667,3463400330,20150416T000000,460000.0,3.0,2.0,2930,29136,2.0,0,0,3,8,2240,690,1990,0,98010,47.3102,-122.042,2110,29362
14668,14668,6003500995,20140617T000000,729000.0,3.0,1.0,1580,3840,2.0,0,0,3,8,1580,0,1908,0,98102,47.6192,-122.319,1680,2624
14669,14669,4139430910,20141021T000000,935000.0,4.0,3.25,4110,15488,2.0,0,2,3,11,4110,0,1995,0,98006,47.5493,-122.117,4190,14973
14670,14670,1232000915,20140509T000000,481450.0,3.0,2.0,1410,4800,1.0,0,0,3,7,1410,0,1940,0,98117,47.6852,-122.378,1190,3840
14671,14671,1954700365,20150317T000000,860000.0,3.0,2.0,2090,4190,1.5,0,0,4,8,1490,600,1930,0,98122,47.6178,-122.284,2090,6270
14672,14672,8074200175,20141106T000000,274000.0,3.0,1.75,1400,8364,1.0,0,0,4,7,1400,0,1958,0,98056,47.4918,-122.178,1210,8160
14673,14673,6821101762,20140605T000000,499000.0,3.0,3.5,1690,1432,2.0,0,0,3,7,1360,330,2008,0,98199,47.6513,-122.4,1650,2788
14674,14674,1774230180,20140917T000000,696500.0,5.0,2.25,3210,61419,1.5,0,0,3,8,3210,0,1979,0,98077,47.7632,-122.09,2820,48351
14675,14675,2051200506,20150413T000000,390000.0,3.0,1.0,1190,85226,1.5,0,0,5,5,1190,0,1935,0,98070,47.365,-122.462,1360,46960
14676,14676,7851200040,20141216T000000,265000.0,3.0,1.0,960,9748,1.0,0,0,3,5,960,0,1922,0,98065,47.5259,-121.815,1600,9958
14677,14677,4027701326,20140709T000000,470000.0,4.0,2.25,2380,17199,2.0,0,0,3,8,1530,850,1979,0,98028,47.7668,-122.27,2280,11529
14678,14678,923049110,20150129T000000,168500.0,2.0,1.0,1020,7742,1.0,0,0,4,6,1020,0,1935,1978,98168,47.499,-122.301,1510,7742
14679,14679,3329500730,20141111T000000,220000.0,3.0,1.75,1290,8250,1.0,0,0,3,7,1290,0,1983,0,98001,47.3353,-122.27,1410,7823
14680,14680,5476800201,20141020T000000,295000.0,3.0,2.0,1830,17321,1.0,0,0,4,7,1100,730,1948,0,98178,47.5072,-122.272,1450,10706
14681,14681,4139910180,20150114T000000,1475000.0,5.0,4.0,4770,31570,2.0,0,0,3,12,4770,0,1990,0,98006,47.5468,-122.123,4520,32070
14682,14682,7278100515,20140821T000000,1295000.0,2.0,2.5,2910,19449,2.0,1,4,5,9,1940,970,1985,0,98177,47.7729,-122.393,2540,23598
14683,14683,9353300220,20150408T000000,285000.0,3.0,1.0,950,10723,1.0,0,0,4,6,950,0,1959,0,98059,47.4899,-122.133,1520,10723
14684,14684,5253300173,20141022T000000,294950.0,3.0,1.0,1160,8950,1.0,0,0,3,7,1160,0,1968,0,98133,47.7499,-122.338,1210,8193
14685,14685,98000150,20150102T000000,1465000.0,4.0,4.0,4930,22093,2.0,0,3,3,12,4930,0,2004,0,98075,47.5874,-121.965,4630,18889
14686,14686,8608900205,20150403T000000,565500.0,3.0,1.75,1780,5850,1.0,0,0,5,7,980,800,1944,0,98116,47.5589,-122.392,1550,5850
14687,14687,2895200150,20141013T000000,230000.0,3.0,2.0,1410,10625,1.0,0,0,3,7,1410,0,1980,0,98042,47.3649,-122.117,1410,9744
14688,14688,621069057,20150323T000000,569950.0,4.0,3.5,2700,443440,1.5,0,0,3,8,2700,0,1948,1997,98042,47.333,-122.098,3210,298182
14689,14689,8712100760,20140924T000000,721000.0,2.0,1.5,1790,4250,1.0,0,0,3,7,920,870,1915,2014,98112,47.6367,-122.301,1910,4250
14690,14690,255520180,20141218T000000,565000.0,3.0,2.5,4040,8653,2.0,0,0,3,9,2900,1140,2006,0,98019,47.7378,-121.975,3360,8653
14691,14691,1025059186,20140917T000000,438000.0,3.0,1.75,1990,9885,1.0,0,0,4,7,1030,960,1978,0,98052,47.6722,-122.162,1560,10000
14692,14692,797000330,20150402T000000,369900.0,3.0,1.75,2150,19127,1.0,0,0,3,7,1650,500,1978,0,98168,47.5061,-122.324,1550,15000
14693,14693,6403510410,20140905T000000,405000.0,4.0,2.5,1850,9136,2.0,0,0,3,8,1850,0,1997,0,98059,47.4943,-122.157,1930,7873
14694,14694,4324210120,20140527T000000,282000.0,3.0,2.5,1680,15711,1.0,0,0,3,7,1240,440,1994,0,98031,47.423,-122.171,1420,8588
14695,14695,6381500450,20141104T000000,380950.0,2.0,1.0,1430,7819,1.0,0,0,3,7,1110,320,1944,0,98125,47.7307,-122.302,1380,7473
14696,14696,7609700065,20140630T000000,349810.0,3.0,1.0,960,8855,1.0,0,0,4,7,960,0,1958,0,98155,47.7689,-122.328,1250,8855
14697,14697,6192410760,20140526T000000,690000.0,4.0,2.5,2700,8810,2.0,0,0,3,9,2700,0,2004,0,98052,47.7041,-122.116,2730,5100
14698,14698,441000065,20150505T000000,653000.0,2.0,1.5,1290,5141,1.0,0,0,4,7,1050,240,1947,0,98115,47.6878,-122.29,1290,5406
14699,14699,9238510220,20141028T000000,526500.0,3.0,2.5,1860,43170,2.0,0,0,3,8,1860,0,1986,0,98072,47.7712,-122.136,2270,40835
14700,14700,293760150,20141017T000000,1040000.0,4.0,3.5,4320,8490,2.0,0,0,3,10,3280,1040,2005,0,98029,47.5568,-122.029,4030,11008
14701,14701,3331001765,20140923T000000,335000.0,3.0,1.0,2130,3825,1.5,0,0,3,7,2130,0,1917,0,98118,47.5506,-122.281,1780,5150
14702,14702,1423069077,20140915T000000,570000.0,2.0,1.75,2870,102366,2.0,0,2,4,8,1770,1100,1994,0,98027,47.4847,-122.0,2960,108900
14703,14703,8123450450,20150310T000000,1080000.0,5.0,3.5,3740,11340,2.0,0,0,3,10,3740,0,2013,0,98052,47.6628,-122.143,2040,8715
14704,14704,1795910360,20140922T000000,475000.0,3.0,2.5,2130,8022,2.0,0,0,3,8,2130,0,1985,0,98052,47.7252,-122.106,2130,7605
14705,14705,7883603965,20150212T000000,315000.0,4.0,2.0,1210,4250,1.0,0,0,4,7,1210,0,1941,0,98108,47.5275,-122.321,1210,6000
14706,14706,7937600087,20141209T000000,405000.0,6.0,2.0,2800,29985,1.0,0,0,5,7,1400,1400,1954,0,98058,47.4398,-122.08,1980,29985
14707,14707,3396820150,20140506T000000,562000.0,5.0,2.25,3040,8111,2.0,0,0,3,8,3040,0,1984,0,98052,47.7157,-122.103,2020,8304
14708,14708,3654800040,20150424T000000,295000.0,3.0,2.5,1570,6932,2.0,0,0,3,7,1570,0,1993,0,98038,47.3902,-122.049,1570,6271
14709,14709,8039900360,20140708T000000,383000.0,3.0,2.25,2090,15000,1.0,0,0,3,7,2090,0,1961,0,98045,47.4885,-121.783,1690,14400
14710,14710,3876540410,20150413T000000,242000.0,3.0,2.25,1690,7292,1.0,0,0,3,7,1250,440,1985,0,98003,47.2639,-122.303,1670,7747
14711,14711,7230300610,20150403T000000,352500.0,3.0,1.5,1470,17577,1.0,0,0,5,7,1470,0,1967,0,98059,47.4695,-122.116,2300,13832
14712,14712,1180005280,20140723T000000,239950.0,4.0,1.0,1460,6000,1.0,0,0,4,7,730,730,1941,0,98178,47.4952,-122.224,1190,6000
14713,14713,714000210,20140903T000000,998000.0,4.0,2.5,3030,6820,2.0,0,0,3,9,2530,500,1947,2000,98105,47.6695,-122.266,2070,6820
14714,14714,3902100205,20150417T000000,515000.0,3.0,1.75,1190,4500,1.0,0,0,3,6,1190,0,1922,2012,98116,47.5576,-122.388,1820,4500
14715,14715,9285800790,20150406T000000,590000.0,5.0,1.0,1840,6710,1.5,0,0,3,7,1840,0,1920,0,98126,47.5686,-122.378,1410,4880
14716,14716,1922000180,20150402T000000,1160000.0,4.0,3.75,3560,13959,2.0,0,0,4,9,3560,0,1972,0,98040,47.5575,-122.211,3320,11834
14717,14717,6121800065,20141104T000000,289000.0,3.0,1.75,1580,9750,1.0,0,0,5,7,1580,0,1954,0,98148,47.427,-122.331,1460,9750
14718,14718,4427100145,20150323T000000,424000.0,3.0,1.5,1230,7200,1.0,0,0,3,7,1230,0,1953,0,98125,47.7281,-122.311,1400,6240
14719,14719,7227800065,20141016T000000,199000.0,4.0,2.0,1440,9477,1.0,0,0,3,5,1440,0,1943,0,98056,47.5093,-122.182,1440,9546
14720,14720,7853220330,20141006T000000,730000.0,4.0,3.5,4420,7902,2.0,0,0,3,10,3350,1070,2004,0,98065,47.5327,-121.86,3440,7851
14721,14721,1430800258,20140527T000000,244000.0,3.0,1.0,910,5250,1.0,0,0,4,6,910,0,1971,0,98166,47.4729,-122.352,1650,10442
14722,14722,7454001075,20140618T000000,240000.0,2.0,1.0,670,10920,1.0,0,0,3,6,670,0,1942,0,98146,47.5128,-122.372,900,7425
14723,14723,4038500210,20150422T000000,797000.0,4.0,2.75,2650,8610,2.0,0,0,3,8,2650,0,1959,2007,98008,47.6155,-122.121,1680,8316
14724,14724,2310040230,20140520T000000,350000.0,4.0,2.25,2220,6953,2.0,0,0,4,8,2220,0,1999,0,98038,47.3509,-122.041,2240,6716
14725,14725,1727500230,20141119T000000,415000.0,3.0,1.75,1640,6435,1.0,0,0,3,7,1190,450,1972,0,98034,47.7197,-122.217,1770,6930
14726,14726,3874900205,20150414T000000,378510.0,2.0,1.0,770,5185,1.0,0,0,3,7,770,0,1947,0,98126,47.5459,-122.379,1260,6550
14727,14727,269000085,20140708T000000,1195000.0,4.0,3.5,3960,6654,2.0,0,0,3,10,2850,1110,2006,0,98199,47.6461,-122.389,2840,6400
14728,14728,7972602510,20141006T000000,379900.0,2.0,1.5,1140,7620,1.0,0,0,4,6,1140,0,1925,0,98106,47.5277,-122.351,1300,7620
14729,14729,7202340720,20140520T000000,620000.0,3.0,2.5,2480,9041,2.0,0,0,3,7,2480,0,2004,0,98053,47.6797,-122.035,2480,6500
14730,14730,1254201106,20140829T000000,524500.0,3.0,1.5,1580,3172,1.0,0,0,4,8,900,680,1946,0,98117,47.6796,-122.393,1580,5000
14731,14731,7349650330,20140609T000000,270000.0,4.0,2.75,1990,7252,1.0,0,0,3,7,1270,720,1999,0,98002,47.2839,-122.202,2100,7535
14732,14732,9211520150,20140528T000000,236000.0,4.0,2.25,1830,9485,1.0,0,0,4,7,1200,630,1989,0,98023,47.2995,-122.387,1730,10109
14733,14733,3438501020,20141105T000000,308500.0,2.0,2.0,840,14564,1.5,0,0,5,6,840,0,1942,0,98106,47.5499,-122.36,1430,7920
14734,14734,5460900120,20141208T000000,989900.0,5.0,2.25,3320,11350,1.0,0,0,5,8,1660,1660,1963,0,98040,47.5749,-122.213,3320,11085
14735,14735,7459810210,20141002T000000,299000.0,4.0,2.25,2050,26000,2.0,0,0,4,8,2050,0,1977,0,98042,47.3423,-122.063,2330,31100
14736,14736,4032500035,20140913T000000,295000.0,2.0,1.75,1560,43748,2.0,0,0,3,8,1560,0,1967,2000,98065,47.5729,-121.676,1000,24602
14737,14737,8018600880,20140611T000000,110000.0,2.0,1.0,800,15000,1.0,0,0,3,6,800,0,1927,0,98168,47.4932,-122.316,1170,15000
14738,14738,2807100156,20140703T000000,295950.0,2.0,1.0,1190,6200,1.0,0,0,3,7,1190,0,1948,0,98133,47.7634,-122.34,1470,7800
14739,14739,2112700845,20140528T000000,270000.0,3.0,1.75,1300,4127,1.0,0,0,4,6,650,650,1918,1953,98106,47.5353,-122.352,1420,4000
14740,14740,3022079087,20140521T000000,712000.0,4.0,2.5,3400,247421,2.0,0,0,3,9,3400,0,2001,0,98010,47.3623,-121.971,3180,222156
14741,14741,2767603577,20150506T000000,475000.0,2.0,1.5,1170,1250,3.0,0,0,3,8,1170,0,2000,0,98107,47.6719,-122.38,1310,1308
14742,14742,3955900220,20150317T000000,410000.0,4.0,2.5,2510,5258,2.0,0,0,3,7,2510,0,2001,0,98056,47.4818,-122.188,2570,5119
14743,14743,3761100276,20150313T000000,588000.0,4.0,2.25,2510,19550,1.0,0,0,4,9,1810,700,1977,0,98034,47.7041,-122.241,2450,19250
14744,14744,6979970150,20141212T000000,420000.0,3.0,2.5,2390,3903,2.0,0,0,3,8,1970,420,2006,0,98072,47.7515,-122.174,2390,3431
14745,14745,8857640410,20150119T000000,355000.0,4.0,2.25,2200,3404,2.0,0,0,3,8,2200,0,2005,0,98038,47.3895,-122.034,2200,3449
14746,14746,6052400175,20140623T000000,446000.0,2.0,1.0,2550,21675,1.0,0,1,4,7,1610,940,1958,0,98198,47.4013,-122.319,2030,10591
14747,14747,2525059077,20140520T000000,765000.0,4.0,2.25,2560,12100,1.0,0,0,4,8,1760,800,1976,0,98052,47.631,-122.108,2240,12100
14748,14748,5040800120,20140527T000000,967500.0,3.0,3.75,3250,5797,2.0,0,2,4,8,2370,880,1951,0,98199,47.6481,-122.405,1840,5797
14749,14749,8682262380,20140905T000000,381000.0,2.0,2.0,1340,4447,1.0,0,0,3,8,1340,0,2004,0,98053,47.7175,-122.033,1350,4458
14750,14750,2521059060,20150501T000000,490000.0,3.0,2.25,2840,107157,2.0,0,0,4,9,2840,0,1983,0,98092,47.2848,-122.118,2600,215622
14751,14751,7526800040,20140827T000000,716000.0,4.0,2.25,2480,9780,1.0,0,0,4,8,1900,580,1975,0,98052,47.6388,-122.099,2640,9780
14752,14752,4104900150,20150414T000000,605000.0,5.0,3.5,3060,8862,2.0,0,0,3,8,3060,0,1989,0,98056,47.5322,-122.185,2680,8398
14753,14753,5409800120,20140919T000000,312200.0,4.0,2.5,2910,8596,2.0,0,0,3,8,2910,0,2004,0,98003,47.2596,-122.304,2770,8602
14754,14754,2423039122,20140718T000000,327000.0,4.0,1.0,1900,9000,1.0,0,0,4,7,1290,610,1948,0,98166,47.4629,-122.361,1950,10800
14755,14755,6143600555,20140609T000000,229950.0,4.0,1.75,1300,21000,1.0,0,0,4,7,1300,0,1969,0,98001,47.3067,-122.285,2120,9920
14756,14756,5029451010,20140711T000000,160000.0,3.0,1.5,1480,7000,1.0,0,0,3,7,1000,480,1980,0,98023,47.2866,-122.368,1470,7022
14757,14757,6649500040,20140812T000000,255000.0,3.0,1.0,1250,9472,1.0,0,0,4,6,1250,0,1972,0,98059,47.495,-122.154,1590,9600
14758,14758,2922700155,20141125T000000,530000.0,4.0,2.5,2000,4700,1.5,0,0,4,7,1220,780,1944,0,98117,47.6902,-122.368,1560,4700
14759,14759,422049203,20141024T000000,239000.0,3.0,1.5,1330,6540,1.0,0,0,3,7,900,430,1971,0,98188,47.4239,-122.292,1400,11500
14760,14760,5412200180,20150228T000000,285000.0,3.0,2.25,1840,6214,1.0,0,0,4,7,1270,570,1983,0,98031,47.4043,-122.185,1840,6214
14761,14761,6338000032,20140827T000000,537000.0,4.0,2.0,1560,7104,1.5,0,0,3,7,1140,420,1945,0,98105,47.6714,-122.28,1850,7105
14762,14762,8161000210,20140814T000000,530000.0,3.0,2.5,3150,21893,2.0,0,0,3,9,3150,0,2006,0,98014,47.6455,-121.901,2280,21886
14763,14763,5028600360,20140725T000000,213675.0,3.0,2.25,1560,6013,2.0,0,0,3,7,1560,0,1990,0,98023,47.2862,-122.352,1640,6290
14764,14764,1952000150,20140506T000000,530000.0,5.0,2.5,2910,9636,1.0,0,0,4,7,1690,1220,1964,0,98008,47.5803,-122.119,2830,10385
14765,14765,9510920040,20150305T000000,780000.0,3.0,2.5,2940,15875,2.0,0,0,3,10,2940,0,1994,0,98075,47.5947,-122.016,2980,15875
14766,14766,9834200411,20141113T000000,390000.0,3.0,1.0,950,3621,1.0,0,0,4,6,950,0,1947,0,98144,47.575,-122.289,1540,4080
14767,14767,2960900040,20140521T000000,450000.0,2.0,1.0,1200,4000,1.0,0,0,3,7,1070,130,1940,0,98126,47.5766,-122.378,1770,4000
14768,14768,1112000035,20150311T000000,420000.0,2.0,1.0,1000,5375,1.0,0,0,3,7,1000,0,1953,0,98118,47.5404,-122.268,1380,5000
14769,14769,1982200790,20150127T000000,550000.0,3.0,2.0,1490,3880,1.0,0,0,3,7,1490,0,1959,0,98107,47.662,-122.363,1490,3880
14770,14770,3361401011,20150219T000000,110000.0,2.0,1.0,600,6120,1.0,0,0,3,5,600,0,1943,0,98168,47.4997,-122.317,1060,6120
14771,14771,1695900150,20140528T000000,700000.0,2.0,1.75,2320,5500,1.5,0,2,3,8,1720,600,1925,2000,98144,47.586000000000006,-122.292,2380,5000
14772,14772,1240100065,20150424T000000,807500.0,4.0,2.5,3190,24170,2.0,0,0,3,10,3190,0,2002,0,98074,47.6209,-122.052,2110,26321
14773,14773,421049254,20141002T000000,179000.0,2.0,1.0,990,8760,1.0,0,0,3,7,990,0,1977,0,98003,47.3302,-122.305,1560,11880
14774,14774,9412400220,20140710T000000,1612500.0,4.0,2.75,5470,18200,2.0,1,4,3,11,3730,1740,1992,0,98118,47.5316,-122.263,3620,15100
14775,14775,1726069060,20150409T000000,655000.0,4.0,2.75,2890,46609,2.0,0,0,4,9,2890,0,1981,0,98077,47.7454,-122.061,2880,68824
14776,14776,6150200040,20150316T000000,472500.0,3.0,2.0,1790,6800,1.0,0,0,4,7,1240,550,1964,0,98133,47.728,-122.339,1470,6800
14777,14777,7300400150,20141027T000000,299000.0,4.0,2.5,2350,6958,2.0,0,0,3,9,2350,0,1998,0,98092,47.3321,-122.172,2480,6395
14778,14778,2621730220,20140514T000000,740000.0,4.0,2.5,3430,10157,2.0,0,0,3,10,3430,0,2000,0,98034,47.723,-122.158,3480,10157
14779,14779,4122700040,20141010T000000,860000.0,3.0,1.75,2600,15064,1.0,0,0,4,8,1700,900,1967,0,98004,47.64,-122.204,2940,14984
14780,14780,9161100730,20140701T000000,620000.0,4.0,3.0,2130,6325,1.0,0,0,5,7,1440,690,1948,0,98116,47.5683,-122.396,1240,6325
14781,14781,9357001010,20141010T000000,410000.0,3.0,1.75,1660,5987,1.0,0,0,3,7,960,700,1982,0,98146,47.5107,-122.381,1510,6000
14782,14782,8643000210,20150304T000000,343000.0,5.0,3.5,2473,9282,2.0,0,1,5,7,2473,0,1963,0,98198,47.3966,-122.308,2040,10920
14783,14783,9828701739,20140617T000000,465000.0,2.0,2.75,1430,1425,2.0,0,0,3,7,995,435,2006,0,98112,47.621,-122.298,1500,1749
14784,14784,3204400040,20150304T000000,273950.0,3.0,2.25,1570,3109,2.0,0,0,3,8,1570,0,2002,0,98092,47.3258,-122.186,1680,3590
14785,14785,3342103282,20141017T000000,825000.0,2.0,1.0,1240,42247,1.0,0,1,4,7,1240,0,1915,0,98056,47.5169,-122.201,1550,12459
14786,14786,2420069604,20150330T000000,255000.0,3.0,2.5,1720,6200,2.0,0,0,3,7,1720,0,2014,0,98022,47.2137,-121.989,1710,9520
14787,14787,8078050040,20140908T000000,250000.0,3.0,2.0,1140,11161,1.0,0,0,4,7,1140,0,1998,0,98022,47.209,-122.012,1720,8587
14788,14788,7663700150,20140822T000000,635000.0,4.0,3.25,2690,7200,2.0,0,3,3,9,1720,970,1978,0,98155,47.7341,-122.288,2400,8845
14789,14789,4167700210,20140826T000000,240000.0,3.0,1.75,1520,9600,1.0,0,0,3,8,1520,0,1966,0,98023,47.3263,-122.365,2060,9600
14790,14790,2423020180,20150507T000000,670000.0,4.0,2.25,2040,7031,2.0,0,0,3,8,2040,0,2012,0,98033,47.7016,-122.17,1670,7031
14791,14791,2824600180,20141024T000000,713414.0,3.0,2.5,2830,6000,1.0,0,3,3,9,1730,1100,1954,0,98126,47.5751,-122.378,2040,5300
14792,14792,2013801086,20150513T000000,245000.0,3.0,1.5,1340,7391,1.0,0,0,4,7,1340,0,1966,0,98198,47.3837,-122.317,1300,7391
14793,14793,4022900150,20141209T000000,600000.0,4.0,2.5,2520,10850,1.0,0,0,4,8,1680,840,1968,0,98155,47.7751,-122.284,2590,10800
14794,14794,3295710150,20141015T000000,270000.0,3.0,2.5,1660,5550,2.0,0,0,3,7,1660,0,2002,0,98198,47.375,-122.304,1810,5550
14795,14795,9476200035,20141120T000000,190000.0,2.0,1.0,880,6900,1.0,0,0,3,6,880,0,1943,0,98056,47.4903,-122.191,1060,8000
14796,14796,1937300180,20140606T000000,435000.0,3.0,2.0,980,5000,1.0,0,0,3,6,980,0,1940,0,98144,47.595,-122.308,1970,3025
14797,14797,4226900211,20141023T000000,560000.0,4.0,1.0,1360,5814,1.5,0,0,2,6,1360,0,1900,0,98122,47.6038,-122.314,1010,5814
14798,14798,424069018,20140905T000000,998000.0,3.0,3.75,3710,34412,2.0,0,0,3,10,2910,800,1978,0,98075,47.5888,-122.04,2390,34412
14799,14799,6684500040,20141202T000000,725000.0,3.0,1.0,940,8377,1.0,0,0,4,7,940,0,1952,0,98004,47.5974,-122.2,1710,6900
14800,14800,8948500065,20141124T000000,210000.0,2.0,1.0,970,8874,1.0,0,0,3,7,970,0,1968,0,98056,47.4943,-122.178,1340,8175
14801,14801,1972201960,20140825T000000,513000.0,3.0,2.25,1500,1312,3.0,0,0,3,8,1500,0,2007,0,98103,47.6534,-122.346,1500,1282
14802,14802,7436200040,20141105T000000,290000.0,5.0,2.5,2780,9652,1.0,0,0,4,8,1390,1390,1967,0,98001,47.3444,-122.271,1790,9652
14803,14803,3835502815,20140925T000000,1260000.0,3.0,2.5,3110,9930,1.0,0,1,3,8,1640,1470,1954,0,98039,47.6112,-122.226,3650,14399
14804,14804,8856960540,20140620T000000,330000.0,3.0,2.25,1860,11227,2.0,0,0,3,7,1860,0,1995,0,98038,47.3879,-122.031,1820,8800
14805,14805,1432400065,20140605T000000,189000.0,3.0,1.0,1010,7560,1.0,0,0,3,6,1010,0,1958,0,98058,47.4497,-122.176,1170,7560
14806,14806,4370700065,20150504T000000,907500.0,3.0,2.25,2850,6281,2.0,0,2,4,7,1900,950,1947,0,98115,47.6911,-122.326,1680,7006
14807,14807,1725079047,20141104T000000,410000.0,3.0,2.25,2280,200811,1.0,0,0,3,7,2280,0,1978,0,98014,47.6522,-121.941,2280,206038
14808,14808,7855000325,20150220T000000,1050000.0,4.0,3.0,3080,10757,2.0,0,3,5,8,3080,0,1961,0,98006,47.5671,-122.159,2810,10757
14809,14809,2826049098,20141204T000000,622100.0,4.0,2.5,2280,14290,1.5,0,0,4,7,1510,770,1942,0,98125,47.7054,-122.297,2140,9890
14810,14810,3750603685,20140723T000000,250000.0,3.0,1.5,2030,14400,1.0,0,0,4,7,1310,720,1969,0,98001,47.2639,-122.285,1330,14400
14811,14811,1797500230,20140818T000000,1180000.0,4.0,3.0,2570,4000,2.0,0,0,3,8,1750,820,1909,2014,98115,47.6743,-122.313,1970,4000
14812,14812,3459600330,20150209T000000,925000.0,3.0,2.75,3640,10300,1.0,0,0,4,9,2060,1580,1979,0,98006,47.5612,-122.146,3110,10625
14813,14813,546001020,20150218T000000,554000.0,3.0,2.0,1760,4046,1.0,0,0,3,7,960,800,1931,0,98117,47.6876,-122.381,1500,4046
14814,14814,7227502507,20140709T000000,545000.0,3.0,2.5,2760,17377,2.0,0,0,3,9,2760,0,2002,0,98056,47.4929,-122.188,1940,8504
14815,14815,326049060,20140909T000000,660000.0,3.0,2.5,2650,11250,2.0,0,0,3,9,2650,0,2005,0,98155,47.7644,-122.29,2200,10013
14816,14816,1525059261,20150505T000000,1900000.0,5.0,4.5,5160,44315,2.0,0,0,3,12,5160,0,1996,0,98005,47.6568,-122.154,4760,44315
14817,14817,7399300120,20140502T000000,260000.0,4.0,2.0,1480,8625,1.0,0,0,4,7,1480,0,1974,0,98055,47.462,-122.193,2130,8502
14818,14818,7812801590,20141030T000000,219900.0,3.0,1.0,860,6664,1.0,0,0,3,6,860,0,1944,0,98178,47.4931,-122.247,1150,6857
14819,14819,6699930530,20150325T000000,373500.0,4.0,2.5,2610,4978,2.0,0,0,3,8,2610,0,2004,0,98038,47.3438,-122.04,2470,5024
14820,14820,1523069151,20140711T000000,380000.0,2.0,1.0,1470,81021,1.0,0,0,4,6,1470,0,1949,0,98027,47.4771,-122.03,2600,69696
14821,14821,7525950180,20140701T000000,1060000.0,4.0,2.5,4570,16015,2.0,0,2,3,11,4570,0,1990,0,98074,47.6246,-122.067,4490,17668
14822,14822,3623500408,20150330T000000,2600000.0,3.0,3.0,3410,16015,2.0,1,4,4,10,2220,1190,1973,0,98040,47.5721,-122.239,3760,16572
14823,14823,7312200120,20140723T000000,450000.0,3.0,2.25,1760,10013,2.0,0,0,4,8,1760,0,1983,0,98056,47.5336,-122.189,1810,9768
14824,14824,4123810210,20140716T000000,379950.0,3.0,1.75,2040,12065,1.0,0,0,3,8,2040,0,1987,0,98038,47.3756,-122.044,2010,11717
14825,14825,3902600150,20140820T000000,834800.0,3.0,3.5,3470,4171,3.0,0,0,3,9,3470,0,2008,0,98034,47.711000000000006,-122.229,3430,4268
14826,14826,9126101201,20140916T000000,365000.0,2.0,1.0,680,4800,1.0,0,0,3,6,680,0,1917,0,98122,47.6084,-122.304,1610,4800
14827,14827,2423029009,20140617T000000,465000.0,2.0,2.0,1494,19271,2.0,1,4,3,7,1494,0,1943,1997,98070,47.4728,-122.497,1494,43583
14828,14828,3300701285,20140730T000000,452000.0,3.0,1.5,1250,4000,1.0,0,0,3,7,1250,0,1955,0,98117,47.6916,-122.379,1030,4000
14829,14829,2391601445,20150304T000000,840000.0,3.0,3.0,3570,6250,2.0,0,2,3,10,2710,860,1985,0,98116,47.5624,-122.399,2550,7596
14830,14830,7625701175,20141103T000000,465000.0,4.0,2.0,2000,6250,1.5,0,0,3,7,1480,520,1930,0,98136,47.5532,-122.389,1110,6250
14831,14831,1843130360,20150507T000000,295000.0,3.0,2.5,2030,4867,2.0,0,0,3,7,2030,0,2003,0,98042,47.3747,-122.128,2030,5000
14832,14832,6150700264,20150224T000000,396000.0,3.0,1.0,1390,6160,1.0,0,0,4,7,1390,0,1949,0,98133,47.7289,-122.338,1230,6160
14833,14833,3226049080,20150224T000000,397000.0,2.0,1.0,1030,12350,1.5,0,0,3,7,1030,0,1942,0,98115,47.6984,-122.324,1790,6900
14834,14834,7889602020,20140819T000000,240000.0,3.0,1.0,1280,9000,1.5,0,0,4,6,1280,0,1954,0,98146,47.4915,-122.338,1430,4500
14835,14835,3613600150,20150105T000000,300523.0,3.0,2.5,2370,6840,2.0,0,0,3,9,2370,0,1987,0,98119,47.6503,-122.366,1590,4400
14836,14836,3599600276,20141106T000000,215500.0,3.0,2.0,1380,9000,2.0,0,0,2,7,1380,0,1946,1982,98001,47.2613,-122.248,1460,9732
14837,14837,2193320210,20140805T000000,552500.0,5.0,3.0,2320,7229,1.0,0,0,4,8,1370,950,1986,0,98052,47.697,-122.097,2090,7554
14838,14838,9117100040,20140828T000000,375000.0,5.0,1.5,2050,9360,1.0,0,0,3,7,1520,530,1968,0,98055,47.43600000000001,-122.195,1840,9383
14839,14839,522039106,20140606T000000,160000.0,3.0,1.0,1210,103237,1.0,0,0,2,6,1210,0,1918,1960,98070,47.4208,-122.445,1880,40510
14840,14840,2424059018,20140612T000000,1070000.0,4.0,2.5,3270,35445,2.0,0,0,3,11,3270,0,1989,0,98006,47.548,-122.121,4180,32130
14841,14841,1959700540,20141104T000000,952000.0,3.0,2.5,2450,4400,2.0,0,0,4,9,1800,650,1922,0,98102,47.6439,-122.319,2220,5500
14842,14842,2767900355,20140627T000000,523460.0,5.0,1.75,1890,5000,1.5,0,0,3,7,1090,800,1906,0,98107,47.6711,-122.372,1610,5000
14843,14843,1310820150,20140812T000000,305950.0,4.0,2.5,2007,4968,2.0,0,0,3,9,2007,0,2009,0,98092,47.3301,-122.191,2189,5852
14844,14844,6802200230,20150209T000000,220000.0,3.0,2.5,1430,9044,2.0,0,0,3,7,1430,0,1991,0,98022,47.1956,-121.986,1580,8624
14845,14845,3421049044,20150409T000000,289000.0,2.0,1.75,2056,52333,1.0,0,0,4,7,1048,1008,1980,0,98001,47.2592,-122.291,2220,6458
14846,14846,4036400040,20150209T000000,648000.0,5.0,2.5,2210,10772,1.0,0,2,3,9,1430,780,1964,0,98155,47.7383,-122.288,2720,9858
14847,14847,1193000450,20150410T000000,825000.0,5.0,1.75,2330,6000,1.5,0,0,3,8,2080,250,1937,0,98199,47.6461,-122.392,2150,6000
14848,14848,3819800580,20141204T000000,400000.0,4.0,2.0,2070,10800,2.0,0,0,3,7,2070,0,1982,0,98011,47.7264,-122.237,1880,10800
14849,14849,6873000120,20140512T000000,420000.0,2.0,2.5,1480,1369,3.0,0,0,3,7,1480,0,2009,0,98052,47.676,-122.121,1390,1337
14850,14850,9830200230,20150120T000000,389000.0,2.0,1.75,1160,4848,2.0,0,1,4,7,1160,0,1949,0,98118,47.542,-122.265,1990,7440
14851,14851,2301400276,20140908T000000,865000.0,4.0,2.5,2520,4950,2.0,0,0,3,8,2520,0,1906,2002,98117,47.6814,-122.359,1810,3500
14852,14852,5153200150,20141203T000000,345000.0,2.0,1.0,1770,16660,1.0,0,3,3,8,1220,550,1957,0,98023,47.3346,-122.354,2790,20504
14853,14853,1465400120,20150326T000000,700000.0,3.0,2.5,3110,123710,2.0,0,0,3,8,2430,680,1995,0,98038,47.3879,-122.002,2420,92782
14854,14854,8121200620,20150416T000000,550000.0,3.0,2.5,1680,10455,2.0,0,0,3,8,1680,0,1982,0,98052,47.7229,-122.11,1860,10063
14855,14855,324000530,20140708T000000,201500.0,3.0,1.0,1320,5000,1.5,0,0,3,7,1320,0,1912,0,98116,47.5711,-122.386,1320,4179
14856,14856,324000530,20150323T000000,459000.0,3.0,1.0,1320,5000,1.5,0,0,3,7,1320,0,1912,0,98116,47.5711,-122.386,1320,4179
14857,14857,1328320760,20141218T000000,327000.0,3.0,2.5,1810,7350,1.0,0,0,3,8,1310,500,1984,0,98058,47.4434,-122.125,2240,7350
14858,14858,3626039268,20140516T000000,540000.0,1.0,1.0,1140,6700,1.5,0,0,3,7,1140,0,1920,0,98103,47.6958,-122.357,1350,6700
14859,14859,3585900665,20140606T000000,805000.0,5.0,2.5,4600,19831,1.0,0,3,3,9,2300,2300,1956,2015,98177,47.7608,-122.378,2890,19831
14860,14860,7625701830,20141023T000000,521000.0,3.0,2.0,1840,6000,1.0,0,0,4,6,1840,0,1908,1944,98136,47.5508,-122.392,2010,6000
14861,14861,3524049042,20140527T000000,375000.0,3.0,1.5,2000,7294,1.0,0,0,3,7,1520,480,1965,0,98118,47.5297,-122.267,2000,6000
14862,14862,9211500150,20150117T000000,235000.0,3.0,1.75,1480,6592,1.0,0,0,4,7,1080,400,1978,0,98023,47.2982,-122.378,1660,7150
14863,14863,7760400880,20140929T000000,240000.0,4.0,2.5,2040,11841,2.0,0,0,3,7,2040,0,1994,0,98042,47.3691,-122.074,1730,8808
14864,14864,686450330,20140915T000000,575000.0,4.0,2.25,2060,12155,1.0,0,0,4,8,2060,0,1968,0,98008,47.6378,-122.117,2360,8625
14865,14865,2617900035,20141201T000000,1520000.0,6.0,3.5,3720,11690,2.0,0,0,3,10,3720,0,2003,0,98040,47.5699,-122.226,3030,11686
14866,14866,7936800150,20140702T000000,394500.0,4.0,2.5,3002,6042,2.0,0,0,3,8,3002,0,2004,0,98055,47.4231,-122.186,2566,6390
14867,14867,8651441750,20140515T000000,174950.0,3.0,1.0,1060,5200,1.0,0,0,5,6,1060,0,1970,0,98042,47.3636,-122.093,1380,5200
14868,14868,3664500133,20141117T000000,383000.0,4.0,2.0,1830,21183,1.0,0,0,4,7,1060,770,1966,0,98059,47.4826,-122.128,1950,6120
14869,14869,1823069213,20140505T000000,249950.0,3.0,2.0,1550,15040,1.0,0,0,4,6,1550,0,1958,0,98059,47.4873,-122.099,1510,41416
14870,14870,7525211520,20150318T000000,431000.0,3.0,2.5,1690,2752,2.0,0,0,3,8,1690,0,1979,0,98052,47.6332,-122.108,1690,2855
14871,14871,4034900065,20140530T000000,459900.0,3.0,1.75,2580,11000,1.0,0,0,4,7,1290,1290,1951,0,98006,47.5646,-122.181,2280,17643
14872,14872,2558690150,20140707T000000,475000.0,5.0,2.5,2510,8050,1.0,0,0,4,7,1490,1020,1977,0,98034,47.7212,-122.172,1840,8471
14873,14873,5016001325,20140516T000000,605000.0,3.0,2.25,1290,2500,2.0,0,0,4,8,1290,0,1987,0,98112,47.6229,-122.298,1700,3750
14874,14874,1311800220,20150218T000000,234950.0,4.0,2.0,1450,7560,1.0,0,0,3,7,1450,0,1967,0,98001,47.3375,-122.276,1430,7560
14875,14875,4128000020,20140613T000000,419000.0,4.0,2.5,2690,7947,2.0,0,0,3,8,2690,0,1993,0,98058,47.4248,-122.153,2160,8328
14876,14876,1125059071,20140522T000000,910000.0,4.0,3.25,3340,10890,1.5,0,0,3,9,2240,1100,1963,2000,98052,47.6677,-122.136,2880,9794
14877,14877,3274850130,20141203T000000,392000.0,4.0,2.5,2600,8921,2.0,0,0,3,8,2600,0,1991,0,98058,47.4423,-122.178,2550,8683
14878,14878,1925069099,20140825T000000,915000.0,3.0,2.5,3140,9808,2.0,0,0,3,9,2500,640,2001,0,98052,47.6383,-122.097,2370,10014
14879,14879,3395050050,20141114T000000,630000.0,3.0,3.25,3800,13995,2.0,0,3,3,9,3800,0,1983,0,98011,47.7741,-122.203,2480,8434
14880,14880,4058800500,20140710T000000,416100.0,4.0,1.75,2320,5490,1.0,0,3,3,8,1160,1160,1956,0,98178,47.5091,-122.241,2240,7200
14881,14881,1311600020,20140821T000000,285000.0,4.0,2.5,2360,7350,1.0,0,0,4,7,1440,920,1965,0,98001,47.3417,-122.277,1450,7305
14882,14882,8679400130,20150506T000000,353000.0,4.0,1.5,1100,9600,1.0,0,0,4,6,1100,0,1960,0,98033,47.7,-122.175,1100,9630
14883,14883,9485760050,20140826T000000,297950.0,3.0,2.0,1390,5127,1.0,0,0,3,8,1390,0,1990,0,98055,47.4504,-122.206,1960,5019
14884,14884,4055700920,20141007T000000,750000.0,2.0,2.0,2180,21392,2.0,0,0,3,8,2180,0,1934,1979,98034,47.7162,-122.246,2890,22000
14885,14885,8673400177,20150402T000000,525000.0,3.0,3.0,1730,1074,3.5,0,0,3,8,1730,0,2006,0,98107,47.6692,-122.392,1370,1185
14886,14886,3500100089,20140715T000000,495000.0,5.0,1.75,2760,18112,1.0,0,0,3,8,1510,1250,1968,0,98155,47.7363,-122.298,1720,8482
14887,14887,8730600050,20140825T000000,710000.0,3.0,1.75,2430,11448,1.0,0,1,5,7,1620,810,1949,0,98117,47.6971,-122.391,2140,8144
14888,14888,3755100005,20140730T000000,310000.0,3.0,2.0,2010,12950,1.0,0,0,3,8,2010,0,1953,0,98034,47.7222,-122.229,1490,10181
14889,14889,8651442880,20140516T000000,205000.0,5.0,1.75,1730,5200,1.0,0,0,4,7,1050,680,1978,0,98042,47.3628,-122.089,1350,5200
14890,14890,1720069075,20150508T000000,530000.0,3.0,3.0,2450,211266,1.5,0,3,3,8,2450,0,2004,0,98022,47.2215,-122.067,2300,263492
14891,14891,4309700190,20140724T000000,725000.0,4.0,2.5,3300,28433,2.0,0,0,3,9,3300,0,1998,0,98059,47.5072,-122.112,3550,26386
14892,14892,3972300169,20141125T000000,195000.0,2.0,1.0,720,9520,1.0,0,0,4,6,720,0,1947,0,98155,47.7678,-122.316,1450,8612
14893,14893,6817810190,20140701T000000,401000.0,3.0,2.0,1240,11172,1.0,0,0,3,7,1000,240,1984,0,98074,47.6364,-122.037,1330,14102
14894,14894,7855400630,20140922T000000,1030000.0,5.0,2.5,3050,8200,1.0,0,4,4,8,1650,1400,1962,0,98006,47.5647,-122.155,2970,8792
14895,14895,1163400020,20150403T000000,251000.0,3.0,1.5,1590,21600,1.5,0,0,4,7,1590,0,1971,0,98022,47.2159,-121.966,1780,21600
14896,14896,7214400095,20141027T000000,667500.0,3.0,2.0,2040,4841,1.0,0,0,4,7,1020,1020,1949,0,98115,47.6778,-122.302,1600,4841
14897,14897,6799300130,20140623T000000,300000.0,4.0,2.5,1840,5550,2.0,0,0,3,8,1840,0,2004,0,98031,47.3937,-122.183,2030,5500
14898,14898,4376800010,20140814T000000,610000.0,4.0,2.25,1960,9021,2.0,0,0,4,8,1960,0,1973,0,98052,47.6349,-122.096,1960,9975
14899,14899,2125059163,20140703T000000,1042030.0,4.0,5.0,4110,43560,2.0,0,0,4,11,4110,0,1978,0,98005,47.6353,-122.18,3650,43995
14900,14900,1770000460,20141203T000000,430000.0,3.0,2.25,1830,19965,1.0,0,0,3,8,1400,430,1976,0,98072,47.7412,-122.088,1830,17250
14901,14901,1125079088,20150402T000000,455000.0,2.0,1.0,1330,92782,1.0,0,0,2,6,1330,0,1950,0,98014,47.6624,-121.868,1280,168141
14902,14902,1842300050,20140702T000000,600000.0,5.0,2.0,2190,9072,1.0,0,0,5,7,1110,1080,1965,0,98052,47.6696,-122.149,1660,8327
14903,14903,9828702156,20150219T000000,638000.0,3.0,3.25,1720,1587,2.5,0,2,3,9,1410,310,2004,0,98122,47.6187,-122.299,1490,1620
14904,14904,7625702155,20141014T000000,561000.0,3.0,1.75,1710,5000,1.0,0,0,4,7,1360,350,1918,0,98136,47.5492,-122.389,1490,6250
14905,14905,585000095,20141216T000000,625000.0,3.0,2.5,2180,5000,1.0,0,0,4,8,1240,940,1977,0,98116,47.5828,-122.396,2000,5000
14906,14906,3903200050,20150324T000000,263950.0,3.0,1.75,1700,11613,1.0,0,0,5,7,1180,520,1977,0,98092,47.2874,-122.187,1500,12377
14907,14907,8563080020,20141028T000000,740000.0,3.0,2.5,2960,9350,2.0,0,2,4,9,2960,0,1978,0,98008,47.6218,-122.094,2960,11745
14908,14908,5379805475,20140609T000000,234999.0,3.0,1.0,1330,8912,1.0,0,0,3,6,1330,0,1948,0,98188,47.4493,-122.274,1200,8913
14909,14909,9558050780,20150414T000000,380000.0,4.0,2.5,1940,3200,2.0,0,0,3,8,1940,0,2004,0,98058,47.4583,-122.118,1900,3200
14910,14910,3782400190,20140812T000000,329500.0,3.0,2.25,1500,9656,1.0,0,0,3,7,1170,330,1989,0,98019,47.7327,-121.982,1690,9656
14911,14911,1423069063,20140711T000000,464950.0,4.0,2.5,2230,64438,1.0,0,0,4,7,1230,1000,1978,0,98027,47.4754,-122.007,2230,71002
14912,14912,2926049504,20150402T000000,500000.0,3.0,2.25,1700,9008,1.0,0,0,3,8,1340,360,1985,0,98125,47.7161,-122.317,2340,8003
14913,14913,126039252,20140709T000000,415000.0,4.0,1.5,1840,11367,1.5,0,0,4,7,1840,0,1950,0,98177,47.7656,-122.358,1690,9800
14914,14914,2622029073,20140905T000000,437500.0,3.0,2.25,2100,205603,2.0,0,0,3,8,2100,0,1983,0,98070,47.3668,-122.505,2396,187308
14915,14915,9187200345,20140709T000000,599000.0,7.0,2.5,2580,5750,1.0,0,0,4,7,1880,700,1901,0,98122,47.6025,-122.294,2280,5750
14916,14916,2621760480,20141014T000000,367000.0,4.0,2.5,2350,8182,2.0,0,0,3,8,2350,0,1997,0,98042,47.3697,-122.106,2330,7000
14917,14917,7986401205,20150425T000000,530000.0,2.0,1.0,760,3000,1.0,0,0,3,6,760,0,1922,0,98107,47.6633,-122.357,1630,3600
14918,14918,4447300137,20140604T000000,989000.0,5.0,3.5,3280,4000,2.0,0,0,3,9,2440,840,2003,0,98117,47.68899999999999,-122.396,1980,4000
14919,14919,2147300050,20140822T000000,462600.0,3.0,2.0,1320,4000,1.0,0,0,4,6,1020,300,1940,0,98118,47.5515,-122.262,2410,6212
14920,14920,4458300190,20150424T000000,875000.0,3.0,2.5,1690,10592,1.0,0,0,3,8,1690,0,1973,2009,98040,47.58,-122.231,2260,9945
14921,14921,3751606785,20140722T000000,335000.0,3.0,2.25,2060,47318,1.0,0,2,4,8,1600,460,1976,0,98001,47.2758,-122.265,1870,19663
14922,14922,4287400005,20140731T000000,393000.0,4.0,2.0,1450,5456,1.0,0,0,5,7,1450,0,1951,0,98108,47.5442,-122.297,980,6100
14923,14923,6613000715,20140721T000000,1340000.0,4.0,3.0,2760,4905,2.0,0,1,4,9,1840,920,1938,0,98105,47.6591,-122.27,3200,5424
14924,14924,7702010050,20150323T000000,590000.0,3.0,2.5,2830,5788,2.0,0,0,3,9,2830,0,2001,0,98028,47.7604,-122.235,2500,5802
14925,14925,2770602360,20150421T000000,671000.0,4.0,2.75,1890,1475,2.0,0,0,3,9,1200,690,2015,0,98199,47.6472,-122.383,1650,1682
14926,14926,9551201155,20140728T000000,925000.0,3.0,3.25,2610,4500,1.5,0,0,4,9,1660,950,1909,0,98103,47.6701,-122.339,2110,4500
14927,14927,1823049242,20141006T000000,245000.0,3.0,2.25,1900,7250,1.0,0,0,3,7,1250,650,1967,0,98146,47.4869,-122.344,1560,9420
14928,14928,1513800170,20150402T000000,392500.0,3.0,1.0,930,6572,1.0,0,0,3,7,930,0,1952,0,98115,47.6889,-122.301,960,5840
14929,14929,4027700396,20140828T000000,505000.0,4.0,2.0,2730,12000,1.0,0,0,4,8,1410,1320,1998,0,98155,47.7733,-122.271,2730,9039
14930,14930,7203210170,20140819T000000,702000.0,4.0,2.5,2650,6240,2.0,0,0,3,8,2650,0,2013,0,98053,47.6885,-122.021,2640,6524
14931,14931,3013300895,20140718T000000,337000.0,2.0,1.0,1010,4000,1.0,0,0,3,7,1010,0,1947,0,98136,47.5311,-122.382,1480,4366
14932,14932,5608010050,20141229T000000,920000.0,4.0,2.5,3550,10233,2.0,0,0,3,9,3550,0,1996,0,98027,47.5499,-122.1,3310,9157
14933,14933,6370000005,20140827T000000,495500.0,3.0,1.75,2130,6360,1.0,0,0,3,7,1720,410,1959,0,98125,47.7059,-122.301,1540,6361
14934,14934,1922059102,20140924T000000,245000.0,2.0,1.75,1840,7230,1.0,0,0,3,7,1570,270,1938,0,98030,47.3815,-122.228,1282,6769
14935,14935,6738700005,20140529T000000,395000.0,2.0,1.0,1320,1824,1.5,0,0,4,6,1320,0,1909,0,98144,47.585,-122.294,1320,4000
14936,14936,1138020020,20150217T000000,335000.0,3.0,1.0,990,6315,1.0,0,0,3,7,990,0,1970,0,98034,47.7116,-122.214,1450,6702
14937,14937,5437820250,20141110T000000,187000.0,2.0,1.75,1020,10346,1.0,0,0,4,6,1020,0,1983,0,98022,47.1958,-122.002,1160,8610
14938,14938,7923700020,20141121T000000,450000.0,4.0,2.0,1570,7320,1.0,0,0,4,7,1570,0,1960,0,98007,47.5967,-122.14,1530,8800
14939,14939,293600080,20140617T000000,280000.0,4.0,2.25,1930,7207,1.0,0,0,4,7,1360,570,1988,0,98030,47.3783,-122.182,1760,7207
14940,14940,3627800050,20140715T000000,1375000.0,5.0,4.0,3760,22763,1.0,0,3,4,11,1910,1850,1969,0,98040,47.5333,-122.22,3730,11201
14941,14941,4047200950,20140609T000000,265000.0,2.0,1.0,1000,31505,1.0,0,0,3,6,1000,0,1960,0,98019,47.7659,-121.899,1560,22597
14942,14942,5458800425,20150423T000000,795000.0,3.0,1.75,1930,9600,1.0,0,0,3,8,1930,0,1958,0,98040,47.5747,-122.237,2350,9840
14943,14943,2887700826,20140529T000000,510000.0,3.0,1.5,2240,3800,2.0,0,0,3,8,1370,870,1929,0,98115,47.6887,-122.307,1690,4275
14944,14944,7856700920,20140628T000000,699900.0,4.0,2.5,2190,11500,1.0,0,0,4,8,1430,760,1972,0,98006,47.5668,-122.147,2580,9700
14945,14945,627300190,20140812T000000,839000.0,4.0,2.75,2400,12469,1.0,0,2,4,8,1760,640,1958,0,98008,47.5861,-122.112,2400,10400
14946,14946,5634500182,20140715T000000,396000.0,4.0,1.75,1970,12409,1.0,0,0,4,7,1220,750,1968,0,98028,47.7489,-122.236,1690,10720
14947,14947,2472950170,20150507T000000,365000.0,3.0,2.25,2860,8458,2.0,0,0,3,7,2860,0,1983,0,98058,47.4269,-122.148,1760,8458
14948,14948,9557300190,20140711T000000,440000.0,3.0,2.25,1900,7225,1.0,0,0,3,8,1220,680,1970,0,98008,47.6394,-122.113,1900,7399
14949,14949,2314300170,20141104T000000,405000.0,4.0,2.5,2090,6667,2.0,0,0,3,8,2090,0,1997,0,98058,47.4648,-122.15,2250,6165
14950,14950,7547300050,20140515T000000,295000.0,3.0,1.5,850,2500,1.0,0,0,3,7,850,0,1986,0,98106,47.5677,-122.36,850,5000
14951,14951,7985400089,20140515T000000,275000.0,4.0,2.5,1840,1562,2.0,0,0,3,7,1400,440,2004,0,98106,47.5345,-122.364,1840,1766
14952,14952,322059049,20141003T000000,295000.0,2.0,1.0,820,288367,1.0,0,0,3,6,820,0,1930,1986,98042,47.4196,-122.165,1580,8154
14953,14953,2344300170,20140815T000000,1500000.0,5.0,3.5,4370,12240,2.0,0,0,3,11,3270,1100,1990,0,98004,47.582,-122.199,2980,12800
14954,14954,11501330,20140902T000000,795000.0,3.0,3.5,3190,10223,2.0,0,0,3,10,2560,630,1994,0,98052,47.6968,-122.102,3120,9735
14955,14955,7300200290,20140506T000000,650000.0,5.0,3.5,3480,36615,2.0,0,0,4,8,2490,990,1983,0,98075,47.5741,-122.05,2540,35910
14956,14956,4331000595,20140910T000000,260000.0,3.0,1.0,1690,13184,1.0,0,0,4,7,1690,0,1959,0,98166,47.476000000000006,-122.343,1130,13451
14957,14957,7853340660,20140806T000000,382000.0,2.0,2.5,1650,2710,2.0,0,2,3,8,1650,0,2008,0,98065,47.5173,-121.878,1760,2992
14958,14958,7525570020,20150421T000000,790100.0,4.0,2.5,2590,9341,2.0,0,0,3,8,2590,0,1985,0,98052,47.6496,-122.114,2280,9510
14959,14959,6306100190,20140521T000000,220000.0,4.0,2.5,2160,8005,2.0,0,0,3,7,2160,0,1993,0,98001,47.2668,-122.231,1790,8016
14960,14960,1424059142,20140605T000000,799000.0,4.0,3.5,3500,8547,2.0,0,0,3,9,2500,1000,1994,0,98006,47.5613,-122.126,2350,10270
14961,14961,5700003810,20140723T000000,1480000.0,4.0,2.25,3920,7200,2.0,0,0,3,10,3120,800,1928,0,98144,47.5731,-122.284,3400,7200
14962,14962,2595650170,20140609T000000,367300.0,4.0,2.75,2190,14937,2.0,0,0,3,8,2190,0,1993,0,98001,47.3535,-122.273,1920,11360
14963,14963,9530100225,20150409T000000,805000.0,4.0,2.0,1890,4500,1.5,0,0,3,7,1490,400,1907,1993,98103,47.6684,-122.356,1640,4010
14964,14964,3856901760,20141215T000000,730000.0,2.0,1.0,1860,3400,1.0,0,0,3,7,1010,850,1920,0,98105,47.6714,-122.329,1540,3997
14965,14965,1387301350,20141123T000000,402000.0,3.0,2.0,1720,7704,1.0,0,0,4,7,1160,560,1969,0,98011,47.7368,-122.195,1620,7600
14966,14966,7974200822,20140530T000000,750000.0,4.0,2.75,2600,4674,1.0,0,0,3,8,1560,1040,1976,0,98115,47.6782,-122.286,2600,6099
14967,14967,8039900130,20140730T000000,458000.0,3.0,1.5,1570,12196,1.0,0,0,4,7,1570,0,1972,0,98045,47.4866,-121.786,1740,12196
14968,14968,4139460290,20140828T000000,898000.0,3.0,2.5,3530,9753,2.0,0,0,3,10,3530,0,1997,0,98006,47.5539,-122.103,3220,9234
14969,14969,8078520280,20150323T000000,308000.0,4.0,2.5,1960,5642,2.0,0,0,3,7,1960,0,1998,0,98092,47.3167,-122.187,1870,5250
14970,14970,8691510290,20150506T000000,385000.0,3.0,2.5,2230,8296,2.0,0,0,3,7,2230,0,2004,0,98058,47.4386,-122.116,2480,5940
14971,14971,4217400680,20141006T000000,1020000.0,4.0,3.0,2720,4800,1.5,0,0,5,8,1790,930,1928,0,98105,47.6595,-122.283,2260,4800
14972,14972,1336800670,20141229T000000,1425000.0,5.0,3.0,2840,6240,2.0,0,0,5,9,2440,400,1905,0,98112,47.6285,-122.309,2940,6000
14973,14973,1545801850,20140723T000000,240000.0,3.0,1.75,1260,7362,1.0,0,0,3,7,1260,0,1984,0,98038,47.3602,-122.052,1530,7232
14974,14974,6386600170,20141001T000000,217000.0,3.0,1.5,1860,8505,1.0,0,0,4,7,1860,0,1967,0,98023,47.3106,-122.365,1810,8262
14975,14975,1373800170,20140630T000000,972000.0,4.0,1.75,2010,6300,1.0,0,2,5,8,1610,400,1937,0,98199,47.6457,-122.412,3290,6300
14976,14976,1394300005,20140507T000000,361280.0,2.0,1.0,820,6400,1.0,0,0,4,7,820,0,1944,0,98126,47.55,-122.379,1490,6400
14977,14977,7011201087,20140804T000000,385000.0,3.0,1.75,1220,1450,1.0,0,0,3,6,620,600,1905,0,98119,47.6361,-122.368,1660,2960
14978,14978,1623069071,20141105T000000,475000.0,3.0,2.5,2220,60984,2.0,0,0,4,8,2220,0,1987,0,98027,47.4802,-122.052,1930,55333
14979,14979,1982200480,20150402T000000,724950.0,4.0,2.5,2860,3638,1.5,0,2,5,7,1720,1140,1924,0,98107,47.6631,-122.361,1760,3880
14980,14980,8089510170,20141027T000000,935000.0,5.0,4.5,4230,9701,2.0,0,0,3,10,4230,0,1999,0,98006,47.5444,-122.131,4130,12253
14981,14981,5560000480,20140908T000000,169950.0,3.0,1.0,840,8470,1.0,0,0,4,6,840,0,1961,0,98023,47.3275,-122.338,840,8450
14982,14982,6308000010,20141208T000000,585000.0,3.0,2.5,2290,5089,2.0,0,0,3,9,2290,0,2001,0,98006,47.5443,-122.172,2290,7984
14983,14983,6308000010,20150423T000000,585000.0,3.0,2.5,2290,5089,2.0,0,0,3,9,2290,0,2001,0,98006,47.5443,-122.172,2290,7984
14984,14984,4136960010,20150327T000000,480000.0,5.0,3.5,3480,12821,2.0,0,2,3,10,2890,590,2004,0,98092,47.2641,-122.215,3400,9870
14985,14985,8665900168,20141105T000000,635000.0,4.0,2.5,4260,36360,1.5,0,0,4,8,4100,160,1935,0,98155,47.764,-122.302,2430,17888
14986,14986,8691510170,20150204T000000,368750.0,3.0,2.5,2230,5717,2.0,0,0,3,7,2230,0,2004,0,98058,47.4388,-122.117,2230,5194
14987,14987,9187200095,20141202T000000,432500.0,6.0,2.0,3080,5500,2.0,0,0,1,7,3080,0,1900,0,98122,47.6031,-122.296,1830,5000
14988,14988,4221260050,20140903T000000,589000.0,3.0,2.5,2250,4337,2.0,0,0,3,8,2250,0,2004,0,98075,47.5908,-122.017,2250,4721
14989,14989,8562740480,20150414T000000,840000.0,4.0,3.25,3160,6327,2.0,0,0,3,9,2280,880,2004,0,98027,47.536,-122.066,3160,5946
14990,14990,6806100250,20150305T000000,316500.0,3.0,2.5,1770,3873,2.0,0,0,3,7,1770,0,2005,0,98058,47.4648,-122.144,2280,4330
14991,14991,7853300280,20150213T000000,536000.0,4.0,2.5,2880,8833,2.0,0,0,3,7,2880,0,2006,0,98065,47.5388,-121.89,2570,5234
14992,14992,6446200190,20150420T000000,563750.0,4.0,2.75,2690,25000,1.0,0,0,3,8,1750,940,1978,0,98029,47.5537,-122.026,2640,28250
14993,14993,4222310010,20141226T000000,152500.0,4.0,1.0,1730,7350,1.5,0,0,4,6,1730,0,1970,0,98003,47.3467,-122.307,1440,7752
14994,14994,4222310010,20150420T000000,267950.0,4.0,1.0,1730,7350,1.5,0,0,4,6,1730,0,1970,0,98003,47.3467,-122.307,1440,7752
14995,14995,4054550010,20150413T000000,1640000.0,5.0,4.0,4780,118047,2.0,0,0,3,11,4780,0,1994,0,98077,47.7243,-122.052,4040,31760
14996,14996,1440700190,20140623T000000,269950.0,4.0,2.5,2540,8400,2.0,0,0,5,7,2540,0,1977,0,98032,47.3754,-122.277,1600,8050
14997,14997,5569620050,20140721T000000,731688.0,4.0,3.0,2630,5772,2.0,0,0,3,9,2630,0,2006,0,98052,47.6952,-122.133,3460,6158
14998,14998,1840200080,20141203T000000,240000.0,3.0,1.5,1890,9000,1.0,0,0,3,7,1190,700,1959,0,98188,47.4425,-122.272,2060,9000
14999,14999,9268200585,20140903T000000,555950.0,2.0,1.0,1220,5040,1.0,0,0,3,7,1220,0,1961,0,98117,47.6957,-122.364,1420,5040
15000,15000,7454000585,20150427T000000,289000.0,2.0,1.0,710,6300,1.0,0,0,3,6,710,0,1942,0,98126,47.5155,-122.374,740,6300
15001,15001,7504021310,20140506T000000,525000.0,3.0,2.5,2970,11985,1.0,0,0,3,9,1770,1200,1995,0,98074,47.6359,-122.052,2990,12049
15002,15002,7504021310,20141204T000000,745000.0,3.0,2.5,2970,11985,1.0,0,0,3,9,1770,1200,1995,0,98074,47.6359,-122.052,2990,12049
15003,15003,8024201795,20141117T000000,397000.0,2.0,1.0,1000,7664,1.0,0,2,3,7,1000,0,1939,0,98115,47.7001,-122.311,1570,6350
15004,15004,8638500170,20150422T000000,233000.0,3.0,1.0,1980,8505,1.0,0,0,3,7,1030,950,1965,0,98106,47.538,-122.353,1830,8505
15005,15005,5437400630,20141016T000000,625000.0,4.0,2.25,1920,8259,2.0,0,0,4,8,1920,0,1979,0,98027,47.5616,-122.088,2030,8910
15006,15006,9264000010,20140729T000000,535000.0,3.0,2.0,2740,23505,2.0,0,4,3,10,2740,0,1988,0,98001,47.319,-122.26,2800,16400
15007,15007,3832600080,20150504T000000,270000.0,3.0,2.25,1740,7345,1.0,0,0,3,7,1380,360,1973,0,98032,47.3663,-122.285,1770,8250
15008,15008,9477001350,20140722T000000,360000.0,3.0,1.75,1300,7770,1.0,0,0,3,7,1300,0,1967,0,98034,47.7347,-122.192,1520,7600
15009,15009,809001060,20140513T000000,1105000.0,4.0,1.5,2740,4000,2.0,0,0,5,9,1930,810,1905,0,98109,47.6343,-122.352,1680,4000
15010,15010,2771604120,20141111T000000,970000.0,4.0,1.75,4060,4000,2.0,0,3,3,10,2890,1170,1953,1995,98199,47.6375,-122.389,1860,4000
15011,15011,9541800190,20141010T000000,915000.0,5.0,2.5,3490,18850,1.0,0,4,4,9,1840,1650,1958,0,98005,47.5955,-122.176,2690,11625
15012,15012,4038400130,20140711T000000,412000.0,4.0,1.75,1430,10500,1.0,0,0,4,7,1130,300,1960,0,98007,47.6083,-122.132,2070,8640
15013,15013,1253200290,20150212T000000,265000.0,4.0,1.75,1860,9112,1.0,0,0,4,7,1110,750,1963,0,98032,47.3792,-122.282,1570,9112
15014,15014,2558650130,20140916T000000,426000.0,4.0,2.25,2120,7700,1.0,0,0,4,7,1490,630,1976,0,98034,47.7207,-122.165,1890,8203
15015,15015,8732190170,20141210T000000,266000.0,4.0,2.25,1860,12693,1.0,0,0,3,8,1140,720,1978,0,98023,47.3114,-122.395,1950,8740
15016,15016,1703400585,20141215T000000,325000.0,3.0,2.0,2330,4950,1.5,0,0,3,6,1430,900,1900,0,98118,47.5585,-122.29,1160,5115
15017,15017,1250202115,20150120T000000,615000.0,3.0,1.75,1670,5100,1.0,0,2,5,7,990,680,1954,0,98144,47.5898,-122.291,2140,4452
15018,15018,9264911150,20150423T000000,310000.0,3.0,1.75,2130,7140,1.0,0,0,3,8,1580,550,1979,0,98023,47.3074,-122.341,2180,7906
15019,15019,7696300080,20140914T000000,340000.0,4.0,1.75,1900,7313,1.0,0,0,3,7,1900,0,1973,0,98034,47.7311,-122.232,1420,7384
15020,15020,1931300010,20150501T000000,562500.0,2.0,1.0,1170,2800,1.5,0,0,4,5,1170,0,1905,0,98103,47.6574,-122.345,1660,4996
15021,15021,2771602425,20140721T000000,447000.0,2.0,1.0,980,1600,2.0,0,0,3,8,980,0,2010,0,98119,47.638000000000005,-122.375,1180,1600
15022,15022,2210500010,20140930T000000,2450000.0,7.0,4.25,4670,23115,2.0,0,2,3,11,4670,0,1992,0,98039,47.6183,-122.227,3240,13912
15023,15023,1253200170,20140520T000000,250000.0,4.0,1.5,2500,6300,1.0,0,0,4,7,1500,1000,1961,0,98032,47.3781,-122.284,1720,8925
15024,15024,6646200420,20150102T000000,633000.0,4.0,2.5,2020,8044,2.0,0,0,3,8,2020,0,1990,0,98074,47.6247,-122.043,2320,7328
15025,15025,8822901024,20150423T000000,310000.0,3.0,2.0,1290,886,3.0,0,0,3,7,1290,0,2004,0,98125,47.7161,-122.295,1270,1152
15026,15026,1323089056,20141110T000000,439000.0,2.0,1.75,1620,113862,1.5,0,0,3,7,1620,0,1995,0,98045,47.4821,-121.719,1560,54806
15027,15027,3629950010,20140820T000000,470000.0,3.0,3.25,1710,2381,2.0,0,0,3,8,1360,350,2003,0,98029,47.5477,-122.004,1420,1163
15028,15028,7889100020,20150414T000000,270000.0,3.0,2.5,1720,8550,1.0,0,0,4,7,1720,0,1968,0,98002,47.2837,-122.207,1460,8550
15029,15029,7212680020,20141219T000000,299500.0,3.0,1.75,1820,8813,2.0,0,0,3,7,1820,0,1994,0,98003,47.2622,-122.303,1780,7349
15030,15030,2222049108,20140918T000000,227000.0,3.0,1.0,1130,10018,1.0,0,0,4,6,1130,0,1954,0,98032,47.3733,-122.275,1770,7700
15031,15031,7129303070,20140820T000000,735000.0,4.0,2.75,3040,2415,2.0,1,4,3,8,3040,0,1966,0,98118,47.5188,-122.256,2620,2433
15032,15032,6744700424,20140626T000000,537000.0,3.0,3.0,2410,7479,2.0,0,2,3,7,2410,0,1942,1988,98155,47.7394,-122.288,2610,7479
15033,15033,1727000680,20141209T000000,699000.0,4.0,2.5,2440,14470,1.0,0,0,4,9,1660,780,1970,0,98005,47.6401,-122.168,2810,15564
15034,15034,3226049134,20140902T000000,330000.0,2.0,1.0,800,4533,1.0,0,0,3,6,600,200,1929,0,98115,47.6979,-122.325,1720,6800
15035,15035,1760600009,20140829T000000,229000.0,3.0,1.0,1030,7800,1.0,0,0,3,7,1030,0,1954,0,98168,47.473,-122.324,1630,12664
15036,15036,3352400351,20141121T000000,200000.0,3.0,1.0,1480,5600,1.0,0,0,4,6,940,540,1947,0,98178,47.5045,-122.27,1350,11100
15037,15037,8563000250,20140812T000000,522500.0,3.0,1.75,1710,9707,1.0,0,0,4,8,1710,0,1966,0,98008,47.623000000000005,-122.105,1820,8700
15038,15038,1370800680,20150324T000000,1295000.0,3.0,2.75,3450,5350,1.5,0,3,4,9,2590,860,1925,0,98199,47.6389,-122.407,2910,5350
15039,15039,2726049034,20141110T000000,2000000.0,3.0,3.25,2610,16387,2.0,1,4,3,9,2610,0,2006,0,98125,47.7175,-122.278,2590,12958
15040,15040,3623059027,20141022T000000,200000.0,2.0,0.75,780,55764,1.0,0,0,4,4,780,0,1945,0,98058,47.442,-122.105,1620,30847
15041,15041,3205500020,20150408T000000,352000.0,3.0,1.75,1260,7200,1.0,0,0,3,7,1260,0,1971,0,98034,47.7189,-122.178,1460,7200
15042,15042,8924100305,20150325T000000,855000.0,4.0,3.0,2590,6250,2.0,0,2,3,9,2240,350,1964,0,98115,47.6774,-122.267,2260,6780
15043,15043,7524300020,20140820T000000,267000.0,3.0,2.5,1580,12250,2.0,0,0,3,8,1580,0,1993,0,98198,47.3771,-122.315,1560,9900
15044,15044,2436200715,20140506T000000,484000.0,2.0,1.75,1660,6000,1.0,0,0,3,7,1160,500,1942,0,98105,47.6624,-122.291,1660,4000
15045,15045,5469501850,20140629T000000,402000.0,4.0,2.75,2950,15540,1.0,0,0,4,8,2120,830,1974,0,98042,47.3845,-122.152,2840,17136
15046,15046,9187200275,20150420T000000,905000.0,4.0,2.25,2240,5000,2.0,0,0,3,8,1770,470,1900,2014,98122,47.6027,-122.295,2120,5000
15047,15047,274000020,20140808T000000,274000.0,4.0,1.75,1940,7500,1.0,0,0,4,7,1720,220,1966,0,98030,47.3736,-122.215,2000,9000
15048,15048,6151800225,20150409T000000,475000.0,3.0,1.75,1850,26445,1.0,0,0,4,7,1850,0,1962,1977,98010,47.3412,-122.051,2110,23280
15049,15049,8924600020,20141114T000000,1535000.0,4.0,4.5,5770,10050,1.0,0,3,5,9,3160,2610,1949,0,98115,47.677,-122.275,2950,6700
15050,15050,4003000285,20140504T000000,628000.0,4.0,2.0,2280,6010,1.0,0,0,3,7,1140,1140,1900,0,98122,47.6034,-122.289,2240,6200
15051,15051,290000095,20140617T000000,675000.0,6.0,1.75,2740,6360,1.0,0,3,3,8,1370,1370,1953,0,98146,47.5062,-122.385,2150,6600
15052,15052,1565930130,20141104T000000,429900.0,4.0,3.25,3760,4675,2.0,0,0,3,8,2740,1020,2007,0,98038,47.3862,-122.048,3280,4033
15053,15053,6123000225,20140625T000000,260000.0,3.0,1.5,1580,8184,1.0,0,0,3,7,1140,440,1954,0,98148,47.4294,-122.331,1540,9476
15054,15054,4385700285,20140903T000000,690000.0,3.0,1.75,1600,4400,1.0,0,0,3,7,1030,570,1941,0,98112,47.6348,-122.281,2150,4000
15055,15055,2469000010,20150323T000000,1081000.0,4.0,2.25,2100,12172,1.0,0,0,5,9,2100,0,1961,0,98040,47.5458,-122.227,2400,10713
15056,15056,5205000020,20150409T000000,360000.0,4.0,2.5,2610,7333,2.0,0,0,3,8,2610,0,1988,0,98003,47.2721,-122.293,2280,9033
15057,15057,461002890,20140619T000000,499000.0,3.0,1.75,1840,5000,1.0,0,0,4,7,920,920,1910,0,98117,47.6808,-122.376,1220,5000
15058,15058,1823059030,20140818T000000,159000.0,3.0,1.0,1320,6534,1.0,0,0,3,7,1320,0,1952,0,98055,47.4806,-122.223,2140,7405
15059,15059,8848400020,20150327T000000,430000.0,3.0,1.75,1540,8100,1.0,0,0,4,7,940,600,1947,0,98133,47.749,-122.351,1840,8100
15060,15060,4122500095,20150413T000000,1050000.0,5.0,2.75,2520,18625,1.0,0,0,3,8,1660,860,1959,0,98004,47.6409,-122.207,3000,16624
15061,15061,2597300020,20141113T000000,725000.0,5.0,2.5,3780,20000,1.0,0,1,4,9,1890,1890,1978,0,98155,47.7603,-122.273,2840,19908
15062,15062,2788400020,20140710T000000,150000.0,3.0,1.0,1200,9527,1.0,0,0,3,7,1200,0,1959,0,98168,47.5112,-122.316,1510,9457
15063,15063,7856610130,20140721T000000,840000.0,4.0,2.25,2720,8712,2.0,0,0,4,9,2720,0,1976,0,98006,47.5616,-122.153,2470,8714
15064,15064,3303860460,20150415T000000,499000.0,4.0,2.5,3100,5700,2.0,0,0,3,9,3100,0,2011,0,98038,47.3696,-122.058,3060,6000
15065,15065,2112700920,20141014T000000,285000.0,3.0,1.75,1630,4000,1.0,0,0,3,7,1100,530,1968,0,98106,47.5351,-122.353,1300,4000
15066,15066,6880210020,20150308T000000,340000.0,4.0,2.5,1910,7201,1.0,0,0,3,7,1210,700,1987,0,98198,47.3908,-122.316,1690,7554
15067,15067,6139100101,20150505T000000,405100.0,4.0,2.0,1580,7300,1.0,0,0,4,7,1580,0,1955,0,98155,47.7598,-122.328,1180,9450
15068,15068,7202330920,20140807T000000,464000.0,3.0,2.5,1690,4898,2.0,0,0,3,7,1690,0,2003,0,98053,47.6834,-122.038,2220,4933
15069,15069,8146300020,20140529T000000,723000.0,4.0,2.25,1960,8680,1.0,0,0,4,8,1290,670,1959,0,98004,47.6076,-122.192,2160,8680
15070,15070,7418000130,20141211T000000,430000.0,8.0,3.25,4300,10441,2.0,0,0,4,8,2800,1500,1979,0,98059,47.4786,-122.131,1780,10457
15071,15071,9276200635,20150430T000000,645000.0,3.0,1.75,1840,4255,1.0,0,0,3,7,940,900,1907,2005,98116,47.58,-122.392,1600,4255
15072,15072,251610020,20150508T000000,1580000.0,4.0,2.75,3480,19991,2.0,0,2,4,10,2630,850,1979,0,98004,47.6354,-122.214,3770,20271
15073,15073,8825900020,20140811T000000,925000.0,5.0,3.0,2710,4200,2.0,0,0,3,7,1890,820,1919,2014,98115,47.6754,-122.307,2150,4200
15074,15074,3856903495,20140709T000000,759000.0,4.0,1.75,2100,4750,1.0,0,0,3,7,1340,760,1975,0,98103,47.6695,-122.333,1700,4125
15075,15075,6382500020,20140805T000000,690000.0,4.0,2.0,1760,7800,1.0,0,0,3,8,1760,0,1954,0,98117,47.6945,-122.38,1950,7800
15076,15076,522059352,20150326T000000,358800.0,4.0,2.5,2155,8140,2.0,0,0,3,8,2155,0,1996,0,98031,47.4204,-122.201,2155,7245
15077,15077,1778500595,20150413T000000,683000.0,5.0,1.5,1720,4000,1.5,0,0,3,7,1520,200,1925,0,98112,47.6197,-122.287,2280,4000
15078,15078,4083300595,20141208T000000,650000.0,3.0,1.0,1430,4240,1.5,0,0,3,7,1430,0,1924,0,98103,47.6595,-122.337,1660,4240
15079,15079,2100200020,20141209T000000,288000.0,5.0,2.75,2790,4807,1.5,0,0,4,7,2140,650,1949,0,98002,47.3098,-122.223,1056,4807
15080,15080,2597500840,20140707T000000,209950.0,3.0,1.5,1180,7300,1.0,0,0,4,7,1180,0,1968,0,98002,47.2857,-122.197,2030,8424
15081,15081,7935000595,20141008T000000,939000.0,3.0,3.5,2450,9248,2.0,0,4,3,8,1960,490,1933,1993,98136,47.5476,-122.397,2620,10207
15082,15082,7857003318,20140816T000000,320000.0,3.0,1.0,1330,5850,1.0,0,0,3,7,930,400,1954,0,98108,47.5498,-122.298,1440,5850
15083,15083,9211520020,20140822T000000,283748.0,3.0,2.25,1940,9560,2.0,0,0,3,7,1940,0,1989,0,98023,47.2998,-122.387,1800,9560
15084,15084,1460000080,20140731T000000,370000.0,3.0,2.25,1600,7620,1.0,0,0,3,7,1280,320,1987,0,98011,47.774,-122.208,1600,8215
15085,15085,3444120130,20150327T000000,399950.0,4.0,2.75,3210,41689,1.0,0,0,4,8,1610,1600,1989,0,98042,47.3493,-122.062,2100,41384
15086,15086,908000010,20141212T000000,360000.0,5.0,2.5,2880,6902,1.0,0,0,3,8,1680,1200,1976,2007,98058,47.4332,-122.144,2080,5586
15087,15087,3123800080,20141112T000000,365000.0,2.0,1.5,1160,8060,1.0,0,0,4,7,1160,0,1950,0,98136,47.5146,-122.386,1500,8060
15088,15088,8641500345,20141219T000000,396900.0,3.0,2.0,1360,3120,2.0,0,0,3,7,1360,0,1989,0,98115,47.6943,-122.307,1360,3120
15089,15089,3717000250,20150422T000000,321000.0,3.0,2.5,2014,4500,2.0,0,0,3,7,2014,0,2005,0,98001,47.3371,-122.256,2014,4500
15090,15090,7697860130,20150106T000000,245000.0,3.0,2.0,1440,7008,1.0,0,0,3,7,1440,0,1985,0,98030,47.3702,-122.182,1680,7200
15091,15091,9169100130,20141007T000000,502000.0,2.0,1.0,1570,4704,1.5,0,1,3,8,1570,0,1931,0,98136,47.5256,-122.392,1820,4704
15092,15092,2944500470,20140605T000000,257000.0,4.0,2.75,2330,7642,1.0,0,0,3,8,1800,530,1990,0,98023,47.2946,-122.37,2320,7933
15093,15093,7424110130,20140515T000000,423000.0,4.0,1.75,1880,7303,1.0,0,0,3,7,1010,870,1976,0,98034,47.7129,-122.203,1710,7200
15094,15094,4037000635,20150327T000000,485000.0,4.0,2.25,1850,9911,1.0,0,0,4,7,1850,0,1957,0,98008,47.6019,-122.116,1650,8670
15095,15095,2141500020,20141217T000000,500000.0,4.0,2.5,2230,8560,2.0,0,0,3,8,2230,0,2002,0,98059,47.4877,-122.143,2400,7756
15096,15096,952000725,20141021T000000,442000.0,2.0,1.0,990,4313,1.5,0,2,4,6,990,0,1917,0,98126,47.5677,-122.38,1480,5750
15097,15097,9550204620,20150512T000000,475000.0,3.0,1.75,1720,3825,1.5,0,0,3,7,1720,0,1925,0,98105,47.666,-122.327,2000,3825
15098,15098,6891800250,20150406T000000,625000.0,4.0,2.25,3230,9935,2.0,0,0,3,8,3230,0,1986,0,98028,47.7685,-122.257,2820,9722
15099,15099,7812801850,20141015T000000,194000.0,3.0,1.0,1180,6050,1.0,0,0,3,6,820,360,1944,0,98178,47.4945,-122.249,1070,6050
15100,15100,7504180170,20140707T000000,410000.0,3.0,2.25,1450,19206,2.0,0,0,3,7,1450,0,1989,0,98074,47.62,-122.052,1710,21485
15101,15101,686800080,20140612T000000,1034500.0,4.0,2.5,2370,10858,2.0,0,0,3,9,2370,0,2003,0,98004,47.6336,-122.192,2510,21673
15102,15102,7853300290,20150324T000000,490000.0,4.0,2.5,2570,6157,2.0,0,0,3,7,2570,0,2006,0,98065,47.5389,-121.89,2060,5292
15103,15103,7905380380,20141209T000000,348500.0,4.0,1.75,1870,7575,1.0,0,0,3,7,1480,390,1972,0,98034,47.7205,-122.218,1670,7575
15104,15104,1972202320,20150427T000000,380000.0,3.0,1.0,1220,3000,1.5,0,0,3,6,1220,0,1901,0,98103,47.6506,-122.346,1350,3000
15105,15105,1710400007,20141211T000000,660000.0,3.0,2.0,1770,2150,3.0,0,0,3,8,1770,0,1999,0,98122,47.6102,-122.314,2010,3200
15106,15106,2985800225,20150401T000000,525000.0,3.0,1.0,1500,6800,1.0,0,0,3,7,1500,0,1943,0,98105,47.6706,-122.268,1500,6800
15107,15107,1721059069,20140717T000000,235000.0,3.0,2.0,1110,8724,1.0,0,0,4,7,1110,0,1990,0,98002,47.3056,-122.206,1390,7750
15108,15108,7852160170,20150422T000000,1210000.0,4.0,3.75,4980,18069,2.0,0,3,3,11,4980,0,2006,0,98065,47.5348,-121.856,4080,14577
15109,15109,626049102,20150324T000000,397950.0,4.0,1.75,2360,8116,1.0,0,0,4,7,1180,1180,1916,1970,98133,47.7635,-122.335,1670,8160
15110,15110,7349660050,20141118T000000,268000.0,3.0,1.75,1600,7711,1.0,0,0,3,7,1600,0,1999,0,98002,47.284,-122.202,2100,7711
15111,15111,1231000660,20140521T000000,525000.0,3.0,1.0,1450,4000,1.0,0,1,4,8,950,500,1948,0,98118,47.5554,-122.266,1880,4000
15112,15112,9558900010,20141006T000000,549950.0,3.0,2.5,2680,5860,2.0,0,0,3,8,2680,0,2001,0,98011,47.7557,-122.223,2680,5860
15113,15113,3897100170,20140827T000000,370000.0,3.0,1.75,1150,6600,1.5,0,0,4,6,1150,0,1970,0,98033,47.6709,-122.185,1530,6600
15114,15114,1150700170,20140926T000000,299000.0,4.0,2.25,1870,6693,2.0,0,0,3,7,1870,0,1996,0,98003,47.2774,-122.299,1650,6518
15115,15115,2769600305,20150115T000000,715000.0,6.0,2.75,3400,5000,2.0,0,2,3,8,2860,540,1977,0,98107,47.6728,-122.362,1800,5000
15116,15116,3876001330,20150424T000000,430000.0,4.0,1.5,1810,7200,1.0,0,0,3,7,1810,0,1966,0,98034,47.7207,-122.186,2060,7200
15117,15117,984220290,20150210T000000,345000.0,3.0,1.75,1860,7191,1.0,0,0,4,7,1260,600,1975,0,98058,47.4338,-122.168,1850,7490
15118,15118,3616600250,20140527T000000,1600000.0,3.0,3.25,3790,19000,2.0,0,4,3,10,3790,0,1985,0,98177,47.724,-122.373,2740,18628
15119,15119,1529200480,20140518T000000,534640.0,3.0,2.5,2130,3500,1.0,0,0,4,8,1210,920,1994,0,98072,47.736,-122.159,2030,3710
15120,15120,2533300680,20141007T000000,1225000.0,3.0,2.5,2860,4500,2.0,0,2,3,8,1980,880,1915,0,98119,47.6463,-122.371,2310,4500
15121,15121,6752600130,20150413T000000,351000.0,4.0,2.5,2370,7274,2.0,0,0,3,7,2370,0,1997,0,98031,47.3982,-122.171,2090,7656
15122,15122,9332800020,20140715T000000,745000.0,4.0,2.25,2290,10409,2.0,0,0,3,8,2290,0,1972,0,98005,47.6351,-122.168,2040,10409
15123,15123,1121000095,20141105T000000,320000.0,2.0,1.0,1120,5329,1.0,0,1,3,6,750,370,1929,0,98126,47.5421,-122.378,1530,5330
15124,15124,6751500285,20140731T000000,555700.0,3.0,2.0,1810,12420,1.0,0,0,4,7,1810,0,1957,0,98008,47.5888,-122.127,2230,12330
15125,15125,1310370020,20140708T000000,690000.0,4.0,2.5,3220,35400,2.0,0,0,3,9,3220,0,1991,0,98072,47.7547,-122.114,3050,35252
15126,15126,4019300680,20141231T000000,449000.0,3.0,1.75,1660,9697,1.0,0,0,4,7,1660,0,1952,0,98155,47.7564,-122.286,2060,20624
15127,15127,4408100095,20140502T000000,308500.0,2.0,1.0,850,6174,1.0,0,0,4,7,850,0,1950,0,98155,47.7352,-122.328,1100,6174
15128,15128,8944460020,20150305T000000,340000.0,4.0,2.5,2665,5868,2.0,0,0,3,9,2665,0,2006,0,98030,47.3831,-122.185,2665,6092
15129,15129,8824900020,20150327T000000,937750.0,4.0,2.75,2580,3560,1.5,0,0,5,7,1710,870,1917,0,98115,47.6753,-122.304,1980,3800
15130,15130,7135520780,20140506T000000,725126.0,4.0,2.5,3200,12369,2.0,0,0,3,10,3200,0,1998,0,98059,47.5273,-122.143,3770,12960
15131,15131,179001101,20150105T000000,135000.0,3.0,1.0,840,3000,1.0,0,0,3,5,840,0,1943,0,98178,47.494,-122.275,1010,6000
15132,15132,4177100005,20150403T000000,635000.0,4.0,2.5,2970,7961,1.0,0,0,3,8,2020,950,1969,0,98125,47.7118,-122.29,1410,7959
15133,15133,910000104,20140806T000000,245500.0,2.0,1.0,790,7500,1.0,0,0,3,6,790,0,1950,0,98011,47.7644,-122.198,1970,8970
15134,15134,3353400840,20141202T000000,230000.0,6.0,1.5,2140,36509,1.5,0,0,4,8,2140,0,1903,1979,98001,47.2668,-122.252,1710,12000
15135,15135,8964800050,20150304T000000,1770000.0,3.0,2.5,2580,14603,1.0,0,2,4,9,2580,0,1951,0,98004,47.6199,-122.212,2410,14347
15136,15136,726049217,20141110T000000,425000.0,5.0,2.5,2180,7875,1.0,0,0,4,7,1200,980,1955,0,98133,47.7543,-122.341,1840,5105
15137,15137,2926049376,20150420T000000,220000.0,2.0,1.0,1060,10423,1.5,0,0,3,7,1060,0,1965,0,98125,47.705,-122.313,2240,10200
15138,15138,5589300715,20140829T000000,370000.0,3.0,2.0,1860,9100,1.5,0,0,3,8,1860,0,1939,2006,98155,47.7522,-122.304,1620,9519
15139,15139,7229900285,20140917T000000,390000.0,3.0,2.0,1840,16815,1.0,0,0,5,7,960,880,1972,0,98059,47.4837,-122.11,1810,16732
15140,15140,2722059215,20140603T000000,239000.0,3.0,1.75,1340,16480,1.0,0,0,4,7,1340,0,1968,0,98042,47.364,-122.162,1520,10451
15141,15141,2473372040,20150102T000000,345000.0,4.0,2.25,2320,7350,2.0,0,0,3,8,2320,0,1973,0,98058,47.4512,-122.131,2170,7350
15142,15142,3546000630,20140826T000000,289000.0,3.0,2.5,2110,8304,1.0,0,0,4,7,2110,0,1985,0,98030,47.3558,-122.173,1680,7508
15143,15143,7888400500,20150508T000000,285000.0,5.0,1.5,1840,8050,1.5,0,0,4,7,1840,0,1962,0,98198,47.3668,-122.312,1690,8151
15144,15144,1823049182,20140915T000000,147400.0,3.0,2.0,1080,9225,1.0,0,0,2,7,1080,0,1955,0,98146,47.4842,-122.346,1410,9840
15145,15145,8712100020,20150127T000000,600000.0,2.0,1.0,1290,4636,1.0,0,0,3,7,1290,0,1924,0,98112,47.6393,-122.301,1940,4635
15146,15146,7961500010,20140806T000000,245000.0,3.0,2.25,2210,10794,1.0,0,0,3,7,1540,670,1967,0,98178,47.4911,-122.224,2230,10753
15147,15147,7961500010,20150304T000000,520000.0,3.0,2.25,2210,10794,1.0,0,0,3,7,1540,670,1967,0,98178,47.4911,-122.224,2230,10753
15148,15148,2424400130,20140518T000000,352500.0,3.0,2.25,1410,14110,1.0,0,2,3,7,1170,240,1987,0,98065,47.5336,-121.76,1560,18336
15149,15149,9406510130,20150505T000000,448000.0,5.0,3.5,3740,24684,2.0,0,0,3,9,2760,980,1998,0,98038,47.3832,-122.057,2880,26023
15150,15150,3832700250,20140929T000000,270000.0,4.0,2.75,2440,7150,1.0,0,0,3,7,1200,1240,1963,1985,98032,47.3662,-122.282,1790,7150
15151,15151,809000525,20140826T000000,872500.0,3.0,2.5,2040,6000,1.0,0,0,3,8,1840,200,1951,0,98109,47.6334,-122.35,1820,4920
15152,15152,1370800225,20150318T000000,2152500.0,4.0,3.25,3840,6214,1.5,0,3,4,10,2590,1250,1939,0,98199,47.6388,-122.406,3280,5915
15153,15153,3388100020,20140812T000000,225000.0,3.0,1.5,1660,7221,1.0,0,0,3,7,980,680,1962,0,98168,47.4962,-122.32,1770,8083
15154,15154,2770604615,20141121T000000,735000.0,4.0,2.0,1640,6000,1.5,0,0,4,9,1640,0,1911,0,98119,47.6505,-122.375,1900,6000
15155,15155,3754700420,20150401T000000,375000.0,3.0,1.0,1310,8400,1.0,0,0,3,7,1310,0,1972,1989,98034,47.7253,-122.197,1680,8000
15156,15156,6669020290,20141023T000000,169000.0,3.0,1.75,1720,9775,1.0,0,0,3,8,1720,0,1978,0,98032,47.3731,-122.286,1970,8400
15157,15157,6669020290,20150304T000000,279950.0,3.0,1.75,1720,9775,1.0,0,0,3,8,1720,0,1978,0,98032,47.3731,-122.286,1970,8400
15158,15158,5493110020,20150116T000000,1950000.0,4.0,2.75,4020,18745,2.0,0,4,4,10,2830,1190,1989,0,98004,47.6042,-122.21,3150,20897
15159,15159,6064800470,20140805T000000,310000.0,3.0,2.25,1960,2345,2.0,0,0,3,7,1750,210,2003,0,98118,47.5419,-122.288,1760,1958
15160,15160,9304400010,20140730T000000,975000.0,4.0,2.5,3240,35083,2.0,0,0,4,9,3240,0,1978,0,98005,47.6337,-122.154,3340,24501
15161,15161,5566100170,20141029T000000,650000.0,10.0,2.0,3610,11914,2.0,0,0,4,7,3010,600,1958,0,98006,47.5705,-122.175,2040,11914
15162,15162,3025049028,20141216T000000,930000.0,2.0,1.5,1800,4500,1.0,0,2,3,7,1000,800,1942,0,98109,47.6305,-122.347,2270,3840
15163,15163,2848700095,20150402T000000,412000.0,4.0,1.5,1960,5000,1.0,0,0,3,7,980,980,1912,0,98106,47.5688,-122.363,1300,5000
15164,15164,2172000894,20150417T000000,225000.0,3.0,1.0,1250,10200,1.0,0,0,3,6,1250,0,1965,0,98178,47.4902,-122.256,1800,8283
15165,15165,3034200660,20140619T000000,507000.0,3.0,2.5,2120,7201,2.0,0,0,3,8,2120,0,2003,0,98133,47.7174,-122.337,1930,7206
15166,15166,3304700130,20150128T000000,1755000.0,4.0,4.0,3860,67953,2.0,0,2,4,12,3860,0,1927,0,98177,47.7469,-122.378,4410,128066
15167,15167,6661200080,20141117T000000,230000.0,3.0,2.5,1340,3011,2.0,0,0,3,7,1340,0,1995,0,98038,47.3839,-122.038,1060,3232
15168,15168,8835800480,20150223T000000,316000.0,1.0,2.0,1780,188465,2.0,0,0,3,10,1780,0,2001,0,98045,47.4506,-121.768,1780,21094
15169,15169,7853430660,20140910T000000,616200.0,5.0,3.25,3920,4832,2.0,0,0,3,9,3030,890,2014,0,98065,47.5202,-121.885,2660,4832
15170,15170,7511200020,20140829T000000,509900.0,3.0,1.75,1690,53578,1.0,0,0,3,8,1690,0,1984,0,98053,47.6546,-122.049,2290,52707
15171,15171,2597670080,20150316T000000,370000.0,4.0,2.5,2570,7753,2.0,0,0,3,8,2570,0,1987,0,98058,47.4237,-122.162,2140,7615
15172,15172,2423010130,20150306T000000,619100.0,3.0,1.75,1870,7030,1.0,0,0,3,7,1870,0,1977,0,98033,47.6999,-122.17,1820,7500
15173,15173,2927600415,20140821T000000,805000.0,3.0,2.25,2860,11250,1.0,0,1,5,8,2290,570,1956,0,98166,47.4534,-122.372,2030,11250
15174,15174,2770604665,20150202T000000,612125.0,2.0,1.5,1670,6000,1.0,0,0,3,7,1090,580,1950,0,98119,47.6517,-122.374,1670,6000
15175,15175,425049181,20140912T000000,350000.0,2.0,1.5,1070,937,3.0,0,0,3,8,1070,0,2003,0,98115,47.6761,-122.3,1100,3200
15176,15176,3223059217,20141104T000000,225000.0,2.0,1.0,940,15000,1.0,0,0,3,7,940,0,1960,0,98055,47.4312,-122.195,1450,15000
15177,15177,6669240130,20141022T000000,335000.0,3.0,2.5,2588,5701,2.0,0,0,3,8,2588,0,2008,0,98042,47.3449,-122.151,2389,5702
15178,15178,3303960080,20150331T000000,972800.0,5.0,3.25,3500,10457,2.0,0,0,3,11,3500,0,2001,0,98059,47.5198,-122.157,3500,11734
15179,15179,2413910190,20150202T000000,500000.0,3.0,1.75,1690,48096,1.0,0,0,3,7,1690,0,1973,0,98053,47.6745,-122.061,2070,35160
15180,15180,9185700285,20141223T000000,2200000.0,4.0,3.75,3790,7200,2.0,0,0,3,10,2530,1260,1931,0,98112,47.6264,-122.289,3250,7200
15181,15181,4040800050,20141119T000000,415000.0,3.0,1.5,1090,8400,1.0,0,0,4,7,1090,0,1966,0,98008,47.6219,-122.115,1320,8400
15182,15182,3438500742,20140826T000000,399000.0,3.0,3.0,2240,10479,2.0,0,0,4,7,1710,530,1950,0,98106,47.5529,-122.356,1530,5244
15183,15183,2326300010,20140520T000000,376000.0,2.0,1.0,1150,4000,1.0,0,0,3,7,1150,0,1947,0,98199,47.6575,-122.394,1150,4288
15184,15184,4322200050,20141217T000000,340000.0,3.0,2.0,1870,3378,1.0,0,0,3,7,1120,750,1913,0,98136,47.5371,-122.393,1870,1872
15185,15185,6403510130,20141114T000000,490000.0,5.0,2.75,2990,7200,2.0,0,0,3,8,2990,0,1997,0,98059,47.4955,-122.16,2710,7620
15186,15186,4307340130,20140622T000000,374000.0,4.0,2.5,2580,6260,2.0,0,0,3,7,2580,0,2004,0,98056,47.4858,-122.185,2160,3600
15187,15187,7237600130,20150326T000000,852000.0,4.0,1.0,2220,3588,1.5,0,0,4,7,1470,750,1927,0,98115,47.6854,-122.308,1740,3588
15188,15188,5706300020,20141125T000000,473000.0,3.0,2.25,1620,12309,2.0,0,0,3,7,1620,0,1987,0,98074,47.6188,-122.029,2030,13963
15189,15189,6446200050,20150504T000000,540000.0,3.0,1.75,2590,25992,1.0,0,0,3,8,1970,620,1968,0,98029,47.5521,-122.03,2590,29250
15190,15190,7744500020,20140826T000000,431000.0,2.0,2.0,1390,12530,1.0,0,0,3,8,970,420,1959,0,98155,47.7499,-122.29,1940,12530
15191,15191,3971700635,20150506T000000,435000.0,4.0,3.0,2270,7245,1.0,0,0,3,7,1410,860,1979,0,98155,47.7722,-122.315,1740,7571
15192,15192,3625059109,20140508T000000,1051000.0,4.0,3.0,2920,33976,1.0,0,3,5,8,1460,1460,1964,0,98008,47.6164,-122.104,2970,15210
15193,15193,6379500216,20140513T000000,450000.0,3.0,2.75,1250,892,2.0,0,0,3,8,1040,210,2010,0,98116,47.5826,-122.387,1250,1296
15194,15194,1123049027,20150319T000000,157500.0,3.0,1.0,1100,27008,1.0,0,0,3,6,960,140,1935,0,98178,47.4963,-122.249,1280,8890
15195,15195,1938400010,20141217T000000,244000.0,3.0,1.75,1500,7475,1.0,0,0,4,8,1500,0,1976,0,98023,47.3155,-122.365,1940,7475
15196,15196,3204900010,20150211T000000,550000.0,3.0,2.5,2800,10603,2.0,0,0,3,9,2800,0,2001,0,98011,47.7528,-122.195,2580,10603
15197,15197,6979900010,20140905T000000,975000.0,4.0,2.5,3420,183387,2.0,0,0,3,10,3420,0,2000,0,98053,47.633,-121.972,2260,34613
15198,15198,1422069069,20150205T000000,426500.0,4.0,2.75,2100,88426,1.0,0,0,3,6,2100,0,1990,0,98038,47.399,-122.011,2150,63162
15199,15199,9834200305,20140716T000000,350000.0,3.0,1.0,1790,3876,1.5,0,0,5,7,1090,700,1904,0,98144,47.575,-122.288,1360,4080
15200,15200,9834200305,20150210T000000,615000.0,3.0,1.0,1790,3876,1.5,0,0,5,7,1090,700,1904,0,98144,47.575,-122.288,1360,4080
15201,15201,3396820010,20150223T000000,542000.0,3.0,2.25,2220,12056,2.0,0,0,3,8,2220,0,1985,0,98052,47.7148,-122.101,2320,12025
15202,15202,1929300415,20141119T000000,710000.0,4.0,1.75,2000,6000,1.0,0,3,5,7,1000,1000,1956,0,98109,47.6428,-122.348,2610,4377
15203,15203,8001600130,20150501T000000,289950.0,3.0,2.5,1770,9450,1.0,0,0,3,8,1770,0,1988,0,98001,47.3196,-122.272,2200,8582
15204,15204,3835500585,20141016T000000,1900000.0,4.0,2.75,4280,12668,2.0,0,0,3,9,3900,380,1947,2008,98004,47.6185,-122.219,3590,12670
15205,15205,7518505910,20141119T000000,528000.0,2.0,1.0,1260,5100,1.5,0,0,4,7,1120,140,1925,0,98117,47.6805,-122.384,1260,5100
15206,15206,7518505610,20150325T000000,471000.0,2.0,1.0,840,5100,1.0,0,0,4,7,840,0,1949,0,98117,47.6779,-122.384,1550,5100
15207,15207,5412100920,20141203T000000,250000.0,4.0,2.75,1830,6643,2.0,0,0,3,8,1830,0,2001,0,98001,47.2601,-122.286,2400,6472
15208,15208,2329700440,20141027T000000,155000.0,3.0,1.5,970,8400,1.0,0,0,3,7,970,0,1966,0,98003,47.3284,-122.331,1230,8400
15209,15209,923000413,20140818T000000,515000.0,4.0,1.5,1740,8160,1.5,0,0,4,7,1400,340,1946,0,98177,47.7243,-122.363,1600,8160
15210,15210,9406521150,20150305T000000,336600.0,3.0,2.25,1654,8464,2.0,0,0,3,7,1654,0,1995,0,98038,47.3618,-122.033,1975,8515
15211,15211,810000080,20150310T000000,915000.0,3.0,2.25,2390,2750,2.0,0,0,5,8,1580,810,1925,0,98109,47.6339,-122.354,2200,5160
15212,15212,3762900130,20140715T000000,350000.0,2.0,1.75,1080,7242,2.0,0,0,4,7,1080,0,1984,0,98034,47.7065,-122.235,1800,7321
15213,15213,1651800010,20140702T000000,1300000.0,4.0,1.75,2610,21600,1.0,0,0,4,8,2610,0,1966,0,98004,47.6245,-122.227,2920,20330
15214,15214,3876500290,20150305T000000,175000.0,3.0,1.0,1070,6164,1.0,0,0,3,7,1070,0,1967,0,98001,47.3377,-122.291,1320,7920
15215,15215,4443800545,20150330T000000,545000.0,2.0,2.0,1430,3880,1.0,0,0,4,7,1430,0,1949,0,98117,47.6844,-122.392,1430,3880
15216,15216,9218400050,20141227T000000,475000.0,4.0,3.0,2400,5400,2.0,0,2,4,7,1600,800,1965,0,98178,47.5099,-122.26,2400,5400
15217,15217,1023059108,20150430T000000,390000.0,2.0,1.0,670,11505,1.0,0,0,3,5,670,0,2003,0,98059,47.499,-122.157,2180,11505
15218,15218,2787250190,20140717T000000,645000.0,4.0,2.5,2860,14000,2.0,0,0,3,8,2860,0,1995,0,98019,47.7306,-121.973,2650,14564
15219,15219,4019301205,20141202T000000,410000.0,3.0,1.5,2270,8187,1.0,0,0,4,8,1420,850,1954,0,98155,47.7573,-122.278,2020,14092
15220,15220,2607760190,20150331T000000,480000.0,4.0,2.5,2180,9861,2.0,0,2,3,8,2180,0,1997,0,98045,47.4817,-121.802,2390,9761
15221,15221,1250203135,20140701T000000,725000.0,3.0,1.75,1860,6000,2.0,0,2,4,8,1860,0,1959,0,98144,47.5981,-122.288,3030,7119
15222,15222,1424069069,20140522T000000,1150000.0,6.0,4.5,6040,219542,2.0,0,0,3,11,4100,1940,1996,0,98029,47.5622,-122.003,2010,32362
15223,15223,7304301300,20140702T000000,300000.0,2.0,1.0,1010,11919,1.0,0,0,3,6,1010,0,1947,0,98155,47.7461,-122.322,1220,11240
15224,15224,8835400290,20150309T000000,752000.0,4.0,2.5,2570,8178,1.0,0,2,3,8,1710,860,1961,0,98118,47.5483,-122.261,2050,7500
15225,15225,3630030440,20140923T000000,585000.0,4.0,2.5,1950,3720,2.0,0,0,3,8,1950,0,2004,0,98029,47.5503,-121.997,1720,3720
15226,15226,1088000050,20150213T000000,678700.0,3.0,1.75,1970,10548,1.0,0,0,4,8,1300,670,1973,0,98033,47.6669,-122.179,2500,8548
15227,15227,7504010480,20150417T000000,603000.0,4.0,2.25,2110,11155,2.0,0,0,3,9,2110,0,1975,0,98074,47.6386,-122.058,2660,11900
15228,15228,8644500010,20150320T000000,715000.0,3.0,1.75,1650,7276,1.5,0,4,4,7,1150,500,1928,0,98117,47.6989,-122.399,2300,8088
15229,15229,1326059142,20141028T000000,1395000.0,4.0,3.0,3520,128502,2.0,0,2,4,10,3520,0,1981,0,98072,47.7448,-122.117,3260,79714
15230,15230,3754501205,20150429T000000,1085000.0,3.0,2.5,2840,7500,2.0,0,3,3,11,2840,0,1997,0,98034,47.7049,-122.224,2580,5918
15231,15231,7625701900,20150222T000000,467500.0,2.0,1.75,1490,4800,1.0,0,0,4,7,750,740,1918,0,98136,47.5496,-122.391,1400,6000
15232,15232,1926049398,20141013T000000,359000.0,3.0,2.25,1650,7218,1.0,0,0,3,7,1230,420,1985,0,98133,47.7237,-122.335,1690,7459
15233,15233,6372000190,20140826T000000,745000.0,4.0,2.0,1960,4520,1.0,0,0,3,8,960,1000,1922,2001,98116,47.58,-122.405,1680,4520
15234,15234,3622059088,20140513T000000,450000.0,3.0,2.25,2450,42180,1.0,0,0,4,7,2450,0,1978,2000,98042,47.3549,-122.111,1440,42180
15235,15235,809003105,20150408T000000,935000.0,3.0,2.0,1720,2000,1.5,0,0,3,8,1060,660,1910,2000,98109,47.6384,-122.35,1590,4000
15236,15236,8956000250,20140903T000000,615000.0,3.0,2.5,1980,3128,2.0,0,0,3,8,1890,90,2009,0,98027,47.5456,-122.016,2160,2240
15237,15237,1241500351,20140929T000000,1031000.0,3.0,2.5,4110,35741,2.0,0,0,3,7,4110,0,1976,0,98033,47.6642,-122.171,2710,8865
15238,15238,7457400250,20150106T000000,283500.0,4.0,2.5,1990,5577,2.0,0,0,3,7,1990,0,1999,0,98092,47.3191,-122.191,2020,6400
15239,15239,6154900130,20141202T000000,340000.0,2.0,1.0,860,7102,1.0,0,0,3,6,860,0,1947,0,98177,47.7042,-122.369,1450,7102
15240,15240,1853500130,20150225T000000,370000.0,4.0,2.5,2320,9264,2.0,0,0,3,8,2320,0,1994,0,98188,47.4449,-122.274,2320,9129
15241,15241,1854750010,20140820T000000,1150000.0,3.0,2.5,4190,9624,2.0,0,0,3,10,4190,0,1999,0,98006,47.5642,-122.127,3650,8321
15242,15242,9320500080,20140510T000000,265000.0,4.0,1.0,1940,9533,1.0,0,0,3,7,1080,860,1962,0,98031,47.4139,-122.208,1940,8839
15243,15243,7228500415,20140826T000000,480000.0,4.0,2.25,2520,2370,2.0,0,0,3,8,1690,830,1908,0,98122,47.6109,-122.303,1530,2370
15244,15244,3142600130,20140617T000000,667500.0,3.0,2.0,1880,3800,1.0,0,0,5,7,1030,850,1927,0,98115,47.6841,-122.309,1700,3800
15245,15245,629000605,20150227T000000,1398000.0,3.0,2.5,2910,10044,2.0,0,0,4,10,2910,0,1989,0,98004,47.5845,-122.199,2420,12287
15246,15246,5536100005,20140808T000000,2300000.0,7.0,4.75,5310,8816,2.0,0,0,3,10,3650,1660,2013,0,98004,47.6221,-122.208,2920,10610
15247,15247,3990000050,20140616T000000,465000.0,3.0,2.25,2670,7500,1.0,0,0,4,7,1640,1030,1966,0,98166,47.4608,-122.354,1970,9598
15248,15248,1320069249,20141020T000000,192500.0,1.0,1.0,470,63737,1.0,0,2,5,5,470,0,1924,0,98022,47.2163,-121.984,1350,46762
15249,15249,9357000635,20150323T000000,345000.0,3.0,1.0,1060,5600,1.0,0,0,4,6,760,300,1943,0,98146,47.5116,-122.379,1310,5600
15250,15250,2207200635,20140602T000000,439800.0,3.0,1.5,1120,6900,1.0,0,0,5,7,1120,0,1956,0,98007,47.6023,-122.132,1300,7000
15251,15251,3798000130,20140725T000000,468000.0,4.0,1.75,2250,8580,1.0,0,0,4,7,1330,920,1958,0,98011,47.7633,-122.199,2250,10032
15252,15252,2680700010,20140724T000000,775000.0,4.0,2.5,2070,8473,1.0,0,0,4,8,1250,820,1976,0,98033,47.6608,-122.19,2070,9499
15253,15253,3066200440,20140608T000000,684680.0,4.0,2.25,2370,9360,2.0,0,0,4,8,2370,0,1979,0,98052,47.6518,-122.123,2370,9720
15254,15254,3293400020,20150116T000000,910000.0,4.0,3.5,3570,27699,2.0,0,0,3,11,3570,0,1990,0,98052,47.7173,-122.098,3800,35880
15255,15255,2425049063,20140911T000000,3640900.0,4.0,3.25,4830,22257,2.0,1,4,4,11,4830,0,1990,0,98039,47.6409,-122.241,3820,25582
15256,15256,114101426,20140617T000000,375000.0,3.0,1.75,1160,22470,1.0,0,0,4,7,1160,0,1976,0,98028,47.7595,-122.23,1940,15999
15257,15257,100500020,20140911T000000,250000.0,3.0,2.5,1610,6600,2.0,0,0,3,7,1610,0,1994,0,98003,47.2827,-122.302,1660,7689
15258,15258,1732800780,20150212T000000,3065000.0,5.0,3.0,4150,7500,2.5,0,4,5,11,3510,640,1909,0,98119,47.6303,-122.362,2250,4050
15259,15259,7955050250,20141125T000000,442500.0,4.0,2.25,1840,7575,1.0,0,0,4,7,1390,450,1973,0,98034,47.7328,-122.198,1820,7500
15260,15260,3521059134,20140523T000000,900000.0,3.0,3.5,4080,217697,1.5,0,3,3,10,4080,0,2000,0,98092,47.2604,-122.139,2710,217790
15261,15261,6908200006,20140919T000000,699000.0,3.0,2.0,1820,4080,2.0,0,2,3,8,1820,0,1937,1987,98107,47.6735,-122.401,2160,5400
15262,15262,4012800010,20140506T000000,360000.0,4.0,2.0,2680,18768,1.0,0,0,5,8,2680,0,1965,0,98001,47.3182,-122.279,1230,15750
15263,15263,629800660,20140909T000000,1675000.0,4.0,4.75,4790,25412,2.0,0,0,3,12,4790,0,1999,0,98074,47.603,-122.012,3830,16314
15264,15264,425059024,20150129T000000,675000.0,5.0,2.0,2420,21000,1.5,0,0,3,8,2420,0,1966,0,98033,47.677,-122.165,1940,8085
15265,15265,8911000425,20140918T000000,345000.0,2.0,1.0,1130,8081,1.0,0,0,4,7,1130,0,1921,0,98133,47.7064,-122.355,1220,7800
15266,15266,3438502066,20150408T000000,229000.0,4.0,1.0,1320,5000,1.5,0,0,3,7,1320,0,1928,0,98106,47.5457,-122.363,1640,5164
15267,15267,3022039069,20150326T000000,300000.0,3.0,1.0,1290,12415,1.5,0,0,3,6,1290,0,1908,0,98070,47.3719,-122.461,1620,12415
15268,15268,1862400471,20140820T000000,392500.0,3.0,3.25,1600,1289,3.0,0,0,3,8,1600,0,1998,0,98117,47.6957,-122.375,1600,1376
15269,15269,7518505851,20140616T000000,552000.0,3.0,1.0,1120,2300,1.0,0,0,4,7,820,300,1912,0,98117,47.6797,-122.384,1430,5100
15270,15270,5101408678,20141120T000000,457000.0,2.0,1.75,2060,7192,1.0,0,0,3,7,1420,640,1940,0,98125,47.7038,-122.317,1860,7140
15271,15271,3296900130,20141007T000000,518000.0,4.0,2.5,2830,13760,2.0,0,0,3,8,2830,0,1993,0,98019,47.7334,-121.97,2350,14029
15272,15272,9513900050,20140812T000000,237000.0,3.0,2.0,1210,6634,1.0,0,0,4,7,1210,0,1985,0,98031,47.4097,-122.193,1560,7200
15273,15273,2624089022,20150314T000000,399950.0,3.0,2.25,1560,11997,1.0,0,0,3,7,1260,300,1988,0,98065,47.5378,-121.742,1820,36590
15274,15274,4024100670,20150506T000000,605000.0,3.0,2.25,2260,17114,2.0,0,0,3,7,2260,0,1990,0,98155,47.7537,-122.296,2360,14893
15275,15275,1862910050,20140722T000000,295000.0,4.0,2.5,1850,8198,2.0,0,0,3,7,1850,0,1993,0,98031,47.4079,-122.186,1850,7924
15276,15276,8651720420,20150428T000000,513000.0,4.0,2.5,1930,8040,1.0,0,0,3,7,1380,550,1978,0,98034,47.7283,-122.218,2080,7200
15277,15277,2619920170,20141001T000000,772500.0,4.0,2.5,3230,4290,2.0,0,0,3,9,3230,0,2004,0,98033,47.6874,-122.161,3220,5083
15278,15278,2619920170,20141219T000000,765000.0,4.0,2.5,3230,4290,2.0,0,0,3,9,3230,0,2004,0,98033,47.6874,-122.161,3220,5083
15279,15279,225039069,20141010T000000,696950.0,4.0,2.75,2450,5376,1.5,0,0,4,7,1550,900,1920,0,98117,47.6865,-122.396,1920,5264
15280,15280,3878900525,20150213T000000,329000.0,3.0,1.0,1200,5650,1.5,0,0,3,7,1200,0,1928,0,98178,47.5065,-122.249,1610,5650
15281,15281,7137970130,20141218T000000,339999.0,3.0,2.5,2360,8093,2.0,0,0,3,8,2360,0,1995,0,98092,47.3257,-122.17,1860,6762
15282,15282,6632300122,20140714T000000,364500.0,3.0,1.0,1060,9506,1.0,0,0,3,7,1060,0,1959,0,98125,47.7317,-122.31,1520,8469
15283,15283,2770602135,20140514T000000,607500.0,5.0,1.75,2220,6000,1.5,0,0,3,7,1420,800,1923,0,98199,47.648,-122.384,1550,1715
15284,15284,3584800010,20150408T000000,550000.0,3.0,1.0,880,6664,1.0,0,0,3,6,880,0,1961,0,98033,47.6855,-122.199,1690,6564
15285,15285,8950500250,20150421T000000,479900.0,4.0,2.0,2510,9750,1.0,0,0,3,8,1630,880,1960,0,98028,47.7438,-122.229,1980,9750
15286,15286,7011201306,20150212T000000,1120280.0,4.0,4.0,2530,1774,3.0,0,2,3,9,2100,430,2013,0,98119,47.6362,-122.369,2160,2400
15287,15287,4438400020,20140512T000000,192000.0,2.0,1.0,700,10540,1.0,0,0,3,6,700,0,1953,0,98166,47.438,-122.336,890,10540
15288,15288,8651440250,20150413T000000,250000.0,3.0,2.0,1500,5200,1.0,0,0,3,7,1060,440,1977,0,98042,47.3653,-122.09,1640,5200
15289,15289,203900920,20140715T000000,340000.0,3.0,2.0,1130,9879,2.0,0,0,3,6,1130,0,1996,0,98053,47.635,-121.964,1900,14907
15290,15290,2458400345,20141028T000000,340000.0,3.0,2.0,1420,6060,1.0,0,0,5,7,830,590,1942,0,98146,47.5102,-122.372,1420,6360
15291,15291,6664000130,20141013T000000,635250.0,3.0,2.25,2210,22040,1.0,0,0,5,8,1510,700,1976,0,98004,47.5904,-122.194,2470,14258
15292,15292,2685600005,20150407T000000,324800.0,2.0,1.0,1170,5043,1.0,0,0,3,6,880,290,1949,0,98108,47.5492,-122.302,1430,5692
15293,15293,40000362,20140506T000000,78000.0,2.0,1.0,780,16344,1.0,0,0,1,5,780,0,1942,0,98168,47.4739,-122.28,1700,10387
15294,15294,3582700130,20150409T000000,400000.0,4.0,1.75,1770,12875,1.0,0,0,3,8,1770,0,1988,0,98028,47.7438,-122.247,2150,12875
15295,15295,3013300980,20150506T000000,640500.0,3.0,1.0,1070,4505,1.0,0,2,4,7,1070,0,1919,0,98136,47.5305,-122.384,1380,4505
15296,15296,2597000130,20150430T000000,570000.0,3.0,2.0,1930,10929,1.0,0,0,3,8,1260,670,1964,0,98155,47.7657,-122.272,2030,8750
15297,15297,6169900545,20140625T000000,1330000.0,3.0,1.5,1940,2885,1.5,0,2,3,8,1940,0,1900,0,98119,47.6308,-122.369,2550,3600
15298,15298,1328340630,20150403T000000,330490.0,3.0,2.75,1440,7350,1.0,0,0,4,7,1040,400,1980,0,98058,47.4431,-122.138,1510,7350
15299,15299,705730280,20140819T000000,325000.0,3.0,2.5,1740,5267,2.0,0,0,3,7,1740,0,1999,0,98038,47.3777,-122.023,2180,5000
15300,15300,705730280,20150421T000000,335000.0,3.0,2.5,1740,5267,2.0,0,0,3,7,1740,0,1999,0,98038,47.3777,-122.023,2180,5000
15301,15301,5379805910,20141113T000000,314000.0,5.0,2.75,2210,13500,1.0,0,0,5,7,1460,750,1963,0,98188,47.4468,-122.282,1590,10850
15302,15302,2887700091,20140923T000000,625000.0,4.0,2.0,2190,3622,1.5,0,0,5,8,1990,200,1925,0,98115,47.6887,-122.312,1450,3082
15303,15303,7732410420,20140617T000000,809000.0,3.0,2.5,2590,7720,2.0,0,0,3,9,2590,0,1988,0,98007,47.659,-122.146,2600,9490
15304,15304,7806500290,20140818T000000,535000.0,3.0,2.5,2790,19485,2.0,0,0,3,9,2790,0,1990,0,98059,47.4688,-122.124,2580,17859
15305,15305,1565600130,20140821T000000,275000.0,5.0,1.75,2180,9178,1.0,0,0,3,7,1140,1040,1963,0,98188,47.4364,-122.28,2140,9261
15306,15306,2473100280,20150417T000000,358000.0,4.0,2.75,2580,11900,1.0,0,0,4,7,1620,960,1967,0,98058,47.4475,-122.159,1570,9375
15307,15307,3826000460,20150313T000000,297975.0,3.0,2.25,2820,8100,1.0,0,0,4,7,1720,1100,1947,0,98168,47.4944,-122.304,1040,8100
15308,15308,1823069088,20150504T000000,492000.0,2.0,1.75,1300,22239,1.0,0,0,4,7,1300,0,1945,1986,98059,47.4801,-122.092,1300,14810
15309,15309,1901600095,20140626T000000,210000.0,2.0,1.0,720,8040,1.0,0,0,3,6,720,0,1943,0,98166,47.4662,-122.359,2300,9500
15310,15310,9285800020,20140827T000000,622500.0,3.0,2.5,2260,4550,1.5,0,0,4,7,1380,880,1928,0,98126,47.5714,-122.376,1870,4582
15311,15311,3383900048,20141022T000000,550000.0,3.0,2.5,1550,1092,3.0,0,0,3,8,1390,160,2004,0,98102,47.6355,-122.324,1550,1079
15312,15312,1423700680,20150226T000000,190000.0,3.0,1.75,1390,7700,1.0,0,0,5,7,1390,0,1965,0,98058,47.4559,-122.183,1260,7700
15313,15313,9264930980,20140728T000000,340000.0,4.0,2.5,2380,9362,2.0,0,0,3,8,2380,0,2000,0,98023,47.3148,-122.349,2190,9840
15314,15314,3825311190,20140725T000000,678000.0,3.0,2.5,2640,5964,2.0,0,0,3,9,2640,0,2003,0,98052,47.7043,-122.128,2680,5211
15315,15315,9122500080,20150428T000000,275000.0,5.0,2.0,2260,11970,1.0,0,0,4,7,1250,1010,1962,0,98031,47.3896,-122.218,1950,11970
15316,15316,1189000130,20140915T000000,493000.0,3.0,2.75,1720,6720,1.0,0,0,4,7,1270,450,1947,0,98122,47.6138,-122.298,1690,3248
15317,15317,3347400525,20141216T000000,147000.0,3.0,1.0,1070,14000,1.0,0,0,3,7,1070,0,1960,0,98178,47.4971,-122.279,920,12500
15318,15318,8091411100,20150204T000000,334000.0,3.0,2.25,2000,7225,2.0,0,0,4,7,2000,0,1985,0,98030,47.349,-122.167,1950,7464
15319,15319,4384000020,20140703T000000,605000.0,4.0,2.5,2800,10786,1.0,0,0,3,8,1420,1380,1970,0,98008,47.5959,-122.116,2140,10788
15320,15320,321059132,20150427T000000,365000.0,3.0,1.75,1450,61419,1.0,0,0,4,8,1450,0,1976,0,98092,47.3343,-122.16,2256,82328
15321,15321,1016000080,20141125T000000,345000.0,3.0,1.0,1620,10610,1.0,0,0,4,6,1620,0,1958,0,98059,47.474,-122.125,1680,10795
15322,15322,3585900305,20141030T000000,999000.0,3.0,2.5,2710,23292,1.0,0,4,3,9,2080,630,1956,0,98177,47.7608,-122.374,2430,20000
15323,15323,2922701305,20150402T000000,470000.0,2.0,1.75,1520,4220,1.0,0,0,4,7,840,680,1910,0,98117,47.6876,-122.366,1120,5700
15324,15324,8123500050,20140624T000000,599000.0,5.0,2.75,2730,22572,1.0,0,0,3,7,2080,650,1968,1992,98075,47.5951,-122.037,2260,15458
15325,15325,5547500050,20140917T000000,255000.0,3.0,2.25,1740,10378,1.0,0,0,5,7,1740,0,1977,0,98042,47.3815,-122.09,1420,10167
15326,15326,5469700020,20150206T000000,295000.0,4.0,1.75,1800,28650,1.0,0,0,4,7,1800,0,1975,0,98031,47.3926,-122.166,1800,5234
15327,15327,9358400080,20140627T000000,550000.0,4.0,3.5,4150,16197,2.0,0,0,3,10,4150,0,2006,0,98003,47.3423,-122.183,3618,15210
15328,15328,1257200050,20140731T000000,1305000.0,5.0,3.5,3270,4080,2.0,0,0,3,9,2180,1090,2011,0,98115,47.6754,-122.327,1410,4080
15329,15329,1180005220,20150505T000000,225000.0,2.0,1.0,1070,6000,1.0,0,0,4,5,1070,0,1922,0,98178,47.495,-122.227,1910,6000
15330,15330,9536600010,20141223T000000,520000.0,4.0,0.75,1960,8277,1.0,1,4,4,7,1320,640,1923,1986,98198,47.3648,-122.325,1940,8402
15331,15331,6140100022,20140826T000000,345000.0,3.0,3.25,1600,1882,2.0,0,0,3,8,1360,240,2000,0,98133,47.7151,-122.355,1390,1379
15332,15332,6140100095,20140520T000000,475000.0,4.0,1.75,1650,7775,1.0,0,0,4,7,1150,500,1950,0,98133,47.715,-122.354,1390,7200
15333,15333,4037800020,20141008T000000,497500.0,5.0,1.5,2170,8610,1.0,0,0,4,7,1230,940,1959,0,98008,47.6111,-122.126,1670,8610
15334,15334,322069180,20141120T000000,649500.0,3.0,3.0,3730,383328,1.5,0,0,4,9,2230,1500,1990,0,98038,47.4257,-122.03,1940,217800
15335,15335,9348700020,20140825T000000,734500.0,4.0,2.75,3280,6845,2.0,0,0,3,10,3280,0,2003,0,98052,47.7042,-122.107,3280,7467
15336,15336,7414200010,20141218T000000,276000.0,3.0,1.0,870,8040,1.0,0,0,3,7,870,0,1953,0,98177,47.7048,-122.368,1440,8040
15337,15337,7849200635,20140630T000000,235000.0,2.0,1.0,900,28800,1.0,0,0,1,6,900,0,1928,0,98065,47.5245,-121.822,1360,7200
15338,15338,1524800005,20140812T000000,325000.0,2.0,1.0,1400,10800,1.0,0,0,4,7,1400,0,1974,0,98011,47.7726,-122.21,1560,11280
15339,15339,8045600130,20140528T000000,425000.0,4.0,2.75,1680,9545,1.0,0,0,4,7,1080,600,1979,0,98028,47.739,-122.243,1890,9545
15340,15340,5559200170,20150430T000000,307000.0,4.0,2.0,2390,23972,2.0,0,0,3,7,1720,670,1949,0,98023,47.3197,-122.343,1950,22750
15341,15341,5700000275,20140528T000000,635000.0,3.0,2.5,2300,5500,1.5,0,0,4,8,2000,300,1921,0,98144,47.5785,-122.293,2100,5000
15342,15342,3224900130,20140514T000000,223000.0,3.0,1.75,1340,7473,1.0,0,0,4,7,1340,0,1973,0,98002,47.3087,-122.206,1510,8240
15343,15343,4397010480,20150413T000000,425000.0,3.0,2.75,2600,10874,2.0,0,0,3,9,2600,0,1994,0,98042,47.3815,-122.146,2800,11504
15344,15344,2310000250,20150506T000000,190000.0,3.0,2.25,1640,7730,1.0,0,0,4,7,1220,420,1989,0,98038,47.3576,-122.039,1560,7566
15345,15345,8731902340,20140918T000000,275000.0,4.0,1.75,1960,6177,1.0,0,0,4,8,1960,0,1967,0,98023,47.3131,-122.383,2010,8162
15346,15346,3630000080,20140606T000000,450000.0,3.0,2.5,1480,1961,2.0,0,0,3,8,1480,0,2005,0,98029,47.5478,-122.0,1400,1138
15347,15347,4139900050,20140519T000000,1468000.0,4.0,3.25,5010,34460,2.0,0,0,3,12,5010,0,1988,0,98006,47.5469,-122.127,4760,34460
15348,15348,9191200380,20141222T000000,550000.0,4.0,2.0,1540,5000,1.5,0,0,4,7,1540,0,1913,0,98105,47.6713,-122.3,1790,4000
15349,15349,930000415,20141204T000000,835000.0,4.0,2.75,4030,10240,2.0,0,2,3,8,3310,720,1943,1994,98177,47.7168,-122.365,2490,7680
15350,15350,5450300020,20140618T000000,900000.0,6.0,3.0,3020,13783,2.0,0,0,3,8,3020,0,1952,2002,98040,47.5722,-122.226,1720,13500
15351,15351,8898700440,20141124T000000,290000.0,2.0,2.0,1590,9375,1.0,0,0,3,7,910,680,1983,0,98055,47.4585,-122.205,1560,8524
15352,15352,1238501188,20140808T000000,1035000.0,4.0,2.5,2910,9131,2.0,0,0,3,10,2910,0,2014,0,98033,47.6826,-122.186,1880,11212
15353,15353,644210020,20150105T000000,780000.0,4.0,2.5,3020,15164,1.0,0,0,4,8,1730,1290,1976,0,98004,47.5882,-122.192,2600,11556
15354,15354,3066200460,20141218T000000,572500.0,3.0,2.0,2290,11200,2.0,0,0,3,9,2290,0,1979,0,98052,47.6517,-122.124,2250,10000
15355,15355,3422049088,20150324T000000,389000.0,3.0,1.75,2180,9220,1.0,0,0,4,7,1090,1090,1938,0,98001,47.3547,-122.285,2050,22400
15356,15356,6433000050,20140821T000000,350000.0,4.0,1.75,2740,10086,1.0,0,0,3,7,1440,1300,1972,0,98168,47.5112,-122.329,1710,9840
15357,15357,7215410430,20140728T000000,476000.0,4.0,2.5,2740,33158,2.0,0,0,3,9,2740,0,1993,0,98042,47.3333,-122.074,2740,36074
15358,15358,5316100255,20140904T000000,1046250.0,2.0,3.0,2330,3600,2.0,0,0,5,10,1870,460,1927,1979,98112,47.6316,-122.282,2950,7200
15359,15359,2413300980,20141217T000000,287000.0,3.0,2.25,2300,7200,1.0,0,0,4,8,1550,750,1978,0,98003,47.324,-122.328,2000,7350
15360,15360,1175000280,20141107T000000,707500.0,4.0,4.0,1550,6596,1.5,0,0,5,7,1550,0,1907,0,98107,47.6711,-122.398,1830,4850
15361,15361,7304300420,20140801T000000,464500.0,4.0,2.5,1750,11381,1.0,0,0,4,7,1610,140,1947,0,98155,47.7425,-122.321,1080,11375
15362,15362,59000250,20141203T000000,720000.0,3.0,1.5,2180,5000,1.0,0,3,4,8,1090,1090,1941,0,98116,47.5787,-122.402,2070,5000
15363,15363,1441300130,20141224T000000,319000.0,3.0,2.5,1610,8544,2.0,0,0,5,7,1610,0,1994,0,98038,47.3714,-122.054,1840,8190
15364,15364,1075100050,20140916T000000,330000.0,3.0,1.0,1570,9136,1.0,0,0,3,7,1570,0,1953,0,98133,47.7688,-122.337,1380,9127
15365,15365,7972000010,20140520T000000,120750.0,3.0,1.75,1140,9628,1.0,0,0,4,7,1140,0,1969,0,98023,47.2933,-122.372,1510,9633
15366,15366,7972000010,20141021T000000,195000.0,3.0,1.75,1140,9628,1.0,0,0,4,7,1140,0,1969,0,98023,47.2933,-122.372,1510,9633
15367,15367,5113400364,20150126T000000,650000.0,4.0,1.5,2480,6383,1.0,0,0,3,7,1380,1100,1946,0,98119,47.6445,-122.374,1440,6000
15368,15368,5076900010,20140513T000000,530000.0,3.0,1.75,1690,8190,1.0,0,0,4,8,1690,0,1958,0,98005,47.5857,-122.172,1840,8705
15369,15369,3526039193,20150407T000000,825000.0,4.0,3.0,2910,8027,1.0,0,0,5,8,1800,1110,1970,0,98117,47.6939,-122.391,2390,7660
15370,15370,7905380280,20140822T000000,436000.0,4.0,2.0,1600,15044,1.0,0,0,3,7,1600,0,1972,0,98034,47.72,-122.216,1660,8102
15371,15371,7936500221,20150114T000000,658000.0,2.0,1.0,1010,14244,1.0,1,4,1,5,1010,0,1926,0,98136,47.5476,-122.399,1820,15792
15372,15372,5100404761,20140813T000000,547500.0,3.0,2.0,1850,9570,1.0,0,0,4,7,950,900,1940,0,98115,47.697,-122.322,1430,6380
15373,15373,510000050,20141203T000000,762000.0,3.0,1.75,2150,2527,2.0,0,0,4,8,1400,750,1906,0,98103,47.6629,-122.329,1610,3663
15374,15374,7148700050,20150126T000000,340000.0,3.0,1.75,2650,7378,1.0,0,0,3,7,1460,1190,1952,0,98155,47.7525,-122.315,1600,7616
15375,15375,3271800185,20141121T000000,880000.0,4.0,1.75,2510,5800,1.0,0,2,4,9,1830,680,1953,0,98199,47.648,-122.41,2190,5800
15376,15376,2652501470,20140521T000000,1220000.0,4.0,2.5,3240,3600,2.0,0,0,3,9,2060,1180,2008,0,98109,47.6405,-122.356,1820,3600
15377,15377,1568100920,20150408T000000,1950000.0,4.0,2.5,3440,14554,2.0,1,4,3,8,2170,1270,2012,0,98155,47.7364,-122.286,3170,11810
15378,15378,7738500185,20140923T000000,382500.0,3.0,2.0,1150,6249,1.0,0,0,3,7,1150,0,1952,2006,98155,47.7489,-122.284,2470,7751
15379,15379,9133600130,20150105T000000,344500.0,3.0,1.75,1890,9535,1.0,0,0,3,7,1210,680,1976,0,98055,47.4872,-122.223,2040,11108
15380,15380,3298720010,20150412T000000,375000.0,4.0,2.75,1430,7403,1.0,0,0,3,7,1030,400,1982,0,98106,47.5346,-122.344,1480,7663
15381,15381,2856101479,20140701T000000,276000.0,1.0,0.75,370,1801,1.0,0,0,5,5,370,0,1923,0,98117,47.6778,-122.389,1340,5000
15382,15382,5710610250,20140701T000000,500000.0,5.0,3.25,3130,12087,2.0,0,0,3,8,2180,950,1975,0,98027,47.5336,-122.052,2410,10350
15383,15383,163000010,20140702T000000,330000.0,4.0,2.5,2105,6093,2.0,0,0,3,8,2105,0,2003,0,98042,47.3531,-122.147,1930,8022
15384,15384,1062100095,20140822T000000,328000.0,3.0,1.0,890,5965,1.0,0,0,3,7,890,0,1950,0,98155,47.7518,-122.279,1930,7500
15385,15385,1437900020,20150225T000000,450000.0,3.0,1.5,1340,7200,1.0,0,0,3,7,1340,0,1972,0,98034,47.718,-122.193,1730,8820
15386,15386,8073000585,20140715T000000,840500.0,4.0,2.25,2290,12174,1.0,1,4,3,7,1490,800,1948,0,98178,47.5114,-122.245,2290,9379
15387,15387,3342700491,20140814T000000,679000.0,3.0,2.5,2770,9350,2.0,0,3,3,8,2770,0,1957,2000,98056,47.5253,-122.201,2660,9695
15388,15388,3395800305,20140605T000000,270000.0,3.0,1.5,1890,9450,1.0,0,0,3,7,1090,800,1957,0,98146,47.4829,-122.341,1470,8100
15389,15389,2923500010,20150114T000000,757500.0,5.0,2.25,3160,8065,2.0,0,0,3,8,3160,0,1977,0,98027,47.5678,-122.089,2540,7917
15390,15390,3629970680,20141112T000000,524950.0,2.0,2.5,1830,2856,2.0,0,0,3,7,1830,0,2005,0,98029,47.5524,-121.996,1850,2667
15391,15391,2408800130,20140723T000000,424900.0,4.0,2.75,2950,49658,1.0,0,0,4,8,2950,0,1960,1998,98010,47.3596,-121.922,1720,54672
15392,15392,2204500480,20150107T000000,551100.0,3.0,1.0,1430,8640,1.0,0,0,5,7,1430,0,1954,0,98006,47.572,-122.147,1430,9840
15393,15393,7708000010,20141107T000000,421000.0,3.0,2.0,1420,12655,1.0,0,0,5,7,1420,0,1968,0,98056,47.5309,-122.186,2020,9655
15394,15394,2639400020,20140801T000000,635000.0,4.0,1.75,2460,7560,2.0,0,0,4,8,2460,0,1952,0,98177,47.7256,-122.367,2760,8918
15395,15395,7883604095,20141209T000000,255000.0,3.0,1.0,1340,6120,1.5,0,0,4,7,1340,0,1920,0,98108,47.5272,-122.322,1260,6000
15396,15396,3055800020,20150310T000000,419950.0,4.0,1.0,1530,7920,1.0,0,0,3,7,1030,500,1955,0,98166,47.4544,-122.36,1690,7920
15397,15397,7195800009,20141210T000000,325000.0,6.0,3.0,2650,12870,1.0,0,0,4,7,2650,0,1977,0,98022,47.2069,-121.989,1450,8668
15398,15398,8946750170,20150421T000000,281000.0,4.0,2.25,1677,3600,2.0,0,0,3,7,1677,0,2012,0,98092,47.32,-122.178,1677,3600
15399,15399,5603700095,20140610T000000,655275.0,3.0,1.75,2050,11856,1.0,0,0,3,7,1460,590,1962,0,98006,47.5735,-122.162,2670,11856
15400,15400,8819900170,20140825T000000,861000.0,3.0,2.0,2520,3959,1.0,0,0,5,8,1270,1250,1931,0,98105,47.6693,-122.289,1660,3959
15401,15401,3999300290,20141016T000000,850000.0,3.0,3.5,2620,11148,2.0,0,4,4,9,2060,560,1977,0,98008,47.5845,-122.115,2590,10796
15402,15402,2791500280,20141119T000000,246000.0,3.0,2.5,1650,6675,1.0,0,0,3,8,1290,360,1990,0,98023,47.2899,-122.372,1880,6675
15403,15403,8820903560,20141216T000000,380000.0,2.0,1.0,700,4836,1.0,0,0,4,6,700,0,1926,0,98125,47.7139,-122.288,1190,7050
15404,15404,4401200460,20141020T000000,813000.0,4.0,2.5,3430,7508,2.0,0,0,3,10,3430,0,1998,0,98052,47.6866,-122.11,3110,8741
15405,15405,3394100020,20141120T000000,990000.0,4.0,2.5,3140,11049,2.0,0,0,3,10,3140,0,1988,0,98004,47.5817,-122.192,2750,11049
15406,15406,2880100795,20141105T000000,650000.0,3.0,2.5,2350,3750,2.0,0,0,3,7,1740,610,2003,0,98117,47.6767,-122.365,1590,4700
15407,15407,104560280,20140522T000000,273000.0,4.0,3.0,1990,6180,2.0,0,0,3,7,1990,0,1990,0,98023,47.3083,-122.36,1910,6180
15408,15408,2133010290,20140724T000000,398000.0,4.0,2.5,2050,14724,2.0,0,0,3,7,2050,0,1989,0,98019,47.73,-121.969,1920,12841
15409,15409,1723049008,20140822T000000,200000.0,2.0,1.0,930,8665,1.0,0,0,4,6,930,0,1938,0,98168,47.4822,-122.318,1630,12375
15410,15410,8146100095,20140515T000000,839000.0,3.0,1.0,1230,12305,1.0,0,0,3,7,1230,0,1955,1990,98004,47.6095,-122.195,2100,7960
15411,15411,7715800430,20141104T000000,502000.0,3.0,2.5,1870,9135,1.0,0,0,3,7,1250,620,1984,0,98074,47.6269,-122.06,1550,9100
15412,15412,9510900630,20140617T000000,305000.0,3.0,2.25,2110,7665,1.0,0,0,4,7,1360,750,1973,0,98023,47.3082,-122.372,1660,8436
15413,15413,9414610020,20140618T000000,574950.0,5.0,3.25,3160,10000,2.0,0,0,4,8,3160,0,1980,0,98027,47.52,-122.047,2130,10000
15414,15414,1160000255,20140818T000000,311000.0,3.0,1.0,1120,8631,1.0,0,0,3,7,1120,0,1942,0,98125,47.7077,-122.314,1350,7714
15415,15415,777100005,20141122T000000,1650000.0,3.0,2.25,2750,6203,1.0,1,4,5,7,1620,1130,1959,0,98074,47.6163,-122.068,2570,7009
15416,15416,3205100130,20140506T000000,387000.0,3.0,1.0,1230,9568,1.0,0,0,5,7,1230,0,1962,0,98056,47.539,-122.179,1270,9575
15417,15417,2929600020,20140805T000000,375000.0,3.0,1.5,1190,20672,1.5,0,3,3,7,1190,0,1948,0,98166,47.4459,-122.359,2150,16239
15418,15418,2420069242,20140925T000000,175000.0,2.0,1.0,740,3434,1.0,0,0,5,6,740,0,1920,0,98022,47.2088,-121.992,1160,6000
15419,15419,5009600010,20140612T000000,248000.0,4.0,2.5,1770,5855,2.0,0,0,3,7,1770,0,2003,0,98038,47.3483,-122.053,1790,5679
15420,15420,2414600255,20150403T000000,336750.0,4.0,2.25,1720,7803,1.0,0,0,3,8,1350,370,1955,0,98146,47.5119,-122.337,1720,7803
15421,15421,9359300250,20140604T000000,685000.0,4.0,2.5,2770,45514,2.0,0,0,4,9,2770,0,1989,0,98077,47.7751,-122.088,2940,49495
15422,15422,3629980920,20140715T000000,645000.0,4.0,2.75,2330,3917,2.0,0,0,3,9,2330,0,2004,0,98029,47.5527,-121.99,2620,4400
15423,15423,6679001060,20141218T000000,279000.0,3.0,2.5,1660,7388,2.0,0,0,3,7,1660,0,2003,0,98038,47.3865,-122.027,2240,6228
15424,15424,1702900664,20150416T000000,479000.0,2.0,2.5,1730,1037,3.5,0,0,3,8,1730,0,2008,0,98118,47.5594,-122.285,1280,1026
15425,15425,928000020,20150128T000000,466000.0,3.0,2.25,1880,7279,1.0,0,0,3,7,1280,600,1962,0,98155,47.7574,-122.322,2020,8274
15426,15426,705710290,20150420T000000,361500.0,4.0,2.75,2190,6740,2.0,0,0,3,7,2190,0,1995,0,98038,47.3804,-122.027,1950,7150
15427,15427,8155830020,20141202T000000,404000.0,3.0,1.75,1720,7202,1.0,0,0,3,7,1720,0,1995,0,98056,47.5044,-122.19,1720,7625
15428,15428,9378700190,20150316T000000,319000.0,4.0,3.25,2360,8344,2.0,0,0,3,8,2360,0,1990,0,98058,47.4403,-122.126,1860,8410
15429,15429,5104200420,20150316T000000,320000.0,3.0,1.5,1490,10132,1.0,0,0,4,6,1490,0,1969,0,98059,47.4779,-122.145,1720,9915
15430,15430,9550202140,20141117T000000,1311000.0,4.0,3.75,3490,5625,2.0,0,0,3,9,2610,880,2014,0,98103,47.6685,-122.332,1940,5000
15431,15431,7855300460,20140923T000000,1000000.0,3.0,2.75,2370,8900,1.0,0,4,4,9,1670,700,1971,0,98006,47.5648,-122.156,2840,8956
15432,15432,9346960050,20141107T000000,660000.0,4.0,2.5,2290,9120,2.0,0,0,4,8,2290,0,1977,0,98006,47.5613,-122.128,2290,9120
15433,15433,2254501440,20150421T000000,546000.0,4.0,3.0,1790,3600,1.5,0,0,3,8,1790,0,1901,0,98122,47.6117,-122.313,1770,3119
15434,15434,3732800525,20140709T000000,300000.0,4.0,1.75,1820,5015,1.0,0,0,4,6,1190,630,1926,0,98108,47.5569,-122.31,1530,9130
15435,15435,2525059134,20141016T000000,500000.0,2.0,1.5,1760,12000,1.0,0,0,4,7,1760,0,1964,0,98052,47.6288,-122.109,2200,12088
15436,15436,8562891100,20140910T000000,381500.0,4.0,2.5,2430,5556,2.0,0,0,4,8,2430,0,2003,0,98042,47.3762,-122.126,2430,5556
15437,15437,4094800380,20150427T000000,990000.0,3.0,2.25,2630,12899,2.0,0,0,4,9,2630,0,1966,0,98040,47.5479,-122.233,3140,15320
15438,15438,5104530680,20150116T000000,278226.0,4.0,2.5,2390,4639,2.0,0,0,3,8,2390,0,2006,0,98038,47.3527,-121.999,2390,4521
15439,15439,2917200675,20150127T000000,340000.0,2.0,1.75,1500,4158,1.0,0,0,4,7,1220,280,1947,0,98103,47.7006,-122.35,1270,4081
15440,15440,8732030440,20140813T000000,305000.0,4.0,2.5,2510,12000,1.0,0,0,3,8,1520,990,1977,0,98023,47.3086,-122.384,2210,8320
15441,15441,7779200275,20140613T000000,760000.0,4.0,2.5,2420,10285,1.0,0,4,3,8,1700,720,1958,0,98146,47.4871,-122.36,2540,9900
15442,15442,6121800050,20141029T000000,195000.0,4.0,1.5,2170,9948,2.0,0,0,3,7,2170,0,1952,0,98148,47.4263,-122.331,1500,9750
15443,15443,5652601155,20150415T000000,564000.0,4.0,1.75,1960,6138,1.0,0,0,4,7,1260,700,1960,0,98115,47.6968,-122.299,2000,7057
15444,15444,3261020080,20141224T000000,539500.0,4.0,2.25,2280,8550,1.0,0,0,3,8,1660,620,1977,0,98034,47.701,-122.231,2590,9500
15445,15445,4060000020,20140918T000000,299980.0,4.0,1.5,1580,10230,1.0,0,0,3,6,790,790,1945,2008,98178,47.5002,-122.246,1130,6955
15446,15446,5468730280,20141013T000000,290000.0,4.0,2.5,1850,5674,2.0,0,0,3,7,1850,0,1993,0,98042,47.3536,-122.142,1750,6875
15447,15447,7304301045,20150203T000000,257000.0,2.0,1.0,770,11084,1.0,0,0,4,6,770,0,1947,0,98155,47.7482,-122.321,1010,11084
15448,15448,4077800507,20140821T000000,518500.0,4.0,3.0,2120,5520,1.5,0,0,3,8,1420,700,1985,0,98125,47.7085,-122.286,2020,8700
15449,15449,1041500020,20140908T000000,657000.0,4.0,2.75,3060,35380,1.0,0,0,3,9,1810,1250,1982,0,98074,47.6198,-122.038,1980,10425
15450,15450,1423089134,20140815T000000,590000.0,3.0,2.25,2680,41250,2.0,0,0,3,7,2680,0,1984,0,98045,47.4817,-121.749,1940,47044
15451,15451,3992700048,20140718T000000,526000.0,4.0,1.75,2220,6350,1.0,0,0,3,7,1110,1110,1959,0,98125,47.7136,-122.29,1950,8100
15452,15452,2172000285,20150323T000000,254500.0,2.0,1.0,1150,11250,1.0,0,0,3,6,1150,0,1920,0,98178,47.486,-122.264,1100,11400
15453,15453,8813400345,20150414T000000,575000.0,2.0,1.0,980,3663,1.0,0,0,5,7,980,0,1909,0,98105,47.6645,-122.288,1620,3706
15454,15454,5487300020,20150121T000000,464550.0,3.0,1.5,1690,10500,1.0,0,0,4,7,1690,0,1967,0,98033,47.7018,-122.165,1570,10500
15455,15455,7201800280,20140715T000000,409950.0,3.0,1.75,1320,6030,1.0,0,0,4,7,1320,0,1969,0,98052,47.6993,-122.13,1840,6565
15456,15456,8856000545,20140507T000000,100000.0,2.0,1.0,910,22000,1.0,0,0,3,6,910,0,1956,0,98001,47.2777,-122.252,1326,9891
15457,15457,567000380,20150302T000000,365000.0,2.0,1.5,820,1270,2.0,0,0,3,7,820,0,2009,0,98144,47.5925,-122.295,1130,1201
15458,15458,1450100020,20150209T000000,208000.0,3.0,1.0,1300,7420,1.0,0,0,4,6,1300,0,1960,0,98002,47.2899,-122.219,1250,7420
15459,15459,7950302995,20141110T000000,497950.0,4.0,2.5,1950,3000,2.0,0,0,3,7,1550,400,1998,0,98118,47.565,-122.281,1540,4300
15460,15460,1446110020,20140910T000000,405000.0,5.0,3.5,3672,9742,2.0,0,0,3,9,3006,666,2006,0,98092,47.3255,-122.192,2140,9118
15461,15461,8914100080,20150311T000000,568000.0,3.0,2.5,2740,22499,2.0,0,0,3,9,2740,0,1994,0,98058,47.4597,-122.153,2710,22499
15462,15462,3333000655,20150511T000000,334000.0,2.0,1.0,890,6000,1.0,0,0,3,6,890,0,1941,0,98118,47.5437,-122.281,1090,5900
15463,15463,8019201061,20150115T000000,235000.0,3.0,2.0,1090,8400,1.0,0,0,4,6,1090,0,1961,0,98168,47.4942,-122.322,1100,10850
15464,15464,8570900328,20140603T000000,295000.0,2.0,1.0,1170,10621,1.0,0,0,3,7,1170,0,1963,0,98045,47.497,-121.78,1340,9832
15465,15465,5631500947,20150122T000000,610000.0,4.0,3.0,2600,29539,1.0,0,0,3,8,2600,0,1994,0,98028,47.746,-122.231,1810,11600
15466,15466,254000020,20140605T000000,453500.0,4.0,1.75,2000,6032,1.0,0,2,3,7,1300,700,1959,0,98146,47.5132,-122.389,1930,6032
15467,15467,1929300305,20140623T000000,1220000.0,4.0,3.75,3520,3944,1.5,0,0,5,8,2200,1320,1913,0,98109,47.6424,-122.348,2310,4725
15468,15468,4202400078,20150128T000000,175000.0,2.0,1.0,1410,7000,1.0,0,0,3,7,1410,0,1968,0,98055,47.4908,-122.223,1540,6000
15469,15469,4202400078,20150428T000000,335000.0,2.0,1.0,1410,7000,1.0,0,0,3,7,1410,0,1968,0,98055,47.4908,-122.223,1540,6000
15470,15470,2968800010,20140904T000000,275000.0,3.0,1.5,1950,7620,1.0,0,0,4,7,1010,940,1956,0,98166,47.4594,-122.346,1850,7620
15471,15471,2880100675,20140514T000000,400000.0,2.0,1.0,980,2130,1.0,0,0,4,6,860,120,1918,0,98117,47.6769,-122.366,980,2800
15472,15472,1024000050,20140718T000000,915000.0,3.0,2.75,3390,7000,1.0,0,3,4,8,1740,1650,1979,0,98116,47.5701,-122.408,1770,6500
15473,15473,6072400280,20140619T000000,619850.0,4.0,2.5,2270,9247,1.0,0,0,5,8,1500,770,1972,0,98006,47.5602,-122.176,2270,9163
15474,15474,2329600280,20150202T000000,225900.0,3.0,1.0,1510,8800,1.0,0,0,4,7,1010,500,1963,0,98003,47.32899999999999,-122.33,1290,8470
15475,15475,6822100050,20140918T000000,525000.0,2.0,1.5,960,7200,1.0,0,0,3,7,960,0,1910,1987,98199,47.649,-122.403,1550,6000
15476,15476,1420400130,20141226T000000,215000.0,4.0,2.25,1900,9600,1.0,0,0,4,7,1900,0,1967,0,98031,47.4208,-122.2,2040,9600
15477,15477,7732400280,20140514T000000,802000.0,3.0,2.5,2580,13096,2.0,0,0,3,9,2580,0,1986,0,98052,47.6616,-122.144,2580,7988
15478,15478,4397000500,20140630T000000,330000.0,4.0,2.5,2340,11784,2.0,0,0,3,9,2340,0,1997,0,98042,47.38399999999999,-122.149,2250,10760
15479,15479,9560700010,20140801T000000,549800.0,3.0,2.25,1580,11680,1.0,0,0,4,7,1580,0,1958,0,98005,47.5872,-122.17,2270,10948
15480,15480,6131600285,20141024T000000,195500.0,4.0,1.0,1230,8636,1.5,0,0,4,6,1230,0,1954,0,98002,47.3231,-122.219,1168,8316
15481,15481,8956500020,20140818T000000,338000.0,3.0,2.5,1590,7819,2.0,0,0,3,7,1590,0,1992,0,98055,47.4367,-122.199,1790,7733
15482,15482,624069108,20140812T000000,3200000.0,4.0,3.25,7000,28206,1.0,1,4,4,12,3500,3500,1991,0,98075,47.5928,-122.086,4913,14663
15483,15483,1727500280,20140820T000000,480000.0,4.0,2.25,1770,7000,1.0,0,0,5,7,1770,0,1972,0,98034,47.7193,-122.218,1780,6500
15484,15484,4029400080,20150406T000000,383000.0,4.0,2.5,1850,8310,1.0,0,0,3,7,1200,650,1962,0,98155,47.7717,-122.29,1840,10080
15485,15485,2873000920,20150331T000000,257000.0,3.0,1.75,1430,7210,1.0,0,0,3,7,1430,0,1975,0,98031,47.4189,-122.168,1220,7777
15486,15486,1402900460,20150223T000000,335000.0,4.0,2.75,2190,9209,2.0,0,0,4,8,2190,0,1996,0,98092,47.3341,-122.188,2430,6687
15487,15487,8125200480,20150508T000000,422000.0,4.0,2.5,2310,6650,2.0,0,2,3,8,2310,0,2012,0,98166,47.4513,-122.267,1800,9819
15488,15488,1087900050,20140603T000000,560000.0,3.0,1.75,2000,10182,1.0,0,0,5,7,1400,600,1963,0,98033,47.6616,-122.175,2050,10182
15489,15489,7937900280,20150424T000000,680000.0,4.0,2.75,3620,35429,2.0,0,0,3,10,3620,0,2006,0,98058,47.4238,-122.098,3310,54193
15490,15490,1096100010,20141028T000000,320000.0,2.0,1.0,1210,7040,1.0,0,0,3,7,1210,0,1952,0,98155,47.745,-122.297,1210,7205
15491,15491,2050100250,20140903T000000,665000.0,3.0,2.5,2330,15536,1.0,0,2,3,10,2330,0,1996,0,98074,47.655,-122.087,3320,17461
15492,15492,8691370500,20150326T000000,751000.0,3.0,2.5,2840,6854,2.0,0,0,3,9,2840,0,2002,0,98075,47.6006,-121.978,2840,7398
15493,15493,7147600225,20141113T000000,320000.0,6.0,2.75,2410,10763,1.0,0,0,5,7,1310,1100,1957,0,98188,47.4429,-122.282,1310,10746
15494,15494,4021100095,20150121T000000,290000.0,4.0,1.75,1820,22043,2.5,0,0,4,7,1820,0,1918,0,98155,47.7606,-122.28,1880,19961
15495,15495,7524000280,20141030T000000,250000.0,4.0,2.0,1470,7412,1.0,0,0,3,7,1470,0,1967,0,98198,47.3702,-122.318,1390,7825
15496,15496,3205200430,20150415T000000,423000.0,3.0,1.75,1100,10005,1.0,0,0,5,7,1100,0,1964,0,98056,47.5374,-122.173,1340,9709
15497,15497,7922720250,20150506T000000,601002.0,4.0,2.5,2050,8094,1.0,0,0,3,8,1050,1000,1976,0,98052,47.6614,-122.138,1990,9020
15498,15498,3644100095,20150205T000000,352900.0,2.0,1.5,1240,1892,2.0,0,0,3,7,1240,0,2002,0,98144,47.5915,-122.295,1220,1740
15499,15499,3425079088,20140819T000000,509950.0,3.0,2.5,2210,70567,2.0,0,3,3,9,2210,0,1995,0,98014,47.6087,-121.895,2000,73616
15500,15500,8730000250,20150205T000000,360000.0,2.0,1.75,1340,1050,3.0,0,0,3,8,1340,0,2009,0,98133,47.7053,-122.343,1340,1090
15501,15501,2581900235,20141110T000000,1075000.0,4.0,2.75,2580,8100,2.0,0,1,4,8,1780,800,1964,0,98040,47.5387,-122.215,2840,10006
15502,15502,3793500920,20140731T000000,349950.0,3.0,2.5,2390,6441,2.0,0,0,3,7,2390,0,2002,0,98038,47.3659,-122.029,2180,7346
15503,15503,2472920780,20141126T000000,395000.0,4.0,2.5,2250,6840,2.0,0,0,3,9,2250,0,1987,0,98058,47.4398,-122.151,2480,7386
15504,15504,8860200010,20150107T000000,273500.0,3.0,1.5,2000,15265,1.0,0,0,3,8,1540,460,1967,0,98032,47.387,-122.281,1920,15265
15505,15505,6823100225,20150414T000000,700000.0,4.0,1.75,1870,6000,1.0,0,0,5,8,1670,200,1949,0,98199,47.6435,-122.399,1710,6000
15506,15506,6669070080,20150417T000000,699000.0,3.0,2.5,2370,10968,2.0,0,0,4,9,2370,0,1985,0,98033,47.6679,-122.172,2380,8144
15507,15507,7214810050,20150416T000000,537000.0,4.0,2.25,2640,8800,1.0,0,0,3,8,1620,1020,1980,0,98072,47.7552,-122.148,2500,11700
15508,15508,3791500050,20150429T000000,405000.0,3.0,1.5,1240,9975,1.0,0,0,3,6,1240,0,1977,0,98024,47.5667,-121.905,1390,10735
15509,15509,4340610080,20140804T000000,269500.0,2.0,1.0,800,1200,2.0,0,0,3,7,800,0,1999,0,98103,47.6969,-122.347,806,1200
15510,15510,7686203620,20140925T000000,260000.0,4.0,2.5,2050,12500,1.0,0,0,3,7,1300,750,1965,0,98198,47.42,-122.319,1790,7900
15511,15511,2013800095,20140904T000000,266750.0,3.0,2.25,1650,10000,2.0,0,0,3,7,1650,0,1988,0,98198,47.3862,-122.315,1420,10000
15512,15512,4030100005,20141209T000000,1800000.0,5.0,3.75,4320,39094,2.0,1,4,3,8,4320,0,1938,0,98155,47.7519,-122.276,1920,7750
15513,15513,8931100095,20140821T000000,779000.0,2.0,2.25,2130,5920,1.0,0,0,3,8,1830,300,1950,0,98115,47.6792,-122.275,2130,7192
15514,15514,1954630080,20140619T000000,500000.0,3.0,2.5,2840,48716,1.0,0,3,3,9,1870,970,1994,0,98014,47.6832,-121.915,2710,43676
15515,15515,3361402066,20150403T000000,365000.0,4.0,1.75,3080,32997,1.5,0,0,4,7,3080,0,1950,1982,98168,47.498000000000005,-122.321,1980,5711
15516,15516,579000595,20140906T000000,724000.0,2.0,1.0,1560,5000,1.5,0,1,4,7,1560,0,1942,0,98117,47.7006,-122.386,2620,5400
15517,15517,7701960250,20140811T000000,890000.0,4.0,2.75,3220,15467,2.0,0,0,3,11,3220,0,1994,0,98077,47.7128,-122.083,3670,16641
15518,15518,1250200595,20140724T000000,431000.0,4.0,2.5,1450,3600,1.5,0,0,3,7,1250,200,1902,0,98144,47.5985,-122.298,1680,3600
15519,15519,2632000080,20140710T000000,242000.0,2.0,1.0,960,21850,1.0,0,0,3,6,960,0,1947,0,98032,47.4122,-122.267,1020,21850
15520,15520,9323000010,20150416T000000,415000.0,4.0,2.5,2670,8279,2.0,0,0,3,7,2670,0,1999,0,98148,47.4292,-122.328,2290,7504
15521,15521,3052700225,20140814T000000,727160.0,7.0,3.75,2310,5000,2.0,0,0,3,8,2310,0,1984,0,98117,47.6781,-122.376,1360,1552
15522,15522,3459900305,20141211T000000,1110000.0,4.0,3.25,3520,19354,1.0,0,2,4,9,2010,1510,1978,0,98006,47.5572,-122.147,2630,19354
15523,15523,3530410020,20150114T000000,265000.0,2.0,1.75,1090,3272,1.0,0,0,5,8,1090,0,1970,0,98198,47.3794,-122.32,1160,5475
15524,15524,461005435,20150202T000000,519000.0,3.0,1.75,2000,5680,1.0,0,0,4,7,1080,920,1903,0,98117,47.6805,-122.366,1230,4535
15525,15525,8851500050,20150112T000000,262000.0,4.0,1.5,1840,9009,2.0,0,0,3,7,1840,0,1965,0,98198,47.406000000000006,-122.318,1390,8025
15526,15526,4094800190,20140623T000000,1190000.0,4.0,2.5,3160,13194,2.0,0,0,5,10,3160,0,1965,0,98040,47.5472,-122.233,3490,13194
15527,15527,2025701190,20150507T000000,295000.0,3.0,1.75,1520,6559,1.0,0,0,4,7,1170,350,1992,0,98038,47.35,-122.037,1520,6095
15528,15528,226059120,20150123T000000,615000.0,3.0,1.75,2110,56192,1.0,0,0,3,7,1480,630,1978,0,98072,47.7701,-122.138,2570,46609
15529,15529,1818800235,20140905T000000,1100000.0,4.0,2.75,3410,7750,1.0,0,4,5,8,1710,1700,1958,0,98116,47.5718,-122.406,3080,8525
15530,15530,3905080250,20140926T000000,575000.0,4.0,2.5,2630,6247,2.0,0,0,3,8,2630,0,1992,0,98029,47.5662,-122.0,2130,4668
15531,15531,3126049415,20150407T000000,388000.0,3.0,1.75,1350,2325,3.0,0,0,3,7,1350,0,1999,0,98103,47.6965,-122.35,1520,1652
15532,15532,1245000500,20141103T000000,750500.0,4.0,2.5,2860,9159,1.0,0,0,4,8,1530,1330,1989,0,98033,47.6923,-122.2,2070,8680
15533,15533,2924069132,20140527T000000,527500.0,3.0,1.75,2310,78844,1.0,0,0,3,8,1760,550,1977,0,98027,47.5406,-122.066,2830,6230
15534,15534,922069169,20140529T000000,503000.0,3.0,2.0,2590,108900,2.0,0,0,3,8,1980,610,1988,0,98038,47.4088,-122.055,3170,108900
15535,15535,5015000346,20141104T000000,1047000.0,4.0,3.5,3500,4000,2.0,0,0,3,10,2560,940,2000,0,98112,47.628,-122.299,1910,4000
15536,15536,8122101440,20140708T000000,325000.0,2.0,1.0,800,7260,1.0,0,0,3,7,800,0,1953,0,98126,47.5359,-122.367,1010,7440
15537,15537,6413600285,20140825T000000,402000.0,3.0,1.75,1580,6127,1.5,0,0,5,7,1580,0,1947,0,98125,47.7192,-122.32,1500,6128
15538,15538,6145601995,20140924T000000,370000.0,3.0,1.5,1560,6774,1.0,0,0,4,6,1060,500,1927,0,98133,47.7024,-122.35,1320,3844
15539,15539,1214000080,20140626T000000,329950.0,3.0,1.0,1750,7800,1.0,0,0,4,7,1150,600,1956,0,98166,47.4596,-122.343,1750,7560
15540,15540,3361400980,20150512T000000,135000.0,2.0,1.0,600,6120,1.0,0,0,3,5,600,0,1943,1989,98168,47.5,-122.317,1090,6120
15541,15541,2826049260,20140620T000000,482500.0,4.0,3.0,1630,7626,1.0,0,0,5,7,1110,520,1990,0,98125,47.7168,-122.308,1630,8082
15542,15542,1001200050,20140923T000000,259000.0,4.0,1.5,1260,7248,1.5,0,0,5,7,1260,0,1955,0,98188,47.433,-122.292,1300,7732
15543,15543,8732130680,20141027T000000,210000.0,3.0,2.25,2140,9775,1.0,0,0,4,7,1470,670,1978,0,98023,47.306,-122.379,2050,8625
15544,15544,1310430130,20141009T000000,459000.0,4.0,2.75,2790,6600,2.0,0,0,3,9,2790,0,2000,0,98058,47.4362,-122.109,2900,6752
15545,15545,2380000190,20140701T000000,375000.0,3.0,1.75,2530,35150,1.0,0,0,4,7,1800,730,1977,0,98042,47.3913,-122.121,2460,36386
15546,15546,123039626,20141022T000000,295000.0,3.0,2.25,1330,7200,1.0,0,0,3,7,900,430,1974,0,98146,47.5102,-122.364,1380,9570
15547,15547,1257200290,20140512T000000,910000.0,3.0,2.0,2700,6120,1.0,0,0,4,8,1350,1350,1962,0,98115,47.6731,-122.327,1700,4590
15548,15548,318900080,20141010T000000,470000.0,4.0,1.0,1740,37238,1.5,0,0,4,7,1740,0,1932,0,98024,47.5651,-121.902,1810,18352
15549,15549,8118600080,20150220T000000,565000.0,4.0,2.0,2070,7980,1.5,0,0,4,7,2070,0,1940,0,98146,47.5092,-122.386,1600,7980
15550,15550,2023049372,20141107T000000,339950.0,4.0,2.25,2670,9040,1.0,0,0,3,8,2170,500,1955,0,98148,47.4666,-122.326,1880,2648
15551,15551,126059005,20150115T000000,547000.0,5.0,3.0,2200,103237,1.0,0,0,3,7,1160,1040,1971,0,98072,47.7726,-122.111,2300,103237
15552,15552,6303401150,20140924T000000,125000.0,2.0,1.0,810,8382,1.0,0,0,4,5,810,0,1942,0,98146,47.5033,-122.358,1040,8382
15553,15553,1732801150,20140701T000000,2300000.0,4.0,4.75,3970,9778,2.0,0,2,4,11,3390,580,1928,0,98119,47.6312,-122.366,3970,8460
15554,15554,7893800250,20150430T000000,348000.0,3.0,2.5,2370,7500,1.0,0,3,3,8,1620,750,1979,0,98198,47.4091,-122.331,1960,8062
15555,15555,1922059298,20150414T000000,175000.0,3.0,1.0,1460,11880,1.0,0,0,2,7,1460,0,1961,0,98030,47.3762,-122.219,1310,9315
15556,15556,2391600950,20140502T000000,439950.0,3.0,2.5,1770,2875,2.0,0,0,3,8,1770,0,1990,0,98116,47.5631,-122.397,1770,3833
15557,15557,3623029034,20150311T000000,230000.0,3.0,1.0,1120,32250,1.0,0,0,4,6,1120,0,1934,0,98070,47.447,-122.482,1010,335289
15558,15558,13001991,20140902T000000,207000.0,3.0,2.5,1520,2550,2.0,0,0,3,7,1520,0,2005,0,98108,47.5245,-122.33,1460,2550
15559,15559,1156000250,20140602T000000,320000.0,5.0,2.5,3020,21441,1.0,0,0,4,8,1510,1510,1978,0,98042,47.3392,-122.131,1610,16445
15560,15560,1326059182,20150406T000000,1089000.0,5.0,3.25,5600,107157,2.0,0,0,3,10,3440,2160,1988,0,98072,47.7341,-122.102,3470,75794
15561,15561,3755500080,20140606T000000,510000.0,4.0,1.5,1320,14250,1.0,0,0,4,7,1320,0,1954,0,98033,47.7016,-122.199,1720,14250
15562,15562,5042300095,20141031T000000,730000.0,4.0,1.0,1870,4992,1.5,0,0,4,7,1670,200,1940,0,98199,47.6437,-122.396,2160,5239
15563,15563,7772800020,20140813T000000,750000.0,3.0,3.75,2460,7630,1.0,0,0,5,8,1940,520,1976,0,98177,47.7147,-122.373,2000,7326
15564,15564,3629000080,20150410T000000,237000.0,3.0,1.5,960,7400,1.0,0,0,3,7,960,0,1962,0,98198,47.3798,-122.306,1640,8060
15565,15565,5126210280,20140926T000000,560000.0,3.0,2.5,3440,103672,2.0,0,0,3,9,3440,0,1990,0,98038,47.3895,-121.986,2710,112820
15566,15566,3062600050,20140714T000000,745000.0,3.0,2.75,3010,12432,1.0,0,0,4,8,1890,1120,1970,0,98052,47.6392,-122.108,2500,12432
15567,15567,5493110080,20140815T000000,1825000.0,3.0,3.75,6030,39317,2.0,0,0,3,11,4440,1590,1991,0,98004,47.6055,-122.21,4040,12333
15568,15568,2560801222,20140618T000000,180000.0,3.0,2.25,1990,6350,2.0,0,0,3,7,1990,0,1967,0,98198,47.3822,-122.316,1220,6250
15569,15569,2560801222,20141113T000000,309950.0,3.0,2.25,1990,6350,2.0,0,0,3,7,1990,0,1967,0,98198,47.3822,-122.316,1220,6250
15570,15570,2660500095,20150506T000000,715000.0,4.0,1.0,1710,6050,1.5,0,0,3,7,1410,300,1913,0,98118,47.5569,-122.288,1560,4950
15571,15571,4083800345,20150427T000000,620000.0,4.0,2.25,1890,4300,1.5,0,0,3,7,1350,540,1918,0,98103,47.6649,-122.337,1830,3800
15572,15572,587800130,20141231T000000,330000.0,3.0,2.5,1990,9995,2.0,0,0,3,7,1990,0,1996,0,98198,47.383,-122.305,1680,7511
15573,15573,8901000585,20150401T000000,525000.0,4.0,1.75,1600,7400,1.0,0,0,3,7,1210,390,1973,0,98125,47.7111,-122.309,1640,7500
15574,15574,8650000250,20140607T000000,611000.0,6.0,2.5,3820,53173,1.0,0,0,4,9,2040,1780,1974,0,98027,47.5209,-122.052,2510,15314
15575,15575,4137050130,20140612T000000,294000.0,4.0,2.5,2210,8465,1.0,0,0,3,8,1490,720,1990,0,98092,47.2647,-122.221,2210,7917
15576,15576,3288300920,20150421T000000,463000.0,3.0,1.75,2020,11095,1.0,0,0,4,7,1480,540,1975,0,98034,47.7351,-122.183,2030,10710
15577,15577,3374500290,20140714T000000,320900.0,3.0,2.0,1770,7251,1.0,0,0,4,8,1770,0,1990,0,98031,47.4087,-122.17,2560,7210
15578,15578,1137400420,20141028T000000,369950.0,4.0,2.5,2050,4502,2.0,0,0,3,7,2050,0,2005,0,98059,47.5002,-122.15,2480,4504
15579,15579,3222059130,20140616T000000,565000.0,4.0,2.75,3130,139392,2.0,0,0,4,9,3130,0,1981,0,98030,47.3535,-122.19,2720,104544
15580,15580,3959400345,20150311T000000,589500.0,4.0,1.5,3520,4933,1.5,0,0,4,8,2270,1250,1929,0,98108,47.5655,-122.315,1710,5400
15581,15581,3971701990,20140812T000000,400000.0,4.0,1.75,1810,9750,2.0,0,0,4,7,1810,0,1977,0,98155,47.7681,-122.311,1570,10000
15582,15582,686530170,20141022T000000,458000.0,3.0,2.25,2150,9900,1.0,0,0,3,8,1450,700,1977,0,98052,47.6647,-122.149,2170,9500
15583,15583,808300470,20141202T000000,436000.0,4.0,2.5,2495,5751,2.0,0,0,3,7,2495,0,2002,0,98019,47.7243,-121.957,2490,6300
15584,15584,7129303180,20141002T000000,310000.0,3.0,2.0,1290,6150,1.0,0,1,5,6,1290,0,1950,0,98118,47.5181,-122.257,1960,6150
15585,15585,8944460290,20141023T000000,398000.0,5.0,2.5,3004,5700,2.0,0,0,3,9,3004,0,2006,0,98030,47.3801,-122.185,2665,5700
15586,15586,2128000050,20140815T000000,625000.0,4.0,2.25,2070,7200,1.0,0,0,5,8,1390,680,1977,0,98033,47.697,-122.169,2110,8400
15587,15587,4139910170,20141216T000000,1005000.0,5.0,3.25,4050,35600,2.0,0,0,3,12,4050,0,1990,0,98006,47.5465,-122.122,4770,33880
15588,15588,8122100235,20150413T000000,435000.0,2.0,1.0,960,6250,1.0,0,0,4,6,740,220,1940,0,98126,47.5378,-122.375,1090,6000
15589,15589,1117000050,20150313T000000,250000.0,3.0,2.25,1900,9990,1.0,0,0,3,7,1300,600,1961,0,98003,47.3478,-122.298,1900,9990
15590,15590,5361700020,20150317T000000,430000.0,3.0,1.5,1450,7316,1.0,0,0,3,7,1450,0,1961,0,98133,47.7725,-122.349,1440,7316
15591,15591,1315300095,20140812T000000,790000.0,4.0,3.5,2720,3000,2.0,0,0,3,9,2250,470,2014,0,98136,47.5371,-122.388,1600,4600
15592,15592,5093300280,20140709T000000,1681000.0,5.0,5.25,4830,18707,2.0,0,1,5,9,3930,900,1952,1998,98040,47.5858,-122.247,2880,10520
15593,15593,3438503214,20150407T000000,250000.0,4.0,2.75,1920,7102,1.0,0,0,3,7,1130,790,1992,0,98106,47.539,-122.356,1830,6440
15594,15594,2346800461,20140613T000000,1120000.0,5.0,1.5,2540,6660,2.0,0,3,4,8,2340,200,1954,0,98136,47.5144,-122.393,2460,9000
15595,15595,1826049408,20150427T000000,383900.0,3.0,1.5,1600,8040,1.0,0,0,4,7,1050,550,1965,0,98133,47.7471,-122.337,1810,7819
15596,15596,5468780020,20150326T000000,330000.0,4.0,2.5,2210,5929,2.0,0,0,3,8,2210,0,2004,0,98042,47.35,-122.139,2200,5901
15597,15597,1126059091,20140915T000000,624000.0,3.0,2.5,2510,47044,1.0,0,0,4,7,1910,600,1975,0,98072,47.7531,-122.14,2510,42803
15598,15598,3010300415,20150211T000000,383000.0,5.0,2.0,2280,5750,1.0,0,0,4,8,1140,1140,1951,0,98116,47.5672,-122.39,1780,5750
15599,15599,619079016,20140602T000000,687000.0,4.0,3.25,4400,186846,2.0,0,0,4,9,4400,0,1993,0,98022,47.1593,-121.957,2280,186846
15600,15600,3449800010,20150309T000000,558000.0,4.0,3.25,3160,8876,2.0,0,0,3,9,2460,700,1997,0,98056,47.5153,-122.178,2900,10000
15601,15601,1231000500,20140905T000000,275000.0,3.0,2.0,1380,3500,2.0,0,0,3,7,1380,0,1971,0,98118,47.5558,-122.27,1620,3900
15602,15602,4191500130,20140728T000000,687500.0,5.0,2.75,3320,10500,1.0,0,0,4,7,2020,1300,1963,0,98033,47.692,-122.166,1840,10425
15603,15603,104550660,20140728T000000,275000.0,3.0,2.5,1870,6821,2.0,0,0,3,7,1870,0,1989,0,98023,47.3065,-122.358,1970,6821
15604,15604,1769600066,20141211T000000,700000.0,3.0,3.5,3030,11550,2.0,0,2,3,8,3030,0,1971,2011,98146,47.5051,-122.381,2340,10560
15605,15605,3762900020,20140624T000000,342500.0,2.0,1.75,1210,7507,1.0,0,0,3,7,1210,0,1982,0,98034,47.7078,-122.234,1840,7500
15606,15606,1626069253,20140506T000000,483500.0,4.0,2.5,2740,45732,2.0,0,0,3,8,2740,0,1995,0,98077,47.74,-122.048,2080,43560
15607,15607,3904100089,20140801T000000,190000.0,3.0,1.75,1350,7370,1.0,0,0,4,6,1350,0,1912,0,98118,47.5336,-122.278,1440,6000
15608,15608,3904100089,20150318T000000,300000.0,3.0,1.75,1350,7370,1.0,0,0,4,6,1350,0,1912,0,98118,47.5336,-122.278,1440,6000
15609,15609,1797500780,20140521T000000,540000.0,3.0,2.0,1470,1691,2.0,0,0,3,8,1000,470,2007,0,98115,47.6743,-122.316,1660,4000
15610,15610,7614100080,20150211T000000,140000.0,3.0,1.75,1270,8991,2.0,0,0,3,7,1270,0,1981,0,98042,47.3563,-122.149,1270,8993
15611,15611,87000006,20150413T000000,275000.0,4.0,1.75,1680,19405,1.0,0,0,4,7,1560,120,1959,0,98055,47.4552,-122.202,2000,12900
15612,15612,8074200185,20140825T000000,370000.0,3.0,2.75,2120,7650,1.0,0,0,4,7,2120,0,1958,0,98056,47.4923,-122.178,1180,7650
15613,15613,9310300185,20150325T000000,227000.0,2.0,1.0,1040,9100,1.0,0,0,4,7,1040,0,1937,0,98133,47.7407,-122.347,1950,13228
15614,15614,1433100010,20150128T000000,312000.0,4.0,1.0,1730,8706,1.0,0,0,4,7,1010,720,1962,0,98058,47.4586,-122.175,1369,8418
15615,15615,7129302555,20141003T000000,260000.0,2.0,1.0,1410,5650,1.5,0,0,3,6,1410,0,1918,0,98118,47.5159,-122.258,1430,5650
15616,15616,809002705,20140710T000000,797000.0,3.0,2.5,1370,1911,2.0,0,0,3,9,1370,0,1907,2011,98109,47.6375,-122.354,1630,2090
15617,15617,3026079005,20141017T000000,640000.0,6.0,2.0,2840,228690,1.5,0,0,3,6,2720,120,1948,0,98019,47.7158,-121.966,2330,228690
15618,15618,2413910050,20150213T000000,605000.0,4.0,1.75,3280,35160,1.0,0,0,3,7,2080,1200,1976,0,98053,47.6728,-122.061,2510,31331
15619,15619,8078550190,20150302T000000,329950.0,3.0,2.25,2070,7995,1.0,0,0,3,7,1350,720,1987,0,98031,47.403,-122.175,1620,6799
15620,15620,2225079030,20141212T000000,180000.0,2.0,1.0,960,87991,1.5,0,0,3,5,960,0,1946,0,98014,47.63,-121.9,1940,392040
15621,15621,2019200480,20140813T000000,220000.0,3.0,2.25,1470,7518,1.0,0,0,3,7,1160,310,1985,0,98003,47.2725,-122.3,1720,8300
15622,15622,9274202005,20140702T000000,723000.0,4.0,2.25,2430,4748,1.5,0,0,3,8,1630,800,1928,0,98116,47.5904,-122.389,2430,4748
15623,15623,3834500170,20150116T000000,375000.0,3.0,1.75,1430,8412,1.0,0,0,4,7,1070,360,1928,0,98125,47.7218,-122.299,1490,8410
15624,15624,1223039242,20150126T000000,388000.0,3.0,1.75,1760,9277,1.0,0,0,4,7,1760,0,1962,0,98146,47.4977,-122.358,1760,7650
15625,15625,7657600005,20141031T000000,249950.0,5.0,2.0,1730,7375,1.0,0,0,4,6,1730,0,1944,0,98178,47.4953,-122.238,1550,7125
15626,15626,8963300005,20141106T000000,390000.0,5.0,1.75,2290,7900,1.0,0,0,4,7,1190,1100,1965,0,98133,47.7577,-122.358,1870,8250
15627,15627,2287000280,20140917T000000,705000.0,4.0,1.75,1690,11739,1.0,0,0,4,8,1690,0,1959,0,98040,47.552,-122.219,2300,11600
15628,15628,686300420,20140623T000000,590000.0,4.0,2.5,3220,7875,1.5,0,0,4,8,3220,0,1966,0,98008,47.626000000000005,-122.12,1600,7875
15629,15629,9335400005,20141010T000000,292000.0,4.0,1.75,2130,11097,1.0,0,0,3,7,1370,760,1952,0,98166,47.4629,-122.356,1850,11097
15630,15630,2321059093,20140805T000000,506000.0,3.0,2.5,2100,213008,1.0,0,0,3,8,2100,0,1990,0,98092,47.2984,-122.144,1330,214315
15631,15631,7732410380,20140604T000000,907500.0,4.0,2.5,2770,8642,2.0,0,0,4,9,2770,0,1987,0,98007,47.6599,-122.146,2670,9000
15632,15632,3625049088,20140702T000000,2271150.0,4.0,3.25,4040,18916,1.0,0,0,4,9,4040,0,1954,0,98039,47.6155,-122.238,3000,18831
15633,15633,13001795,20141014T000000,319500.0,4.0,2.75,2500,5100,1.5,0,0,4,7,1420,1080,1907,0,98108,47.523,-122.332,1430,5100
15634,15634,1604602195,20150223T000000,265000.0,5.0,1.75,1580,5292,1.0,0,0,3,6,980,600,1913,0,98118,47.5677,-122.29,1600,2976
15635,15635,1003400250,20140605T000000,237000.0,3.0,1.0,1130,10650,1.0,0,0,3,7,1130,0,1954,0,98188,47.4363,-122.286,1320,10650
15636,15636,42000006,20140910T000000,235000.0,5.0,1.0,1500,9282,1.5,0,0,5,6,1500,0,1966,0,98168,47.4702,-122.281,1520,9639
15637,15637,1193000380,20150330T000000,740000.0,4.0,2.25,2230,6000,1.5,0,2,3,8,1810,420,1928,0,98199,47.6464,-122.391,2840,6000
15638,15638,6300500545,20140709T000000,359000.0,3.0,1.5,1550,4980,1.0,0,0,3,7,1080,470,1978,0,98133,47.7035,-122.34,940,4980
15639,15639,538000190,20150213T000000,334950.0,4.0,2.5,2230,5500,2.0,0,0,3,7,2230,0,1999,0,98038,47.3533,-122.023,1910,5500
15640,15640,2826049091,20140929T000000,259950.0,2.0,1.0,790,8100,1.0,0,0,3,6,790,0,1947,0,98125,47.7159,-122.305,1420,8100
15641,15641,6147650170,20140514T000000,253000.0,4.0,2.5,2230,4541,2.0,0,0,3,7,2230,0,2006,0,98042,47.3848,-122.1,2800,4860
15642,15642,3630030500,20140612T000000,561000.0,3.0,2.25,1710,4140,2.0,0,0,3,8,1710,0,2004,0,98029,47.5498,-121.997,1730,3680
15643,15643,6844701680,20150325T000000,455000.0,2.0,1.5,1260,5100,1.0,0,0,3,7,1260,0,1941,0,98115,47.6914,-122.288,1640,5100
15644,15644,9542000275,20150406T000000,675000.0,4.0,2.5,2420,18470,1.0,0,0,3,8,920,1500,1968,0,98005,47.6001,-122.176,2690,13800
15645,15645,1423600020,20140626T000000,267000.0,3.0,1.5,1090,8160,1.0,0,0,3,7,1090,0,1967,2014,98058,47.4551,-122.175,1260,7560
15646,15646,8944460170,20141106T000000,368000.0,4.0,2.5,2689,5724,2.0,0,0,3,9,2689,0,2006,0,98030,47.3799,-122.184,2665,5700
15647,15647,6431000005,20141123T000000,599995.0,3.0,1.0,1620,3000,1.5,0,0,5,7,1620,0,1928,0,98103,47.6888,-122.347,1420,3060
15648,15648,3755000020,20140917T000000,342500.0,3.0,1.0,940,10500,1.0,0,0,4,7,940,0,1966,0,98034,47.7268,-122.229,1660,10500
15649,15649,1503200050,20141118T000000,252000.0,4.0,1.75,1940,13370,1.0,0,0,4,8,1940,0,1974,0,98023,47.3215,-122.369,2405,11769
15650,15650,2599000130,20140716T000000,247200.0,3.0,1.0,1590,11200,1.0,0,0,4,7,1590,0,1961,0,98092,47.2894,-122.188,1560,9750
15651,15651,871001980,20140506T000000,910000.0,3.0,3.5,3020,4082,2.0,0,0,3,9,2080,940,1954,2004,98199,47.651,-122.409,2060,5102
15652,15652,1774000170,20150105T000000,419950.0,4.0,1.75,1870,16549,1.0,0,0,3,8,1870,0,1969,0,98072,47.7482,-122.083,1870,10804
15653,15653,8945300290,20150226T000000,160000.0,3.0,1.0,880,8976,1.0,0,0,4,6,880,0,1966,0,98023,47.3056,-122.368,990,8760
15654,15654,9433000480,20140922T000000,799950.0,4.0,3.5,3030,5494,3.0,0,0,3,9,3030,0,2014,0,98052,47.7103,-122.109,2910,5314
15655,15655,6672920050,20140617T000000,400000.0,3.0,2.25,2140,11266,2.0,0,0,3,7,2140,0,1986,0,98019,47.7267,-121.966,2000,14174
15656,15656,7893805650,20140505T000000,210000.0,5.0,2.0,2050,10200,1.0,0,0,3,6,1430,620,1956,0,98198,47.4136,-122.333,1940,8625
15657,15657,7893805650,20150313T000000,475000.0,5.0,2.0,2050,10200,1.0,0,0,3,6,1430,620,1956,0,98198,47.4136,-122.333,1940,8625
15658,15658,9542830480,20150504T000000,355900.0,3.0,2.5,2090,3821,2.0,0,0,3,7,2090,0,2008,0,98038,47.3655,-122.017,2040,4200
15659,15659,3824100364,20150120T000000,420000.0,3.0,2.25,2520,26943,1.0,0,0,3,7,1760,760,1977,0,98028,47.7728,-122.25,2300,10004
15660,15660,9542850290,20140825T000000,710000.0,4.0,2.5,2630,8580,1.0,0,0,4,9,1700,930,1977,0,98005,47.5916,-122.166,2430,10240
15661,15661,5726500130,20150407T000000,518000.0,4.0,1.75,2560,15000,1.0,0,0,3,7,1880,680,1974,0,98075,47.5952,-122.053,2210,15150
15662,15662,1862400285,20141016T000000,375000.0,3.0,1.0,1200,5404,1.0,0,0,3,6,1200,0,1937,0,98117,47.6969,-122.368,1200,5987
15663,15663,6123600285,20141107T000000,185000.0,3.0,1.5,1010,7755,1.0,0,0,3,6,1010,0,1953,0,98148,47.4238,-122.332,1270,8350
15664,15664,6838000170,20140829T000000,402000.0,3.0,2.5,1520,3425,2.0,0,0,3,7,1520,0,1986,0,98052,47.6801,-122.161,1640,3425
15665,15665,2922069134,20140829T000000,585000.0,3.0,1.75,2170,153767,1.0,0,0,3,7,2170,0,1976,0,98042,47.3694,-122.065,2840,49500
15666,15666,2767603165,20150122T000000,500000.0,4.0,2.0,1980,4500,2.0,0,0,4,7,1980,0,1910,0,98107,47.6728,-122.379,1550,2541
15667,15667,1118001835,20141223T000000,1715000.0,4.0,2.5,3070,7207,2.0,0,0,4,10,2670,400,1927,0,98112,47.6325,-122.29,3190,7523
15668,15668,4030100290,20141001T000000,1680000.0,5.0,3.5,5170,7197,3.0,1,4,3,11,3520,1650,1998,0,98155,47.7561,-122.271,3020,12880
15669,15669,9828702335,20150212T000000,570000.0,2.0,2.0,1140,690,2.0,0,0,3,8,760,380,2014,0,98112,47.6205,-122.3,1480,1171
15670,15670,8141200080,20140814T000000,680000.0,8.0,2.75,2530,4800,2.0,0,0,4,7,1390,1140,1901,0,98112,47.6241,-122.305,1540,4800
15671,15671,9407101850,20141209T000000,345000.0,3.0,2.25,1690,14615,2.0,0,0,4,7,1690,0,1979,0,98045,47.4492,-121.78,1390,11360
15672,15672,9542830050,20150422T000000,355000.0,4.0,2.5,2150,3600,2.0,0,0,3,7,2150,0,2010,0,98038,47.3658,-122.019,2220,3915
15673,15673,4038300010,20140922T000000,390000.0,3.0,1.5,1180,7700,1.0,0,0,4,7,1180,0,1959,0,98007,47.6133,-122.133,1510,8800
15674,15674,1898700050,20150428T000000,128000.0,3.0,1.0,1400,9690,1.0,0,0,3,7,1400,0,1969,0,98023,47.3201,-122.398,1280,9600
15675,15675,826000480,20140826T000000,448500.0,3.0,1.75,1300,4800,2.0,0,1,4,7,1300,0,1912,0,98136,47.5457,-122.383,1300,4800
15676,15676,6163901150,20141109T000000,346000.0,3.0,1.75,1590,9636,1.5,0,0,4,6,1590,0,1953,0,98155,47.754,-122.321,1800,9975
15677,15677,3956900480,20140903T000000,779000.0,3.0,1.75,1990,5600,1.0,0,1,3,8,1330,660,1941,0,98199,47.65,-122.415,2630,6780
15678,15678,3824100020,20150203T000000,335000.0,3.0,1.75,1510,9720,1.0,0,0,3,7,1510,0,1948,1976,98028,47.7728,-122.258,1520,10037
15679,15679,5026900235,20140911T000000,1850000.0,4.0,3.25,2910,1880,2.0,0,3,5,9,1830,1080,1914,0,98122,47.61600000000001,-122.282,3100,8200
15680,15680,1330850130,20150218T000000,799990.0,3.0,2.5,2850,21780,2.0,0,0,3,10,2850,0,1994,0,98053,47.6455,-122.04,3020,21798
15681,15681,1726059134,20141010T000000,1075000.0,3.0,2.5,2830,56628,2.0,0,0,3,11,2830,0,2001,0,98011,47.7409,-122.198,2830,16430
15682,15682,2767604551,20140822T000000,371000.0,2.0,1.5,1110,1189,3.0,0,0,3,8,1110,0,2000,0,98107,47.6711,-122.377,1420,1311
15683,15683,7424600020,20141027T000000,620000.0,4.0,2.5,1900,9775,1.0,0,0,5,7,1900,0,1967,0,98033,47.6856,-122.168,1990,10500
15684,15684,8731000010,20140515T000000,343000.0,4.0,1.75,2290,10290,1.0,0,0,3,7,1340,950,1960,0,98146,47.5045,-122.369,1800,7605
15685,15685,5104200380,20141014T000000,265000.0,3.0,1.0,1010,14948,1.0,0,0,5,6,1010,0,1969,0,98059,47.4772,-122.144,1510,9600
15686,15686,1311030430,20140804T000000,1000000.0,5.0,2.5,4670,15857,2.0,0,0,3,11,4670,0,1998,0,98074,47.63,-122.011,3810,14824
15687,15687,3585900190,20141006T000000,825000.0,3.0,2.5,3400,38400,1.0,0,4,3,8,1870,1530,1955,2015,98177,47.7611,-122.372,3400,24338
15688,15688,98020630,20150414T000000,889000.0,4.0,3.5,4070,10976,2.0,0,0,3,10,4070,0,2004,0,98075,47.5805,-121.97,4080,10106
15689,15689,3826500470,20150415T000000,305000.0,3.0,2.25,1630,10962,1.0,0,0,4,8,1100,530,1977,0,98030,47.3801,-122.166,1830,8470
15690,15690,5422560660,20141030T000000,407000.0,2.0,2.5,1700,6635,2.0,0,0,4,8,1700,0,1976,0,98052,47.6655,-122.13,1700,6635
15691,15691,267000130,20140603T000000,613000.0,5.0,2.5,2070,12000,1.0,0,0,4,7,1340,730,1967,0,98008,47.626000000000005,-122.104,2090,12000
15692,15692,6117502230,20141201T000000,1637500.0,3.0,3.5,4660,21164,2.0,1,4,3,12,4660,0,1975,1990,98166,47.4418,-122.354,3140,24274
15693,15693,2402100675,20150210T000000,645000.0,3.0,3.75,2050,6000,2.0,0,0,5,7,1550,500,1910,0,98103,47.6873,-122.332,1780,4000
15694,15694,1624059224,20140618T000000,1160000.0,4.0,3.5,4680,9700,2.0,0,0,3,10,3360,1320,2005,0,98006,47.5703,-122.165,2800,12343
15695,15695,3811000250,20140929T000000,610000.0,3.0,2.25,2320,38186,2.0,0,0,3,8,2320,0,1980,0,98053,47.6645,-122.068,2875,37523
15696,15696,8029520250,20150318T000000,450000.0,3.0,2.5,3800,13071,2.0,0,0,3,10,2730,1070,1994,0,98023,47.3076,-122.397,2980,11110
15697,15697,3438501150,20140728T000000,300000.0,3.0,2.0,720,7598,1.0,0,0,5,6,720,0,1947,0,98106,47.5483,-122.36,1080,7209
15698,15698,3582900280,20140606T000000,1120000.0,5.0,2.75,4400,18500,1.0,0,3,5,9,2250,2150,1963,0,98028,47.7424,-122.263,3290,19257
15699,15699,3521069142,20150224T000000,418200.0,3.0,2.5,2260,74297,2.0,0,0,3,9,2260,0,1992,0,98022,47.2704,-122.013,3110,98000
15700,15700,646910020,20140828T000000,250000.0,3.0,2.5,1650,2802,2.0,0,0,3,7,1650,0,2004,0,98055,47.4328,-122.196,1490,2084
15701,15701,1026069134,20140825T000000,619000.0,3.0,2.5,2560,43608,2.0,0,0,3,9,2560,0,2002,0,98077,47.7614,-122.026,3000,54088
15702,15702,5230000020,20140630T000000,500000.0,4.0,3.0,3720,15048,3.0,0,0,3,7,3720,0,1979,2014,98059,47.5116,-122.144,2020,15180
15703,15703,1442740010,20141107T000000,465000.0,4.0,2.5,2590,16437,2.0,0,0,3,8,2590,0,1986,0,98038,47.3714,-122.059,2320,15625
15704,15704,7937600010,20141212T000000,322000.0,4.0,1.0,1750,68841,1.0,0,0,3,7,1750,0,1942,0,98058,47.4442,-122.081,1550,32799
15705,15705,1545801410,20150128T000000,276900.0,3.0,2.5,1620,7320,2.0,0,0,3,7,1620,0,1989,0,98038,47.3617,-122.054,1550,7686
15706,15706,1235700073,20150318T000000,660000.0,3.0,2.25,1700,12615,1.0,0,0,4,7,1300,400,1990,0,98033,47.6965,-122.197,1950,13163
15707,15707,7806450050,20141029T000000,480000.0,3.0,2.5,2450,28185,2.0,0,0,3,9,2450,0,1990,0,98058,47.4665,-122.122,2440,33541
15708,15708,3250500103,20150408T000000,925000.0,3.0,1.75,1610,10796,1.0,0,0,3,7,1070,540,1951,0,98004,47.6272,-122.208,1940,10796
15709,15709,2624300080,20140724T000000,825000.0,3.0,3.0,3730,35900,1.0,0,0,3,9,2960,770,1979,0,98008,47.5814,-122.122,2280,16026
15710,15710,7568700525,20150318T000000,326000.0,2.0,1.0,1210,7440,1.0,0,0,3,6,780,430,1940,0,98155,47.7376,-122.322,1070,7440
15711,15711,7683800010,20150421T000000,205000.0,3.0,1.0,1300,9880,1.0,0,0,4,7,1300,0,1959,0,98003,47.3352,-122.297,2140,9600
15712,15712,3089000005,20140724T000000,150000.0,2.0,1.0,850,54000,1.5,0,0,1,4,850,0,1950,0,98023,47.2959,-122.377,1550,14440
15713,15713,9510970010,20150429T000000,593567.0,3.0,2.5,1770,3205,2.0,0,0,3,9,1770,0,2005,0,98052,47.6658,-122.084,2120,4134
15714,15714,9560800290,20140814T000000,440000.0,3.0,2.5,2060,11231,2.0,0,0,3,8,2060,0,1987,0,98072,47.7571,-122.141,2140,10224
15715,15715,1385100050,20140716T000000,751000.0,3.0,2.5,3090,13316,2.0,0,0,3,10,3090,0,1992,0,98075,47.588,-122.079,2980,14437
15716,15716,3294700101,20140909T000000,295000.0,2.0,1.75,1050,6500,1.5,0,2,4,6,1050,0,1925,0,98055,47.4727,-122.2,1320,10075
15717,15717,8021700725,20140904T000000,422500.0,3.0,2.0,1300,2250,2.0,0,0,3,7,1300,0,1988,0,98103,47.6923,-122.332,1300,4500
15718,15718,4038200480,20141201T000000,480000.0,3.0,1.0,1160,8800,1.0,0,0,4,7,1160,0,1959,0,98008,47.6112,-122.128,1750,8400
15719,15719,3630180380,20140725T000000,890900.0,4.0,2.5,3420,6233,2.0,0,0,3,9,3420,0,2006,0,98027,47.5416,-121.998,3350,5000
15720,15720,2782100280,20140529T000000,672500.0,4.0,2.75,2620,6707,2.0,0,0,3,9,2620,0,2000,0,98075,47.5965,-122.038,2590,6530
15721,15721,3797002575,20141010T000000,605000.0,4.0,1.5,1880,3500,1.0,0,0,4,7,1080,800,1926,0,98103,47.6835,-122.347,1690,3500
15722,15722,9315600050,20150317T000000,1675000.0,5.0,3.25,4560,19080,1.0,0,0,5,9,2490,2070,1963,0,98004,47.6291,-122.226,3390,20140
15723,15723,1939110080,20140926T000000,565000.0,4.0,2.5,2330,7936,2.0,0,0,3,9,2330,0,1987,0,98074,47.6269,-122.03,2460,8137
15724,15724,5423030380,20150506T000000,725000.0,4.0,1.75,2350,7574,1.0,0,0,3,8,1720,630,1979,0,98027,47.5634,-122.087,2220,8496
15725,15725,5693501100,20140731T000000,640000.0,3.0,3.0,1560,1466,3.0,0,0,3,8,1560,0,2006,0,98103,47.6604,-122.352,1530,2975
15726,15726,1612500170,20150226T000000,253750.0,4.0,1.0,1380,7110,1.5,0,0,3,6,1380,0,1939,0,98030,47.3846,-122.226,1430,7110
15727,15727,6116500290,20140714T000000,799950.0,6.0,2.75,3040,36721,1.0,0,3,4,9,1760,1280,1958,0,98166,47.4488,-122.356,2420,21075
15728,15728,2450000275,20140716T000000,595000.0,4.0,1.5,1350,8113,1.0,0,0,4,7,1350,0,1959,0,98004,47.5807,-122.196,1930,8113
15729,15729,2194100050,20140929T000000,850000.0,4.0,2.5,3180,11652,2.0,0,1,3,9,3180,0,1977,0,98040,47.567,-122.212,3110,15183
15730,15730,3782760280,20141002T000000,366000.0,3.0,2.5,1790,4065,2.0,0,0,3,8,1790,0,2009,0,98019,47.7344,-121.965,2480,4252
15731,15731,4320200020,20140922T000000,715000.0,4.0,3.0,1986,6000,2.0,0,2,4,8,1746,240,1922,0,98136,47.5374,-122.39,1930,6200
15732,15732,2944500420,20141211T000000,300000.0,4.0,2.5,2400,7215,2.0,0,0,3,8,2400,0,1992,0,98023,47.2944,-122.371,2220,7760
15733,15733,3616600231,20140603T000000,960000.0,4.0,3.0,4590,9150,2.0,0,0,3,10,3490,1100,1981,0,98177,47.7234,-122.372,2910,12348
15734,15734,6758700050,20150401T000000,812000.0,3.0,2.0,1970,3420,2.0,0,3,5,8,1970,0,1913,0,98103,47.6762,-122.354,1770,3420
15735,15735,2545900050,20140509T000000,234950.0,3.0,1.0,1360,9948,1.0,0,0,3,6,1360,0,1977,0,98010,47.3422,-122.053,1670,8475
15736,15736,8824900050,20140612T000000,656500.0,4.0,2.0,2710,4750,1.0,0,0,4,7,1460,1250,1919,0,98115,47.6756,-122.305,1700,3800
15737,15737,6300000213,20140703T000000,255000.0,2.0,1.5,920,1598,2.0,0,0,3,7,920,0,1995,0,98133,47.7081,-122.342,1110,1598
15738,15738,2211700290,20141204T000000,538000.0,3.0,2.75,2000,7204,1.0,0,0,5,7,1250,750,1960,0,98006,47.565,-122.116,2480,17633
15739,15739,739500050,20140701T000000,260000.0,3.0,2.25,1920,9680,1.0,0,0,4,7,1300,620,1961,0,98031,47.412,-122.195,1500,9516
15740,15740,6190500380,20141027T000000,546200.0,3.0,2.5,2678,6607,2.0,0,0,3,9,2678,0,1998,0,98028,47.738,-122.235,2780,6607
15741,15741,5129000006,20150419T000000,280500.0,3.0,1.0,1220,4541,1.0,0,0,3,7,890,330,1952,0,98108,47.5387,-122.294,1670,3429
15742,15742,2112700280,20140811T000000,295000.0,3.0,1.75,1440,4000,1.0,0,0,4,7,1050,390,1979,0,98106,47.5329,-122.354,1560,4000
15743,15743,9828702895,20141022T000000,700000.0,4.0,1.75,2420,520,1.5,0,0,3,7,2420,0,1900,0,98112,47.6209,-122.302,1200,1170
15744,15744,2026059181,20141120T000000,560000.0,3.0,2.0,2090,15790,1.0,0,0,3,9,2090,0,1992,0,98034,47.7296,-122.199,1820,8770
15745,15745,3295610080,20150401T000000,912000.0,4.0,2.75,4030,10888,2.0,0,0,3,10,4030,0,1997,0,98075,47.5651,-122.034,3720,10756
15746,15746,1474000050,20140508T000000,437000.0,3.0,1.75,1310,9282,1.0,0,0,4,7,1310,0,1976,0,98052,47.6844,-122.111,1310,8748
15747,15747,2896400170,20150316T000000,447000.0,3.0,2.5,1800,3074,2.0,0,0,3,7,1800,0,2003,0,98072,47.7631,-122.149,1610,2929
15748,15748,3342103281,20141020T000000,500000.0,4.0,1.0,1160,20100,1.0,0,0,4,6,820,340,1913,0,98056,47.5175,-122.201,1670,10200
15749,15749,7172200080,20150319T000000,508300.0,3.0,1.0,1160,5969,1.0,0,0,3,7,880,280,1930,0,98115,47.6844,-122.306,1550,5120
15750,15750,5209200010,20140731T000000,485000.0,3.0,1.5,1870,7853,1.0,0,0,3,7,1300,570,1962,0,98125,47.7045,-122.281,1870,8300
15751,15751,6744700427,20140507T000000,540000.0,7.0,5.75,3700,7647,2.0,0,1,3,8,3700,0,1948,1984,98155,47.7393,-122.289,2510,7479
15752,15752,1328310440,20140916T000000,356000.0,3.0,2.25,2280,8765,2.0,0,0,3,8,2280,0,1977,0,98058,47.4419,-122.133,1920,8265
15753,15753,2710600080,20140825T000000,525000.0,4.0,2.0,1720,6099,1.0,0,0,4,7,860,860,1949,0,98115,47.6765,-122.287,1100,5671
15754,15754,8651611980,20150324T000000,962800.0,4.0,2.75,3630,11775,2.0,0,0,3,10,3630,0,1999,0,98074,47.6378,-122.066,3800,12451
15755,15755,1541700010,20141001T000000,315000.0,4.0,2.5,2040,6300,2.0,0,0,3,8,2040,0,2003,0,98031,47.3918,-122.185,2260,5877
15756,15756,477000019,20140620T000000,525000.0,3.0,2.25,1750,1879,3.0,0,0,3,8,1750,0,2001,0,98107,47.6722,-122.391,1750,3155
15757,15757,8165501700,20150430T000000,325000.0,2.0,2.25,1550,2285,2.0,0,0,3,8,1550,0,2007,0,98106,47.5398,-122.369,1550,2135
15758,15758,9534400010,20150423T000000,965800.0,4.0,1.75,2500,8725,1.0,0,0,4,8,1500,1000,1966,0,98004,47.6304,-122.205,1900,8998
15759,15759,7577700185,20140709T000000,550000.0,4.0,1.0,1440,3600,1.5,0,0,4,7,1440,0,1924,0,98116,47.5694,-122.385,1010,5175
15760,15760,257000263,20141021T000000,182200.0,4.0,1.0,1130,13927,1.5,0,0,3,6,1130,0,1929,0,98168,47.4939,-122.3,1800,8274
15761,15761,8638500020,20140911T000000,315000.0,3.0,1.0,1210,8505,1.5,0,0,3,7,1210,0,1958,0,98106,47.5389,-122.353,1430,8505
15762,15762,452001310,20140825T000000,500000.0,2.0,1.0,960,5000,1.0,0,0,4,7,960,0,1900,0,98107,47.6755,-122.367,1330,5000
15763,15763,7852000500,20140702T000000,480000.0,5.0,2.5,2160,7737,2.0,0,0,3,7,2160,0,1998,0,98065,47.5381,-121.872,2460,7737
15764,15764,4219401236,20140520T000000,1690000.0,3.0,1.75,3400,8965,1.0,0,2,5,9,1820,1580,1957,0,98105,47.6569,-122.273,3200,8500
15765,15765,1622069127,20141118T000000,525000.0,5.0,3.25,3960,321908,2.0,0,0,4,9,2690,1270,1989,0,98038,47.3984,-122.055,2360,96703
15766,15766,2644300005,20150412T000000,407500.0,4.0,2.5,1900,9075,2.0,0,0,3,7,1900,0,1988,0,98133,47.7776,-122.352,1800,8460
15767,15767,3211260290,20150309T000000,443000.0,4.0,3.0,2620,35124,2.0,0,0,3,9,2620,0,1987,0,98092,47.3067,-122.116,2920,35807
15768,15768,3625500130,20140530T000000,1256500.0,4.0,2.5,3150,13700,2.0,0,0,4,9,3150,0,1966,0,98040,47.5309,-122.224,3200,11900
15769,15769,6819100380,20140830T000000,642000.0,3.0,1.0,1040,4480,1.0,0,0,3,7,870,170,1924,0,98109,47.6461,-122.356,1730,4200
15770,15770,8562600500,20150109T000000,520000.0,3.0,1.75,1540,7558,1.0,0,0,3,8,1540,0,1964,0,98052,47.6707,-122.156,1540,7863
15771,15771,9279200280,20140623T000000,750000.0,3.0,2.0,1820,5000,1.5,0,0,4,8,1720,100,1941,0,98116,47.5845,-122.395,2220,7200
15772,15772,6788201440,20150407T000000,855000.0,5.0,1.5,1930,4500,1.5,0,0,3,8,1930,0,1929,0,98112,47.6401,-122.303,2083,4500
15773,15773,2624089026,20141002T000000,275000.0,4.0,1.0,1430,27153,1.5,0,0,4,5,1430,0,1934,0,98065,47.5372,-121.744,1880,27153
15774,15774,8698600080,20140910T000000,265000.0,5.0,2.75,2920,5250,1.5,0,0,5,7,1800,1120,1911,0,98002,47.3072,-122.221,1220,5250
15775,15775,425069136,20150410T000000,894400.0,3.0,2.5,3100,45738,2.0,0,0,3,10,3100,0,1991,0,98053,47.6854,-122.048,3340,45738
15776,15776,5528600050,20150211T000000,546000.0,2.0,1.0,1200,12856,1.0,0,0,4,6,1200,0,1948,0,98027,47.5321,-122.034,1740,6098
15777,15777,8682290660,20141126T000000,699950.0,2.0,2.5,2390,7489,1.0,0,0,3,8,2390,0,2007,0,98053,47.7243,-122.032,2170,7489
15778,15778,1839920050,20150414T000000,435000.0,3.0,2.0,1270,10713,1.0,0,0,4,7,1270,0,1969,0,98034,47.7247,-122.181,1620,8250
15779,15779,6624010010,20150506T000000,259500.0,4.0,1.5,1300,7200,1.0,0,0,4,7,1300,0,1970,0,98031,47.4179,-122.181,1420,7200
15780,15780,9406590010,20141029T000000,359950.0,4.0,3.25,2290,4785,2.0,0,0,3,9,2290,0,2007,0,98038,47.3833,-122.037,2290,4785
15781,15781,3575305362,20141215T000000,517000.0,3.0,1.75,1740,10000,1.0,0,0,3,7,1740,0,1976,2009,98074,47.617,-122.058,1350,7500
15782,15782,8835900010,20140804T000000,579000.0,3.0,1.0,1590,5400,1.0,0,1,3,8,1280,310,1948,0,98118,47.5509,-122.261,2140,7161
15783,15783,7199000290,20140905T000000,525000.0,4.0,2.0,2420,10735,1.5,0,0,3,7,2420,0,1967,0,98052,47.6899,-122.122,1570,9540
15784,15784,6669150280,20150414T000000,320000.0,4.0,2.5,2130,9653,1.0,0,0,3,7,1500,630,1978,0,98031,47.4068,-122.175,2000,7988
15785,15785,2619600010,20140513T000000,635000.0,4.0,1.75,1950,13320,1.0,0,0,4,8,1370,580,1969,0,98007,47.6196,-122.139,2120,12051
15786,15786,2314300420,20140916T000000,400000.0,4.0,2.5,2150,5397,2.0,0,0,3,8,2150,0,1998,0,98058,47.4644,-122.151,2260,5080
15787,15787,9512500380,20141010T000000,455000.0,3.0,1.75,1270,7700,1.0,0,0,4,7,1270,0,1968,0,98052,47.6711,-122.148,1510,7700
15788,15788,8653600050,20150225T000000,572000.0,3.0,1.75,1850,22767,1.5,0,4,5,6,1850,0,1908,0,98074,47.6144,-122.067,2700,17906
15789,15789,4045900020,20150413T000000,650000.0,2.0,1.5,1440,136778,1.0,0,0,4,8,1140,300,1956,0,98072,47.7608,-122.118,1740,21600
15790,15790,1311800130,20150123T000000,162500.0,3.0,1.5,1390,7417,1.0,0,0,3,7,1390,0,1967,0,98001,47.3369,-122.275,1390,7665
15791,15791,9542890010,20141113T000000,400000.0,2.0,2.5,1340,1240,2.0,0,0,3,8,1150,190,2008,0,98052,47.6858,-122.102,1280,1312
15792,15792,4027700795,20150318T000000,268300.0,3.0,1.0,1190,9000,1.0,0,0,3,7,1190,0,1968,0,98028,47.77,-122.264,1960,7200
15793,15793,7013200280,20140702T000000,989000.0,6.0,4.5,3830,4800,3.0,0,0,3,9,3050,780,1919,2004,98119,47.6404,-122.361,1990,4800
15794,15794,2460700430,20140627T000000,342000.0,3.0,1.75,1780,10409,1.0,0,0,3,7,1280,500,1981,0,98058,47.4627,-122.168,1780,7415
15795,15795,6147650280,20150325T000000,315000.0,4.0,2.5,3130,5999,2.0,0,0,3,7,3130,0,2006,0,98042,47.3837,-122.099,3020,5997
15796,15796,3574800010,20150428T000000,485000.0,4.0,2.75,1830,8384,1.0,0,0,3,7,1320,510,1979,0,98034,47.733,-122.22,2190,7695
15797,15797,8731981640,20141204T000000,277500.0,4.0,2.5,2550,7500,1.0,0,0,3,8,1750,800,1976,0,98023,47.3165,-122.386,2260,8800
15798,15798,1525069134,20150312T000000,1295000.0,4.0,3.5,3790,90169,2.0,0,0,3,11,3790,0,1998,0,98053,47.6587,-122.022,3410,46951
15799,15799,2824069180,20140806T000000,385000.0,4.0,1.75,1800,10890,1.5,0,0,4,6,1800,0,1912,0,98027,47.5312,-122.04,1530,9818
15800,15800,751000080,20141117T000000,426000.0,2.0,1.0,1630,7680,1.0,0,0,3,7,830,800,1947,0,98125,47.7092,-122.291,1250,7740
15801,15801,2044500213,20140617T000000,310000.0,4.0,2.0,1870,6000,1.5,0,0,3,7,1870,0,1956,0,98125,47.7155,-122.315,1520,7169
15802,15802,2044500213,20150126T000000,449000.0,4.0,2.0,1870,6000,1.5,0,0,3,7,1870,0,1956,0,98125,47.7155,-122.315,1520,7169
15803,15803,1703400470,20141219T000000,375000.0,2.0,1.0,980,3915,1.0,0,0,4,7,980,0,1919,0,98118,47.5589,-122.29,1425,1576
15804,15804,7363600185,20150330T000000,1187500.0,3.0,2.25,2860,10625,1.0,0,4,3,10,1920,940,1976,0,98115,47.6915,-122.273,2860,8075
15805,15805,3904901300,20150414T000000,468000.0,3.0,2.25,1470,5597,2.0,0,0,3,7,1470,0,1985,0,98029,47.5674,-122.019,1610,5217
15806,15806,7548300425,20150403T000000,336000.0,1.0,1.0,1160,5000,2.0,0,0,3,7,1160,0,2000,0,98144,47.5883,-122.311,2060,5000
15807,15807,4123830480,20140610T000000,392000.0,4.0,2.75,1940,6555,2.0,0,0,3,8,1940,0,1990,0,98038,47.3701,-122.041,1840,6912
15808,15808,9477000280,20140807T000000,412500.0,4.0,2.25,1630,7969,1.0,0,0,3,7,1100,530,1977,0,98034,47.7336,-122.19,1580,7440
15809,15809,8567450080,20150325T000000,545000.0,4.0,2.5,2755,11612,2.0,0,0,3,8,2755,0,2001,0,98019,47.7394,-121.965,2820,12831
15810,15810,7129304540,20141220T000000,133000.0,5.0,2.0,1430,5600,1.5,0,0,3,6,1430,0,1947,0,98118,47.5192,-122.266,1860,5980
15811,15811,7129304540,20150514T000000,440000.0,5.0,2.0,1430,5600,1.5,0,0,3,6,1430,0,1947,0,98118,47.5192,-122.266,1860,5980
15812,15812,2250000010,20141205T000000,294450.0,4.0,2.25,1400,7341,1.0,0,0,3,7,1300,100,1961,0,98155,47.7565,-122.305,2090,7410
15813,15813,5162100660,20140826T000000,335000.0,4.0,2.5,2520,7205,2.0,0,0,3,8,2520,0,1987,0,98003,47.343,-122.316,2350,7632
15814,15814,4140500050,20140908T000000,362000.0,3.0,1.0,1290,10125,1.0,0,0,4,7,1290,0,1956,0,98028,47.7641,-122.265,1760,14460
15815,15815,2129700525,20141028T000000,322000.0,3.0,1.75,1400,18002,1.0,0,0,3,6,1400,0,1977,0,98019,47.725,-121.967,2240,14068
15816,15816,4337000275,20150317T000000,230500.0,2.0,1.0,740,8853,1.0,0,0,3,6,740,0,1943,0,98166,47.4793,-122.336,850,8775
15817,15817,3942900010,20150305T000000,380000.0,4.0,2.0,1710,9996,1.0,0,0,3,7,1710,0,1950,0,98108,47.5472,-122.3,1550,6768
15818,15818,8699100321,20140611T000000,292000.0,4.0,2.75,2414,7693,2.0,0,0,3,8,2414,0,2006,0,98002,47.3046,-122.222,1500,7177
15819,15819,7686203180,20140812T000000,172500.0,3.0,1.0,1040,7500,1.0,0,0,4,6,1040,0,1954,0,98198,47.4206,-122.316,1270,8000
15820,15820,1193000480,20140724T000000,784000.0,4.0,2.75,3540,7091,1.5,0,1,4,8,1970,1570,1947,0,98199,47.6467,-122.394,2200,6000
15821,15821,1234000630,20141002T000000,525000.0,4.0,2.75,2530,11549,1.0,0,0,3,7,1700,830,1942,0,98033,47.6557,-122.197,2530,10000
15822,15822,8562750250,20140704T000000,600000.0,3.0,2.5,2320,7609,2.0,0,0,3,8,2320,0,2003,0,98027,47.5391,-122.069,2590,4000
15823,15823,5088500170,20141027T000000,435000.0,3.0,2.5,2530,16102,2.0,0,0,3,9,2530,0,1989,0,98038,47.371,-122.055,2370,14957
15824,15824,1061500630,20150205T000000,359900.0,5.0,2.75,2790,7600,1.5,0,0,4,7,2790,0,1965,0,98056,47.4999,-122.165,1480,7600
15825,15825,8073000491,20141211T000000,700000.0,4.0,1.75,1950,7139,1.0,1,4,3,7,1150,800,1957,0,98178,47.5121,-122.248,1600,13122
15826,15826,3277801448,20150312T000000,280000.0,3.0,2.0,1020,889,2.0,0,0,3,7,720,300,2009,0,98126,47.5434,-122.375,1130,972
15827,15827,1656600280,20141002T000000,655000.0,4.0,2.5,3110,24466,2.0,0,0,3,9,3110,0,1997,0,98059,47.4898,-122.127,3080,22185
15828,15828,4139420190,20150512T000000,2480000.0,4.0,5.0,5310,16909,1.0,0,4,3,12,3090,2220,1992,0,98006,47.5515,-122.113,5220,15701
15829,15829,5360200052,20150224T000000,499950.0,3.0,2.5,2580,23925,2.0,0,0,3,9,2580,0,2001,0,98023,47.2978,-122.376,1660,8460
15830,15830,7234601025,20140805T000000,540000.0,3.0,2.5,1380,1021,2.0,0,0,3,8,1160,220,2008,0,98122,47.6148,-122.309,1440,1021
15831,15831,8001470480,20150306T000000,970000.0,4.0,2.75,3980,9209,2.0,0,0,3,11,3980,0,2002,0,98074,47.6286,-122.064,3800,9333
15832,15832,2597670470,20140813T000000,330000.0,4.0,2.5,2080,7000,1.0,0,0,4,8,1400,680,1989,0,98058,47.4252,-122.163,2090,7082
15833,15833,7199330130,20140703T000000,474000.0,3.0,1.75,1530,8000,2.0,0,0,3,7,1530,0,1978,0,98052,47.6971,-122.13,1530,7500
15834,15834,4039700080,20150317T000000,670000.0,4.0,1.75,1930,9310,1.0,0,0,4,9,1930,0,1968,0,98008,47.6158,-122.108,2110,10290
15835,15835,5317100780,20140512T000000,1300000.0,4.0,3.25,2330,9687,2.0,0,3,3,9,2330,0,1918,0,98112,47.6264,-122.283,3880,9017
15836,15836,2597450250,20140730T000000,1160000.0,4.0,2.5,3860,10361,2.0,0,2,4,10,2940,920,1985,0,98006,47.5517,-122.147,3720,13155
15837,15837,2472920680,20150112T000000,440000.0,4.0,2.5,2880,8061,2.0,0,0,3,9,2880,0,1988,0,98058,47.43899999999999,-122.152,2650,7660
15838,15838,7436300170,20140728T000000,411000.0,2.0,2.5,1590,2088,2.0,0,0,3,9,1590,0,1997,0,98033,47.6897,-122.175,2320,3174
15839,15839,3964400470,20140725T000000,500000.0,3.0,1.5,2150,4000,1.5,0,0,3,7,1470,680,1928,0,98144,47.5733,-122.312,1750,4000
15840,15840,7351200050,20141218T000000,1335000.0,4.0,1.75,2300,13342,1.5,1,4,3,7,2300,0,1934,1958,98125,47.7308,-122.282,2500,13342
15841,15841,1377800277,20141215T000000,696000.0,6.0,3.25,2900,6400,2.0,0,0,4,8,2300,600,1977,0,98199,47.6464,-122.401,2480,6400
15842,15842,3862400050,20140506T000000,465000.0,3.0,2.25,1970,11088,1.0,0,0,4,8,1180,790,1967,0,98155,47.7651,-122.277,1970,10470
15843,15843,7199310170,20140616T000000,518000.0,4.0,2.5,1740,7500,1.0,0,0,4,7,1220,520,1976,0,98052,47.6927,-122.124,1790,7350
15844,15844,8039900086,20140509T000000,251000.0,3.0,1.75,1220,7250,1.0,0,0,3,7,1220,0,1962,0,98045,47.4887,-121.784,1700,15251
15845,15845,1137600190,20150430T000000,255000.0,3.0,2.0,1290,13282,1.0,0,0,3,7,1290,0,1978,0,98030,47.3787,-122.169,1290,12357
15846,15846,1566100130,20140820T000000,319000.0,2.0,1.0,780,8271,1.0,0,0,4,6,780,0,1924,0,98115,47.7,-122.3,2220,8271
15847,15847,9547205610,20140929T000000,719000.0,4.0,2.75,2210,3400,1.5,0,0,5,7,1470,740,1926,0,98115,47.6826,-122.311,1500,3400
15848,15848,5608000190,20140714T000000,1520000.0,5.0,3.5,5930,13288,2.0,0,2,3,11,3920,2010,1996,0,98027,47.5542,-122.097,3860,12062
15849,15849,3295450050,20150109T000000,322000.0,4.0,2.5,1950,4553,2.0,0,0,3,7,1950,0,2000,0,98056,47.5066,-122.175,1780,4598
15850,15850,3751602249,20150305T000000,205000.0,4.0,1.0,1340,7920,1.0,0,0,4,7,1340,0,1970,0,98001,47.2845,-122.267,1090,9600
15851,15851,7889600190,20150113T000000,229000.0,3.0,1.0,1590,6240,1.0,0,0,3,7,1060,530,1956,0,98146,47.4936,-122.337,1410,6240
15852,15852,217700050,20141030T000000,395000.0,3.0,2.25,1780,9672,1.0,0,0,3,8,1350,430,1960,0,98133,47.7774,-122.35,1860,10080
15853,15853,7943000020,20150326T000000,183000.0,2.0,1.0,760,7272,1.0,0,0,4,7,760,0,1980,0,98003,47.3205,-122.33,1370,7866
15854,15854,7199310290,20140905T000000,583500.0,3.0,1.75,1720,7800,1.0,0,0,4,7,1170,550,1978,0,98052,47.6928,-122.125,1760,7276
15855,15855,192700080,20150213T000000,312000.0,3.0,2.5,2070,25710,1.0,0,0,5,6,2070,0,1917,0,98022,47.2032,-121.964,1350,17998
15856,15856,23520380,20140909T000000,539000.0,3.0,1.75,1790,9860,1.0,0,0,4,7,1410,380,1978,0,98052,47.6989,-122.12,1820,9555
15857,15857,8961950050,20150320T000000,409000.0,4.0,2.75,3230,12651,2.0,0,0,4,8,3230,0,2002,0,98001,47.3157,-122.251,2550,12081
15858,15858,3300701365,20140528T000000,510250.0,3.0,1.75,1400,4000,1.0,0,0,3,7,870,530,1951,0,98117,47.6913,-122.381,1400,4000
15859,15859,871000170,20141202T000000,535000.0,2.0,2.0,1370,3827,1.0,0,0,3,7,1020,350,1952,0,98199,47.652,-122.404,1550,5102
15860,15860,9407150250,20140924T000000,280000.0,3.0,2.5,1600,7936,2.0,0,0,3,7,1600,0,1996,0,98038,47.3673,-122.017,1830,7936
15861,15861,7789000235,20150409T000000,286000.0,3.0,1.0,950,8400,1.0,0,0,3,7,950,0,1958,0,98056,47.5104,-122.166,1250,8400
15862,15862,8587400050,20150325T000000,710000.0,3.0,2.75,2210,7660,1.0,0,1,4,7,1460,750,1968,0,98116,47.5619,-122.4,2110,8750
15863,15863,5100401315,20140709T000000,395000.0,2.0,1.0,930,6380,1.0,0,0,4,7,930,0,1940,0,98115,47.6915,-122.321,1180,6380
15864,15864,2634500005,20140908T000000,237500.0,2.0,1.0,810,8494,1.0,0,0,3,6,810,0,1949,0,98155,47.7389,-122.324,1050,7975
15865,15865,6332000050,20150121T000000,464000.0,3.0,2.0,1630,6550,1.0,0,0,5,7,850,780,1912,0,98126,47.5452,-122.379,1440,6550
15866,15866,2126049265,20141021T000000,495000.0,3.0,1.75,1770,10080,1.0,0,0,3,8,1770,0,1968,0,98125,47.7218,-122.306,1860,10456
15867,15867,7950304095,20150217T000000,257500.0,1.0,1.0,710,6060,1.0,0,0,4,6,710,0,1916,0,98118,47.5621,-122.283,1440,4545
15868,15868,587550010,20150116T000000,570000.0,4.0,3.5,3990,23544,1.0,0,2,3,10,2300,1690,1999,0,98023,47.3245,-122.38,3410,15932
15869,15869,1402630190,20141111T000000,362000.0,3.0,2.5,2310,7485,2.0,0,0,3,8,2310,0,1986,0,98058,47.43899999999999,-122.135,2310,8142
15870,15870,2402100895,20140625T000000,640000.0,33.0,1.75,1620,6000,1.0,0,0,5,7,1040,580,1947,0,98103,47.6878,-122.331,1330,4700
15871,15871,3750604417,20140526T000000,172500.0,3.0,1.0,1140,8800,1.0,0,0,3,7,1140,0,1972,0,98001,47.2629,-122.275,1270,13560
15872,15872,9547202890,20150120T000000,596000.0,2.0,1.0,1040,4880,1.0,0,0,3,7,1040,0,1910,1975,98115,47.6809,-122.311,1500,4590
15873,15873,2600110250,20150430T000000,840000.0,4.0,2.5,2170,9796,1.0,0,0,4,8,1650,520,1980,0,98006,47.5505,-122.152,2350,9796
15874,15874,7403200050,20141113T000000,1600000.0,3.0,2.25,3370,23065,1.0,1,4,3,10,1920,1450,1980,0,98028,47.7434,-122.263,3410,19688
15875,15875,9528104360,20140912T000000,435000.0,2.0,1.5,901,1245,3.0,0,0,3,7,901,0,2001,0,98115,47.6774,-122.325,1138,1137
15876,15876,2634500050,20140910T000000,251000.0,2.0,1.0,840,7870,1.0,0,0,3,6,840,0,1949,0,98155,47.7389,-122.326,1442,8131
15877,15877,268500020,20141106T000000,282500.0,4.0,1.0,1650,9750,1.0,0,0,4,7,1650,0,1964,0,98059,47.4991,-122.164,1650,10112
15878,15878,1796361100,20141017T000000,265000.0,3.0,2.25,1380,7226,1.0,0,0,4,7,1140,240,1987,0,98042,47.3677,-122.091,1640,7823
15879,15879,8807300130,20141217T000000,330000.0,3.0,1.0,910,10240,1.0,0,0,4,6,910,0,1969,0,98053,47.6729,-122.064,1140,10720
15880,15880,7170200080,20140617T000000,435000.0,2.0,1.0,1230,3800,1.0,0,0,3,7,1230,0,1928,0,98115,47.6797,-122.292,1610,3800
15881,15881,1877500005,20141201T000000,827235.0,3.0,1.75,1740,8560,1.0,0,0,3,8,1500,240,1948,0,98199,47.6475,-122.409,2240,5800
15882,15882,7211400525,20140530T000000,249950.0,4.0,1.0,1290,5000,1.5,0,0,3,7,1290,0,1957,0,98146,47.513000000000005,-122.358,1440,2500
15883,15883,2549000020,20150324T000000,400000.0,3.0,2.5,1950,18533,2.0,0,0,3,8,1950,0,1988,0,98024,47.5647,-121.903,1810,18401
15884,15884,4137040250,20141021T000000,300499.0,4.0,2.5,2150,7944,2.0,0,0,3,8,2150,0,1990,0,98092,47.25899999999999,-122.215,2170,8319
15885,15885,5101400461,20150417T000000,449000.0,4.0,2.0,1560,5220,1.0,0,0,3,7,1560,0,1959,0,98115,47.6905,-122.305,1300,5220
15886,15886,2306400010,20141017T000000,500000.0,2.0,1.0,1120,3220,1.0,0,0,4,7,1120,0,1923,0,98103,47.6588,-122.344,1440,3220
15887,15887,8861000095,20140930T000000,865000.0,3.0,1.5,1790,7526,1.0,0,0,3,7,1790,0,1953,2014,98004,47.6387,-122.207,2080,10943
15888,15888,3754500010,20140616T000000,899950.0,4.0,3.5,3290,5414,2.0,0,1,3,9,2360,930,2006,0,98034,47.7074,-122.219,1820,9609
15889,15889,4326000190,20140828T000000,370000.0,4.0,1.0,1540,9541,1.5,0,0,4,7,1540,0,1961,0,98034,47.7104,-122.213,1290,9541
15890,15890,1525069088,20150504T000000,442500.0,5.0,3.25,4240,226097,2.0,0,0,3,8,3410,830,1980,0,98053,47.6472,-122.017,2980,217800
15891,15891,9474700020,20140503T000000,310000.0,3.0,1.0,1010,9945,1.0,0,0,4,6,1010,0,1973,0,98065,47.5324,-121.763,1390,12710
15892,15892,4389200876,20140701T000000,1565000.0,4.0,2.75,2970,12750,1.5,0,1,4,7,2130,840,1918,1986,98004,47.6135,-122.213,1980,15300
15893,15893,6084600420,20140905T000000,245000.0,4.0,2.25,2190,9113,2.0,0,0,3,7,2190,0,1986,0,98001,47.3241,-122.275,1570,8306
15894,15894,6668900010,20141117T000000,254950.0,2.0,1.0,700,8100,1.0,0,0,3,6,700,0,1949,0,98155,47.7492,-122.311,1230,8100
15895,15895,125059178,20140722T000000,510000.0,6.0,4.5,3300,7480,2.0,0,0,3,8,3300,0,1980,0,98052,47.6796,-122.104,2470,7561
15896,15896,2131701410,20150427T000000,299950.0,3.0,2.25,1370,5000,2.0,0,0,3,7,1370,0,1990,0,98019,47.7372,-121.981,1600,7724
15897,15897,3158500130,20140821T000000,379950.0,4.0,2.5,2680,4500,2.0,0,0,3,8,2680,0,2011,0,98038,47.3561,-122.056,2010,4500
15898,15898,6300500275,20140807T000000,350000.0,3.0,1.0,1390,4820,1.0,0,0,4,7,910,480,1926,0,98133,47.70399999999999,-122.343,1320,4820
15899,15899,3395040920,20140618T000000,300000.0,3.0,2.5,1700,3575,2.0,0,0,3,7,1700,0,2000,0,98108,47.5418,-122.295,1590,3380
15900,15900,1193000280,20140527T000000,994000.0,3.0,2.25,2510,6339,1.5,0,2,5,8,1810,700,1932,0,98199,47.6496,-122.391,1820,5741
15901,15901,8022900005,20141119T000000,315000.0,3.0,1.5,1700,8067,1.0,0,0,3,7,1250,450,1956,0,98155,47.7384,-122.324,1340,7869
15902,15902,1774000050,20140507T000000,480500.0,4.0,2.5,2180,11200,1.0,0,0,4,8,2180,0,1968,0,98072,47.7476,-122.086,1790,11200
15903,15903,1725800280,20140616T000000,373000.0,3.0,1.0,1770,5720,1.5,0,0,4,7,1140,630,1926,0,98126,47.5546,-122.377,1500,4406
15904,15904,8691390980,20140902T000000,728000.0,4.0,2.5,3290,5951,2.0,0,0,3,9,3290,0,2003,0,98075,47.5999,-121.976,3240,6159
15905,15905,1180008370,20140925T000000,415000.0,4.0,3.5,3040,7125,2.0,0,1,3,8,2240,800,2002,0,98178,47.492,-122.225,2220,7800
15906,15906,9558020460,20140604T000000,427500.0,4.0,2.5,2460,5091,2.0,0,0,3,9,2460,0,2003,0,98058,47.45,-122.121,2490,4750
15907,15907,3575302880,20141110T000000,339300.0,3.0,2.0,970,10000,1.0,0,0,5,7,970,0,1972,0,98074,47.6205,-122.063,1230,7500
15908,15908,6671900095,20140527T000000,313000.0,3.0,1.75,1320,6205,1.0,0,0,5,7,1320,0,1948,0,98133,47.7412,-122.343,1210,6205
15909,15909,5637500094,20140522T000000,431500.0,3.0,3.5,1900,1612,2.0,0,0,3,8,1430,470,2008,0,98136,47.544,-122.385,1780,1525
15910,15910,4310701330,20150309T000000,415000.0,3.0,1.5,1220,835,1.5,0,0,4,6,1220,0,1950,0,98103,47.6981,-122.341,1360,1251
15911,15911,23520190,20150316T000000,490000.0,3.0,1.75,1470,9750,1.0,0,0,4,7,1470,0,1978,0,98052,47.6975,-122.12,1800,9600
15912,15912,98000130,20150324T000000,1425000.0,4.0,5.0,4630,24054,2.0,0,3,3,11,4630,0,2005,0,98075,47.587,-121.966,4630,17584
15913,15913,6829900080,20150330T000000,275000.0,3.0,1.5,1400,9750,1.0,0,0,4,6,1400,0,1964,0,98030,47.3768,-122.17,1160,9750
15914,15914,5370200170,20150217T000000,325000.0,2.0,1.0,1070,5080,1.0,0,0,5,6,1070,0,1942,0,98106,47.5224,-122.35,900,5080
15915,15915,3885805896,20140610T000000,1180000.0,5.0,3.75,3630,6000,1.5,0,0,3,9,2470,1160,2004,0,98033,47.6816,-122.199,2560,7560
15916,15916,9550200470,20141001T000000,690000.0,4.0,1.5,1970,4590,2.5,0,0,3,7,1970,0,1909,0,98103,47.666,-122.332,1900,4590
15917,15917,6111400020,20150330T000000,410000.0,4.0,2.0,2010,9474,2.0,0,0,3,7,2010,0,1953,2003,98166,47.4234,-122.342,2140,10164
15918,15918,5135000050,20140801T000000,960000.0,4.0,2.5,2820,5934,1.0,0,3,5,9,1770,1050,1952,0,98116,47.5706,-122.403,2230,6000
15919,15919,8029510010,20141030T000000,299250.0,3.0,2.5,2530,8669,2.0,0,0,3,9,2530,0,1990,0,98023,47.3073,-122.395,2530,9469
15920,15920,4438400050,20140714T000000,239000.0,2.0,1.0,710,14000,1.0,0,0,4,6,710,0,1953,0,98166,47.4379,-122.337,1500,10540
15921,15921,7831800460,20140502T000000,235000.0,2.0,1.0,1210,9400,1.0,0,0,2,6,1210,0,1949,0,98106,47.5342,-122.36,1580,6026
15922,15922,2425069069,20140527T000000,587000.0,3.0,2.25,2370,217800,2.0,0,0,3,7,2370,0,1979,0,98053,47.6364,-121.984,3100,86248
15923,15923,8029550020,20140701T000000,431000.0,4.0,2.5,2300,6087,2.0,0,0,3,7,2300,0,2001,0,98056,47.5125,-122.192,1770,5907
15924,15924,7533800170,20140707T000000,1636000.0,3.0,2.5,3110,6765,2.0,0,1,4,9,2550,560,1946,0,98115,47.6886,-122.276,2630,7626
15925,15925,9460000010,20141203T000000,285000.0,3.0,1.75,1990,6500,1.0,0,0,3,7,1090,900,1961,0,98055,47.488,-122.221,2150,6500
15926,15926,2600130020,20141106T000000,778000.0,3.0,3.0,2630,10156,1.0,0,0,4,9,2630,0,1987,0,98006,47.5481,-122.156,2660,10455
15927,15927,4037700285,20140731T000000,415000.0,3.0,1.0,1300,7975,1.0,0,0,4,7,1300,0,1958,0,98008,47.611,-122.122,1570,9075
15928,15928,8682261190,20150112T000000,550285.0,2.0,1.75,1680,4500,1.0,0,0,3,8,1680,0,2004,0,98053,47.7132,-122.032,1670,4500
15929,15929,5453700020,20140825T000000,910000.0,3.0,2.25,2180,9865,1.0,0,0,4,8,1660,520,1966,0,98040,47.5358,-122.235,2600,10034
15930,15930,4139400630,20140529T000000,860000.0,3.0,2.5,2770,9136,2.0,0,0,3,10,2770,0,1991,0,98006,47.5605,-122.115,2890,8442
15931,15931,9550201495,20141003T000000,765000.0,3.0,1.75,2120,5000,2.0,0,0,3,7,1980,140,1920,2010,98103,47.6666,-122.331,2020,5000
15932,15932,9808610190,20140509T000000,782000.0,4.0,2.5,2830,20345,2.0,0,0,3,10,1980,850,1979,0,98004,47.6462,-122.191,2830,13732
15933,15933,7443000514,20150310T000000,525000.0,3.0,3.5,1370,1764,2.0,0,0,3,8,1180,190,2000,0,98119,47.6511,-122.368,1400,1398
15934,15934,1823099056,20141222T000000,745000.0,3.0,2.5,2810,435600,2.0,0,0,3,9,2810,0,1995,0,98045,47.4816,-121.701,2380,92007
15935,15935,6055000010,20140725T000000,470000.0,3.0,3.5,3520,35512,2.0,0,2,3,8,2760,760,2005,0,98022,47.2416,-121.979,2860,39614
15936,15936,3878900225,20140602T000000,345000.0,3.0,1.75,1990,5650,1.0,0,1,3,7,1320,670,1963,0,98178,47.5086,-122.252,2130,5650
15937,15937,4222700130,20150304T000000,279000.0,3.0,2.25,2070,7800,1.0,0,0,3,7,1170,900,1964,0,98003,47.3431,-122.305,1570,8400
15938,15938,1124000010,20140711T000000,500000.0,3.0,1.5,1320,8100,1.0,0,0,4,7,1320,0,1951,0,98177,47.7194,-122.371,1480,8100
15939,15939,428000225,20140620T000000,237000.0,3.0,1.0,1300,8160,1.0,0,0,4,7,1300,0,1960,0,98056,47.511,-122.172,1290,8970
15940,15940,8133300050,20140626T000000,200500.0,3.0,1.75,1260,9346,1.0,0,0,4,7,1260,0,1963,0,98030,47.3713,-122.186,1800,9705
15941,15941,2423039134,20150324T000000,387500.0,4.0,1.75,2400,9900,1.0,0,0,3,7,1250,1150,1957,0,98166,47.4631,-122.362,1960,9900
15942,15942,2726049150,20140717T000000,392500.0,4.0,2.0,1950,8040,1.0,0,0,3,7,1950,0,1961,0,98125,47.7074,-122.29,1950,8092
15943,15943,8074200080,20150213T000000,305000.0,3.0,2.0,1430,12430,1.0,0,0,4,7,1430,0,1957,0,98056,47.4903,-122.178,1200,8250
15944,15944,7856600170,20140924T000000,981000.0,4.0,2.5,2110,10100,1.0,0,2,3,8,2110,0,1968,2005,98006,47.567,-122.151,2230,10100
15945,15945,8649900440,20141209T000000,680000.0,4.0,2.5,2980,8770,2.0,0,0,3,10,2980,0,1990,0,98075,47.5814,-122.029,2940,9238
15946,15946,7696630170,20140605T000000,276000.0,4.0,2.5,2068,7242,2.0,0,0,4,7,2068,0,1976,0,98001,47.3318,-122.281,1560,7524
15947,15947,226039075,20140506T000000,655500.0,4.0,3.5,3380,8330,2.0,0,0,3,8,3380,0,2000,0,98177,47.7741,-122.379,2220,8330
15948,15948,3296000170,20141229T000000,555000.0,5.0,2.75,2810,13144,1.0,0,0,3,8,1440,1370,1964,0,98007,47.6199,-122.141,2480,13144
15949,15949,3223049073,20150413T000000,235000.0,2.0,1.0,930,10505,1.0,0,0,3,6,930,0,1930,0,98148,47.4337,-122.329,1520,8881
15950,15950,7300700050,20150219T000000,325000.0,3.0,1.0,1300,8879,1.0,0,0,3,7,920,380,1950,0,98155,47.7465,-122.326,1530,6960
15951,15951,9900000190,20141030T000000,268950.0,3.0,1.0,1320,8100,1.0,0,0,3,6,880,440,1943,0,98166,47.4697,-122.351,1000,8100
15952,15952,3751600635,20141110T000000,264500.0,3.0,1.5,1580,14040,1.0,0,0,3,7,1050,530,1980,0,98001,47.2932,-122.267,2240,12000
15953,15953,7575600430,20141110T000000,240000.0,3.0,2.5,1620,5250,2.0,0,0,3,8,1620,0,1987,0,98003,47.3538,-122.301,1650,5250
15954,15954,3223039109,20150220T000000,819000.0,3.0,2.5,2750,226512,2.0,0,0,3,9,2750,0,2000,0,98070,47.4376,-122.456,1250,211266
15955,15955,7151700190,20150331T000000,850000.0,2.0,1.5,2210,5000,1.0,0,2,3,8,1530,680,1951,0,98122,47.6122,-122.288,2700,5000
15956,15956,2076400050,20141022T000000,294950.0,4.0,2.25,1740,9600,1.0,0,2,3,7,1160,580,1957,0,98188,47.432,-122.276,1630,9600
15957,15957,2162000190,20141215T000000,693000.0,3.0,2.25,2120,13644,2.0,0,1,4,9,1420,700,1973,0,98040,47.5574,-122.214,2950,17060
15958,15958,5226500250,20141015T000000,478000.0,4.0,2.5,2780,7290,2.0,0,0,3,8,2780,0,1989,0,98059,47.50899999999999,-122.157,2450,7738
15959,15959,1787600294,20150205T000000,222000.0,2.0,1.0,830,6893,1.0,0,0,3,7,830,0,1950,0,98125,47.7234,-122.328,1470,7200
15960,15960,6388930170,20150408T000000,635000.0,4.0,2.5,2070,11286,2.0,0,0,3,8,2070,0,1996,0,98056,47.5284,-122.173,2440,10826
15961,15961,2767704332,20140930T000000,469000.0,3.0,3.25,1390,1278,2.0,0,0,3,8,1140,250,2005,0,98107,47.6735,-122.375,1390,1256
15962,15962,6699940250,20140725T000000,350000.0,4.0,2.5,2610,5866,2.0,0,0,3,8,2610,0,2005,0,98038,47.3441,-122.04,2480,5188
15963,15963,8151601190,20141203T000000,180000.0,5.0,1.0,1460,11726,1.5,0,0,3,6,1290,170,1936,0,98146,47.5039,-122.361,1460,10450
15964,15964,5561000420,20150408T000000,490000.0,4.0,2.25,3390,39356,1.0,0,0,4,8,1640,1750,1964,0,98027,47.461000000000006,-121.992,2160,38061
15965,15965,3797001900,20140922T000000,360000.0,3.0,1.5,1360,6000,1.0,0,0,3,6,860,500,1911,0,98103,47.6846,-122.345,1560,3000
15966,15966,6641020050,20140618T000000,630000.0,4.0,2.5,2807,9430,2.0,0,0,3,8,2807,0,1996,0,98028,47.7449,-122.223,2028,11056
15967,15967,3232200095,20150414T000000,615000.0,4.0,1.0,1340,2006,1.5,0,0,3,7,1340,0,1931,0,98119,47.6357,-122.373,2040,3625
15968,15968,2310000440,20141027T000000,279950.0,3.0,2.25,1340,7202,2.0,0,0,4,7,1340,0,1989,0,98038,47.3563,-122.039,1470,7395
15969,15969,6414600321,20140611T000000,317000.0,3.0,1.0,1160,8813,1.0,0,0,3,7,1160,0,1952,0,98125,47.7257,-122.329,1200,7615
15970,15970,7199320190,20141016T000000,618000.0,4.0,2.25,2470,7350,1.0,0,0,3,7,1600,870,1978,0,98052,47.6936,-122.128,1970,7700
15971,15971,7922800190,20150311T000000,620000.0,5.0,1.75,2000,8713,1.0,0,2,3,7,1000,1000,1962,0,98008,47.5882,-122.117,2040,8449
15972,15972,9553200052,20140506T000000,345000.0,3.0,1.0,1110,6250,1.0,0,0,3,7,1110,0,1956,0,98115,47.6977,-122.292,2010,6944
15973,15973,4083802425,20141010T000000,608000.0,3.0,1.5,2240,3750,1.0,0,0,3,7,1220,1020,1952,0,98103,47.6624,-122.336,1570,3400
15974,15974,984000130,20141223T000000,325000.0,4.0,2.25,1920,11603,2.0,0,0,4,7,1920,0,1967,0,98058,47.4315,-122.169,1840,7350
15975,15975,2473002500,20141112T000000,475000.0,3.0,1.75,2270,13000,1.0,0,0,5,8,2270,0,1968,0,98058,47.4474,-122.144,2440,10000
15976,15976,3356403304,20141016T000000,154000.0,3.0,3.0,1530,9997,1.0,0,0,3,6,1020,510,1992,0,98001,47.2861,-122.252,1410,9997
15977,15977,8651200080,20140619T000000,1190000.0,5.0,3.0,3330,19126,2.0,0,0,4,11,2610,720,1977,0,98040,47.5485,-122.214,3330,16893
15978,15978,1329300480,20141023T000000,376950.0,4.0,2.5,2643,5750,2.0,0,0,3,8,2643,0,2012,0,98030,47.3519,-122.173,2406,5772
15979,15979,1972201305,20140729T000000,500000.0,2.0,2.0,1250,3360,1.0,0,0,3,7,1250,0,1957,0,98103,47.6526,-122.349,1250,3360
15980,15980,425079001,20150423T000000,499950.0,3.0,2.5,3230,129578,1.0,0,0,4,8,2100,1130,1964,0,98014,47.682,-121.913,2760,62059
15981,15981,9347900020,20150127T000000,230000.0,3.0,1.0,880,9035,1.0,0,0,4,6,880,0,1967,0,98059,47.476000000000006,-122.151,1440,10350
15982,15982,1015000050,20150106T000000,652600.0,4.0,2.5,2220,5900,2.0,0,0,3,8,2220,0,2014,0,98117,47.6956,-122.36,1620,5900
15983,15983,9542802000,20141229T000000,185000.0,3.0,1.75,1130,7000,1.0,0,0,3,7,1130,0,1978,0,98023,47.307,-122.372,1830,8880
15984,15984,8088600080,20140602T000000,274950.0,3.0,1.0,1450,8820,1.0,0,0,3,6,1050,400,1958,0,98168,47.4698,-122.264,1510,8820
15985,15985,5637500250,20150210T000000,447000.0,2.0,1.0,760,6035,1.0,0,0,3,6,760,0,1920,0,98136,47.5443,-122.382,2110,6046
15986,15986,87000213,20140613T000000,129000.0,2.0,1.0,1150,30184,1.0,0,0,3,6,1150,0,1950,0,98055,47.4492,-122.2,1670,19684
15987,15987,5104200470,20150325T000000,436000.0,5.0,3.0,2720,9856,2.0,0,0,4,8,2720,0,1969,0,98059,47.4778,-122.146,1420,9685
15988,15988,455000190,20141006T000000,825000.0,3.0,1.75,2080,5000,2.0,0,0,5,8,2080,0,1906,0,98103,47.6717,-122.356,1820,5000
15989,15989,3356403140,20141010T000000,225000.0,3.0,1.0,1080,16000,1.0,0,0,3,6,1080,0,1952,0,98001,47.2873,-122.251,1610,10007
15990,15990,4472000050,20150309T000000,265000.0,3.0,2.5,1890,6088,2.0,0,0,3,7,1890,0,1996,0,98002,47.2886,-122.218,1700,6600
15991,15991,5350200425,20150309T000000,765000.0,3.0,1.5,1500,5111,2.0,0,0,5,8,1500,0,1984,0,98122,47.6118,-122.284,2380,4519
15992,15992,3975400190,20141104T000000,509000.0,4.0,2.0,1960,2166,1.5,0,0,4,7,1260,700,1926,0,98103,47.6545,-122.344,1670,4000
15993,15993,9541600255,20150310T000000,762450.0,4.0,1.75,2570,8640,1.0,0,0,4,8,2570,0,1958,0,98005,47.5956,-122.172,2520,8800
15994,15994,5538300460,20141210T000000,465000.0,5.0,1.5,1830,9000,1.0,0,2,3,7,1030,800,1955,0,98155,47.7488,-122.292,2610,11175
15995,15995,7625700305,20140605T000000,564000.0,3.0,1.75,1980,6250,1.0,0,1,5,7,1090,890,1910,0,98136,47.554,-122.385,1980,6250
15996,15996,2895600420,20150421T000000,384500.0,2.0,1.0,1130,5236,1.0,0,0,4,6,1130,0,1942,0,98146,47.5103,-122.386,1010,5320
15997,15997,2320069260,20141027T000000,415000.0,3.0,2.0,2010,33090,1.5,0,2,5,8,2010,0,1986,0,98022,47.2133,-122.007,1840,22620
15998,15998,7305300470,20141201T000000,345000.0,2.0,1.75,1820,8409,1.0,0,0,4,6,910,910,1948,0,98155,47.7538,-122.327,1300,8409
15999,15999,9477940440,20140617T000000,465950.0,4.0,2.5,2340,6896,2.0,0,0,3,7,2340,0,2001,0,98059,47.4896,-122.14,2950,6775
16000,16000,2561340020,20140804T000000,325000.0,3.0,1.75,1780,11096,1.0,0,0,3,7,1210,570,1979,0,98074,47.617,-122.051,1780,10640
16001,16001,2561340020,20150217T000000,500000.0,3.0,1.75,1780,11096,1.0,0,0,3,7,1210,570,1979,0,98074,47.617,-122.051,1780,10640
16002,16002,524069075,20141024T000000,450000.0,4.0,2.5,2450,20348,1.0,0,0,3,8,1410,1040,1978,0,98075,47.5887,-122.064,2450,50094
16003,16003,2296700050,20141010T000000,475000.0,4.0,3.0,2410,8284,1.0,0,0,5,7,1210,1200,1969,0,98034,47.7202,-122.22,2050,7940
16004,16004,4122900190,20140512T000000,1346400.0,5.0,1.75,3380,20021,1.0,0,0,4,8,1690,1690,1963,0,98004,47.6395,-122.211,3260,19809
16005,16005,2754700095,20150316T000000,747000.0,3.0,1.5,1710,5120,2.0,0,0,4,7,1710,0,1920,0,98115,47.6801,-122.305,1530,5170
16006,16006,9265700005,20140822T000000,395000.0,3.0,1.75,1740,6220,1.0,0,0,4,6,1740,0,1954,0,98177,47.762,-122.362,1630,8418
16007,16007,9826700726,20141006T000000,505000.0,3.0,2.5,1995,1483,3.0,0,0,3,8,1760,235,2005,0,98102,47.6025,-122.31,1520,1173
16008,16008,321049193,20141017T000000,215000.0,3.0,2.0,1760,9282,1.0,0,0,5,7,1100,660,1947,0,98001,47.3413,-122.29,1730,7500
16009,16009,1923099034,20150116T000000,775000.0,4.0,3.5,3970,210830,2.0,0,0,3,9,3970,0,2000,0,98045,47.4614,-121.713,1680,42665
16010,16010,4305600250,20141027T000000,540000.0,4.0,2.5,3000,5471,2.0,0,0,3,8,3000,0,2013,0,98059,47.4797,-122.126,2730,5471
16011,16011,6648100010,20141119T000000,392500.0,3.0,1.75,1540,8925,1.0,0,0,4,7,1540,0,1957,0,98133,47.7762,-122.337,1620,10397
16012,16012,5536100020,20141215T000000,987000.0,3.0,2.0,2160,15788,1.0,0,0,3,8,2160,0,1951,0,98004,47.6227,-122.207,2260,9787
16013,16013,5536100020,20150512T000000,1190000.0,3.0,2.0,2160,15788,1.0,0,0,3,8,2160,0,1951,0,98004,47.6227,-122.207,2260,9787
16014,16014,5104450440,20141113T000000,252500.0,3.0,2.0,1810,10684,2.0,0,0,3,8,1810,0,1987,0,98058,47.4619,-122.153,2140,9657
16015,16015,7560000050,20150423T000000,730000.0,3.0,3.5,2440,3502,2.0,0,0,3,7,1970,470,2000,0,98005,47.589,-122.165,2440,3417
16016,16016,7784400130,20140505T000000,497300.0,6.0,2.75,3200,9200,1.0,0,2,4,8,1600,1600,1953,0,98146,47.492,-122.364,2220,9500
16017,16017,7298900010,20140924T000000,640000.0,4.0,2.5,2970,34981,2.0,0,0,3,9,2970,0,1998,0,98077,47.7365,-122.037,3170,30277
16018,16018,259601100,20140513T000000,580000.0,5.0,2.0,2290,7125,1.0,0,0,3,7,1190,1100,1964,0,98008,47.63399999999999,-122.119,1460,7920
16019,16019,8041100010,20140818T000000,377000.0,3.0,1.75,1820,34800,1.0,0,0,4,6,1820,0,1967,0,98027,47.4616,-121.98,2570,52707
16020,16020,5318100840,20140606T000000,1280000.0,4.0,3.5,3010,3600,2.0,0,0,3,9,2370,640,1999,0,98112,47.6341,-122.284,2650,4200
16021,16021,2771101964,20140812T000000,396500.0,3.0,1.5,1360,1488,2.0,0,0,3,7,1120,240,2003,0,98199,47.6526,-122.384,1360,1573
16022,16022,1560870470,20140731T000000,300000.0,4.0,2.5,2080,2999,2.0,0,0,3,8,2080,0,1998,0,98059,47.4909,-122.157,1630,3148
16023,16023,1232000950,20150312T000000,532000.0,3.0,1.0,1110,4800,1.5,0,0,3,7,1110,0,1946,0,98117,47.6857,-122.378,1510,4320
16024,16024,8682261440,20150113T000000,579000.0,2.0,1.75,1560,4500,1.0,0,0,3,8,1560,0,2004,0,98053,47.7128,-122.032,1860,4500
16025,16025,1370801440,20150325T000000,1400000.0,4.0,2.5,3520,7815,2.0,0,3,3,10,3140,380,1929,0,98199,47.6429,-122.412,2790,6644
16026,16026,7680400050,20141022T000000,571000.0,5.0,1.75,2280,43560,1.0,0,1,4,8,1380,900,1949,0,98166,47.4558,-122.362,1940,17664
16027,16027,6928000440,20140718T000000,301950.0,3.0,1.75,1370,9288,1.0,0,0,4,7,1370,0,1988,0,98059,47.4824,-122.152,1500,9864
16028,16028,3797000290,20140612T000000,660000.0,3.0,3.0,2340,2970,2.0,0,0,5,8,2160,180,1925,0,98103,47.6868,-122.348,1370,4000
16029,16029,9264030470,20140611T000000,455000.0,4.0,2.5,3170,10688,2.0,0,2,3,9,3170,0,2001,0,98001,47.3179,-122.257,3100,12610
16030,16030,6300000396,20141216T000000,375000.0,3.0,1.75,1380,5060,1.0,0,0,3,7,1380,0,1986,0,98133,47.7059,-122.341,1030,5060
16031,16031,1786700080,20150115T000000,470000.0,4.0,2.5,2700,6769,2.0,0,0,3,9,2700,0,1999,0,98042,47.3753,-122.155,2880,7968
16032,16032,5116000170,20150331T000000,374990.0,3.0,2.5,1300,10484,2.0,0,0,3,8,1300,0,1983,0,98028,47.7768,-122.268,1380,7868
16033,16033,8682282210,20150417T000000,541500.0,2.0,2.5,1900,3690,2.0,0,0,3,8,1900,0,2006,0,98053,47.7082,-122.019,1900,5153
16034,16034,8651611640,20150424T000000,782500.0,3.0,2.5,3750,7821,2.0,0,0,3,9,3750,0,2001,0,98074,47.6325,-122.064,3210,8405
16035,16035,8946750020,20150507T000000,264000.0,3.0,2.25,1552,3677,2.0,0,0,3,7,1552,0,2012,0,98092,47.3205,-122.178,1677,3677
16036,16036,1939130420,20140715T000000,640000.0,4.0,2.5,2500,7417,2.0,0,0,3,9,2500,0,1991,0,98074,47.6251,-122.026,2770,8188
16037,16037,7640400190,20150213T000000,660000.0,3.0,2.0,1770,8141,1.0,0,0,5,8,1770,0,1952,0,98177,47.7232,-122.371,1770,8100
16038,16038,4139420430,20140611T000000,1365000.0,5.0,3.5,4210,17258,2.0,0,3,3,12,4210,0,1995,0,98006,47.553,-122.114,4630,17909
16039,16039,1509500080,20150317T000000,389950.0,3.0,2.5,2170,8140,2.0,0,0,3,9,2170,0,1994,0,98030,47.385,-122.169,2390,8100
16040,16040,6341000020,20150304T000000,226000.0,2.0,1.0,1510,19874,1.0,0,0,3,7,1510,0,1951,0,98146,47.4924,-122.34,1540,10000
16041,16041,1022069071,20140808T000000,390000.0,3.0,1.75,1870,40250,1.0,0,0,5,7,1870,0,1959,0,98038,47.4038,-122.036,1870,40250
16042,16042,8078400020,20150223T000000,485000.0,3.0,2.25,1570,8111,2.0,0,0,3,8,1570,0,1984,0,98074,47.6324,-122.028,1990,7875
16043,16043,9113200250,20150413T000000,840000.0,4.0,2.5,2480,4602,2.0,0,0,3,9,2480,0,2000,0,98052,47.6835,-122.161,3480,5739
16044,16044,1592300010,20140926T000000,600000.0,5.0,3.5,3580,21343,1.5,0,0,4,8,2140,1440,1937,0,98155,47.7646,-122.302,2430,21343
16045,16045,9250900095,20140819T000000,331000.0,2.0,1.0,1480,6210,1.0,0,0,3,7,1080,400,1950,0,98133,47.774,-122.351,1290,7509
16046,16046,8815400670,20141016T000000,780000.0,3.0,2.0,2610,6000,1.0,0,0,5,7,1310,1300,1941,0,98115,47.675,-122.289,2330,4800
16047,16047,7212680080,20141015T000000,300000.0,3.0,1.75,1700,8481,2.0,0,0,3,7,1700,0,1993,0,98003,47.2623,-122.305,1830,6600
16048,16048,2968801315,20140917T000000,361810.0,3.0,1.75,1240,7620,1.0,0,0,3,7,1240,0,1968,2014,98166,47.4576,-122.348,1150,7620
16049,16049,6141100255,20140515T000000,467000.0,3.0,1.0,1660,6582,1.0,0,0,5,7,1000,660,1946,0,98133,47.7169,-122.353,1110,6584
16050,16050,8068000440,20141226T000000,399000.0,3.0,1.75,1620,10000,1.5,0,0,5,6,1620,0,1918,0,98178,47.5091,-122.262,1880,10000
16051,16051,7883605900,20141015T000000,315450.0,3.0,1.75,1130,7500,1.5,0,0,4,7,1130,0,1908,0,98108,47.5254,-122.318,1240,6000
16052,16052,9521101315,20150501T000000,600000.0,3.0,1.0,1310,5000,1.5,0,0,3,7,1310,0,1906,0,98103,47.6624,-122.347,1530,4800
16053,16053,8651442910,20150325T000000,247500.0,4.0,2.0,1710,5200,1.0,0,0,4,7,910,800,1977,0,98042,47.3634,-122.09,1560,5200
16054,16054,8113101233,20150130T000000,330000.0,3.0,1.0,2140,5037,1.0,0,0,3,7,2140,0,1957,0,98118,47.5494,-122.274,1630,6054
16055,16055,7016200460,20140826T000000,500000.0,4.0,2.25,2350,7210,1.5,0,0,4,7,2350,0,1972,0,98011,47.7407,-122.183,1930,7519
16056,16056,4189800020,20140820T000000,367500.0,3.0,1.0,1570,10050,1.0,0,0,3,7,1570,0,1963,0,98028,47.736,-122.231,2540,9940
16057,16057,5506500170,20140912T000000,560000.0,3.0,2.5,2780,32880,1.0,0,0,3,9,2780,0,1993,0,98045,47.4798,-121.727,2780,40091
16058,16058,5135000170,20140806T000000,655000.0,4.0,1.75,2540,7620,1.0,0,3,3,8,1320,1220,1948,0,98116,47.5709,-122.406,2540,8613
16059,16059,8155500020,20141018T000000,530000.0,5.0,2.75,2500,7140,1.0,0,0,4,7,1250,1250,1968,0,98008,47.6225,-122.108,2230,8400
16060,16060,2597501190,20150512T000000,270000.0,3.0,2.25,2080,26574,1.0,0,2,3,7,1380,700,1993,0,98002,47.2846,-122.192,1770,8140
16061,16061,5288200225,20141125T000000,437500.0,3.0,2.0,1760,2875,2.0,0,2,3,7,1290,470,1988,0,98126,47.5602,-122.378,1760,4830
16062,16062,6189200050,20150203T000000,575000.0,3.0,1.75,1760,10349,1.0,0,0,3,8,1760,0,1957,0,98005,47.6347,-122.173,1970,10933
16063,16063,6664900470,20141107T000000,278000.0,4.0,2.5,1940,6887,2.0,0,0,3,7,1940,0,1990,0,98023,47.2911,-122.353,1870,6144
16064,16064,7954300460,20140904T000000,568500.0,4.0,2.5,3010,6181,2.0,0,0,3,9,3010,0,2000,0,98056,47.5212,-122.192,2960,6515
16065,16065,8018600655,20150326T000000,280000.0,4.0,3.0,2460,9606,1.0,0,0,3,8,2460,0,2012,0,98168,47.4889,-122.317,1730,7500
16066,16066,2508000020,20140819T000000,250000.0,2.0,1.0,750,6350,1.0,0,0,3,5,750,0,1920,0,98103,47.6938,-122.356,920,6350
16067,16067,1424059130,20150318T000000,247500.0,3.0,0.75,1300,72309,1.0,0,0,3,6,680,620,1950,1987,98006,47.567,-122.124,3080,8395
16068,16068,7856660130,20141204T000000,1250000.0,5.0,2.75,3710,13874,1.5,0,3,4,9,2340,1370,1977,0,98006,47.5686,-122.154,3370,13874
16069,16069,5302400080,20141015T000000,535000.0,4.0,2.5,2360,15008,1.0,0,0,3,9,1920,440,1986,0,98028,47.7363,-122.254,2680,15344
16070,16070,3026059368,20140711T000000,814842.0,3.0,2.5,3190,6899,2.0,0,0,3,9,3190,0,2014,0,98034,47.7153,-122.221,3190,6899
16071,16071,3275910020,20150213T000000,340000.0,4.0,2.5,2181,5521,2.0,0,0,3,8,2181,0,2006,0,98001,47.3503,-122.291,2333,5143
16072,16072,2229900020,20140610T000000,359950.0,3.0,1.75,1890,9100,2.0,0,0,4,7,1890,0,1952,0,98133,47.7676,-122.339,1640,9100
16073,16073,7748000020,20140621T000000,750000.0,3.0,1.75,2610,5544,1.5,0,0,3,8,1680,930,1934,0,98117,47.684,-122.376,1330,5074
16074,16074,7457000005,20140926T000000,1220000.0,4.0,2.0,3090,8125,2.5,0,0,5,8,3090,0,1918,0,98117,47.6851,-122.395,1560,6250
16075,16075,9268200285,20140703T000000,370000.0,2.0,1.0,860,5040,1.0,0,0,3,7,860,0,1956,0,98117,47.6977,-122.365,1570,5040
16076,16076,1328330780,20150415T000000,329950.0,3.0,1.0,1000,9170,1.0,0,0,3,7,1000,0,1980,0,98058,47.4405,-122.134,1610,9170
16077,16077,7806450190,20150102T000000,500000.0,3.0,2.5,2760,35171,2.0,0,0,3,9,2760,0,1990,0,98058,47.465,-122.123,2720,35171
16078,16078,626400020,20140918T000000,734000.0,4.0,2.5,3490,18521,2.0,0,0,4,9,3490,0,1990,0,98077,47.7406,-122.07,2850,18521
16079,16079,5416510920,20140616T000000,385000.0,4.0,2.5,2960,5054,2.0,0,0,3,9,2960,0,2006,0,98038,47.3601,-122.035,2960,5000
16080,16080,3330500345,20150420T000000,230000.0,2.0,1.0,1280,4635,1.0,0,0,3,6,840,440,1917,0,98118,47.5532,-122.28,1660,6180
16081,16081,3885801190,20140730T000000,1385000.0,4.0,3.5,3230,7200,1.0,0,1,3,10,1640,1590,2000,0,98033,47.6838,-122.212,2660,7200
16082,16082,1035000007,20141218T000000,210000.0,3.0,2.0,1830,4992,1.0,0,0,3,7,1230,600,1953,0,98118,47.5145,-122.27,2050,7740
16083,16083,1471701470,20140731T000000,293000.0,3.0,1.75,1420,13187,1.0,0,0,4,7,1420,0,1974,0,98059,47.4608,-122.065,1620,13824
16084,16084,7519000225,20141030T000000,465000.0,3.0,1.0,1580,3774,1.5,0,0,3,6,1580,0,1900,0,98117,47.6839,-122.361,1580,3860
16085,16085,1433290010,20150112T000000,449000.0,3.0,2.25,1960,44634,1.0,0,0,3,7,1130,830,1984,0,98028,47.7769,-122.253,1970,44634
16086,16086,1223049150,20150414T000000,325000.0,2.0,1.75,1670,10725,1.0,0,0,3,7,1670,0,1965,0,98178,47.4893,-122.229,1600,10725
16087,16087,5198600010,20140819T000000,180000.0,3.0,2.0,1670,7056,1.0,0,0,4,7,1670,0,1958,0,98002,47.3139,-122.212,1330,8415
16088,16088,4310703070,20150413T000000,650000.0,6.0,3.0,2960,5000,1.0,0,0,3,8,1790,1170,1968,0,98103,47.6971,-122.341,1280,1251
16089,16089,6154900005,20140924T000000,665000.0,4.0,2.75,2420,7102,1.0,0,0,5,7,1670,750,1946,0,98177,47.7042,-122.371,1620,7102
16090,16090,3541700170,20141017T000000,324450.0,3.0,2.0,1420,16000,1.0,0,0,3,7,1420,0,1966,0,98166,47.478,-122.358,1900,12630
16091,16091,952001495,20150306T000000,588000.0,4.0,1.75,2170,5750,1.0,0,2,3,7,1370,800,1975,0,98116,47.5668,-122.383,1450,5750
16092,16092,8122600020,20140521T000000,200000.0,4.0,1.0,1310,5200,1.5,0,0,3,6,1160,150,1945,0,98126,47.5384,-122.37,1090,5180
16093,16093,3579700080,20140905T000000,383000.0,4.0,1.75,1830,11090,1.0,0,0,3,7,1060,770,1962,0,98028,47.7333,-122.246,1990,10917
16094,16094,2769602140,20141215T000000,499950.0,3.0,2.0,1360,2500,1.0,0,0,3,7,730,630,1986,0,98107,47.6753,-122.363,1630,5000
16095,16095,5152920170,20150421T000000,549000.0,5.0,2.5,3440,12350,1.0,0,2,4,9,1760,1680,1976,0,98003,47.3427,-122.325,3440,12763
16096,16096,3226049530,20150122T000000,465000.0,5.0,3.0,2010,7264,1.0,0,0,3,7,1290,720,1990,0,98103,47.6945,-122.33,1510,7326
16097,16097,4017050020,20140814T000000,450000.0,3.0,2.5,2450,19744,2.0,0,0,3,10,2450,0,1990,0,98038,47.3746,-122.026,2650,19597
16098,16098,3982700250,20150423T000000,799900.0,4.0,2.5,3030,7800,2.0,0,0,3,9,1580,1450,1991,0,98033,47.68899999999999,-122.196,2840,7435
16099,16099,2523069134,20150406T000000,495000.0,4.0,2.5,2480,91911,1.0,0,2,4,7,1470,1010,1973,0,98027,47.4579,-121.981,2540,91911
16100,16100,7281300010,20140822T000000,1200000.0,3.0,3.5,4310,10842,2.0,0,2,3,10,3140,1170,1988,0,98177,47.7735,-122.386,2280,11106
16101,16101,3396800280,20150223T000000,637000.0,4.0,2.5,2120,15000,2.0,0,0,4,8,2120,0,1983,0,98052,47.7159,-122.1,2170,15000
16102,16102,7234600851,20141216T000000,589000.0,4.0,1.0,2210,4366,2.0,0,0,3,8,2210,0,1901,0,98122,47.6105,-122.309,1740,1745
16103,16103,7418000020,20140724T000000,305000.0,3.0,1.75,1400,10350,1.0,0,0,4,7,1400,0,1976,0,98059,47.479,-122.132,1780,10457
16104,16104,7548300170,20150331T000000,600000.0,4.0,2.25,2760,5200,2.0,0,0,3,7,1790,970,1910,2003,98144,47.589,-122.313,1310,2059
16105,16105,1446300020,20140531T000000,587000.0,4.0,2.5,2550,6256,2.0,0,0,3,9,2550,0,1992,0,98072,47.7742,-122.166,2460,8256
16106,16106,4385700425,20140505T000000,1425000.0,2.0,2.5,2220,4000,2.0,0,0,3,9,2220,0,2000,0,98112,47.6364,-122.28,1870,4000
16107,16107,16000545,20150312T000000,250000.0,4.0,1.0,1320,11212,1.0,0,0,5,6,1320,0,1914,0,98002,47.3098,-122.209,1060,6766
16108,16108,7996720050,20150424T000000,515000.0,3.0,3.0,2440,3202,2.0,0,0,4,8,1640,800,1982,0,98133,47.7152,-122.342,2440,3200
16109,16109,8691310840,20140509T000000,833000.0,4.0,2.75,3780,10308,2.0,0,0,3,10,3780,0,1999,0,98075,47.589,-121.983,3500,10740
16110,16110,4309700130,20140604T000000,860000.0,3.0,3.25,4720,32467,2.0,0,2,3,10,3190,1530,1998,0,98059,47.508,-122.113,3260,26386
16111,16111,5100401060,20140908T000000,550000.0,4.0,3.0,2360,6678,1.0,0,0,3,8,1760,600,1949,0,98115,47.6919,-122.313,1640,6380
16112,16112,1180002580,20150319T000000,180000.0,2.0,1.0,890,6000,1.0,0,0,2,6,890,0,1919,0,98178,47.4976,-122.225,1100,6000
16113,16113,3379100130,20140618T000000,507000.0,4.0,1.75,1770,9375,1.0,0,0,4,7,1170,600,1968,0,98052,47.6935,-122.112,1540,9375
16114,16114,8645900080,20140827T000000,427000.0,3.0,2.0,1720,128066,1.0,0,0,3,7,1720,0,1994,0,98027,47.4487,-121.981,2360,111078
16115,16115,7569500010,20141120T000000,616950.0,3.0,3.5,2490,2722,2.0,0,0,3,8,2020,470,1999,0,98005,47.5893,-122.165,2490,2755
16116,16116,8026200080,20140715T000000,372000.0,4.0,1.75,1890,10550,1.0,0,0,5,7,1010,880,1969,0,98056,47.5147,-122.193,1930,7291
16117,16117,5101404555,20141006T000000,290000.0,2.0,1.0,1020,6380,1.0,0,0,3,7,1020,0,1930,1973,98115,47.6971,-122.317,1380,6380
16118,16118,9432900250,20150309T000000,329990.0,4.0,2.75,2420,8438,2.0,0,0,3,8,2420,0,1997,0,98022,47.2089,-122.011,2270,8770
16119,16119,3995700250,20141013T000000,393500.0,3.0,1.75,1600,8156,1.0,0,0,5,7,1600,0,1948,0,98155,47.7397,-122.3,1200,8156
16120,16120,2574900080,20140513T000000,1550000.0,5.0,3.25,3370,17458,1.0,0,2,5,10,2000,1370,1982,0,98040,47.5591,-122.229,4240,15202
16121,16121,8731982630,20140522T000000,240000.0,4.0,2.25,1720,8300,1.0,0,0,4,8,1720,0,1973,0,98023,47.3192,-122.385,2010,8000
16122,16122,2968800660,20140513T000000,285000.0,3.0,1.0,1090,8640,1.0,0,0,4,6,1090,0,1973,0,98166,47.459,-122.355,1260,8400
16123,16123,2872900010,20150414T000000,382500.0,3.0,1.5,1090,9862,1.0,0,0,3,8,1090,0,1987,0,98074,47.6256,-122.036,1710,9862
16124,16124,1118000080,20150331T000000,1925000.0,4.0,3.75,3600,16101,1.0,0,0,3,9,3600,0,1951,0,98112,47.6308,-122.287,3650,9506
16125,16125,8923600185,20140829T000000,800000.0,3.0,2.5,2760,9471,1.0,0,2,3,8,1760,1000,1956,0,98115,47.676,-122.272,3040,6765
16126,16126,1725059252,20150402T000000,550000.0,4.0,3.5,2770,24140,2.0,0,0,3,8,2770,0,1967,0,98033,47.6585,-122.186,1720,16011
16127,16127,3818700190,20141215T000000,387846.0,4.0,1.75,2520,15205,1.0,0,0,4,7,2040,480,1954,0,98028,47.7642,-122.264,1680,10000
16128,16128,5125400305,20140821T000000,367500.0,4.0,2.0,1960,16015,1.0,0,0,3,7,1960,0,1980,0,98002,47.33,-122.22,1960,16015
16129,16129,4232400010,20140804T000000,780500.0,5.0,1.0,1760,4264,2.0,0,0,3,8,1760,0,1902,0,98112,47.6246,-122.312,2130,4264
16130,16130,5100402606,20150505T000000,680000.0,3.0,1.75,1090,6775,1.0,0,0,4,7,850,240,1950,0,98115,47.6934,-122.321,1580,5760
16131,16131,3876300080,20141224T000000,434400.0,5.0,1.75,1960,7875,1.0,0,0,4,7,1960,0,1968,0,98034,47.7256,-122.18,1800,7764
16132,16132,1246700050,20140612T000000,370000.0,2.0,1.0,1220,17172,1.0,0,0,4,6,1220,0,1947,0,98033,47.6934,-122.163,1510,12915
16133,16133,1837010010,20150313T000000,465000.0,3.0,1.75,1730,8073,1.0,0,0,3,8,1350,380,1971,0,98177,47.7694,-122.367,2500,8073
16134,16134,1328320280,20150327T000000,323000.0,3.0,2.0,1830,6925,1.0,0,0,4,8,1830,0,1979,0,98058,47.4445,-122.123,2010,7350
16135,16135,5468760050,20150105T000000,270000.0,4.0,2.5,1600,9921,2.0,0,0,3,7,1600,0,2009,0,98042,47.3678,-122.124,2140,5806
16136,16136,5556300114,20141219T000000,1320000.0,3.0,1.75,2040,42693,1.0,0,2,3,10,2040,0,1980,0,98052,47.6479,-122.12,2640,11957
16137,16137,2316800020,20140627T000000,560000.0,4.0,2.5,2710,6583,2.0,0,0,3,9,2710,0,2003,0,98059,47.4922,-122.141,2710,6583
16138,16138,7133300675,20150428T000000,450000.0,3.0,1.0,1140,4500,1.0,0,0,3,6,840,300,1907,0,98144,47.5897,-122.314,1150,3000
16139,16139,751000020,20140626T000000,290000.0,2.0,1.0,930,7740,1.0,0,0,3,6,930,0,1924,0,98125,47.7091,-122.292,1250,7740
16140,16140,3578400670,20140924T000000,354000.0,3.0,2.0,1010,21340,1.0,0,0,3,8,1010,0,1980,0,98074,47.6223,-122.043,1700,13045
16141,16141,2767603890,20150304T000000,705000.0,5.0,3.0,2380,5000,2.0,0,0,5,7,2380,0,1909,0,98107,47.6722,-122.389,1800,4650
16142,16142,9477000190,20140808T000000,445000.0,3.0,2.25,1860,7200,1.0,0,0,4,7,1240,620,1977,0,98034,47.7332,-122.192,1560,7630
16143,16143,2268000500,20140721T000000,229900.0,3.0,1.0,1440,11925,1.0,0,0,3,7,1440,0,1968,0,98003,47.2738,-122.3,1440,10425
16144,16144,7202271060,20150310T000000,610000.0,4.0,2.5,2980,5896,2.0,0,0,3,8,2980,0,2001,0,98053,47.6872,-122.036,2900,5712
16145,16145,7852020080,20141210T000000,535000.0,3.0,3.25,2670,5108,2.0,0,2,3,9,2670,0,2000,0,98065,47.5342,-121.866,2670,6500
16146,16146,3298400470,20150204T000000,437400.0,3.0,1.75,2150,8925,1.0,0,0,4,7,2150,0,1960,0,98008,47.6253,-122.119,1100,7875
16147,16147,8854000010,20140812T000000,540000.0,5.0,2.75,3160,10059,2.0,0,0,3,10,1740,1420,1978,0,98011,47.7477,-122.217,3120,11557
16148,16148,1624059093,20140630T000000,570000.0,3.0,2.0,1890,29185,1.0,0,0,3,7,1470,420,1949,2013,98006,47.5621,-122.168,2580,11600
16149,16149,8564950280,20141009T000000,533000.0,3.0,2.5,2810,4607,2.0,0,0,3,8,2810,0,2004,0,98011,47.7735,-122.227,2540,4871
16150,16150,7853230460,20150403T000000,555000.0,3.0,2.5,2690,4819,2.0,0,0,3,7,2690,0,2004,0,98065,47.5302,-121.849,2360,4829
16151,16151,1796350080,20140623T000000,239950.0,3.0,1.75,1230,9600,1.0,0,0,4,7,1230,0,1984,0,98042,47.3675,-122.095,1330,8250
16152,16152,9477200460,20150108T000000,350000.0,3.0,1.0,950,9451,1.0,0,0,4,7,950,0,1977,0,98034,47.7308,-122.19,1480,8352
16153,16153,7972601995,20140616T000000,245000.0,2.0,1.0,1200,4880,1.0,0,0,3,6,980,220,1943,0,98106,47.5276,-122.346,1040,4880
16154,16154,1454100440,20140605T000000,456000.0,4.0,1.75,1670,9886,1.0,0,0,5,7,1670,0,1947,0,98125,47.7249,-122.287,2590,9997
16155,16155,2558690130,20140813T000000,465000.0,4.0,2.25,2140,7701,1.0,0,0,4,7,1470,670,1977,0,98034,47.7213,-122.171,2130,8050
16156,16156,8682310470,20150107T000000,445000.0,2.0,1.75,1440,4660,1.0,0,2,3,8,1440,0,2008,0,98053,47.7092,-122.015,1680,4989
16157,16157,3876000440,20140728T000000,517850.0,5.0,2.75,3050,7500,1.0,0,0,4,8,1800,1250,1966,0,98034,47.7249,-122.187,2060,7848
16158,16158,4137070440,20140930T000000,329000.0,5.0,2.75,2570,7260,2.0,0,0,3,8,2570,0,1996,0,98092,47.2622,-122.212,2200,7421
16159,16159,2391602500,20140515T000000,512500.0,3.0,2.5,1840,2875,2.0,0,0,4,7,1840,0,1997,0,98116,47.562,-122.393,1240,5750
16160,16160,8632100010,20140604T000000,365000.0,2.0,1.0,1250,8100,1.0,0,0,4,7,1250,0,1947,0,98125,47.7294,-122.329,1710,8100
16161,16161,3034200426,20150320T000000,450500.0,3.0,1.0,1410,9384,1.0,0,0,3,7,1410,0,1948,0,98133,47.7161,-122.33,1990,9384
16162,16162,5078400190,20141016T000000,915000.0,3.0,1.0,1560,8232,1.0,0,0,3,7,1560,0,1952,0,98004,47.623000000000005,-122.205,1930,8286
16163,16163,1450100420,20140620T000000,205000.0,3.0,1.0,960,7314,1.0,0,0,5,6,960,0,1960,0,98002,47.2891,-122.221,990,7314
16164,16164,1853500290,20140811T000000,314000.0,4.0,2.5,1870,8449,2.0,0,0,3,8,1870,0,1992,0,98188,47.4435,-122.274,2160,8113
16165,16165,8133700020,20140702T000000,496000.0,2.0,1.0,900,9260,1.0,0,0,3,7,900,0,1946,0,98107,47.6695,-122.36,1230,6913
16166,16166,723059073,20150416T000000,329950.0,4.0,1.0,2050,7590,1.0,0,0,3,7,1280,770,1957,0,98178,47.4916,-122.224,2050,7800
16167,16167,2374200005,20140616T000000,375000.0,4.0,2.0,2400,6000,2.0,0,0,3,6,2400,0,1913,1945,98011,47.7607,-122.209,1780,8732
16168,16168,7420200050,20140620T000000,623000.0,3.0,2.5,1850,7777,2.0,0,0,5,8,1850,0,1989,0,98033,47.6908,-122.169,1850,8482
16169,16169,7211350130,20140619T000000,310000.0,4.0,1.5,1220,9600,1.0,0,0,3,6,1220,0,1980,0,98014,47.6462,-121.909,1180,9000
16170,16170,7802900500,20150304T000000,532500.0,3.0,3.25,3140,37120,1.0,0,0,3,9,1760,1380,1984,0,98065,47.5244,-121.842,2100,13500
16171,16171,8081900101,20140528T000000,960000.0,4.0,2.25,2410,4560,2.0,0,2,5,9,1800,610,1929,0,98117,47.6796,-122.402,2150,5100
16172,16172,9510300130,20140628T000000,598000.0,4.0,2.5,3130,40918,2.0,0,0,3,9,3130,0,1994,0,98045,47.4761,-121.723,2760,35440
16173,16173,8582010290,20140814T000000,683000.0,3.0,2.5,2300,9218,2.0,0,2,3,9,2300,0,1998,0,98027,47.5504,-122.077,2730,9930
16174,16174,4023500352,20150217T000000,425000.0,5.0,2.5,2840,9425,1.0,0,0,4,7,1590,1250,1962,0,98155,47.7609,-122.297,1900,11600
16175,16175,9482700440,20140506T000000,533000.0,5.0,2.75,1800,3780,1.5,0,0,3,7,1400,400,1926,0,98103,47.6831,-122.343,1400,3780
16176,16176,6117502455,20140513T000000,375000.0,3.0,1.0,1190,9486,1.0,0,0,4,7,1190,0,1953,0,98166,47.4319,-122.339,2100,10400
16177,16177,2791500020,20140604T000000,250500.0,3.0,2.0,1710,7225,2.0,0,0,4,7,1710,0,1988,0,98023,47.2917,-122.373,1710,7225
16178,16178,5643600351,20140806T000000,257000.0,4.0,1.75,1900,22896,1.5,0,0,3,7,1360,540,1922,1990,98010,47.3102,-122.023,1300,8960
16179,16179,4059400585,20140624T000000,218000.0,3.0,1.0,880,18205,1.0,0,0,4,6,880,0,1945,0,98178,47.5013,-122.244,1110,16115
16180,16180,9285800585,20140611T000000,460000.0,3.0,2.0,2060,4437,1.0,0,0,3,7,1030,1030,1929,0,98126,47.5705,-122.376,1750,4452
16181,16181,5727500561,20150414T000000,255544.0,3.0,1.0,1360,6186,1.5,0,0,4,6,760,600,1941,0,98133,47.7503,-122.334,1610,7453
16182,16182,8682310430,20140914T000000,560000.0,2.0,2.0,1680,4647,1.0,0,0,3,8,1680,0,2008,0,98053,47.7088,-122.015,1680,4950
16183,16183,3782760170,20150211T000000,480000.0,4.0,2.5,2980,4074,2.0,0,0,3,8,2980,0,2011,0,98019,47.734,-121.965,2320,4255
16184,16184,1925059073,20141010T000000,1300000.0,5.0,1.75,2130,19180,1.0,0,0,3,8,1500,630,1968,0,98004,47.638000000000005,-122.213,3650,19180
16185,16185,6891800500,20150426T000000,580000.0,3.0,2.75,2650,9752,1.0,0,0,3,9,2650,0,1989,0,98028,47.768,-122.259,3030,9910
16186,16186,4319200605,20140628T000000,475000.0,3.0,2.5,1700,9100,1.0,0,0,3,8,1160,540,1998,0,98126,47.5369,-122.378,1590,8374
16187,16187,6117500460,20140630T000000,1309500.0,4.0,2.5,2680,12215,1.0,1,4,3,9,1590,1090,1956,0,98166,47.4396,-122.353,2960,19964
16188,16188,522079022,20150327T000000,700000.0,3.0,2.5,2530,623779,1.0,0,0,4,8,2530,0,1980,0,98038,47.4188,-121.949,2120,100623
16189,16189,3066410080,20140917T000000,590000.0,3.0,2.5,2520,10223,2.0,0,0,3,10,2520,0,1988,0,98074,47.631,-122.042,2630,10091
16190,16190,4137000280,20150222T000000,264500.0,3.0,2.5,1630,8346,1.0,0,0,3,8,1630,0,1990,0,98092,47.2622,-122.219,2110,8619
16191,16191,2767600920,20141027T000000,465000.0,2.0,1.0,730,2600,1.0,0,0,4,6,730,0,1918,0,98107,47.6751,-122.379,1480,3900
16192,16192,7972601680,20150323T000000,290000.0,3.0,1.0,910,7620,1.0,0,2,3,7,910,0,1971,0,98106,47.5278,-122.343,1660,7620
16193,16193,1725059136,20141121T000000,1815000.0,4.0,4.5,4510,12873,2.0,0,2,3,12,4510,0,1998,0,98033,47.6491,-122.201,2200,8528
16194,16194,4037000080,20140615T000000,416000.0,3.0,1.0,1110,12150,1.0,0,0,4,7,1110,0,1957,0,98008,47.6034,-122.122,1490,8200
16195,16195,3580900290,20150128T000000,360000.0,4.0,2.0,1450,8940,1.0,0,0,3,7,1450,0,1962,0,98034,47.7304,-122.24,1310,8914
16196,16196,7527410080,20140602T000000,585083.0,5.0,2.75,2910,36250,1.0,0,0,3,8,1590,1320,1977,0,98075,47.5916,-122.076,2910,37376
16197,16197,2653000005,20140512T000000,840000.0,4.0,2.75,2600,2750,1.5,0,0,3,7,1620,980,1936,0,98119,47.6413,-122.357,1960,3705
16198,16198,3028200080,20150324T000000,81000.0,2.0,1.0,730,9975,1.0,0,0,1,5,730,0,1943,0,98168,47.4808,-122.315,860,9000
16199,16199,4218400005,20150130T000000,1285000.0,3.0,2.25,2440,9200,1.0,0,1,4,8,2440,0,1950,0,98105,47.6629,-122.269,2750,6211
16200,16200,4058802335,20141125T000000,326000.0,4.0,1.75,2290,7380,1.0,0,0,3,7,1390,900,1963,0,98178,47.5034,-122.245,1170,7381
16201,16201,2487200680,20150224T000000,447000.0,2.0,1.0,720,7500,1.0,0,2,3,6,720,0,1925,0,98136,47.5185,-122.392,1390,5000
16202,16202,1950900005,20141003T000000,185000.0,3.0,1.0,940,7125,1.5,0,0,4,7,940,0,1958,0,98032,47.3756,-122.297,1170,7125
16203,16203,6647400250,20140723T000000,439950.0,3.0,2.5,1540,7773,2.0,0,0,4,8,1540,0,1982,0,98034,47.722,-122.194,1630,7340
16204,16204,9407000920,20141001T000000,234000.0,3.0,1.5,1140,10300,1.5,0,0,4,6,1140,0,1967,0,98045,47.4452,-121.77,1250,9975
16205,16205,8617000020,20141231T000000,485000.0,4.0,2.5,2100,8886,2.0,0,0,4,7,2100,0,1964,0,98007,47.5947,-122.134,1840,9058
16206,16206,1193000190,20140715T000000,750000.0,4.0,1.75,2670,6250,2.0,0,0,4,8,2020,650,1941,0,98199,47.6499,-122.391,1820,6250
16207,16207,7443000480,20150507T000000,865000.0,4.0,2.0,2750,5527,2.0,0,0,3,8,2130,620,1901,1987,98119,47.6513,-122.368,1290,1764
16208,16208,2557000380,20140618T000000,287500.0,4.0,2.5,2570,9000,1.0,0,0,4,8,1590,980,1979,0,98023,47.2986,-122.372,2120,8571
16209,16209,4450700010,20140708T000000,375000.0,3.0,1.75,1660,9673,1.0,0,0,3,7,1130,530,1976,0,98072,47.7628,-122.162,1260,9681
16210,16210,1236300307,20140905T000000,565000.0,3.0,2.25,1700,8800,1.0,0,0,5,7,850,850,1969,0,98033,47.6863,-122.189,2180,8960
16211,16211,3422059249,20150219T000000,260000.0,4.0,3.0,1530,8306,2.0,0,0,3,7,1530,0,2010,0,98042,47.3528,-122.146,1930,6925
16212,16212,9476200290,20141017T000000,190000.0,3.0,1.0,1260,10900,1.0,0,0,4,6,1260,0,1943,0,98056,47.49100000000001,-122.188,1090,8137
16213,16213,3812400898,20140909T000000,399950.0,5.0,2.0,2760,6420,1.0,0,0,5,7,1380,1380,1964,0,98118,47.5396,-122.276,1400,7112
16214,16214,5422420470,20150326T000000,275000.0,3.0,2.5,1830,7062,2.0,0,0,3,7,1830,0,1990,0,98023,47.2895,-122.352,1820,6434
16215,16215,2492200280,20141202T000000,528000.0,3.0,2.75,2160,4086,1.0,0,0,3,7,1380,780,1987,0,98126,47.5352,-122.38,1300,4080
16216,16216,4331000130,20141017T000000,315000.0,3.0,2.0,1770,9685,1.0,0,0,3,5,1770,0,1948,0,98166,47.4753,-122.342,1520,11122
16217,16217,6073500190,20140821T000000,614306.0,2.0,2.25,2210,5500,1.0,0,0,4,8,1410,800,1968,0,98117,47.697,-122.39,2140,6600
16218,16218,9522300010,20150331T000000,1490000.0,3.0,3.5,4560,14608,2.0,0,2,3,12,4560,0,1990,0,98034,47.6995,-122.228,4050,14226
16219,16219,3629910470,20140729T000000,590000.0,3.0,2.5,2110,3870,2.0,0,0,3,9,2110,0,2004,0,98029,47.5513,-121.994,2300,3870
16220,16220,1250200285,20150317T000000,261500.0,3.0,1.0,1130,3600,1.0,0,0,3,6,1130,0,1908,0,98144,47.5978,-122.299,1710,2231
16221,16221,1509700050,20140523T000000,300000.0,4.0,2.5,1960,9898,2.0,0,0,3,8,1960,0,2001,0,98030,47.3834,-122.168,2130,7662
16222,16222,2045800006,20140904T000000,439000.0,3.0,2.25,2230,4551,1.5,0,2,5,8,1450,780,1928,0,98178,47.5078,-122.236,2060,7200
16223,16223,2171400199,20140904T000000,277554.0,5.0,2.25,2350,13000,1.0,0,0,3,7,2350,0,1961,0,98178,47.4939,-122.256,1570,11440
16224,16224,2123049502,20140623T000000,215000.0,3.0,2.0,1340,8505,1.0,0,0,3,6,1340,0,1931,0,98168,47.4727,-122.297,1370,9000
16225,16225,284000095,20140922T000000,1200000.0,2.0,2.25,2160,17861,2.0,1,4,4,9,2160,0,1956,0,98146,47.502,-122.385,2660,18530
16226,16226,5652600427,20150224T000000,420000.0,4.0,2.0,1700,6375,1.0,0,0,4,7,850,850,1950,0,98115,47.6973,-122.295,1470,8360
16227,16227,7202330470,20150408T000000,485000.0,3.0,2.5,1650,3436,2.0,0,0,3,7,1650,0,2003,0,98053,47.6819,-122.036,1680,3446
16228,16228,6131600255,20141222T000000,202500.0,3.0,2.0,1540,8316,1.0,0,0,5,6,1540,0,1954,0,98002,47.323,-122.216,1250,8316
16229,16229,7853301660,20150223T000000,710000.0,5.0,3.25,3920,8572,2.0,0,0,3,9,3920,0,2007,0,98065,47.5427,-121.887,3335,7258
16230,16230,9211010440,20150430T000000,535000.0,4.0,2.5,3250,6933,2.0,0,0,3,8,3250,0,2009,0,98059,47.4956,-122.151,3030,5308
16231,16231,1423900080,20141218T000000,260000.0,4.0,1.75,1360,7700,1.0,0,0,4,7,1360,0,1966,0,98058,47.4558,-122.177,1321,7756
16232,16232,2215901190,20140528T000000,254000.0,3.0,2.0,1480,7480,1.0,0,0,4,7,1480,0,1992,0,98038,47.3542,-122.055,1680,7146
16233,16233,251100020,20140521T000000,600000.0,4.0,2.5,2360,5226,2.0,0,0,3,8,2360,0,2001,0,98034,47.712,-122.229,2440,5156
16234,16234,3395041206,20140925T000000,285000.0,3.0,2.5,1800,2516,2.0,0,0,3,7,1800,0,2001,0,98108,47.5401,-122.293,1800,2562
16235,16235,224069169,20141023T000000,800000.0,4.0,3.75,2540,20662,2.0,0,0,3,10,2540,0,1998,0,98075,47.5882,-122.01,2490,37731
16236,16236,3365901435,20140623T000000,165000.0,3.0,1.0,1200,13100,1.0,0,0,3,6,1200,0,1943,0,98168,47.475,-122.258,1960,11285
16237,16237,7689600630,20141106T000000,216500.0,2.0,1.0,710,6960,1.0,0,0,4,6,710,0,1943,0,98178,47.4886,-122.246,940,7680
16238,16238,3158500290,20140919T000000,387990.0,4.0,2.5,2640,5595,2.0,0,0,3,8,2640,0,2011,0,98038,47.3551,-122.054,1840,5011
16239,16239,7189800095,20141104T000000,500000.0,4.0,2.5,3010,5040,2.0,0,0,3,8,3010,0,2006,0,98133,47.709,-122.35,1090,5040
16240,16240,7202270440,20141023T000000,650000.0,4.0,2.5,2770,5612,2.0,0,0,3,7,2770,0,2001,0,98053,47.68600000000001,-122.036,2770,5177
16241,16241,3501600114,20140619T000000,646000.0,4.0,2.5,2310,4079,2.0,0,0,3,8,2310,0,2008,0,98117,47.6937,-122.361,1220,4800
16242,16242,8097000250,20150130T000000,323400.0,4.0,3.0,2060,9138,1.0,0,0,3,8,1430,630,1992,0,98092,47.321000000000005,-122.185,2250,7820
16243,16243,9542830430,20140806T000000,300000.0,3.0,2.5,1880,4200,2.0,0,0,3,7,1880,0,2007,0,98038,47.36600000000001,-122.017,2090,4200
16244,16244,6012500170,20141007T000000,712500.0,5.0,2.0,2280,5400,1.5,0,0,4,7,1340,940,1947,0,98105,47.6674,-122.279,1770,5000
16245,16245,7217400895,20140609T000000,550000.0,3.0,1.75,1380,3402,1.5,0,0,3,7,1380,0,1900,2000,98122,47.6109,-122.302,1500,5496
16246,16246,2651100050,20150217T000000,400000.0,3.0,1.0,1180,7537,1.0,0,0,3,7,1180,0,1969,0,98034,47.7233,-122.221,1220,7425
16247,16247,2212200050,20141028T000000,255000.0,4.0,1.75,1650,7200,1.0,0,0,3,7,1100,550,1977,0,98031,47.3944,-122.187,1620,7374
16248,16248,7922900460,20141205T000000,660000.0,3.0,1.75,2030,9032,2.0,0,2,4,7,2030,0,1963,0,98008,47.586000000000006,-122.117,2350,8937
16249,16249,8925100440,20150323T000000,925000.0,4.0,2.25,2110,6375,1.0,0,2,4,8,1600,510,1941,0,98115,47.6819,-122.272,2760,6375
16250,16250,259800680,20140805T000000,534000.0,4.0,2.25,2130,7210,1.0,0,0,5,7,1330,800,1965,0,98008,47.629,-122.117,1310,7896
16251,16251,271200130,20141119T000000,215000.0,3.0,1.0,1690,7700,1.0,0,0,4,7,1690,0,1969,0,98003,47.3444,-122.304,1590,7700
16252,16252,3760500280,20141014T000000,1950000.0,3.0,2.5,2510,12779,1.5,0,4,3,10,2510,0,1968,0,98034,47.6982,-122.231,2810,12225
16253,16253,5315100277,20140513T000000,1400000.0,5.0,4.25,3530,7924,2.0,0,0,3,10,3530,0,2001,0,98040,47.5894,-122.243,1750,9226
16254,16254,9265410010,20150203T000000,212000.0,3.0,1.75,1470,8350,1.0,0,0,3,7,1470,0,1990,0,98001,47.2587,-122.253,1590,8182
16255,16255,8731800840,20140619T000000,265000.0,3.0,1.75,1840,7300,1.0,0,0,3,8,1840,0,1966,0,98023,47.3122,-122.369,1920,8010
16256,16256,7579200715,20141205T000000,400000.0,3.0,1.75,1860,5750,1.5,0,0,5,6,1300,560,1918,0,98116,47.5586,-122.383,1550,5750
16257,16257,9485300010,20150213T000000,311500.0,4.0,2.5,1940,10133,2.0,0,0,3,8,1940,0,1992,0,98031,47.3877,-122.171,1940,7265
16258,16258,1652500010,20150326T000000,2328000.0,4.0,3.5,4420,20759,2.0,0,0,3,11,4420,0,2003,0,98004,47.6354,-122.221,3020,20666
16259,16259,4059400190,20141017T000000,225000.0,2.0,1.0,800,6050,1.0,0,0,4,6,800,0,1944,0,98178,47.5001,-122.242,880,6050
16260,16260,8965510190,20140610T000000,1250000.0,4.0,2.5,3700,21755,1.0,0,4,3,11,2620,1080,1988,0,98006,47.5662,-122.108,3480,13786
16261,16261,7100000250,20150211T000000,380000.0,3.0,1.0,1400,8710,1.0,0,0,4,7,1400,0,1948,0,98146,47.5066,-122.377,1460,8710
16262,16262,2541100010,20140708T000000,600000.0,4.0,2.5,2250,11370,2.0,0,0,3,8,2250,0,1991,0,98034,47.7115,-122.239,2190,9611
16263,16263,7732410130,20140521T000000,600000.0,3.0,2.25,2230,9053,2.0,0,0,4,9,2230,0,1987,0,98007,47.6594,-122.144,2390,8038
16264,16264,7889600285,20141218T000000,315000.0,3.0,2.5,1950,3000,2.0,0,0,3,7,1950,0,2001,0,98146,47.4938,-122.337,1620,6000
16265,16265,1556200005,20140603T000000,847000.0,5.0,1.0,2550,4623,2.5,0,0,4,9,2550,0,1905,0,98122,47.6092,-122.294,1570,3875
16266,16266,8691310980,20150409T000000,730000.0,4.0,2.5,2750,10351,2.0,0,0,3,10,2750,0,1998,0,98075,47.5894,-121.98,3370,10351
16267,16267,1561600095,20140514T000000,1058000.0,4.0,2.0,2290,11137,1.0,0,0,4,8,2290,0,1955,0,98004,47.5887,-122.201,2300,10463
16268,16268,3025300250,20150513T000000,1620000.0,4.0,2.25,2350,17709,2.0,0,0,4,9,2350,0,1977,0,98039,47.6232,-122.236,3360,19855
16269,16269,5297200089,20150415T000000,664000.0,2.0,1.75,1720,5785,1.0,0,0,3,6,860,860,1948,2002,98118,47.5554,-122.274,1680,5184
16270,16270,3303860630,20150427T000000,454450.0,4.0,3.0,2810,6000,2.0,0,0,3,9,2810,0,2007,0,98038,47.3689,-122.057,2790,6000
16271,16271,6430500086,20150116T000000,341000.0,3.0,1.0,940,4200,1.0,0,0,3,7,940,0,1955,0,98103,47.6878,-122.35,1380,4080
16272,16272,4025300285,20141029T000000,276693.0,4.0,1.0,1190,8875,1.5,0,0,4,7,1190,0,1946,0,98155,47.7487,-122.303,1190,8875
16273,16273,923049400,20141119T000000,185000.0,2.0,1.0,1390,11340,1.0,0,0,4,7,1390,0,1969,0,98168,47.4969,-122.3,1200,10224
16274,16274,5466300130,20140917T000000,160000.0,2.0,2.5,1660,2258,2.0,0,0,3,7,1660,0,1981,0,98042,47.3793,-122.146,1740,2390
16275,16275,4136900250,20140602T000000,270000.0,4.0,2.5,1920,8497,2.0,0,0,3,8,1920,0,1998,0,98092,47.2608,-122.209,1940,8436
16276,16276,7635800313,20140718T000000,300000.0,4.0,1.5,1460,8760,1.0,0,0,3,7,1460,0,1958,0,98166,47.4698,-122.36,1610,9375
16277,16277,2938100005,20140829T000000,264950.0,3.0,1.5,1370,10115,1.0,0,0,4,7,1370,0,1957,0,98022,47.2027,-122.0,1450,9282
16278,16278,796000235,20150401T000000,209950.0,2.0,1.0,1050,6250,1.0,0,0,4,6,840,210,1943,0,98168,47.5024,-122.333,1310,12500
16279,16279,8682280170,20150330T000000,850000.0,3.0,2.5,3360,8708,2.0,0,0,3,9,3360,0,2006,0,98053,47.7037,-122.016,1810,4764
16280,16280,7504110780,20140516T000000,645000.0,4.0,2.5,3160,11380,2.0,0,0,3,9,3160,0,1983,0,98074,47.6318,-122.039,2970,10385
16281,16281,1445500010,20150113T000000,855000.0,4.0,2.25,2480,36974,2.0,0,0,4,9,2480,0,1973,0,98005,47.6441,-122.154,3160,35070
16282,16282,7574910420,20141201T000000,632500.0,4.0,1.5,2720,37258,2.0,0,0,3,10,2720,0,1994,0,98077,47.7402,-122.035,3270,39714
16283,16283,2115720130,20140821T000000,289950.0,3.0,2.5,2070,5013,2.0,0,0,3,8,2070,0,1987,0,98023,47.3202,-122.395,1670,5013
16284,16284,3586500630,20140924T000000,850000.0,2.0,1.75,2170,25732,1.0,0,2,4,8,2170,0,1952,0,98177,47.7542,-122.372,3020,23135
16285,16285,9475960050,20140620T000000,565000.0,4.0,2.75,3260,4900,2.0,0,0,3,9,3260,0,2013,0,98059,47.4812,-122.123,3260,6132
16286,16286,7527000020,20150425T000000,792000.0,3.0,2.5,2250,19270,2.0,0,0,3,8,2250,0,1999,0,98074,47.6569,-122.088,2940,19541
16287,16287,3668000500,20141222T000000,260000.0,3.0,2.25,1950,9600,1.0,0,0,4,7,1200,750,1987,0,98092,47.2762,-122.148,1760,8850
16288,16288,1549500585,20150427T000000,585000.0,3.0,2.0,2220,209523,1.0,0,0,3,7,2220,0,1991,0,98019,47.7586,-121.911,1600,210830
16289,16289,8898700680,20140730T000000,295500.0,3.0,1.75,1330,10523,1.0,0,0,3,7,1000,330,1981,0,98055,47.4605,-122.206,1320,8775
16290,16290,6163901061,20141211T000000,329000.0,4.0,2.0,1190,7877,1.5,0,0,5,7,1190,0,1946,0,98155,47.7538,-122.322,1480,9975
16291,16291,7855600080,20150330T000000,750000.0,3.0,1.75,2770,15232,1.0,0,0,3,8,1570,1200,1976,0,98006,47.5706,-122.16,2340,11400
16292,16292,4024100807,20150225T000000,495000.0,4.0,2.5,2310,7555,2.0,0,0,3,9,2310,0,1997,0,98155,47.7544,-122.303,1980,8416
16293,16293,5037300130,20150504T000000,672500.0,3.0,1.75,1580,5750,1.0,0,2,4,8,1330,250,1947,0,98199,47.6339,-122.392,2480,5750
16294,16294,3528900086,20140508T000000,1307000.0,5.0,3.25,2800,3200,1.5,0,0,5,10,1910,890,1932,2002,98109,47.6421,-122.35,2450,3500
16295,16295,1552520010,20140801T000000,405000.0,3.0,2.5,1500,9636,2.0,0,0,3,7,1500,0,1994,0,98011,47.75,-122.176,1700,9656
16296,16296,5113400168,20150116T000000,620000.0,3.0,1.75,2140,5808,1.0,0,1,3,7,1070,1070,1947,0,98119,47.6435,-122.373,1930,5808
16297,16297,9346900170,20140922T000000,615000.0,4.0,2.25,2330,7020,1.0,0,0,4,8,1450,880,1973,0,98006,47.562,-122.139,2330,8500
16298,16298,3999300080,20140904T000000,887000.0,6.0,2.25,3830,11180,1.0,0,2,5,9,2440,1390,1962,0,98008,47.5849,-122.113,2500,10400
16299,16299,472000895,20140922T000000,1057000.0,4.0,2.75,4510,5000,2.5,0,2,3,8,3270,1240,1941,2000,98117,47.6852,-122.4,2010,5000
16300,16300,687600010,20140805T000000,753000.0,4.0,1.75,2160,39430,1.0,0,0,4,8,1660,500,1974,0,98005,47.6378,-122.185,2430,35329
16301,16301,1130000005,20140715T000000,1600000.0,3.0,2.25,3170,5000,2.0,0,0,5,10,2230,940,1975,0,98102,47.6349,-122.318,3170,5400
16302,16302,7397300170,20140530T000000,3710000.0,4.0,3.5,5550,28078,2.0,0,2,4,12,3350,2200,2000,0,98039,47.6395,-122.234,2980,19602
16303,16303,1077100020,20141231T000000,365000.0,3.0,1.5,1520,8519,1.0,0,0,3,7,1520,0,1954,0,98133,47.7712,-122.339,1570,9000
16304,16304,7856570190,20140822T000000,870000.0,4.0,2.75,3410,23000,2.0,0,0,4,10,3410,0,1982,0,98006,47.5559,-122.149,2490,15512
16305,16305,5104510010,20140701T000000,321000.0,4.0,2.5,1830,9601,2.0,0,0,3,7,1830,0,2003,0,98038,47.3541,-122.015,1830,5892
16306,16306,2895550050,20150507T000000,280000.0,3.0,2.5,1550,4486,2.0,0,0,3,7,1550,0,2000,0,98001,47.3299,-122.269,1700,4487
16307,16307,4142450480,20140703T000000,288000.0,3.0,2.5,1520,3593,2.0,0,0,3,7,1520,0,2004,0,98038,47.3842,-122.042,1610,3612
16308,16308,5559200020,20150227T000000,248500.0,3.0,2.0,1240,12285,1.0,0,0,3,7,620,620,1939,1991,98023,47.3219,-122.341,1560,11564
16309,16309,5381000352,20140622T000000,330000.0,4.0,2.5,2380,13550,2.0,0,0,3,7,2380,0,1999,0,98188,47.4486,-122.288,1230,9450
16310,16310,2474300050,20140722T000000,740000.0,5.0,3.5,2720,11454,2.0,0,0,3,9,1830,890,1988,0,98052,47.6466,-122.119,2920,11310
16311,16311,7787110680,20140923T000000,445000.0,3.0,2.5,2210,8010,2.0,0,0,3,8,2210,0,1998,0,98045,47.4845,-121.775,2430,9600
16312,16312,1788700185,20150306T000000,198500.0,2.0,1.0,1050,9600,1.0,0,0,4,6,1050,0,1959,0,98023,47.3274,-122.346,990,8880
16313,16313,2887950020,20140625T000000,280000.0,7.0,2.5,1940,5458,2.0,0,0,3,7,1940,0,1994,0,98092,47.3191,-122.177,1710,5688
16314,16314,8835210480,20140710T000000,336500.0,3.0,2.25,1420,3433,2.0,0,0,4,7,1420,0,1981,0,98034,47.7245,-122.163,1150,3432
16315,16315,844000225,20150211T000000,267000.0,3.0,2.5,1690,10336,2.0,0,0,4,7,1690,0,1989,0,98010,47.31100000000001,-122.003,1580,7700
16316,16316,1771000430,20140502T000000,315000.0,3.0,1.0,1160,9180,1.0,0,0,3,7,1160,0,1968,0,98077,47.7427,-122.072,1160,10282
16317,16317,8078430480,20140806T000000,545000.0,4.0,2.5,2040,7412,2.0,0,0,3,8,2040,0,1988,0,98074,47.6347,-122.026,2050,7830
16318,16318,8001450170,20140804T000000,274950.0,3.0,1.75,1840,16679,1.0,0,0,3,8,1840,0,1989,0,98001,47.3207,-122.275,1910,15571
16319,16319,8924100430,20141224T000000,500000.0,2.0,1.0,1440,7130,1.0,0,2,3,7,1210,230,1948,0,98115,47.6778,-122.267,1970,7130
16320,16320,7418700050,20140528T000000,299000.0,3.0,1.0,1390,9624,1.5,0,0,4,7,1390,0,1954,0,98155,47.7758,-122.301,1440,9624
16321,16321,3630020430,20150505T000000,420000.0,3.0,2.5,1470,1445,2.0,0,0,3,8,1160,310,2005,0,98029,47.5468,-121.998,1470,1525
16322,16322,1972200725,20150407T000000,620000.0,3.0,2.5,1776,1248,3.0,0,0,3,8,1604,172,2006,0,98103,47.6539,-122.352,1780,1248
16323,16323,267000170,20141210T000000,575950.0,3.0,2.25,1640,12000,1.0,0,0,3,7,1180,460,1967,0,98008,47.6252,-122.104,1620,12000
16324,16324,8961980290,20140904T000000,666500.0,4.0,2.5,2860,6600,2.0,0,0,3,9,2860,0,2000,0,98074,47.6067,-122.017,2790,6723
16325,16325,1551500130,20140522T000000,180000.0,4.0,1.5,1740,7292,1.0,0,0,3,7,1020,720,1962,0,98168,47.4787,-122.302,1740,7573
16326,16326,5557800010,20140623T000000,261350.0,3.0,1.75,1390,18200,1.0,0,0,4,7,1390,0,1962,0,98023,47.3208,-122.337,1810,9675
16327,16327,3776300010,20150224T000000,1030000.0,4.0,3.5,2730,5607,1.0,0,0,5,9,1660,1070,1948,0,98199,47.6387,-122.396,1720,5400
16328,16328,2473000680,20150429T000000,390000.0,3.0,1.75,1435,8960,1.0,0,0,4,8,1435,0,1969,0,98058,47.4525,-122.149,2030,9450
16329,16329,7984400005,20140626T000000,253500.0,3.0,1.0,1640,12384,1.0,0,0,4,7,1090,550,1954,0,98003,47.3256,-122.298,1550,11200
16330,16330,9238430680,20140521T000000,625000.0,4.0,2.5,2630,48706,2.0,0,0,3,8,2630,0,1986,0,98072,47.775,-122.125,2680,48706
16331,16331,3211000170,20140922T000000,255000.0,4.0,2.5,1580,7800,1.0,0,0,4,7,1580,0,1959,0,98059,47.481,-122.163,1320,7800
16332,16332,7338220280,20141010T000000,257000.0,3.0,2.5,1740,3721,2.0,0,0,3,8,1740,0,2009,0,98002,47.3363,-122.213,2030,3794
16333,16333,8073000480,20140722T000000,869000.0,2.0,1.75,1900,13122,1.0,1,4,3,7,1100,800,1954,0,98178,47.5121,-122.248,1650,13160
16334,16334,7525530670,20141112T000000,745000.0,4.0,2.5,3130,10860,2.0,0,0,3,10,3130,0,1990,0,98075,47.56,-122.04,3130,10860
16335,16335,191100275,20140926T000000,1350000.0,4.0,3.5,3500,9525,2.0,0,0,3,10,3500,0,1999,0,98040,47.5641,-122.221,2630,9525
16336,16336,1214000050,20141020T000000,350000.0,3.0,1.75,2130,7500,1.0,0,0,4,7,1090,1040,1956,0,98166,47.4593,-122.343,1590,7500
16337,16337,6852700279,20140619T000000,475000.0,3.0,2.5,950,1110,2.0,0,0,3,8,950,0,2003,0,98102,47.6226,-122.319,1230,1215
16338,16338,5423600080,20140918T000000,540000.0,3.0,2.5,1720,11656,2.0,0,0,3,8,1720,0,1987,1999,98052,47.6791,-122.113,1890,10336
16339,16339,6661200050,20140528T000000,175000.0,2.0,1.0,830,2699,1.0,0,0,3,7,830,0,1996,0,98038,47.3839,-122.038,1030,3574
16340,16340,6146600170,20140703T000000,100000.0,2.0,0.75,660,5240,1.0,0,0,4,4,660,0,1912,0,98032,47.3881,-122.234,850,5080
16341,16341,366000095,20141009T000000,890000.0,5.0,1.0,2590,4652,2.0,0,0,4,8,2310,280,1907,0,98122,47.6038,-122.294,2360,4650
16342,16342,2895550280,20140507T000000,280000.0,3.0,2.5,1600,4271,2.0,0,0,3,7,1600,0,2000,0,98001,47.3303,-122.269,1700,4746
16343,16343,293760050,20140627T000000,1050000.0,4.0,4.25,4390,13833,2.0,0,3,3,10,3320,1070,2003,0,98029,47.5566,-122.026,3850,11652
16344,16344,7298040500,20140709T000000,486000.0,4.0,2.5,3560,12047,2.0,0,0,3,10,3560,0,1988,0,98023,47.3019,-122.341,3420,11250
16345,16345,7802900224,20140707T000000,670000.0,5.0,2.5,2860,68519,2.0,0,0,5,8,2860,0,1958,0,98065,47.5265,-121.835,1670,35910
16346,16346,3904910010,20140723T000000,480000.0,3.0,2.5,1640,7847,2.0,0,0,3,8,1640,0,1987,0,98029,47.5684,-122.018,1870,6079
16347,16347,8121100255,20140507T000000,440000.0,3.0,1.75,1500,6180,1.0,0,0,4,6,1060,440,1947,0,98118,47.5689,-122.284,1740,6180
16348,16348,5700004040,20140905T000000,1500000.0,3.0,3.25,3990,8505,2.0,0,2,3,9,2870,1120,1922,1999,98144,47.5744,-122.283,3640,8505
16349,16349,3528000290,20140609T000000,743700.0,4.0,2.5,2610,33206,2.0,0,0,3,10,2610,0,1988,0,98053,47.6662,-122.057,2870,28295
16350,16350,9268200050,20140814T000000,449950.0,3.0,1.75,1470,7590,1.0,0,0,3,7,1470,0,1988,0,98117,47.6964,-122.362,1700,5080
16351,16351,6132600221,20140519T000000,367000.0,2.0,1.0,700,2334,1.0,0,0,3,7,700,0,1945,0,98117,47.701,-122.39,2300,5000
16352,16352,3303980470,20141201T000000,1185000.0,4.0,3.25,3960,12895,2.0,0,0,3,11,3960,0,2001,0,98059,47.5211,-122.151,3870,12040
16353,16353,1450000050,20150501T000000,201000.0,3.0,1.0,900,7576,1.0,0,0,4,6,900,0,1959,0,98002,47.2881,-122.22,1220,7452
16354,16354,6788200605,20141223T000000,575000.0,3.0,1.75,2010,3800,2.0,0,0,2,7,2010,0,1922,0,98112,47.6408,-122.307,1540,3800
16355,16355,2214800170,20150415T000000,295000.0,3.0,2.5,1940,10350,1.0,0,0,3,7,1420,520,1979,0,98001,47.3385,-122.256,1810,7800
16356,16356,7116000225,20150220T000000,190000.0,3.0,1.0,1510,8760,1.0,0,0,4,6,1510,0,1946,0,98002,47.3015,-122.216,1040,7828
16357,16357,2767600635,20150507T000000,742500.0,2.0,3.0,2020,5000,1.0,0,0,3,8,1350,670,1952,0,98117,47.6758,-122.375,1160,1118
16358,16358,1644500050,20150312T000000,875000.0,6.0,3.5,4430,11453,2.0,0,0,3,9,3000,1430,2001,0,98056,47.5156,-122.204,2730,5661
16359,16359,2579500101,20150421T000000,1387000.0,4.0,3.5,4010,10880,2.0,0,3,4,11,3150,860,1990,0,98040,47.5359,-122.213,3530,17310
16360,16360,3876311650,20140619T000000,600000.0,4.0,2.25,3070,8400,2.0,0,0,4,8,3070,0,1970,0,98034,47.7316,-122.169,1880,8000
16361,16361,7984400050,20140922T000000,207000.0,3.0,1.5,1460,11100,1.0,0,0,3,7,1460,0,1956,0,98003,47.3253,-122.298,1460,11100
16362,16362,7852170130,20150421T000000,650000.0,4.0,2.75,3260,5335,2.0,0,0,3,9,3260,0,2003,0,98065,47.5414,-121.864,3180,5438
16363,16363,9358000780,20150512T000000,275000.0,2.0,1.0,830,5610,1.0,0,0,3,6,830,0,1922,0,98126,47.5674,-122.367,1310,2793
16364,16364,2663000345,20150408T000000,1200000.0,4.0,2.5,2390,4200,2.0,0,0,3,9,2150,240,1924,0,98102,47.6272,-122.318,2800,5250
16365,16365,4338800500,20141014T000000,262500.0,3.0,2.0,1130,7200,1.0,0,0,4,6,1130,0,1944,0,98166,47.4779,-122.342,1270,7500
16366,16366,5101407350,20140925T000000,399000.0,2.0,1.0,1120,8661,1.0,0,0,3,7,1120,0,1946,0,98125,47.7034,-122.307,1470,7205
16367,16367,3512100050,20150224T000000,139000.0,4.0,1.5,1410,10648,1.0,0,0,4,7,1410,0,1966,0,98030,47.3736,-122.188,1410,10522
16368,16368,6633900050,20140826T000000,575000.0,3.0,2.5,1750,4797,2.0,0,0,4,7,1750,0,1991,0,98033,47.6954,-122.199,1750,4293
16369,16369,4083301950,20141120T000000,580000.0,2.0,1.0,1040,3200,1.0,0,0,3,7,1040,0,1926,0,98103,47.6558,-122.334,1890,4000
16370,16370,7202350010,20140725T000000,468000.0,3.0,2.25,1630,2490,2.0,0,0,3,7,1630,0,2004,0,98053,47.6807,-122.031,1630,2680
16371,16371,4168100130,20150310T000000,230000.0,3.0,1.0,1380,10112,1.0,0,0,4,7,940,440,1963,0,98023,47.3196,-122.351,1240,10112
16372,16372,8155850010,20140507T000000,675000.0,4.0,4.0,3680,18804,2.0,0,0,3,10,3680,0,1990,0,98074,47.6193,-122.014,3200,15954
16373,16373,7955030010,20141010T000000,318000.0,3.0,1.0,1250,20040,1.0,0,0,3,7,1250,0,1970,0,98072,47.7514,-122.108,1640,19840
16374,16374,4136870020,20141008T000000,332100.0,5.0,3.5,2660,6978,2.0,0,0,3,8,1980,680,1996,0,98092,47.2631,-122.212,2220,7294
16375,16375,1446401190,20150317T000000,175000.0,2.0,1.0,620,6600,1.0,0,0,3,6,620,0,1963,0,98168,47.4862,-122.33,1050,6600
16376,16376,9323600380,20140805T000000,817000.0,4.0,2.25,2600,10660,2.0,0,0,4,8,2600,0,1979,0,98006,47.5533,-122.156,3150,10660
16377,16377,3262300920,20150408T000000,1200000.0,4.0,3.0,2150,8119,2.0,0,0,3,8,2150,0,1953,2004,98039,47.6335,-122.236,1590,8119
16378,16378,6332000130,20150420T000000,525000.0,3.0,1.75,1470,6550,1.0,0,2,3,7,1070,400,1916,0,98126,47.5463,-122.381,1440,6550
16379,16379,9150100020,20150211T000000,189000.0,3.0,1.0,1380,7282,1.5,0,0,5,6,1380,0,1915,0,98002,47.3006,-122.223,860,4826
16380,16380,2770604081,20150305T000000,629950.0,3.0,2.5,1680,1683,2.0,0,0,3,9,1120,560,2014,0,98119,47.6425,-122.374,1610,1618
16381,16381,6329000050,20150310T000000,641500.0,1.0,1.0,1000,9084,1.0,1,3,3,7,1000,0,1950,0,98146,47.5007,-122.382,1090,6536
16382,16382,2125400010,20140912T000000,490000.0,3.0,2.25,1630,7573,1.0,0,2,3,7,1230,400,1983,0,98034,47.7273,-122.211,1550,7695
16383,16383,3876313260,20150218T000000,415000.0,3.0,1.75,1790,15142,1.0,0,0,3,7,1360,430,1976,0,98072,47.7362,-122.172,1910,7500
16384,16384,5101400561,20141015T000000,250000.0,2.0,1.0,890,6380,1.0,0,0,3,6,890,0,1951,0,98115,47.691,-122.303,990,6380
16385,16385,9533100080,20140820T000000,781000.0,3.0,1.5,1290,8175,1.0,0,0,4,7,820,470,1952,0,98004,47.6296,-122.205,2130,8577
16386,16386,9561100080,20140620T000000,400000.0,4.0,2.25,2420,7927,1.0,0,0,4,7,1400,1020,1973,0,98133,47.7583,-122.343,2120,7693
16387,16387,5101402618,20140820T000000,935000.0,4.0,3.0,3680,7105,2.0,0,2,3,10,2890,790,2008,0,98115,47.6956,-122.311,1580,6815
16388,16388,4027700009,20140515T000000,575000.0,4.0,2.5,3020,17810,1.0,0,0,3,9,1600,1420,1979,0,98155,47.7735,-122.281,2500,15815
16389,16389,9544200277,20141015T000000,1660000.0,4.0,3.25,4240,11189,2.0,0,2,3,10,4240,0,2006,0,98033,47.6526,-122.191,3390,12540
16390,16390,8731960050,20141229T000000,302300.0,5.0,2.75,3130,9450,1.0,0,0,4,8,1580,1550,1973,0,98023,47.3099,-122.384,1900,9000
16391,16391,1393800005,20150507T000000,355000.0,2.0,1.0,900,6656,1.0,0,0,3,7,900,0,1940,0,98126,47.5467,-122.377,1230,6400
16392,16392,3896100130,20140617T000000,1538000.0,3.0,2.25,2880,7599,1.0,0,2,3,9,1710,1170,1958,2002,98033,47.6938,-122.215,2920,12401
16393,16393,7785000130,20150330T000000,926250.0,4.0,1.75,2390,17717,1.0,0,0,4,8,2390,0,1964,0,98040,47.5755,-122.218,2390,10730
16394,16394,2968800825,20150323T000000,300000.0,3.0,1.75,1450,7620,1.0,0,0,4,7,1050,400,1955,0,98166,47.4569,-122.354,1380,7620
16395,16395,7199330480,20140721T000000,361500.0,3.0,1.75,1070,9000,1.0,0,0,4,7,1070,0,1978,0,98052,47.6984,-122.132,1700,8400
16396,16396,5458800415,20141105T000000,616000.0,3.0,1.5,1740,9840,1.0,0,0,4,8,1740,0,1963,0,98040,47.5748,-122.237,1930,9840
16397,16397,8929000250,20150413T000000,395000.0,2.0,1.75,1210,1161,2.0,0,0,3,8,1210,0,2014,0,98029,47.5513,-121.998,1700,2285
16398,16398,7893206305,20141006T000000,245000.0,3.0,1.5,2100,10000,1.0,0,0,4,7,2100,0,1954,0,98198,47.4222,-122.331,1300,7500
16399,16399,7956300020,20140603T000000,206000.0,3.0,1.0,1060,9600,1.0,0,0,4,6,1060,0,1962,0,98023,47.2878,-122.358,1060,9604
16400,16400,240000130,20141013T000000,706000.0,4.0,2.5,3280,16575,1.0,0,0,3,9,2190,1090,1972,0,98188,47.426,-122.285,1570,13209
16401,16401,1370803730,20150126T000000,578000.0,3.0,1.5,1660,6000,1.5,0,0,3,7,1660,0,1937,0,98199,47.6409,-122.401,1640,6000
16402,16402,4299000130,20140728T000000,341950.0,5.0,3.0,3070,5252,2.0,0,0,3,8,3070,0,2005,0,98042,47.3666,-122.128,2760,5203
16403,16403,1233100351,20141211T000000,305000.0,3.0,1.0,1150,9048,1.0,0,0,2,7,1150,0,1922,0,98033,47.6755,-122.177,1550,8207
16404,16404,2652500225,20141010T000000,575000.0,3.0,2.75,1710,3600,1.0,0,0,3,7,1590,120,1909,0,98119,47.642,-122.36,1710,3600
16405,16405,3224069026,20140520T000000,330000.0,3.0,1.0,1180,43124,1.0,0,0,4,6,1180,0,1959,0,98027,47.5278,-122.063,1410,43560
16406,16406,2592400250,20150107T000000,445000.0,4.0,2.25,2130,7200,2.0,0,0,3,7,2130,0,1972,0,98034,47.7152,-122.168,1990,7200
16407,16407,4364700595,20140818T000000,333000.0,3.0,1.0,1050,7560,1.0,0,0,3,7,1050,0,1951,0,98126,47.525,-122.371,1490,7560
16408,16408,8562750660,20140807T000000,598500.0,4.0,2.5,2520,3980,2.0,0,0,3,8,2520,0,2005,0,98027,47.5401,-122.07,2610,3980
16409,16409,7231600098,20141014T000000,225000.0,2.0,1.0,700,6000,1.0,0,0,3,6,700,0,1943,0,98055,47.4671,-122.212,1320,6000
16410,16410,8635750980,20140714T000000,570000.0,4.0,2.5,2640,4200,2.0,0,0,3,8,2640,0,1998,0,98074,47.6038,-122.02,2460,4200
16411,16411,5652600605,20140807T000000,630000.0,5.0,2.0,2330,6783,1.0,0,0,3,7,1310,1020,1956,0,98115,47.6955,-122.295,1930,6783
16412,16412,2141310020,20150416T000000,779000.0,5.0,2.25,2830,7738,2.0,0,0,4,8,2830,0,1977,0,98006,47.5582,-122.136,2300,9840
16413,16413,7852160080,20150121T000000,760000.0,4.0,3.5,3720,13591,2.0,0,3,3,10,3720,0,2004,0,98065,47.536,-121.858,4210,14282
16414,16414,3649100346,20150109T000000,322968.0,5.0,1.75,1890,9600,1.0,0,0,4,7,1890,0,1960,0,98028,47.7391,-122.241,2350,5308
16415,16415,7852010840,20140729T000000,595000.0,4.0,2.5,2910,7287,2.0,0,0,3,8,2910,0,1998,0,98065,47.5354,-121.869,2420,6180
16416,16416,823059145,20141013T000000,321000.0,4.0,1.0,1300,18836,1.0,0,0,4,7,1300,0,1941,0,98056,47.5029,-122.188,1540,8498
16417,16417,9238430660,20150326T000000,653000.0,3.0,2.25,2770,57745,2.0,0,0,3,8,2770,0,1985,0,98072,47.775,-122.124,2720,46765
16418,16418,6329000190,20140729T000000,750000.0,4.0,1.75,2520,21834,1.0,1,4,3,8,1420,1100,1960,0,98146,47.4996,-122.378,1700,8100
16419,16419,8818900250,20140507T000000,530000.0,3.0,1.0,1340,4284,1.0,0,0,3,7,1080,260,1910,0,98105,47.6633,-122.324,1960,4080
16420,16420,1250200415,20140609T000000,352750.0,2.0,1.75,1060,1241,2.0,0,0,3,7,960,100,2008,0,98144,47.5999,-122.3,1170,1400
16421,16421,3303951150,20150204T000000,424950.0,4.0,2.5,2480,8563,2.0,0,0,3,8,2480,0,1992,0,98038,47.381,-122.033,2460,8660
16422,16422,3083000048,20140530T000000,427000.0,5.0,2.75,2220,4000,1.0,0,0,3,7,1230,990,1973,0,98144,47.5754,-122.305,1580,4000
16423,16423,1102000095,20140805T000000,558000.0,4.0,2.5,3220,5120,2.0,0,0,3,9,2420,800,2000,0,98118,47.5434,-122.27,1770,7680
16424,16424,3426049153,20141110T000000,438200.0,2.0,2.0,1600,5643,1.0,0,0,3,7,1600,0,1954,0,98115,47.6968,-122.279,1600,5746
16425,16425,7625700020,20140929T000000,340000.0,1.0,1.0,640,4800,1.0,0,0,3,6,640,0,1918,0,98136,47.5551,-122.382,1250,2847
16426,16426,586000020,20140828T000000,830005.0,4.0,3.75,3610,7904,3.0,0,0,3,11,3290,320,1994,0,98117,47.6992,-122.385,2460,7300
16427,16427,8724300010,20140909T000000,548000.0,4.0,3.25,3420,5012,2.0,0,0,3,10,2330,1090,2008,0,98019,47.732,-121.982,2320,5465
16428,16428,2741100741,20140604T000000,411715.0,3.0,1.75,1840,5101,1.0,0,0,5,7,1040,800,1952,0,98108,47.5585,-122.317,1340,5000
16429,16429,3425059173,20141028T000000,865000.0,4.0,4.0,2790,16117,2.0,0,0,4,9,2790,0,1999,0,98005,47.6033,-122.155,2740,25369
16430,16430,715010130,20150202T000000,1750000.0,6.0,4.25,5860,13928,2.0,0,3,3,10,4150,1710,2013,0,98006,47.5382,-122.114,5790,13928
16431,16431,7504100920,20140618T000000,688000.0,3.0,3.0,3450,16200,2.0,0,0,3,10,3450,0,1983,0,98074,47.6319,-122.041,3130,12150
16432,16432,5104520460,20150317T000000,399950.0,4.0,2.5,2350,5100,2.0,0,0,3,8,2350,0,2003,0,98038,47.3507,-122.007,2190,5100
16433,16433,1257200020,20150327T000000,555000.0,3.0,1.0,1250,4590,1.5,0,0,3,6,970,280,1903,0,98115,47.6757,-122.327,1830,4080
16434,16434,4452300130,20140522T000000,677000.0,3.0,2.0,2000,3207,1.0,0,0,4,7,1100,900,1916,0,98103,47.6561,-122.341,1460,3200
16435,16435,8651520420,20140606T000000,539000.0,3.0,2.0,2260,9568,1.0,0,0,3,8,1780,480,1985,0,98074,47.6457,-122.058,2250,9744
16436,16436,6401700010,20140819T000000,410000.0,3.0,1.75,1510,6597,1.0,0,0,4,6,950,560,1939,0,98144,47.5938,-122.315,1460,5320
16437,16437,8857320130,20150310T000000,472000.0,2.0,2.25,1800,2748,2.0,0,0,4,9,1800,0,1979,0,98008,47.6104,-122.113,1800,2755
16438,16438,1102000759,20141026T000000,755000.0,3.0,2.5,2420,8856,1.0,0,3,3,9,1620,800,1957,0,98118,47.5405,-122.263,2650,9750
16439,16439,6457000080,20140805T000000,269900.0,5.0,1.75,1750,8325,1.0,0,0,5,7,1750,0,1966,0,98031,47.4007,-122.198,1430,8325
16440,16440,1126059022,20140722T000000,667400.0,4.0,2.5,2660,40312,2.0,0,0,4,8,2660,0,1977,0,98072,47.7532,-122.139,2650,45302
16441,16441,4340000010,20141030T000000,1220000.0,3.0,2.25,2640,7544,1.0,0,0,3,10,2640,0,1995,0,98004,47.6224,-122.195,2650,7904
16442,16442,3052700460,20140630T000000,544000.0,3.0,2.5,1460,1613,2.0,0,0,3,8,1180,280,2007,0,98117,47.6781,-122.375,1460,1403
16443,16443,567000020,20150428T000000,800000.0,2.0,1.0,1570,5000,1.5,0,3,4,8,1570,0,1924,0,98144,47.5955,-122.294,1760,3000
16444,16444,3575304017,20140822T000000,315000.0,3.0,1.0,1010,7500,1.0,0,0,4,7,1010,0,1975,0,98074,47.6172,-122.061,1250,10000
16445,16445,7812801700,20140610T000000,227000.0,4.0,1.0,1200,7200,1.5,0,0,3,6,1200,0,1944,0,98178,47.4951,-122.248,1070,6050
16446,16446,5103300020,20141020T000000,765000.0,4.0,2.5,4040,25752,2.0,0,0,3,10,4040,0,2000,0,98038,47.4579,-122.068,3230,22247
16447,16447,9578080130,20140702T000000,625000.0,3.0,3.0,1820,1641,3.0,0,0,3,8,1540,280,2006,0,98119,47.6482,-122.358,1720,1501
16448,16448,3885803044,20140902T000000,1875000.0,4.0,5.0,5810,7440,2.0,0,0,3,10,3790,2020,2004,0,98033,47.6878,-122.212,3010,7200
16449,16449,9323600280,20150211T000000,822600.0,4.0,2.5,3010,9600,1.0,0,2,3,9,1510,1500,1979,0,98006,47.5519,-122.156,2780,10000
16450,16450,7016100380,20150423T000000,515000.0,4.0,2.5,1910,8947,1.0,0,0,4,8,1160,750,1970,0,98011,47.7374,-122.183,1920,7350
16451,16451,3438500114,20150512T000000,377000.0,4.0,2.0,1640,5014,1.0,0,0,4,7,930,710,1982,0,98106,47.5545,-122.356,1600,5452
16452,16452,2597800010,20150304T000000,600000.0,3.0,1.0,1480,17360,1.0,0,1,3,8,1480,0,1954,0,98136,47.5179,-122.387,2250,8720
16453,16453,8018000020,20141114T000000,525300.0,4.0,1.75,2520,7770,1.0,0,0,3,8,1680,840,1965,0,98177,47.7721,-122.372,2340,7770
16454,16454,4055700167,20140814T000000,760000.0,4.0,3.0,2840,13554,1.0,0,2,4,9,1990,850,1974,0,98034,47.7153,-122.257,2840,16940
16455,16455,1863900190,20141229T000000,202000.0,2.0,1.0,840,7200,1.0,0,0,4,5,840,0,1907,0,98032,47.3769,-122.237,1030,7200
16456,16456,522079027,20140619T000000,470000.0,3.0,2.0,1730,38884,1.0,0,0,3,8,1730,0,1997,0,98038,47.4164,-121.951,2130,91040
16457,16457,7525530470,20140725T000000,810000.0,3.0,2.5,3140,10983,2.0,0,0,3,10,3140,0,1991,0,98075,47.5595,-122.04,3140,10983
16458,16458,8858100020,20150316T000000,175000.0,3.0,1.0,1480,8415,1.0,0,0,3,7,1080,400,1967,0,98188,47.4585,-122.283,1780,8512
16459,16459,6414100231,20141015T000000,440000.0,4.0,1.75,1920,7986,1.0,0,0,3,7,960,960,1952,0,98125,47.7209,-122.318,1700,7452
16460,16460,6303400460,20150330T000000,197000.0,2.0,1.0,770,8636,1.0,0,0,2,6,770,0,1951,0,98146,47.5075,-122.358,1110,8636
16461,16461,9476200020,20150306T000000,254000.0,3.0,1.0,1010,7384,1.0,0,2,5,6,1010,0,1943,0,98056,47.4905,-122.191,1010,8000
16462,16462,3575302938,20140620T000000,405000.0,3.0,1.0,1460,10000,1.5,0,0,3,7,1460,0,2002,0,98074,47.6214,-122.063,1910,10000
16463,16463,2695600190,20150327T000000,416000.0,2.0,1.0,940,4264,1.0,0,0,5,7,940,0,1949,0,98126,47.5314,-122.378,1630,4472
16464,16464,9433000470,20140919T000000,779950.0,4.0,2.75,2840,4864,3.0,0,0,3,9,2840,0,2014,0,98052,47.7103,-122.108,2990,5314
16465,16465,7140200250,20150112T000000,200000.0,4.0,2.75,1910,7210,1.0,0,0,4,7,1430,480,1980,0,98030,47.3693,-122.169,1750,7446
16466,16466,3905090130,20140717T000000,658100.0,4.0,2.5,2430,8509,2.0,0,0,3,9,2430,0,1992,0,98029,47.5714,-121.991,2760,8509
16467,16467,3335000050,20140714T000000,397000.0,2.0,1.75,1610,4104,1.0,0,0,3,7,950,660,1996,0,98118,47.5565,-122.275,1510,5284
16468,16468,4397650080,20141015T000000,815000.0,3.0,3.75,2780,5002,2.0,0,0,3,10,2780,0,1999,0,98007,47.5939,-122.15,3110,5717
16469,16469,1568100380,20141016T000000,345000.0,2.0,1.0,1160,8504,1.0,0,0,4,7,1160,0,1949,0,98155,47.7364,-122.295,1320,8504
16470,16470,8078570460,20140924T000000,305500.0,4.0,2.5,1850,7199,2.0,0,0,4,7,1850,0,1989,0,98031,47.4031,-122.172,1940,7432
16471,16471,6382000080,20140708T000000,340000.0,3.0,2.25,2120,13090,1.0,0,0,3,8,2120,0,1997,0,98002,47.29600000000001,-122.219,1400,12039
16472,16472,7905380080,20150226T000000,330000.0,5.0,2.5,2620,12763,1.0,0,0,3,7,1400,1220,1979,0,98034,47.72,-122.213,2390,9156
16473,16473,6600490250,20150421T000000,269000.0,4.0,2.5,2060,3608,2.0,0,0,3,7,2060,0,2004,0,98198,47.362,-122.309,2060,3608
16474,16474,7200001756,20140612T000000,349950.0,3.0,1.0,1060,9525,1.0,0,0,3,7,1060,0,1966,0,98052,47.6855,-122.111,1630,9525
16475,16475,4427100130,20150304T000000,431000.0,3.0,1.0,1500,6240,1.0,0,0,4,7,1500,0,1953,0,98125,47.7281,-122.311,1230,6240
16476,16476,5606000255,20141017T000000,735000.0,4.0,1.75,2380,5700,2.0,0,1,4,7,1820,560,1946,0,98105,47.6656,-122.271,2190,5700
16477,16477,1402700170,20140717T000000,414000.0,5.0,3.0,3045,5030,2.0,0,0,3,8,3045,0,1999,0,98058,47.4386,-122.127,3045,5322
16478,16478,5366200460,20140520T000000,619500.0,3.0,2.5,1700,4105,2.0,0,0,3,8,1700,0,1992,0,98122,47.6078,-122.292,1880,3665
16479,16479,1245500725,20141030T000000,675000.0,3.0,1.75,1240,13869,1.0,0,0,4,7,1240,0,1957,0,98033,47.6919,-122.21,1970,7790
16480,16480,9477201060,20150423T000000,380500.0,3.0,1.0,1410,7854,1.0,0,0,4,7,1410,0,1971,0,98034,47.7303,-122.192,1460,7500
16481,16481,4060000290,20140617T000000,253000.0,3.0,1.5,880,6600,1.0,0,0,5,6,880,0,1945,0,98178,47.5002,-122.247,1020,6600
16482,16482,522059327,20140528T000000,157500.0,2.0,1.0,740,9003,1.0,0,0,3,5,740,0,1949,0,98031,47.4217,-122.197,1230,8050
16483,16483,686530020,20140609T000000,627000.0,4.0,2.0,2030,9300,1.0,0,0,4,8,2030,0,1976,0,98052,47.6658,-122.149,1800,9018
16484,16484,5145100460,20140924T000000,469500.0,4.0,2.5,2090,7241,1.0,0,0,4,7,1140,950,2001,0,98034,47.726000000000006,-122.221,1510,7402
16485,16485,6329000380,20140619T000000,319950.0,2.0,1.0,920,8341,1.0,0,0,3,7,920,0,1939,0,98146,47.5015,-122.38,2330,9792
16486,16486,8960200280,20150218T000000,249500.0,3.0,1.0,1180,7200,1.0,0,0,4,7,1180,0,1968,0,98058,47.4249,-122.178,1180,7200
16487,16487,2867100007,20150223T000000,485000.0,3.0,1.0,1260,3230,1.5,0,0,3,7,1260,0,1907,0,98119,47.644,-122.369,1700,3500
16488,16488,9542100005,20141024T000000,1125000.0,5.0,3.0,3690,10260,1.0,0,4,4,9,2070,1620,1967,0,98005,47.5919,-122.176,3160,14000
16489,16489,1545807280,20140628T000000,314500.0,3.0,1.75,1700,17355,1.0,0,0,3,7,1200,500,1978,0,98038,47.3637,-122.057,1900,9528
16490,16490,3996900460,20150403T000000,220000.0,2.0,1.0,770,8149,1.0,0,0,3,6,770,0,1948,0,98155,47.7467,-122.3,880,8149
16491,16491,217500005,20141124T000000,444950.0,3.0,2.5,2020,7800,1.0,0,0,4,7,1330,690,1958,0,98133,47.7368,-122.337,1870,7800
16492,16492,1513800080,20140825T000000,598000.0,4.0,2.5,2030,9825,1.0,0,0,3,8,1330,700,1985,0,98115,47.6892,-122.3,2180,7500
16493,16493,8691390460,20140616T000000,699850.0,4.0,3.5,2690,6164,2.0,0,0,3,9,2690,0,2002,0,98075,47.599,-121.973,2910,5000
16494,16494,6633900170,20140508T000000,595000.0,3.0,2.5,1750,3354,2.0,0,0,4,7,1750,0,1991,0,98033,47.6953,-122.199,1750,4286
16495,16495,205000050,20141218T000000,735000.0,4.0,2.5,3270,45537,2.0,0,0,3,9,3270,0,1993,0,98053,47.6303,-121.984,2670,38827
16496,16496,8838900167,20140509T000000,542500.0,4.0,2.5,2330,14289,2.0,0,0,4,8,2330,0,1978,0,98007,47.5916,-122.148,2210,12823
16497,16497,7199330170,20150512T000000,450000.0,3.0,1.75,1720,6960,1.0,0,0,3,7,1140,580,1978,0,98052,47.6972,-122.129,1720,7280
16498,16498,236500050,20140728T000000,298500.0,3.0,2.0,2420,8800,1.0,0,0,4,7,1420,1000,1959,0,98188,47.4322,-122.291,1546,8666
16499,16499,2025049028,20140609T000000,403950.0,2.0,1.0,710,1136,2.0,0,0,4,7,710,0,1943,0,98102,47.6414,-122.329,1370,1173
16500,16500,3298700305,20141229T000000,271000.0,2.0,1.0,710,4240,1.0,0,0,4,6,710,0,1942,0,98106,47.5226,-122.351,850,5200
16501,16501,6145600780,20140911T000000,335000.0,2.0,1.0,1510,3844,1.0,0,0,4,7,1510,0,1923,1970,98133,47.7038,-122.348,1170,3844
16502,16502,1332700010,20141216T000000,305000.0,2.0,2.25,1610,1968,2.0,0,0,5,7,1610,0,1979,0,98056,47.5184,-122.196,1950,1968
16503,16503,2768300655,20150317T000000,630000.0,3.0,3.0,1880,2200,2.0,0,0,3,8,1520,360,2007,0,98107,47.6666,-122.367,1500,1426
16504,16504,7224500010,20140603T000000,253000.0,2.0,1.75,1220,5000,1.0,0,0,5,7,860,360,1921,0,98055,47.4906,-122.204,1120,5000
16505,16505,4037000185,20140919T000000,395000.0,4.0,1.75,2060,7900,1.0,0,0,4,7,1070,990,1957,0,98008,47.6028,-122.12,1830,8000
16506,16506,7614100020,20141017T000000,265000.0,3.0,2.5,1340,10290,1.0,0,0,4,7,1140,200,1981,0,98042,47.3553,-122.149,1760,7903
16507,16507,1423400225,20140721T000000,225000.0,2.0,1.0,1030,9192,1.0,0,0,4,6,1030,0,1959,0,98058,47.4565,-122.181,1030,9190
16508,16508,5419000050,20140917T000000,338500.0,4.0,2.5,2717,4513,2.0,0,0,3,8,2717,0,2005,0,98001,47.3373,-122.266,2550,4841
16509,16509,5151200290,20140512T000000,300000.0,2.0,1.75,1360,8100,1.0,0,0,3,7,860,500,1975,0,98177,47.7295,-122.359,1830,6766
16510,16510,4060000170,20140820T000000,255000.0,2.0,1.0,1260,7810,2.0,0,0,3,6,1260,0,1945,0,98178,47.5003,-122.248,1260,7755
16511,16511,1568100290,20140620T000000,337000.0,4.0,3.0,2240,8504,2.0,0,0,3,7,2240,0,1992,0,98155,47.7348,-122.295,1570,8460
16512,16512,4137010010,20150416T000000,324900.0,3.0,2.25,2080,9740,2.0,0,0,3,8,2080,0,1988,0,98092,47.261,-122.219,2080,8705
16513,16513,2581900284,20140707T000000,821000.0,3.0,2.75,2760,8476,1.0,0,0,4,8,1690,1070,1967,0,98040,47.5402,-122.215,2610,9835
16514,16514,1222069136,20141212T000000,500000.0,4.0,2.75,3000,213008,1.0,0,0,4,8,3000,0,1975,0,98038,47.4032,-121.982,2300,74191
16515,16515,7625701795,20150302T000000,885000.0,4.0,3.5,3310,6000,2.0,0,2,3,8,2200,1110,2010,0,98136,47.5511,-122.391,1420,6000
16516,16516,1771100440,20140610T000000,360000.0,4.0,2.0,1630,10375,1.0,0,0,5,7,1630,0,1968,0,98077,47.7566,-122.073,1360,10026
16517,16517,3211200290,20140527T000000,304000.0,3.0,1.0,900,7500,1.0,0,0,4,7,900,0,1972,0,98034,47.7314,-122.237,1960,7500
16518,16518,4154302045,20150316T000000,376000.0,2.0,1.0,880,2400,1.0,0,0,3,6,760,120,1918,0,98118,47.5643,-122.275,1180,6300
16519,16519,4036801315,20141104T000000,425000.0,4.0,1.5,1620,7875,1.0,0,0,3,7,1620,0,1956,0,98008,47.6041,-122.126,1890,8400
16520,16520,9185700414,20140522T000000,1180500.0,3.0,1.75,1610,7200,1.0,0,0,3,8,1090,520,1973,0,98112,47.6279,-122.287,3790,7200
16521,16521,1221000562,20140722T000000,187000.0,3.0,2.5,1730,1803,2.0,0,0,3,7,1730,0,2005,0,98166,47.4648,-122.335,1190,7980
16522,16522,1890000250,20140627T000000,710000.0,2.0,1.5,1640,4080,1.5,0,0,5,7,1540,100,1916,0,98105,47.6624,-122.325,1880,4080
16523,16523,7436400020,20150325T000000,585000.0,3.0,1.75,1840,7350,1.0,0,0,3,8,1370,470,1974,0,98033,47.6729,-122.166,1920,8518
16524,16524,3303850290,20150409T000000,1400000.0,5.0,4.0,4700,22326,2.0,0,0,3,11,4700,0,2002,0,98006,47.5417,-122.111,4730,27110
16525,16525,2025059026,20150225T000000,1980000.0,4.0,3.5,4500,44384,1.0,0,0,3,12,3340,1160,1990,0,98004,47.6323,-122.192,2540,26287
16526,16526,3751600430,20141226T000000,250000.0,3.0,1.75,1780,35233,1.0,0,0,4,8,1420,360,1979,0,98001,47.2949,-122.269,1950,17334
16527,16527,7856640460,20141218T000000,950000.0,4.0,2.75,3800,12200,2.0,0,3,4,10,3800,0,1986,0,98006,47.5689,-122.156,3710,14796
16528,16528,9510920050,20140902T000000,725000.0,3.0,2.5,2980,16996,2.0,0,0,3,10,2980,0,1992,0,98075,47.595,-122.016,2980,15438
16529,16529,8651720020,20140512T000000,505000.0,4.0,2.5,2780,6369,1.0,0,0,3,8,1590,1190,1978,0,98034,47.7284,-122.216,2170,7490
16530,16530,2114700500,20150418T000000,90000.0,1.0,1.0,560,4120,1.0,0,0,3,4,560,0,1947,0,98106,47.5335,-122.348,980,4120
16531,16531,7950303530,20150409T000000,400000.0,4.0,2.0,2060,3060,2.0,0,0,3,7,2060,0,1968,0,98118,47.5631,-122.285,1630,3766
16532,16532,8910500471,20150217T000000,407000.0,3.0,1.0,1140,7785,1.0,0,0,3,8,1140,0,1954,0,98177,47.709,-122.363,2080,10620
16533,16533,9550204450,20141219T000000,651000.0,3.0,1.5,1890,4400,1.5,0,0,5,7,1890,0,1919,0,98105,47.6662,-122.326,1620,4080
16534,16534,4024101990,20150205T000000,485000.0,3.0,2.25,2090,7450,1.0,0,0,3,7,1350,740,1978,0,98155,47.7598,-122.303,1740,7644
16535,16535,5595900345,20150113T000000,460000.0,4.0,2.75,3460,13168,2.0,0,0,4,8,3460,0,1932,1986,98022,47.2046,-121.996,1500,7670
16536,16536,1782500095,20150309T000000,369000.0,2.0,1.0,1320,6135,1.0,0,0,4,7,880,440,1942,0,98126,47.5265,-122.379,1050,4693
16537,16537,8887001192,20140620T000000,355000.0,2.0,1.0,1240,27042,1.0,0,1,3,6,1000,240,1943,0,98070,47.5026,-122.465,2140,20059
16538,16538,4006000307,20140916T000000,155000.0,2.0,1.0,810,4755,1.0,0,0,3,7,810,0,1980,0,98118,47.5313,-122.28,1180,4755
16539,16539,5605000440,20141215T000000,1000000.0,3.0,1.0,1880,5450,1.5,0,0,4,8,1880,0,1924,0,98112,47.6453,-122.302,2580,5450
16540,16540,2591840050,20150211T000000,419625.0,4.0,2.5,2680,11590,2.0,0,0,4,9,2680,0,1988,0,98058,47.4395,-122.163,2580,8225
16541,16541,1442300005,20150218T000000,435000.0,3.0,2.0,2040,6880,2.0,0,0,4,7,2040,0,1954,0,98133,47.7601,-122.351,1710,7597
16542,16542,3343901440,20150511T000000,379000.0,4.0,1.75,2180,7876,1.0,0,0,4,7,1290,890,1977,0,98056,47.5157,-122.191,1960,7225
16543,16543,9406590250,20150224T000000,293000.0,4.0,2.25,1870,5371,2.0,0,0,3,7,1870,0,2009,0,98038,47.3844,-122.036,2380,4502
16544,16544,2212250080,20140806T000000,592100.0,4.0,2.75,2310,7851,1.0,0,0,4,8,1790,520,1989,0,98006,47.5473,-122.187,2230,7359
16545,16545,3578700073,20141110T000000,362000.0,3.0,1.75,1120,9730,1.0,0,0,3,7,1120,0,1944,1989,98011,47.7372,-122.221,2530,8717
16546,16546,1123049126,20141203T000000,227000.0,3.0,1.0,1340,10035,1.0,0,0,3,7,1340,0,1959,0,98178,47.4916,-122.254,2090,10035
16547,16547,526059259,20140819T000000,335500.0,3.0,1.75,1260,8487,1.0,0,0,3,7,1260,0,1970,0,98011,47.7664,-122.201,1890,13051
16548,16548,3222079136,20140818T000000,213000.0,3.0,1.75,1200,55321,1.5,0,0,5,7,1200,0,1977,0,98010,47.3492,-121.935,1910,54450
16549,16549,7237300290,20150326T000000,338000.0,5.0,2.5,2400,4496,2.0,0,0,3,7,2400,0,2004,0,98042,47.3692,-122.126,1880,4319
16550,16550,7468900235,20141022T000000,163500.0,3.0,1.0,940,7200,1.0,0,0,4,7,940,0,1954,0,98002,47.2979,-122.223,1090,7800
16551,16551,3352401476,20141124T000000,199988.0,2.0,1.0,860,5000,1.0,0,0,3,7,860,0,1949,0,98178,47.5005,-122.267,1130,6000
16552,16552,4217402162,20140725T000000,1185000.0,3.0,2.25,2390,7875,1.0,0,1,3,10,1980,410,1948,0,98105,47.6515,-122.278,3720,9075
16553,16553,6147650430,20150407T000000,320000.0,4.0,2.5,3130,5200,2.0,0,0,3,7,3130,0,2005,0,98042,47.3828,-122.098,3020,5200
16554,16554,1133000235,20140616T000000,450000.0,6.0,2.25,3550,11780,1.0,0,0,4,8,2960,590,1948,0,98125,47.7218,-122.312,2360,8850
16555,16555,2781270080,20141030T000000,249900.0,2.0,2.0,1470,2541,2.0,0,0,3,6,1470,0,2005,0,98038,47.3502,-122.02,1310,2721
16556,16556,1423200170,20140612T000000,223000.0,2.0,1.0,910,9869,1.0,0,0,3,6,910,0,1957,0,98058,47.4572,-122.184,1480,9750
16557,16557,3023059071,20150210T000000,631000.0,4.0,4.0,2630,59586,1.0,0,0,3,7,1470,1160,1963,0,98055,47.4496,-122.209,2230,5715
16558,16558,511700170,20150505T000000,350000.0,4.0,2.25,1780,10416,1.0,0,0,5,7,1060,720,1963,0,98055,47.4414,-122.189,1780,9975
16559,16559,2124089028,20140714T000000,279000.0,3.0,1.75,1430,39160,1.0,0,0,3,7,900,530,1925,1987,98065,47.5513,-121.801,1430,40860
16560,16560,1431700280,20150409T000000,310000.0,5.0,2.0,2730,7344,1.0,0,0,5,7,1510,1220,1962,0,98058,47.4602,-122.171,1730,7700
16561,16561,7686202635,20140812T000000,185000.0,2.0,1.0,900,8000,1.0,0,0,4,6,900,0,1954,0,98198,47.4217,-122.317,1240,8000
16562,16562,3874400380,20150316T000000,445000.0,3.0,2.5,1740,22089,1.0,0,0,4,8,1130,610,1977,0,98070,47.3948,-122.435,2000,24925
16563,16563,642500080,20141212T000000,365000.0,4.0,2.5,2905,4874,2.0,0,0,3,9,2905,0,2003,0,98031,47.4084,-122.169,2900,5271
16564,16564,1591600527,20150423T000000,333500.0,3.0,1.5,2230,9120,1.0,0,0,3,7,1390,840,1959,0,98146,47.5008,-122.358,1420,8450
16565,16565,5587000010,20141120T000000,385000.0,3.0,2.25,1680,8450,1.0,0,0,3,8,1340,340,1960,0,98177,47.7575,-122.361,1850,8300
16566,16566,2201500440,20140520T000000,345000.0,3.0,1.5,1240,11200,1.0,0,0,4,7,1240,0,1954,0,98006,47.5716,-122.138,1240,11008
16567,16567,7603100095,20141110T000000,1260000.0,3.0,3.0,3230,8625,2.0,0,3,3,10,2220,1010,1998,0,98116,47.562,-122.404,2330,6022
16568,16568,9412200080,20140523T000000,440000.0,4.0,2.5,2560,10400,1.0,0,0,4,7,1280,1280,1965,0,98027,47.5225,-122.04,1740,11050
16569,16569,7852130080,20140925T000000,444500.0,3.0,2.5,2600,4724,2.0,0,0,3,7,2600,0,2002,0,98065,47.5359,-121.878,2400,4724
16570,16570,2923039243,20141113T000000,340000.0,4.0,1.0,1200,11834,1.0,1,3,3,6,1200,0,1972,0,98070,47.4557,-122.443,1670,47462
16571,16571,6908200250,20150312T000000,680000.0,4.0,1.0,1660,6075,1.5,0,0,5,7,1660,0,1915,0,98117,47.6755,-122.403,1810,5400
16572,16572,3039000010,20140909T000000,420000.0,3.0,1.75,1140,8558,1.0,0,0,4,7,1140,0,1982,0,98033,47.7027,-122.198,1490,10530
16573,16573,1657300280,20141229T000000,438500.0,3.0,2.25,3050,10689,2.0,0,0,4,9,3050,0,1988,0,98092,47.3326,-122.201,2697,10925
16574,16574,9200000050,20140918T000000,109500.0,2.0,1.0,800,10625,1.0,0,0,3,6,800,0,1942,0,98168,47.496,-122.317,1130,10625
16575,16575,7508200080,20150410T000000,461000.0,4.0,2.75,1700,7495,1.0,0,0,4,7,1200,500,1964,0,98133,47.7589,-122.354,1650,7495
16576,16576,5454200080,20140811T000000,968000.0,4.0,1.75,2630,9645,1.0,0,0,4,9,2630,0,1963,0,98040,47.5459,-122.228,2690,10439
16577,16577,7972601100,20140923T000000,355000.0,3.0,1.75,1960,7705,1.0,0,0,4,7,980,980,1950,0,98106,47.53,-122.347,1380,4349
16578,16578,5112800190,20150327T000000,249000.0,3.0,1.5,1180,11579,1.0,0,0,4,7,1180,0,1962,0,98058,47.4502,-122.089,1780,22486
16579,16579,984210170,20150326T000000,256500.0,5.0,2.5,1960,7350,1.0,0,0,4,7,1360,600,1969,0,98058,47.4368,-122.165,1900,7350
16580,16580,8081500050,20150302T000000,1810000.0,5.0,2.5,4250,20441,1.0,0,1,4,11,2490,1760,1984,0,98004,47.6377,-122.211,3620,16304
16581,16581,8731801190,20141223T000000,269000.0,3.0,2.25,1950,8661,1.0,0,0,4,8,1950,0,1966,0,98023,47.3127,-122.362,1950,8800
16582,16582,9103000715,20141112T000000,1350000.0,4.0,3.5,3600,5217,2.0,0,0,3,9,2720,880,1947,2014,98112,47.6189,-122.286,2270,5217
16583,16583,8732300430,20140620T000000,885000.0,3.0,2.25,2060,9552,1.0,0,0,4,9,1610,450,1975,0,98040,47.5402,-122.231,2930,11212
16584,16584,3754700170,20150423T000000,455000.0,3.0,2.0,1640,9825,1.0,0,0,4,7,1090,550,1971,0,98034,47.7244,-122.2,1500,9750
16585,16585,2652500795,20140609T000000,980000.0,4.0,2.5,2730,4800,1.5,0,0,5,8,2230,500,1909,0,98119,47.642,-122.358,2190,4200
16586,16586,7454000470,20140801T000000,412500.0,3.0,1.75,1530,6300,1.0,0,0,3,6,1530,0,1942,2004,98126,47.516000000000005,-122.375,920,6300
16587,16587,3630121060,20141217T000000,740000.0,4.0,3.5,3060,4777,2.0,0,0,3,9,3060,0,2007,0,98029,47.555,-122.0,3060,4935
16588,16588,1370800825,20140823T000000,1298000.0,4.0,2.25,2860,5658,2.0,0,3,3,10,2130,730,1933,0,98199,47.6395,-122.409,2700,5221
16589,16589,4310702759,20150312T000000,326000.0,2.0,1.5,1030,798,3.0,0,0,3,8,1030,0,2008,0,98103,47.6975,-122.34,1020,1026
16590,16590,8635750950,20140607T000000,568500.0,4.0,2.5,2460,4200,2.0,0,0,3,8,2460,0,1998,0,98074,47.6041,-122.02,2460,4200
16591,16591,3448900420,20140922T000000,620000.0,4.0,2.5,2500,8282,2.0,0,0,3,9,2500,0,2013,0,98056,47.5127,-122.169,2500,8046
16592,16592,2113700005,20150417T000000,283000.0,3.0,1.75,1830,7600,2.0,0,0,3,7,1490,340,1947,0,98106,47.5317,-122.351,1300,4000
16593,16593,8615800500,20140814T000000,875000.0,6.0,3.25,2820,4536,2.0,0,0,4,8,1930,890,1917,0,98105,47.6688,-122.309,2820,4536
16594,16594,9106000005,20150527T000000,1310000.0,4.0,2.25,3750,5000,2.0,0,0,5,8,2440,1310,1924,0,98115,47.6747,-122.303,2170,4590
16595,16595,806800420,20141023T000000,289950.0,3.0,2.5,2070,6145,2.0,0,0,3,7,2070,0,2003,0,98092,47.3357,-122.172,2070,5297
16596,16596,2787311190,20141114T000000,252500.0,3.0,2.5,1780,7192,1.0,0,0,4,7,1250,530,1974,0,98031,47.4093,-122.173,1870,8500
16597,16597,3342102385,20141029T000000,376000.0,4.0,2.25,2200,6750,1.0,0,0,5,8,1480,720,1959,0,98056,47.5215,-122.202,2710,6750
16598,16598,7504000290,20140522T000000,635700.0,4.0,2.5,3240,13978,1.0,0,0,3,9,1860,1380,1977,0,98074,47.6298,-122.057,3150,12767
16599,16599,8691300500,20141028T000000,710000.0,4.0,2.5,2880,12349,2.0,0,0,3,10,2880,0,1996,0,98075,47.5879,-121.973,3490,11539
16600,16600,930000425,20150301T000000,440000.0,3.0,1.75,1570,5120,1.0,0,2,3,7,980,590,1947,0,98177,47.7166,-122.365,2420,7200
16601,16601,3291800670,20140630T000000,439000.0,3.0,2.5,3180,7904,1.0,0,0,3,8,1810,1370,2006,0,98056,47.489,-122.181,1950,7800
16602,16602,1425059145,20140616T000000,455000.0,2.0,1.5,1310,12196,1.5,0,0,3,6,1310,0,1970,0,98052,47.6487,-122.122,2970,12196
16603,16603,4406000050,20140519T000000,225000.0,2.0,1.0,910,9612,1.0,0,0,4,7,910,0,1981,0,98058,47.4297,-122.152,1410,9611
16604,16604,1432700420,20140728T000000,250000.0,3.0,1.0,1460,10914,1.0,0,0,4,7,1460,0,1959,0,98058,47.4511,-122.173,1490,8314
16605,16605,5561400470,20150407T000000,585000.0,4.0,3.25,3410,34939,2.0,0,0,4,9,2470,940,1992,0,98027,47.459,-122.003,2450,39045
16606,16606,8827901350,20150407T000000,685000.0,3.0,1.75,2720,4720,1.5,0,0,4,7,1580,1140,1925,0,98105,47.6691,-122.29,1660,4640
16607,16607,6190700284,20140620T000000,420000.0,5.0,2.75,2280,10319,1.0,0,0,3,8,1300,980,1959,0,98177,47.7566,-122.363,2370,8056
16608,16608,3644100073,20141122T000000,245000.0,2.0,1.0,670,1675,1.0,0,0,5,6,670,0,1960,0,98144,47.5918,-122.295,1220,1740
16609,16609,3223059173,20141104T000000,275000.0,4.0,2.0,1480,15000,1.0,0,0,4,7,1480,0,1957,0,98055,47.4312,-122.196,1450,8768
16610,16610,109210460,20141029T000000,270000.0,3.0,2.0,2330,8000,1.0,0,0,3,7,1390,940,1986,0,98023,47.2958,-122.368,1570,7227
16611,16611,9106000050,20141021T000000,767250.0,4.0,3.0,2170,2500,2.0,0,0,3,8,1710,460,1997,0,98115,47.6742,-122.303,2170,4080
16612,16612,4337600280,20140904T000000,229000.0,3.0,2.0,1760,9900,1.0,0,0,4,7,1760,0,1943,0,98166,47.4783,-122.338,1190,9900
16613,16613,3438501100,20150427T000000,400000.0,3.0,1.0,1240,4000,1.5,0,0,3,8,1240,0,1928,2000,98106,47.5467,-122.359,1200,17707
16614,16614,7935000280,20140812T000000,2195000.0,5.0,3.25,5210,35765,2.5,0,4,5,10,4940,270,1911,0,98136,47.5463,-122.397,2590,10250
16615,16615,7419700010,20140707T000000,665000.0,5.0,2.0,2800,17788,1.0,0,0,4,8,1400,1400,1963,0,98033,47.6719,-122.163,1760,18282
16616,16616,1626069102,20150323T000000,500000.0,4.0,2.25,2060,44431,2.0,0,0,3,7,2060,0,1988,0,98077,47.744,-122.046,2160,45657
16617,16617,7574000080,20150401T000000,355500.0,5.0,2.0,2360,19899,1.0,0,0,4,7,2360,0,1968,0,98010,47.3299,-122.046,1860,19998
16618,16618,3830700010,20141205T000000,369000.0,4.0,2.5,2370,6557,2.0,0,0,3,9,2370,0,1998,0,98042,47.423,-122.155,2370,7378
16619,16619,1454100010,20150202T000000,338500.0,2.0,1.0,720,6050,1.0,0,0,2,5,720,0,1951,0,98125,47.7259,-122.29,1480,7280
16620,16620,603001045,20150429T000000,256000.0,3.0,1.0,950,4000,1.0,0,0,3,7,780,170,1949,0,98118,47.5232,-122.284,1230,4000
16621,16621,2607720440,20150304T000000,470000.0,3.0,2.5,1980,9725,2.0,0,0,3,8,1980,0,1994,0,98045,47.4856,-121.802,2070,9834
16622,16622,930000470,20140527T000000,675000.0,3.0,2.5,2540,7680,2.0,0,1,4,9,2540,0,1940,2001,98177,47.7175,-122.364,2490,7680
16623,16623,2621750280,20141110T000000,369950.0,4.0,2.75,2760,7533,1.0,0,0,3,8,1400,1360,1997,0,98042,47.371,-122.108,2340,7943
16624,16624,7853220470,20140915T000000,615000.0,5.0,3.5,2950,7980,2.0,0,3,3,9,2350,600,2005,0,98065,47.5339,-121.858,2950,7980
16625,16625,4139660430,20150505T000000,1200690.0,5.0,3.0,3640,28531,2.0,0,0,3,10,3640,0,1996,0,98006,47.5502,-122.13,3330,17186
16626,16626,1338800430,20140728T000000,950000.0,3.0,1.75,2150,3503,2.0,0,0,3,8,1870,280,1921,0,98112,47.6285,-122.303,3920,6402
16627,16627,1338800491,20141021T000000,799500.0,4.0,2.5,2760,5750,2.0,0,0,3,8,2760,0,1993,0,98112,47.627,-122.303,2760,5390
16628,16628,792000006,20140709T000000,187000.0,2.0,1.0,840,11600,1.0,0,0,3,6,840,0,1952,0,98168,47.492,-122.302,1610,9120
16629,16629,7504020670,20140520T000000,598000.0,5.0,2.25,2890,12478,2.0,0,0,3,9,2890,0,1977,0,98074,47.6295,-122.052,2570,11880
16630,16630,4017600010,20150417T000000,429950.0,3.0,2.25,2060,10160,1.0,0,0,4,8,1340,720,1967,0,98155,47.7712,-122.285,2320,11186
16631,16631,1471701410,20150331T000000,347950.0,5.0,2.25,1700,13500,1.5,0,0,4,7,1700,0,1962,0,98059,47.4611,-122.067,1810,14550
16632,16632,3528000470,20140509T000000,851000.0,3.0,2.5,3560,107290,2.0,0,0,3,10,3560,0,1987,0,98053,47.6652,-122.049,3660,89298
16633,16633,3192000080,20141029T000000,205000.0,3.0,1.0,1210,10185,1.0,0,0,3,6,1210,0,1957,0,98146,47.4873,-122.345,1320,10245
16634,16634,1565100010,20150327T000000,225000.0,3.0,2.25,1590,9200,1.0,0,0,4,7,1110,480,1979,0,98092,47.2917,-122.184,1880,9200
16635,16635,9201000460,20141006T000000,705000.0,4.0,2.25,2620,10536,1.0,0,0,3,8,1520,1100,1979,0,98075,47.5847,-122.075,2760,12431
16636,16636,323059316,20150505T000000,535000.0,5.0,2.5,3190,6178,2.0,0,0,3,8,3190,0,2003,0,98059,47.5104,-122.154,2480,7548
16637,16637,6802200190,20150121T000000,222500.0,3.0,2.0,1450,9044,2.0,0,0,3,7,1450,0,1990,0,98022,47.1955,-121.987,1450,9044
16638,16638,1773100430,20150424T000000,313500.0,2.0,1.5,1270,1282,2.0,0,0,3,8,1000,270,2006,0,98106,47.5581,-122.363,1270,1325
16639,16639,6137610190,20150317T000000,632000.0,3.0,2.25,2730,7521,2.0,0,2,3,9,2730,0,1992,0,98011,47.7704,-122.196,2700,8204
16640,16640,1568100387,20150322T000000,467000.0,3.0,2.0,1840,3432,2.0,0,0,3,7,1840,0,2012,0,98155,47.7368,-122.295,1280,7573
16641,16641,3826500290,20150424T000000,339000.0,3.0,2.25,1970,7210,1.0,0,0,4,8,1380,590,1978,0,98030,47.3821,-122.171,1970,7350
16642,16642,629410190,20140619T000000,712000.0,3.0,2.75,3200,6699,2.0,0,0,3,9,3200,0,2004,0,98075,47.5884,-121.991,3020,6699
16643,16643,4189800050,20140520T000000,335000.0,3.0,1.0,1060,10050,1.0,0,0,4,7,1060,0,1967,0,98028,47.7355,-122.231,1570,9938
16644,16644,6126600950,20140717T000000,470000.0,3.0,3.25,1740,1693,2.0,0,0,3,8,1360,380,2007,0,98116,47.558,-122.382,1130,1626
16645,16645,5411800250,20140724T000000,367000.0,3.0,1.0,810,7000,1.0,0,0,3,7,810,0,1968,0,98052,47.6591,-122.134,1820,7589
16646,16646,7853302140,20140524T000000,440500.0,3.0,2.5,2460,4399,2.0,0,0,3,7,2460,0,2007,0,98065,47.5415,-121.884,2060,4399
16647,16647,1423910670,20140527T000000,305000.0,4.0,1.0,2100,9288,1.0,0,0,4,7,1050,1050,1968,0,98058,47.4558,-122.171,1600,8550
16648,16648,2301400470,20140908T000000,635000.0,3.0,1.75,1530,5000,1.0,0,2,3,7,1020,510,1948,0,98117,47.6806,-122.36,1530,5000
16649,16649,1860600290,20140627T000000,1020000.0,3.0,2.25,1670,4800,1.5,0,3,3,8,1670,0,1903,0,98119,47.6356,-122.367,2300,4800
16650,16650,9267200345,20140602T000000,342000.0,2.0,2.5,1175,1366,2.0,0,0,3,8,740,435,2005,0,98103,47.6962,-122.342,1710,1255
16651,16651,3826500170,20141111T000000,283000.0,3.0,2.25,2130,8800,1.0,0,0,3,8,1270,860,1978,0,98030,47.383,-122.168,1960,8075
16652,16652,9804500420,20150424T000000,430000.0,4.0,2.75,2470,50123,1.0,0,0,3,8,1280,1190,1978,0,98022,47.2504,-122.0,2200,54520
16653,16653,2895550190,20140808T000000,245000.0,4.0,2.5,1700,4268,2.0,0,0,3,7,1700,0,2000,0,98001,47.3303,-122.268,1700,4488
16654,16654,6699930440,20140605T000000,355500.0,3.0,2.5,2600,5540,2.0,0,0,3,8,2600,0,2004,0,98038,47.3446,-122.041,2600,5540
16655,16655,3543900380,20150409T000000,395000.0,3.0,1.0,1460,5000,1.0,0,0,4,7,1460,0,1934,1960,98115,47.6837,-122.32,1790,4000
16656,16656,59500050,20141216T000000,324900.0,4.0,2.25,2010,7280,2.0,0,0,4,8,2010,0,1988,0,98032,47.3585,-122.286,1660,7579
16657,16657,9274202885,20140508T000000,660000.0,3.0,1.75,1320,5750,1.5,0,0,5,7,1320,0,1918,0,98116,47.5848,-122.391,1440,5750
16658,16658,7701930050,20140811T000000,570000.0,3.0,2.5,3150,20189,2.0,0,0,3,10,3150,0,1990,0,98058,47.447,-122.088,2920,20612
16659,16659,200800480,20141106T000000,552321.0,3.0,2.5,1960,8469,2.0,0,0,4,8,1960,0,1984,0,98052,47.7236,-122.105,2040,8189
16660,16660,3835500005,20140528T000000,1100000.0,2.0,1.75,2050,11900,1.0,0,0,4,8,2050,0,1950,0,98004,47.6209,-122.219,2980,11900
16661,16661,9543000896,20140825T000000,237000.0,3.0,1.5,1800,9216,1.0,0,0,4,7,1800,0,1950,0,98001,47.2739,-122.249,1400,10022
16662,16662,1090000005,20150504T000000,402000.0,2.0,1.0,1210,5600,1.5,0,0,3,7,1210,0,1922,0,98136,47.5322,-122.392,1400,5028
16663,16663,5561000430,20141016T000000,470000.0,3.0,2.25,1830,39165,1.0,0,0,5,8,1830,0,1963,0,98027,47.4612,-121.992,2020,36184
16664,16664,1568100670,20150320T000000,395900.0,3.0,1.75,1880,8706,1.0,0,0,3,7,940,940,1927,0,98155,47.7362,-122.292,1880,7200
16665,16665,6813600440,20141022T000000,442000.0,2.0,1.75,860,5535,1.0,0,0,3,7,860,0,1948,0,98103,47.6901,-122.331,1420,4960
16666,16666,7701990380,20141015T000000,795000.0,4.0,2.75,2890,16397,2.0,0,0,3,10,2890,0,1997,0,98077,47.7102,-122.072,3170,16397
16667,16667,7153400010,20140812T000000,190500.0,3.0,2.0,1390,10155,1.0,0,0,3,7,1130,260,1980,0,98003,47.2575,-122.305,1790,10155
16668,16668,5608010420,20141120T000000,808000.0,4.0,2.75,3340,7230,2.0,0,0,3,9,3340,0,1996,0,98027,47.549,-122.096,3230,7529
16669,16669,9141100073,20140826T000000,500000.0,4.0,2.5,2040,6685,2.0,0,0,3,8,2040,0,1998,0,98133,47.7413,-122.354,1890,8253
16670,16670,629400480,20140619T000000,775000.0,4.0,2.75,3010,15992,2.0,0,0,3,11,3010,0,1996,0,98075,47.5895,-121.994,3330,12333
16671,16671,9250900104,20141110T000000,300000.0,5.0,1.75,2110,8500,1.0,0,0,3,7,1100,1010,1962,0,98133,47.7737,-122.35,2020,8500
16672,16672,9250900104,20150410T000000,496000.0,5.0,1.75,2110,8500,1.0,0,0,3,7,1100,1010,1962,0,98133,47.7737,-122.35,2020,8500
16673,16673,5104531700,20140620T000000,448000.0,4.0,2.5,2510,6853,2.0,0,2,3,9,2510,0,2006,0,98038,47.3547,-122.003,3400,6965
16674,16674,623039026,20141125T000000,645000.0,2.0,2.25,2770,11884,1.0,0,3,4,8,1570,1200,1969,0,98070,47.5098,-122.474,2310,17097
16675,16675,7626200235,20140523T000000,464600.0,3.0,1.75,1120,5500,1.5,0,0,4,7,1120,0,1925,0,98136,47.5445,-122.391,1490,5500
16676,16676,7228500425,20140728T000000,590000.0,3.0,1.0,1530,2370,2.0,0,0,3,8,1530,0,1901,0,98122,47.6108,-122.303,1310,2370
16677,16677,3332500095,20141007T000000,399000.0,3.0,2.5,1800,3300,2.0,0,0,3,7,1690,110,2004,0,98118,47.5491,-122.276,1570,3902
16678,16678,7950300440,20141015T000000,305000.0,2.0,1.0,1030,6000,1.0,0,0,3,7,1030,0,1925,0,98118,47.5669,-122.283,1510,5000
16679,16679,8143000280,20141121T000000,478000.0,3.0,1.75,1210,6175,1.0,0,0,3,7,1210,0,1976,0,98034,47.7291,-122.202,1520,7475
16680,16680,4045500715,20141217T000000,598800.0,1.0,1.0,1090,32010,1.0,0,0,4,6,1090,0,1958,0,98014,47.6928,-121.87,1870,25346
16681,16681,1155620190,20140603T000000,430000.0,4.0,2.25,1790,7203,1.0,0,0,4,7,1110,680,1973,0,98155,47.7709,-122.294,2270,9000
16682,16682,3332000715,20140701T000000,433000.0,4.0,1.5,1550,5053,1.0,0,0,4,7,1180,370,1963,0,98118,47.5499,-122.274,1450,5639
16683,16683,5113000420,20150320T000000,420000.0,4.0,2.75,2400,20000,1.0,0,0,3,8,1170,1230,1961,2015,98058,47.4556,-122.087,1690,20000
16684,16684,3223039181,20140609T000000,585000.0,4.0,1.75,2470,131790,2.0,0,2,3,8,2470,0,1937,0,98070,47.4421,-122.444,1470,92747
16685,16685,7399300420,20140818T000000,255000.0,3.0,1.0,1170,7395,1.0,0,0,4,7,1170,0,1969,0,98055,47.4627,-122.19,1430,7920
16686,16686,1088400190,20150422T000000,305000.0,3.0,1.0,1120,10125,1.0,0,0,3,6,1120,0,1961,0,98059,47.4794,-122.078,1120,8820
16687,16687,1588600177,20150225T000000,396000.0,4.0,1.0,1040,4420,1.5,0,0,3,6,1040,0,1944,0,98117,47.6945,-122.368,1310,4920
16688,16688,9264950420,20140508T000000,347500.0,4.0,2.5,2460,7350,2.0,0,0,3,9,2460,0,1989,0,98023,47.3061,-122.349,2390,8568
16689,16689,5418650080,20140814T000000,900000.0,4.0,2.5,3690,11468,2.0,0,0,3,11,3690,0,1987,0,98027,47.5699,-122.092,3370,10751
16690,16690,9492800020,20140930T000000,425000.0,3.0,1.75,1960,43332,1.0,0,0,4,7,1400,560,1982,0,98077,47.739,-122.048,2010,44431
16691,16691,323089173,20140519T000000,429000.0,3.0,2.5,1920,15124,2.0,0,0,3,8,1920,0,1995,0,98045,47.5015,-121.773,1920,16477
16692,16692,6821102358,20150224T000000,540000.0,3.0,2.25,1670,3135,2.0,0,0,3,8,1220,450,2002,0,98199,47.6478,-122.396,1630,1596
16693,16693,943100689,20150127T000000,324950.0,3.0,2.0,1340,9750,1.0,0,0,4,7,890,450,1974,0,98024,47.5644,-121.898,1460,12900
16694,16694,8722100825,20150429T000000,1049000.0,3.0,2.25,2610,3357,2.0,0,0,4,7,1980,630,1926,0,98112,47.638000000000005,-122.306,1940,3357
16695,16695,4223000280,20141029T000000,221000.0,4.0,1.75,1540,7200,1.0,0,0,3,7,1260,280,1966,0,98003,47.3424,-122.308,1540,8416
16696,16696,1454100122,20140611T000000,405000.0,3.0,2.0,1640,7201,1.0,0,0,3,8,1640,0,1948,0,98125,47.7216,-122.289,1750,7201
16697,16697,3323500010,20150107T000000,1150000.0,3.0,2.5,2100,15120,1.0,0,0,4,8,2100,0,1953,0,98004,47.6201,-122.222,3070,16078
16698,16698,9557300080,20140822T000000,588000.0,4.0,1.75,1930,7245,1.0,0,0,4,8,1510,420,1972,0,98008,47.6396,-122.112,1880,7245
16699,16699,6306100080,20140909T000000,234950.0,3.0,2.0,1430,10850,1.0,0,0,3,7,1430,0,1994,0,98001,47.2671,-122.233,1610,8015
16700,16700,5700001100,20141007T000000,580000.0,4.0,1.5,2430,4995,1.5,0,0,4,7,1730,700,1928,0,98144,47.5782,-122.292,2240,5000
16701,16701,6187500080,20140716T000000,637000.0,5.0,3.0,2460,7240,1.0,0,0,3,9,1840,620,1991,0,98006,47.5486,-122.189,2530,7885
16702,16702,7369600080,20141030T000000,704000.0,4.0,2.25,2490,6973,1.0,0,0,4,8,1490,1000,1953,0,98199,47.6516,-122.409,1780,5612
16703,16703,1623049145,20140925T000000,210000.0,2.0,1.0,880,9750,1.0,0,0,5,6,880,0,1938,0,98168,47.4885,-122.298,1220,9406
16704,16704,2877102330,20140516T000000,772000.0,4.0,2.5,2110,3750,2.0,0,0,3,8,2110,0,2000,0,98117,47.6789,-122.363,1700,5000
16705,16705,546001060,20150427T000000,763000.0,4.0,1.75,1850,4388,2.0,0,0,5,8,1850,0,1941,0,98117,47.6885,-122.381,1410,4107
16706,16706,2822059091,20150218T000000,213500.0,2.0,1.5,2060,7713,1.5,0,0,4,7,2060,0,1930,0,98030,47.3722,-122.185,1780,7713
16707,16707,3971701300,20141220T000000,255000.0,2.0,1.0,1360,9367,1.0,0,0,4,6,680,680,1924,0,98155,47.7689,-122.315,1360,7543
16708,16708,1732600050,20141017T000000,423500.0,3.0,2.0,2000,10490,1.0,0,0,3,8,1430,570,1978,0,98033,47.6976,-122.166,1530,7659
16709,16709,3585900430,20141222T000000,520000.0,3.0,1.5,1810,18483,1.0,0,0,3,8,1810,0,1954,0,98177,47.7617,-122.378,2920,20279
16710,16710,6791000050,20140908T000000,550000.0,3.0,2.75,2230,14400,1.0,0,0,4,8,1460,770,1977,0,98075,47.5791,-122.048,2200,13280
16711,16711,1818800289,20150121T000000,795000.0,3.0,2.75,1820,7517,1.0,0,0,3,9,1820,0,1997,0,98116,47.5705,-122.406,2540,8035
16712,16712,2738600080,20140815T000000,495000.0,4.0,3.0,2740,2811,2.0,0,0,3,8,2240,500,2003,0,98072,47.7738,-122.158,2740,3596
16713,16713,1310440950,20150302T000000,455000.0,4.0,2.5,2710,6558,2.0,0,0,3,9,2710,0,1997,0,98058,47.434,-122.109,2710,7635
16714,16714,1322049150,20150305T000000,85000.0,2.0,1.0,910,9753,1.0,0,0,3,5,910,0,1947,0,98032,47.3897,-122.236,1160,7405
16715,16715,7200080,20141104T000000,239000.0,4.0,2.0,1980,10585,1.5,0,0,2,6,1980,0,1924,0,98055,47.4836,-122.214,1360,7810
16716,16716,1788800080,20140730T000000,184900.0,3.0,1.0,1040,10080,1.0,0,0,3,6,1040,0,1959,0,98023,47.32899999999999,-122.343,1000,8736
16717,16717,1328320920,20150421T000000,386000.0,4.0,2.25,2810,8560,1.0,0,0,3,8,1610,1200,1979,0,98058,47.4437,-122.124,2400,7600
16718,16718,7283900185,20140604T000000,415000.0,4.0,2.5,2000,5962,2.0,0,0,3,8,2000,0,1999,0,98133,47.7695,-122.35,1790,10500
16719,16719,8685500020,20150512T000000,387000.0,3.0,1.0,1530,6372,1.0,0,0,3,7,1210,320,1962,0,98118,47.535,-122.289,1960,6426
16720,16720,1338800425,20150304T000000,2140000.0,6.0,4.0,5110,7128,2.5,0,0,4,11,5110,0,1906,0,98112,47.6285,-122.304,4110,6480
16721,16721,282500010,20150107T000000,685000.0,4.0,2.25,3133,16197,2.0,0,0,3,9,2533,600,1965,2010,98166,47.4255,-122.338,3090,15588
16722,16722,798000630,20141031T000000,340000.0,4.0,2.5,2020,32710,1.0,0,0,3,7,1070,950,1941,0,98168,47.4969,-122.33,1340,17700
16723,16723,5583200345,20150511T000000,422000.0,2.0,1.0,750,4000,1.0,0,0,4,6,750,0,1926,0,98118,47.5547,-122.272,1120,5038
16724,16724,1036100130,20140808T000000,442000.0,3.0,2.5,1980,39932,2.0,0,0,3,8,1980,0,1994,0,98011,47.7433,-122.196,2610,12769
16725,16725,795002375,20140527T000000,280000.0,3.0,1.0,1200,6250,1.0,0,0,3,6,920,280,1943,0,98168,47.5095,-122.331,1280,9375
16726,16726,1245000461,20140703T000000,1150000.0,5.0,2.5,3580,8921,2.0,0,0,3,9,3580,0,2000,0,98033,47.693000000000005,-122.202,2710,9308
16727,16727,6802200280,20141110T000000,279000.0,3.0,2.5,2010,11618,2.0,0,0,3,7,2010,0,1990,0,98022,47.1956,-121.985,1550,9354
16728,16728,9521100795,20140623T000000,569000.0,4.0,2.0,1730,3884,1.0,0,0,5,7,1060,670,1924,0,98103,47.6624,-122.349,1360,3563
16729,16729,4039800080,20140529T000000,1355000.0,5.0,3.5,5960,13703,2.0,0,2,3,10,4770,1190,1984,0,98008,47.6151,-122.107,2810,17320
16730,16730,6146600595,20150410T000000,209950.0,2.0,1.0,860,5080,1.0,0,0,3,7,860,0,1960,0,98032,47.39,-122.236,1250,6477
16731,16731,6380500151,20150317T000000,468000.0,3.0,1.5,1370,7697,1.0,0,0,3,7,1370,0,1939,0,98177,47.7153,-122.361,1370,7697
16732,16732,8643000185,20150430T000000,237100.0,3.0,1.75,1360,9603,1.0,0,0,3,7,1360,0,1963,0,98198,47.3959,-122.309,2240,10605
16733,16733,7212650950,20140708T000000,336000.0,4.0,2.5,2530,8169,2.0,0,0,3,8,2530,0,1993,0,98003,47.2634,-122.312,2220,8013
16734,16734,357000005,20141222T000000,500000.0,4.0,2.0,1680,3813,2.0,0,0,4,7,1680,0,1900,0,98144,47.593,-122.293,2540,3996
16735,16735,5648600010,20150426T000000,290000.0,3.0,2.5,1580,6860,2.0,0,0,3,7,1580,0,1995,0,98055,47.4447,-122.188,1580,7050
16736,16736,2818600010,20150314T000000,1185000.0,7.0,3.5,3890,8342,2.0,0,4,3,9,2840,1050,1968,0,98117,47.7011,-122.392,2870,8342
16737,16737,9842300095,20140725T000000,365000.0,5.0,2.0,1600,4168,1.5,0,0,3,7,1600,0,1927,0,98126,47.5297,-122.381,1190,4168
16738,16738,3977630130,20150325T000000,146300.0,3.0,1.0,1200,9668,1.0,0,0,5,6,1200,0,1975,0,98092,47.3156,-122.128,1200,9800
16739,16739,5160300020,20140609T000000,554000.0,3.0,1.75,1760,10780,1.0,0,0,3,8,1760,0,1977,0,98005,47.5938,-122.154,2090,10780
16740,16740,3754700050,20140618T000000,424000.0,3.0,2.0,1670,7700,1.0,0,0,3,7,1170,500,1972,0,98034,47.725,-122.2,1500,7875
16741,16741,629860010,20150429T000000,1348000.0,4.0,3.5,4640,9827,2.0,0,2,3,10,3210,1430,2007,0,98027,47.5524,-122.078,3810,8207
16742,16742,446000010,20141119T000000,508500.0,4.0,1.5,1800,6750,1.5,0,0,4,7,1800,0,1950,0,98115,47.6868,-122.285,1420,5900
16743,16743,8562000010,20150501T000000,244500.0,3.0,1.75,1210,8864,1.0,0,0,3,7,1210,0,1985,0,98042,47.3639,-122.08,1510,8062
16744,16744,646910480,20141120T000000,206000.0,2.0,2.5,1280,1566,2.0,0,0,3,7,1280,0,2005,0,98055,47.4336,-122.195,1460,1845
16745,16745,868000415,20140905T000000,643500.0,3.0,2.0,1650,7104,2.0,0,0,3,8,1650,0,1945,1986,98177,47.7053,-122.374,1730,7104
16746,16746,1826049430,20140520T000000,372500.0,4.0,1.75,1590,10523,2.0,0,0,4,7,1590,0,1922,0,98133,47.7358,-122.342,1610,8568
16747,16747,2769600190,20140715T000000,630000.0,5.0,2.0,1900,5000,1.0,0,2,3,8,1720,180,1957,0,98107,47.6735,-122.362,1770,5000
16748,16748,3630070280,20140710T000000,418000.0,2.0,2.5,1500,3608,2.0,0,0,3,8,1500,0,2005,0,98029,47.5472,-121.994,2080,2686
16749,16749,8944460190,20150225T000000,425000.0,4.0,2.5,2689,6688,2.0,0,0,3,9,2689,0,2006,0,98030,47.3803,-122.184,2665,5700
16750,16750,3630180470,20150205T000000,800000.0,4.0,2.75,3250,5500,2.0,0,0,3,9,3250,0,2007,0,98027,47.5398,-121.997,3920,6000
16751,16751,6099400293,20141208T000000,208000.0,2.0,1.0,960,13438,1.0,0,0,3,7,960,0,1951,0,98168,47.4745,-122.295,1630,11656
16752,16752,6791000280,20140714T000000,476000.0,3.0,1.75,1650,9600,1.0,0,0,4,7,1650,0,1977,0,98075,47.5779,-122.044,2040,12220
16753,16753,7796450190,20150202T000000,277500.0,3.0,2.5,1690,5171,2.0,0,0,3,8,1690,0,2003,0,98023,47.2779,-122.347,2550,5025
16754,16754,2294900010,20140813T000000,478000.0,3.0,1.75,2790,36585,1.0,0,0,4,8,1410,1380,1970,0,98027,47.4734,-121.999,1900,45302
16755,16755,1186000095,20140708T000000,890000.0,4.0,2.75,2310,4020,3.0,0,0,5,8,2310,0,1979,0,98122,47.6154,-122.291,2270,3750
16756,16756,2770601763,20150323T000000,450000.0,3.0,3.5,1790,1288,3.0,0,0,3,8,1390,400,2000,0,98199,47.651,-122.384,1560,1426
16757,16757,3392100050,20140625T000000,205000.0,3.0,1.0,1230,8750,1.0,0,0,3,6,1230,0,1965,0,98003,47.3266,-122.334,1230,8750
16758,16758,2878600655,20140718T000000,665000.0,3.0,2.0,1620,2640,1.5,0,0,5,8,1620,0,1929,0,98115,47.6884,-122.322,1470,4080
16759,16759,3299200080,20141003T000000,518000.0,4.0,2.75,2440,12051,1.0,0,0,5,8,1440,1000,1966,0,98133,47.7456,-122.351,2030,8006
16760,16760,2564900020,20140924T000000,465000.0,4.0,2.25,2100,7350,2.0,0,0,3,8,2100,0,1979,0,98033,47.7019,-122.171,1780,7350
16761,16761,2111010080,20140617T000000,330000.0,3.0,2.5,3040,7232,2.0,0,0,3,7,3040,0,2003,0,98092,47.3355,-122.168,2760,6926
16762,16762,6669080020,20141226T000000,449400.0,4.0,3.0,2490,5064,2.0,0,0,3,7,2490,0,2007,0,98056,47.5139,-122.189,2470,5064
16763,16763,8682300010,20150206T000000,829000.0,3.0,2.75,2690,10443,1.0,0,0,3,9,2690,0,2007,0,98053,47.7185,-122.024,1440,4185
16764,16764,1974200020,20150220T000000,450000.0,4.0,1.75,2190,9752,1.0,0,0,3,8,2190,0,1964,0,98034,47.7108,-122.239,2040,9964
16765,16765,3211000190,20141001T000000,310000.0,3.0,1.75,1490,9120,1.0,0,0,5,7,1490,0,1959,0,98059,47.4806,-122.163,1340,8040
16766,16766,6354000050,20140908T000000,615000.0,3.0,2.25,2530,45234,2.0,0,0,4,9,2530,0,1985,0,98072,47.7221,-122.12,3110,35617
16767,16767,625049153,20140603T000000,605000.0,3.0,2.0,2060,4040,1.0,0,0,4,8,1120,940,1947,0,98103,47.6798,-122.352,1500,4000
16768,16768,5561000190,20140502T000000,437500.0,3.0,2.25,1970,35100,2.0,0,0,4,9,1970,0,1977,0,98027,47.4635,-121.991,2340,35100
16769,16769,4449800595,20140922T000000,545000.0,3.0,1.75,1400,4000,1.5,0,0,4,7,1400,0,1925,0,98117,47.6902,-122.388,1050,4330
16770,16770,1115750190,20140717T000000,770000.0,3.0,2.5,3680,35617,1.0,0,0,3,10,2390,1290,1985,0,98052,47.7213,-122.12,3570,35633
16771,16771,8644300170,20140703T000000,600000.0,5.0,2.25,3000,13899,2.0,0,0,4,8,3000,0,1975,0,98052,47.6373,-122.105,2270,10763
16772,16772,9523102660,20140513T000000,560000.0,3.0,1.0,1440,5000,2.0,0,0,3,7,1440,0,1910,0,98103,47.6741,-122.354,1850,4500
16773,16773,1630700380,20150130T000000,1920000.0,5.0,5.75,7730,230868,2.0,0,0,3,12,6660,1070,2004,0,98077,47.7615,-122.084,2660,39292
16774,16774,7588700007,20141124T000000,457000.0,3.0,1.0,1170,3348,1.5,0,0,4,7,1170,0,1924,0,98117,47.687,-122.378,1590,4219
16775,16775,3501600235,20140505T000000,585000.0,2.0,1.0,1770,8640,1.5,0,0,3,6,1520,250,1949,0,98117,47.6926,-122.363,1060,4804
16776,16776,9545230280,20140507T000000,560000.0,3.0,2.0,1860,13374,1.0,0,0,3,8,1860,0,1985,0,98027,47.5397,-122.054,1960,9797
16777,16777,7905200130,20150405T000000,345000.0,2.0,1.0,770,3008,1.0,0,0,4,5,770,0,1917,0,98116,47.5686,-122.389,1550,4563
16778,16778,2742100250,20140720T000000,550000.0,4.0,3.5,3820,17745,2.0,0,2,3,8,2440,1380,1955,0,98108,47.557,-122.295,2520,9640
16779,16779,5104540500,20140624T000000,589950.0,4.0,2.5,3190,8195,2.0,0,0,3,10,3190,0,2006,0,98038,47.3555,-122.003,3400,7607
16780,16780,638100073,20140602T000000,327000.0,3.0,1.5,1320,13200,1.0,0,0,3,7,1320,0,1970,0,98059,47.5009,-122.143,1730,13200
16781,16781,3022039071,20140530T000000,800000.0,2.0,2.25,1730,31491,2.0,1,2,4,7,1730,0,1947,1988,98070,47.373000000000005,-122.464,1400,12410
16782,16782,3426079024,20140521T000000,150000.0,3.0,1.0,1010,25000,1.0,0,0,3,6,1010,0,1966,0,98014,47.6927,-121.901,2020,101494
16783,16783,2767604254,20140603T000000,425000.0,2.0,2.5,1140,1182,3.0,0,0,3,8,1140,0,2007,0,98107,47.6713,-122.383,1290,1189
16784,16784,1138010170,20140801T000000,350000.0,3.0,1.0,860,7030,1.0,0,0,3,7,860,0,1973,0,98034,47.7151,-122.211,1360,7500
16785,16785,9407100500,20150311T000000,273000.0,3.0,1.75,1540,10545,2.0,0,0,4,6,1540,0,1978,0,98045,47.4451,-121.763,1540,10000
16786,16786,191100250,20150320T000000,750000.0,4.0,2.25,2160,9525,1.0,0,0,3,8,1080,1080,1961,0,98040,47.5651,-122.221,2780,9525
16787,16787,1557000190,20141009T000000,240000.0,3.0,1.5,1450,9477,1.0,0,0,4,7,1450,0,1963,0,98031,47.4215,-122.203,1460,9477
16788,16788,8732020670,20150320T000000,400000.0,3.0,1.75,1830,9620,1.0,0,0,4,8,1830,0,1978,0,98023,47.3123,-122.389,1990,8280
16789,16789,5029450290,20141003T000000,230000.0,3.0,1.5,1630,6625,1.0,0,0,5,7,980,650,1980,0,98023,47.29,-122.368,1440,7145
16790,16790,8035600290,20150413T000000,372000.0,4.0,2.5,2500,8215,2.0,0,0,3,8,2500,0,1990,0,98031,47.4124,-122.204,2360,7801
16791,16791,6450301835,20140705T000000,459500.0,3.0,1.75,1470,4950,1.0,0,0,3,7,1030,440,1984,0,98133,47.7325,-122.337,1100,5250
16792,16792,6388930420,20140805T000000,582000.0,3.0,2.5,2380,19860,2.0,0,0,4,8,2380,0,1995,0,98056,47.5255,-122.173,2450,10220
16793,16793,2296700470,20141106T000000,465000.0,4.0,2.5,2170,7700,1.0,0,0,3,7,1420,750,1969,0,98034,47.7216,-122.219,1710,7770
16794,16794,1473120190,20140530T000000,386000.0,3.0,2.0,2120,7560,1.0,0,0,3,9,2120,0,1991,0,98058,47.435,-122.16,2660,7700
16795,16795,11200290,20140609T000000,546000.0,3.0,2.5,1530,3464,2.0,0,0,3,8,1530,0,1998,0,98007,47.6179,-122.141,1530,3446
16796,16796,5530000050,20141027T000000,278000.0,3.0,1.75,2710,9088,1.0,0,0,4,7,2060,650,1965,0,98001,47.3073,-122.272,1690,10454
16797,16797,7853220670,20140918T000000,540000.0,3.0,2.5,2860,8935,2.0,0,0,3,8,2860,0,2004,0,98065,47.5336,-121.855,2650,6167
16798,16798,3124089049,20141208T000000,529000.0,4.0,1.75,2800,90169,2.0,0,0,3,7,2800,0,1934,1985,98065,47.5204,-121.829,1600,27194
16799,16799,868000305,20140617T000000,554000.0,4.0,1.0,1120,7104,1.5,0,0,3,7,1120,0,1946,0,98177,47.7055,-122.372,1370,7104
16800,16800,1311200380,20140827T000000,210000.0,3.0,1.0,1730,7210,1.0,0,0,3,7,1430,300,1963,0,98001,47.3404,-122.28,1820,7210
16801,16801,9197100101,20150504T000000,225000.0,2.0,1.0,1010,5408,1.0,0,0,4,6,1010,0,1926,0,98032,47.3759,-122.238,980,7800
16802,16802,6646200280,20140715T000000,561600.0,4.0,2.5,2350,6624,2.0,0,0,3,9,2350,0,1990,0,98074,47.6262,-122.045,2590,11240
16803,16803,7116500920,20140520T000000,300000.0,6.0,5.25,2860,5682,2.0,0,0,3,7,2860,0,1978,0,98002,47.303,-122.221,1390,5956
16804,16804,1068000255,20140827T000000,1650000.0,4.0,3.5,4285,9567,2.0,0,1,5,10,3485,800,1946,0,98199,47.6434,-122.409,2960,6902
16805,16805,1240700170,20140609T000000,1017100.0,4.0,3.75,4060,19290,2.0,0,0,3,10,4060,0,2002,0,98074,47.6051,-122.053,4020,13250
16806,16806,4031000250,20140626T000000,150000.0,3.0,1.0,1310,9612,1.0,0,0,3,7,960,350,1962,0,98001,47.2958,-122.285,1310,9812
16807,16807,7625703260,20140924T000000,400950.0,2.0,1.75,2320,6250,1.0,0,0,3,7,1400,920,1948,0,98136,47.5468,-122.386,1420,6250
16808,16808,8651580660,20150121T000000,620000.0,4.0,2.25,2210,8101,2.0,0,0,3,9,2210,0,1985,0,98074,47.6475,-122.07,2330,8842
16809,16809,6117500980,20140818T000000,449000.0,4.0,2.75,2090,14141,1.5,0,0,4,8,1680,410,1941,0,98166,47.4333,-122.347,1990,12920
16810,16810,9547205380,20140728T000000,630000.0,4.0,2.5,2240,4025,1.0,0,2,3,7,1250,990,1926,2005,98115,47.6818,-122.311,1380,3500
16811,16811,414100280,20150414T000000,336000.0,2.0,1.0,1180,7200,1.0,0,0,4,6,1180,0,1949,0,98133,47.7475,-122.342,1180,7200
16812,16812,321059091,20140605T000000,299950.0,4.0,1.75,1560,31299,1.0,0,0,4,7,1560,0,1965,0,98092,47.3384,-122.164,2460,44907
16813,16813,7772000010,20150309T000000,352500.0,4.0,2.0,1970,7451,1.0,0,0,3,8,1350,620,1962,0,98133,47.765,-122.335,1980,7510
16814,16814,7200179,20141016T000000,150000.0,2.0,1.0,840,12750,1.0,0,0,3,6,840,0,1925,0,98055,47.484,-122.211,1480,6969
16815,16815,7200179,20150424T000000,175000.0,2.0,1.0,840,12750,1.0,0,0,3,6,840,0,1925,0,98055,47.484,-122.211,1480,6969
16816,16816,8029500380,20140731T000000,305000.0,3.0,2.0,1830,10873,1.0,0,0,3,8,1830,0,1989,0,98023,47.3066,-122.394,2490,8976
16817,16817,825059178,20140923T000000,2574000.0,4.0,3.75,4475,20424,2.0,1,4,3,12,2659,1816,1999,0,98033,47.6646,-122.208,4340,5250
16818,16818,6021502750,20140715T000000,607500.0,3.0,1.5,1800,4700,1.0,0,0,3,7,1200,600,1941,0,98117,47.6858,-122.385,1580,4700
16819,16819,9268200380,20141118T000000,505000.0,2.0,1.0,1250,5040,1.0,0,0,3,7,950,300,1920,0,98117,47.6959,-122.365,1290,5040
16820,16820,2008000420,20141027T000000,280500.0,3.0,1.75,2440,10179,1.0,0,0,4,7,1220,1220,1962,0,98198,47.4118,-122.314,1650,9711
16821,16821,8914100170,20140731T000000,610000.0,3.0,2.5,2910,12283,2.0,0,2,3,10,2910,0,1993,0,98058,47.4602,-122.152,2680,22499
16822,16822,6654700250,20140812T000000,381000.0,5.0,2.75,3060,6895,2.0,0,0,3,8,3060,0,2003,0,98042,47.3809,-122.098,2590,6895
16823,16823,6139800430,20140522T000000,482000.0,5.0,2.25,2230,9600,1.0,0,0,3,8,1320,910,1978,0,98077,47.7466,-122.076,2080,9760
16824,16824,9477201470,20141022T000000,379950.0,3.0,1.0,1270,6900,1.0,0,0,3,7,1270,0,1977,0,98034,47.7279,-122.192,1480,7280
16825,16825,3025300095,20141009T000000,2500000.0,4.0,4.5,4300,19844,2.0,0,0,3,11,4300,0,1985,1999,98039,47.6218,-122.237,3070,19845
16826,16826,3211290050,20140623T000000,425000.0,3.0,2.25,1580,39189,1.0,0,0,3,7,1180,400,1992,0,98053,47.6365,-121.972,1580,29649
16827,16827,7511200190,20140910T000000,580000.0,4.0,2.25,2570,36465,2.0,0,0,4,8,2570,0,1980,0,98053,47.6555,-122.042,2390,41454
16828,16828,5739601300,20150330T000000,605000.0,2.0,1.0,860,6510,1.0,0,0,3,7,860,0,1952,0,98004,47.6021,-122.202,1740,10800
16829,16829,3278602660,20140520T000000,194000.0,1.0,1.0,820,1060,1.0,0,0,3,8,760,60,2007,0,98126,47.5472,-122.372,1770,1853
16830,16830,8078410250,20150401T000000,546200.0,4.0,2.25,2090,8579,2.0,0,0,3,8,2090,0,1987,0,98074,47.6364,-122.03,1850,8843
16831,16831,2798000020,20140815T000000,1395000.0,4.0,3.5,3560,16782,2.0,0,0,3,10,2560,1000,2014,0,98040,47.5569,-122.225,3100,18047
16832,16832,2739200050,20150403T000000,315000.0,3.0,1.75,1860,9629,1.0,0,0,4,7,1240,620,1961,0,98059,47.4913,-122.143,1940,9629
16833,16833,9278200095,20141217T000000,465000.0,3.0,1.5,900,8690,1.5,0,0,5,6,900,0,1941,0,98116,47.5751,-122.393,1000,6150
16834,16834,3222079120,20141001T000000,330000.0,2.0,1.0,1160,32251,1.0,0,0,3,6,580,580,1963,2000,98010,47.3537,-121.939,1160,33656
16835,16835,4401200010,20140808T000000,795000.0,4.0,2.75,3100,7501,2.0,0,0,3,10,3100,0,1998,0,98052,47.6859,-122.109,3140,8672
16836,16836,2473250280,20140826T000000,265000.0,4.0,2.25,2300,9100,1.0,0,0,3,7,1280,1020,1977,0,98058,47.4576,-122.16,1640,9100
16837,16837,4441300170,20150112T000000,1300000.0,4.0,2.5,3110,11857,2.0,0,4,3,11,2040,1070,1990,0,98117,47.6952,-122.402,3110,11570
16838,16838,723049530,20150505T000000,126500.0,3.0,1.0,1130,12212,1.0,0,0,3,6,1130,0,1942,0,98146,47.4952,-122.34,1190,9240
16839,16839,6752510010,20140805T000000,760000.0,4.0,2.5,2920,7901,2.0,0,0,3,9,2920,0,2004,0,98052,47.7036,-122.125,3020,7900
16840,16840,955000430,20140903T000000,540000.0,2.0,1.25,1230,1569,2.0,0,0,3,9,1050,180,2009,0,98112,47.6193,-122.304,1100,1230
16841,16841,8663100050,20140519T000000,446000.0,5.0,2.75,2190,12687,1.0,0,0,5,7,1370,820,1978,0,98028,47.7762,-122.257,2280,10784
16842,16842,226109056,20150326T000000,170000.0,1.0,0.75,850,5600,1.0,0,2,3,6,850,0,1903,1994,98019,47.7654,-121.48,900,12250
16843,16843,2558600130,20141023T000000,379000.0,3.0,2.5,1500,7420,1.0,0,0,3,7,1000,500,1972,0,98034,47.7236,-122.174,1840,7272
16844,16844,8823900290,20150317T000000,1400000.0,9.0,4.0,4620,5508,2.5,0,0,3,11,3870,750,1915,0,98105,47.6684,-122.309,2710,4320
16845,16845,8691400080,20140620T000000,800000.0,4.0,2.75,3150,7035,2.0,0,0,3,9,3150,0,2004,0,98075,47.5979,-121.974,3200,7035
16846,16846,621069102,20150316T000000,260000.0,3.0,1.0,1300,10139,1.0,0,0,3,7,1300,0,1962,2007,98042,47.3427,-122.087,1260,10139
16847,16847,5456000280,20150310T000000,820000.0,5.0,2.5,3160,8000,1.0,0,0,4,7,1580,1580,1960,0,98040,47.5735,-122.208,2440,8079
16848,16848,2891400380,20150414T000000,449950.0,3.0,1.75,2070,96703,1.0,0,3,4,7,2070,0,1999,0,98092,47.2853,-122.008,1820,117612
16849,16849,2297400020,20140902T000000,392000.0,3.0,2.25,1790,7125,1.0,0,0,3,7,1220,570,1974,0,98034,47.7184,-122.226,2040,7950
16850,16850,7215721350,20150422T000000,465000.0,3.0,2.5,1650,4636,2.0,0,0,3,8,1650,0,1999,0,98075,47.5997,-122.016,1650,4504
16851,16851,5490210670,20140822T000000,449950.0,4.0,2.5,2070,7312,1.0,0,0,4,7,1230,840,1977,0,98052,47.6958,-122.12,1770,7668
16852,16852,6431500122,20150428T000000,520000.0,3.0,1.5,1580,8841,1.5,0,0,5,7,1180,400,1923,0,98103,47.6931,-122.352,1580,7512
16853,16853,3376600170,20140828T000000,546800.0,4.0,2.25,2170,10000,1.0,0,0,3,8,1420,750,1975,0,98008,47.6219,-122.109,2390,11000
16854,16854,8861000235,20150324T000000,825000.0,4.0,2.75,2220,11925,1.0,0,0,3,7,1560,660,1953,1985,98004,47.6381,-122.205,2500,11377
16855,16855,2881700231,20150422T000000,337000.0,3.0,1.75,1440,11364,1.0,0,0,3,7,1440,0,1985,0,98155,47.743,-122.328,1950,9390
16856,16856,534000080,20140611T000000,333000.0,2.0,1.0,720,6686,1.0,0,0,3,6,720,0,1942,0,98117,47.7003,-122.362,1200,6686
16857,16857,6371000020,20141111T000000,380000.0,2.0,2.0,1120,780,2.0,0,0,3,8,760,360,2004,0,98116,47.5788,-122.41,1120,1322
16858,16858,7212651440,20150428T000000,280000.0,3.0,2.5,1970,8426,2.0,0,0,3,8,1970,0,1992,0,98003,47.2674,-122.306,1970,9197
16859,16859,7575500080,20141120T000000,202000.0,3.0,1.5,1420,9081,1.0,0,0,4,6,1420,0,1990,0,98022,47.1948,-121.999,1090,8410
16860,16860,7197800020,20150427T000000,585000.0,4.0,2.5,2250,4119,2.0,0,0,3,8,2250,0,2001,0,98075,47.5973,-122.034,2290,3115
16861,16861,5592900285,20141104T000000,435000.0,4.0,2.0,2630,9663,1.0,0,1,4,8,1330,1300,1956,0,98056,47.4841,-122.19,1900,8894
16862,16862,525069127,20140523T000000,1200000.0,4.0,3.5,4740,172497,2.0,0,0,3,11,4740,0,2003,0,98053,47.6779,-122.075,2120,49658
16863,16863,2460900010,20140924T000000,364000.0,2.0,2.25,1280,2574,2.0,0,0,3,7,1280,0,1992,0,98144,47.5939,-122.302,1250,3960
16864,16864,1566100595,20140514T000000,300000.0,3.0,1.0,1260,8280,1.0,0,0,3,6,1260,0,1946,0,98115,47.7,-122.299,2100,8280
16865,16865,8682291680,20150317T000000,558000.0,2.0,1.75,1930,4601,1.0,0,0,3,8,1930,0,2006,0,98053,47.7196,-122.022,1670,4500
16866,16866,7841300285,20140811T000000,199950.0,1.0,1.5,1048,4800,1.0,0,0,3,7,1048,0,1942,0,98055,47.4759,-122.212,950,4800
16867,16867,6071700020,20140827T000000,515000.0,3.0,2.25,1640,8400,1.0,0,0,4,8,1640,0,1962,0,98006,47.5484,-122.172,2110,8400
16868,16868,4315700275,20141107T000000,590000.0,4.0,2.5,2380,4950,2.0,0,0,3,8,2380,0,2004,0,98136,47.5382,-122.391,1370,5120
16869,16869,2330000130,20140723T000000,813500.0,4.0,2.0,2530,15520,1.0,0,0,5,8,2220,310,1964,0,98005,47.613,-122.167,2500,13300
16870,16870,1246700103,20150423T000000,725000.0,4.0,2.5,2700,25870,2.0,0,0,4,8,2700,0,1992,0,98033,47.6934,-122.161,1540,20720
16871,16871,7504200250,20150428T000000,490000.0,3.0,2.25,2330,3600,1.5,0,0,3,8,2330,0,1971,0,98074,47.631,-122.061,2050,4275
16872,16872,3797310010,20140827T000000,277000.0,3.0,2.25,2160,9612,2.0,0,0,3,7,2160,0,1994,0,98022,47.1927,-122.011,1970,9247
16873,16873,4058000010,20140509T000000,325000.0,4.0,1.5,1470,70800,1.0,0,0,3,7,1470,0,1976,0,98010,47.3458,-121.948,1810,72337
16874,16874,3888100022,20140925T000000,649800.0,4.0,2.5,2280,9827,2.0,0,0,3,8,2280,0,1995,0,98033,47.6883,-122.168,1660,9827
16875,16875,1934800022,20140723T000000,425000.0,3.0,1.0,1280,3200,1.5,0,0,3,7,1280,0,1903,0,98122,47.6029,-122.307,1320,1676
16876,16876,3501100280,20150329T000000,460000.0,2.0,1.0,850,4650,1.0,0,0,3,7,850,0,1975,0,98117,47.6926,-122.365,980,4700
16877,16877,2725069108,20140805T000000,750000.0,3.0,3.25,4610,81935,2.0,0,0,4,9,4610,0,1984,0,98074,47.6217,-122.021,2900,43500
16878,16878,126039413,20140710T000000,469000.0,5.0,2.5,2690,11745,1.0,0,0,3,8,1790,900,1960,0,98177,47.7708,-122.362,2670,7905
16879,16879,461001435,20140610T000000,566000.0,4.0,1.75,2440,5000,1.0,0,0,3,8,1340,1100,1954,0,98117,47.6823,-122.371,2170,5000
16880,16880,6403500290,20140502T000000,407500.0,3.0,2.5,1930,10460,2.0,0,0,3,8,1930,0,1996,0,98059,47.4938,-122.161,2290,8228
16881,16881,2826049108,20141028T000000,353500.0,2.0,1.0,800,8775,1.0,0,0,3,6,800,0,1942,0,98125,47.7171,-122.307,1470,8976
16882,16882,1823069102,20140508T000000,524000.0,3.0,2.25,2430,73151,1.0,0,0,3,8,2430,0,1974,0,98059,47.4749,-122.092,2800,39250
16883,16883,4233400280,20140822T000000,264950.0,4.0,2.5,1990,9656,2.0,0,0,3,7,1990,0,1994,0,98010,47.3125,-121.998,1500,9656
16884,16884,1088800470,20141028T000000,547500.0,3.0,2.5,2550,10355,2.0,0,0,3,9,2550,0,1990,0,98011,47.739,-122.203,2550,10084
16885,16885,2025701060,20141117T000000,264500.0,3.0,2.25,1370,7087,2.0,0,0,3,7,1370,0,1993,0,98038,47.3504,-122.035,1400,6600
16886,16886,7922900250,20140520T000000,507500.0,3.0,2.0,2020,8118,1.0,0,0,3,7,1020,1000,1963,0,98008,47.5866,-122.118,1670,8118
16887,16887,6372000280,20141008T000000,560000.0,3.0,3.5,1560,2198,2.0,0,0,3,8,1180,380,2006,0,98116,47.5812,-122.403,1550,1467
16888,16888,1424130050,20141216T000000,995000.0,5.0,4.0,5610,22529,2.0,0,0,3,11,4090,1520,1996,0,98072,47.7239,-122.092,3860,24751
16889,16889,7942601435,20150324T000000,835000.0,6.0,2.0,3560,5120,2.5,0,2,3,9,3560,0,1900,0,98122,47.6056,-122.311,2130,5120
16890,16890,3959401284,20140626T000000,440000.0,3.0,1.5,2120,6290,1.0,0,0,4,8,1220,900,1949,0,98108,47.5658,-122.318,1620,5400
16891,16891,1370802335,20140728T000000,1015000.0,3.0,2.5,2920,5629,1.0,0,2,5,8,1460,1460,1955,0,98199,47.642,-122.405,2380,5000
16892,16892,4058801680,20140523T000000,300000.0,2.0,1.0,1340,7788,1.0,0,2,3,7,1340,0,1947,0,98178,47.5094,-122.244,2550,7788
16893,16893,3501100050,20141210T000000,125000.0,3.0,1.0,1230,4800,1.5,0,0,1,6,1230,0,1916,0,98117,47.6941,-122.365,1230,4800
16894,16894,1231000895,20141105T000000,986000.0,4.0,3.5,2840,5900,2.0,0,0,3,10,1920,920,1910,2008,98118,47.5543,-122.268,1300,4900
16895,16895,7129300500,20140812T000000,315000.0,4.0,2.5,2080,5650,1.0,0,0,3,7,1680,400,1950,0,98178,47.5107,-122.257,1270,5650
16896,16896,6752600050,20140812T000000,320000.0,4.0,2.5,2070,7007,2.0,0,0,3,7,2070,0,1996,0,98031,47.3968,-122.171,2130,8100
16897,16897,3303990380,20141204T000000,972000.0,4.0,3.25,4010,13797,2.0,0,0,3,11,4010,0,2003,0,98059,47.5229,-122.152,3980,12120
16898,16898,2579500006,20140909T000000,760000.0,3.0,2.5,2190,10000,1.0,0,0,4,7,1540,650,1957,0,98040,47.5419,-122.214,2880,11782
16899,16899,3365900462,20140903T000000,265000.0,4.0,3.0,1730,7264,2.0,0,0,3,6,1730,0,1920,0,98168,47.4738,-122.264,1500,12104
16900,16900,2695600130,20141118T000000,355000.0,2.0,1.0,1250,4558,1.0,0,0,3,7,1250,0,1948,0,98126,47.5318,-122.379,1180,4494
16901,16901,3438501700,20140827T000000,300000.0,3.0,1.0,1300,20812,1.0,0,0,3,6,1300,0,1927,0,98106,47.5435,-122.359,1210,17340
16902,16902,3876311350,20140826T000000,474950.0,5.0,2.5,2080,8347,1.0,0,0,4,7,1460,620,1975,0,98034,47.7334,-122.168,1840,7713
16903,16903,4046710050,20140827T000000,470000.0,4.0,2.0,2180,17180,2.0,0,0,4,7,2180,0,1977,0,98014,47.698,-121.92,1880,14043
16904,16904,1725059259,20141125T000000,437500.0,3.0,1.0,1630,16393,1.0,0,0,3,7,1630,0,1969,0,98033,47.6576,-122.186,1880,23497
16905,16905,7518503220,20141028T000000,520000.0,2.0,1.5,1840,3825,1.0,0,0,3,8,1040,800,1928,0,98117,47.6808,-122.38,1290,5100
16906,16906,3445000005,20141117T000000,237600.0,2.0,1.0,1370,11584,1.0,0,0,4,6,1370,0,1950,0,98198,47.4224,-122.293,1330,8012
16907,16907,3530420020,20140711T000000,162950.0,2.0,1.0,950,2784,1.0,0,0,4,8,950,0,1972,0,98198,47.3793,-122.321,1080,3899
16908,16908,6893300290,20141111T000000,457000.0,3.0,1.75,1690,6375,1.0,0,0,3,8,1690,0,1903,2002,98024,47.5247,-121.926,1270,7774
16909,16909,7856560480,20140808T000000,635000.0,3.0,2.5,1780,11000,1.0,0,0,4,8,1210,570,1980,0,98006,47.5574,-122.149,2310,9700
16910,16910,8121100415,20140530T000000,735000.0,4.0,3.0,2840,4120,1.5,0,0,4,8,2060,780,1931,0,98118,47.5683,-122.283,1840,5871
16911,16911,3754501060,20140918T000000,910000.0,2.0,2.5,2000,5150,2.0,0,4,3,9,2000,0,1992,0,98034,47.7056,-122.223,2510,6800
16912,16912,3278602040,20141021T000000,346500.0,3.0,3.25,1570,2048,2.0,0,0,3,8,1290,280,2006,0,98126,47.548,-122.375,1570,2006
16913,16913,1592000050,20140905T000000,655000.0,4.0,2.5,2370,9517,1.0,0,0,3,9,1630,740,1984,0,98074,47.6222,-122.034,2440,9035
16914,16914,1324079007,20141110T000000,425000.0,3.0,1.75,1610,144619,1.0,0,0,3,7,1610,0,1977,0,98024,47.5659,-121.863,2220,144619
16915,16915,7140600225,20150217T000000,137000.0,3.0,1.0,1300,10125,1.0,0,0,4,6,1300,0,1959,0,98002,47.2921,-122.215,1300,10125
16916,16916,200500680,20140715T000000,557500.0,3.0,2.5,2620,11056,2.0,0,0,3,9,2620,0,1988,0,98011,47.7378,-122.218,2560,8688
16917,16917,421079142,20140509T000000,415000.0,4.0,2.25,3060,48787,2.0,0,0,3,8,3060,0,1992,0,98010,47.3397,-121.918,2090,48787
16918,16918,9346700280,20140620T000000,830000.0,5.0,2.25,2780,10192,2.0,0,0,4,9,2780,0,1978,0,98007,47.6134,-122.152,2740,9900
16919,16919,293800680,20150415T000000,949000.0,4.0,3.0,4270,85643,2.0,0,0,3,11,4270,0,1991,0,98077,47.7711,-122.048,3760,51170
16920,16920,339600190,20141014T000000,420000.0,3.0,1.0,1310,3963,1.0,0,0,5,7,1310,0,1986,0,98052,47.6826,-122.096,1010,3363
16921,16921,1787600190,20150403T000000,353000.0,2.0,1.0,1100,7500,1.0,0,0,3,7,1100,0,1951,0,98125,47.7235,-122.326,1920,7149
16922,16922,2026079016,20140904T000000,560000.0,3.0,1.75,1480,383328,1.5,0,0,3,8,1480,0,1980,0,98019,47.7192,-121.932,1480,67082
16923,16923,8673400086,20140502T000000,445700.0,3.0,2.5,1270,1180,3.0,0,0,3,8,1270,0,2001,0,98107,47.6697,-122.392,1320,1180
16924,16924,2760200050,20140717T000000,226000.0,4.0,1.0,1270,6459,1.5,0,0,3,7,1270,0,1918,0,98118,47.5441,-122.273,1300,4100
16925,16925,3205000050,20141205T000000,358000.0,3.0,1.0,890,9870,1.0,0,0,4,7,890,0,1960,0,98056,47.5398,-122.178,1270,9861
16926,16926,2201500680,20150305T000000,501000.0,3.0,1.75,1480,8667,1.0,0,0,5,7,740,740,1954,0,98006,47.5718,-122.136,1600,10644
16927,16927,4022902555,20150321T000000,609000.0,4.0,2.5,3240,23870,1.0,0,0,3,9,1840,1400,1972,0,98155,47.7731,-122.282,2290,13340
16928,16928,3410600080,20140709T000000,734950.0,4.0,3.25,4280,47179,2.0,0,0,3,10,3050,1230,2002,0,98092,47.3017,-122.127,2820,43401
16929,16929,7385300020,20140613T000000,725000.0,5.0,2.5,3210,12000,1.0,0,0,4,8,1830,1380,1968,0,98007,47.6205,-122.148,2450,12000
16930,16930,3876312570,20140811T000000,350500.0,3.0,2.25,1870,7200,1.0,0,0,3,7,1390,480,1975,0,98072,47.734,-122.174,1830,7876
16931,16931,5016002275,20140602T000000,610000.0,5.0,2.5,3990,3839,1.0,0,0,4,8,1990,2000,1962,0,98112,47.6236,-122.299,2090,5000
16932,16932,3213200250,20141106T000000,605125.0,2.0,1.0,1160,5029,1.0,0,0,3,7,910,250,1940,0,98115,47.6723,-122.266,1220,5029
16933,16933,6448000010,20150428T000000,1388000.0,4.0,2.25,2940,20384,2.0,0,0,4,9,2940,0,1970,0,98004,47.6214,-122.227,3410,19910
16934,16934,1330900050,20150421T000000,550000.0,3.0,2.25,1850,37264,2.0,0,0,3,8,1850,0,1981,0,98053,47.6486,-122.035,2390,36036
16935,16935,2810600022,20141007T000000,335000.0,2.0,1.75,1060,1202,2.0,0,0,3,7,760,300,2003,0,98136,47.5426,-122.388,1060,1493
16936,16936,1761600050,20141231T000000,397000.0,3.0,2.0,1100,9165,1.0,0,0,4,7,1100,0,1969,0,98034,47.7304,-122.231,1510,8500
16937,16937,4233400480,20141124T000000,240000.0,3.0,2.0,1190,10299,1.0,0,0,3,7,1190,0,1994,0,98010,47.31399999999999,-122.0,1700,9849
16938,16938,4222310680,20140926T000000,240000.0,3.0,2.0,1030,11118,1.0,0,0,5,7,1030,0,1970,0,98003,47.3463,-122.308,1300,7920
16939,16939,5630500005,20141120T000000,262500.0,2.0,1.5,1140,14373,1.0,0,0,3,7,1140,0,1949,1996,98011,47.7354,-122.219,2140,9860
16940,16940,9523102040,20140922T000000,440000.0,3.0,1.5,2260,5300,1.0,0,0,3,7,1200,1060,1940,0,98103,47.6756,-122.348,1950,5000
16941,16941,2626119028,20150323T000000,160000.0,3.0,1.0,1140,3240,1.5,0,0,4,6,1140,0,1910,0,98014,47.7093,-121.364,1140,4700
16942,16942,5015001680,20140611T000000,427000.0,4.0,1.0,1860,4736,1.5,0,0,1,7,1860,0,1901,0,98112,47.6251,-122.3,1800,4000
16943,16943,7202360430,20140701T000000,920000.0,4.0,3.5,4080,10666,2.0,0,0,3,9,4080,0,2005,0,98053,47.6818,-122.023,3920,8154
16944,16944,3880900170,20140805T000000,2300000.0,4.0,2.5,3280,7100,2.0,0,4,3,10,2180,1100,1911,1987,98119,47.6285,-122.362,3240,6674
16945,16945,926069142,20141124T000000,480000.0,4.0,2.5,2870,35757,2.0,0,0,4,9,2870,0,1977,0,98077,47.7568,-122.05,2700,41221
16946,16946,2790410250,20140505T000000,615000.0,4.0,1.75,2300,11700,1.0,0,0,4,9,1960,340,1977,0,98052,47.6331,-122.094,2840,12000
16947,16947,6681500080,20140822T000000,736500.0,3.0,2.0,2230,4800,1.5,0,0,4,7,1290,940,1915,0,98199,47.645,-122.386,1650,5040
16948,16948,9274201809,20141119T000000,542500.0,3.0,2.5,1920,1649,2.5,0,0,3,8,1600,320,2004,0,98116,47.5901,-122.388,1650,3053
16949,16949,418000415,20150319T000000,191000.0,2.0,1.0,700,5000,1.0,0,0,5,6,700,0,1952,0,98056,47.4927,-122.172,1040,5200
16950,16950,8078460050,20140718T000000,730000.0,4.0,2.5,2740,11975,2.0,0,0,4,8,2740,0,1991,0,98074,47.6315,-122.028,2310,9068
16951,16951,7151700585,20141125T000000,1225000.0,5.0,2.25,3440,5000,2.0,0,2,5,9,3440,0,1901,0,98122,47.6127,-122.286,2822,5000
16952,16952,2722059292,20140604T000000,129000.0,1.0,1.0,650,15364,1.0,0,0,4,5,650,0,1967,0,98042,47.3721,-122.159,1630,7952
16953,16953,2223059099,20140709T000000,284000.0,3.0,1.5,1500,10018,1.0,0,0,4,7,1500,0,1957,0,98058,47.468,-122.163,1500,10937
16954,16954,1703050500,20150321T000000,645000.0,3.0,2.5,2490,5978,2.0,0,0,3,9,2490,0,2003,0,98074,47.6298,-122.022,2710,6629
16955,16955,6386600130,20140624T000000,218000.0,3.0,1.5,1330,7600,1.0,0,0,4,7,1330,0,1968,0,98023,47.3103,-122.366,1500,7776
16956,16956,9194102188,20141009T000000,675000.0,4.0,3.5,3190,6875,2.0,0,2,3,8,2120,1070,1999,0,98034,47.7082,-122.221,2550,6875
16957,16957,2464400285,20141229T000000,575000.0,3.0,2.5,1590,2910,2.0,0,0,3,7,1110,480,1984,0,98115,47.6855,-122.321,1590,3880
16958,16958,6450301310,20141030T000000,225000.0,2.0,1.0,830,5720,1.0,0,0,4,6,830,0,1950,0,98133,47.7339,-122.339,1150,5250
16959,16959,7427800080,20150408T000000,626000.0,3.0,2.25,1810,5107,2.0,0,0,3,8,1810,0,1989,0,98033,47.6882,-122.171,1760,5454
16960,16960,40000669,20150319T000000,499950.0,4.0,2.5,2910,20067,2.0,0,0,3,9,2910,0,2001,0,98168,47.4714,-122.273,1730,21420
16961,16961,5538300225,20140513T000000,405000.0,4.0,1.75,2180,13529,1.0,0,0,3,7,1090,1090,1956,0,98155,47.7516,-122.294,2000,13529
16962,16962,4239400840,20141029T000000,152500.0,3.0,1.0,1090,3523,1.0,0,0,4,6,1090,0,1969,0,98092,47.3161,-122.182,1030,3200
16963,16963,8035650500,20140716T000000,325000.0,4.0,2.5,2160,6825,2.0,0,0,3,8,2160,0,1994,0,98031,47.4111,-122.2,2020,7035
16964,16964,3888100029,20140529T000000,475300.0,3.0,1.0,2110,10005,1.0,0,0,5,7,1110,1000,1924,0,98033,47.688,-122.168,1360,9827
16965,16965,4364700585,20150408T000000,485000.0,3.0,1.75,2180,7318,1.0,0,0,4,7,1210,970,1967,0,98126,47.5251,-122.37,2140,7560
16966,16966,9839300285,20150412T000000,720000.0,3.0,2.5,2100,2200,2.0,0,0,4,7,1500,600,1919,0,98122,47.614,-122.294,1750,4400
16967,16967,6141100380,20140515T000000,465000.0,3.0,1.75,1410,6886,1.0,0,0,3,7,1410,0,1924,2013,98133,47.7183,-122.353,1410,6561
16968,16968,5652601330,20140604T000000,489000.0,3.0,1.5,1020,9072,1.0,0,0,3,7,920,100,1930,0,98115,47.695,-122.301,1620,7930
16969,16969,3025059093,20140729T000000,3100000.0,5.0,5.25,5090,23669,2.0,0,0,3,12,5090,0,2006,0,98004,47.6297,-122.216,3830,22605
16970,16970,5466700290,20150108T000000,288000.0,3.0,2.25,2090,7500,1.0,0,0,4,7,1280,810,1977,0,98031,47.3951,-122.172,1800,7350
16971,16971,5437800020,20140808T000000,225000.0,3.0,1.75,1350,9793,1.0,0,0,4,7,1350,0,1968,0,98022,47.1981,-122.003,1690,8080
16972,16972,7784400185,20150421T000000,499000.0,3.0,1.75,2650,11774,1.0,0,1,3,8,2240,410,1952,0,98146,47.4909,-122.363,2650,10120
16973,16973,5561301150,20141111T000000,632000.0,5.0,3.0,3520,36558,2.0,0,0,4,8,2100,1420,1985,0,98027,47.4658,-122.007,3000,36558
16974,16974,1523550480,20140613T000000,580000.0,3.0,2.5,2040,4627,2.0,0,0,3,8,2040,0,1992,0,98052,47.6365,-122.108,2230,4500
16975,16975,8083400066,20150423T000000,730000.0,4.0,1.5,2340,5000,2.0,0,0,3,8,2100,240,1912,0,98122,47.6065,-122.291,2320,5500
16976,16976,3797710020,20150327T000000,325000.0,4.0,2.25,1770,7799,2.0,0,0,3,7,1770,0,1998,0,98031,47.4192,-122.202,1770,7778
16977,16977,3205200480,20150415T000000,421000.0,3.0,1.75,1100,8662,1.0,0,0,5,7,1100,0,1964,0,98056,47.5368,-122.173,1100,9240
16978,16978,869700050,20150120T000000,316000.0,3.0,2.5,1490,4078,2.0,0,0,3,8,1490,0,1998,0,98059,47.4915,-122.155,1310,2767
16979,16979,2877101310,20140804T000000,415000.0,2.0,1.0,1460,4200,1.0,0,0,4,6,880,580,1914,0,98117,47.6774,-122.361,1540,4200
16980,16980,7202330280,20140922T000000,401000.0,3.0,2.25,1350,2839,2.0,0,0,3,7,1350,0,2003,0,98053,47.6824,-122.036,1650,3093
16981,16981,6146600420,20150224T000000,229950.0,3.0,0.75,1030,12700,1.0,0,0,4,5,1030,0,1944,0,98032,47.3877,-122.236,1140,6955
16982,16982,8563030500,20150330T000000,539950.0,3.0,1.75,1820,9875,1.0,0,0,4,8,1820,0,1966,0,98008,47.6243,-122.094,2670,10000
16983,16983,3624039150,20140605T000000,335000.0,3.0,2.0,1170,5360,1.0,0,0,3,6,1170,0,1919,0,98106,47.5181,-122.364,1180,7200
16984,16984,7853210050,20140707T000000,339000.0,3.0,2.5,1450,3748,2.0,0,0,3,7,1450,0,2004,0,98065,47.532,-121.85,1970,3748
16985,16985,3293700480,20141020T000000,414950.0,4.0,1.75,2200,8545,1.0,0,0,4,7,1100,1100,1918,1982,98133,47.7481,-122.353,1940,9315
16986,16986,3210700170,20141202T000000,650000.0,4.0,2.0,1610,8976,1.0,0,0,4,8,1610,0,1966,0,98004,47.6011,-122.192,1930,8976
16987,16987,8161020050,20141203T000000,445000.0,3.0,2.5,2690,21883,2.0,0,0,3,8,2690,0,1994,0,98014,47.6462,-121.904,2370,21781
16988,16988,8731983340,20150320T000000,295000.0,3.0,2.25,1850,7800,2.0,0,0,3,9,1850,0,1974,0,98023,47.3146,-122.379,2360,8000
16989,16989,7871500280,20150413T000000,975000.0,4.0,2.25,2250,3600,2.0,0,0,4,9,2010,240,1912,1994,98119,47.643,-122.37,1910,3990
16990,16990,3276200280,20141219T000000,296500.0,3.0,1.5,1580,10100,1.0,0,0,4,7,1580,0,1961,0,98055,47.4423,-122.193,1650,10032
16991,16991,826069180,20141021T000000,440000.0,4.0,2.75,2030,56192,1.0,0,0,3,8,1550,480,1979,0,98077,47.752,-122.073,2510,44866
16992,16992,3955800080,20141229T000000,420000.0,5.0,1.5,1890,10880,1.0,0,0,3,7,1890,0,1962,0,98034,47.7196,-122.197,1670,9750
16993,16993,1657310170,20140723T000000,302000.0,3.0,2.5,2140,9492,2.0,0,0,3,8,2140,0,1994,0,98092,47.3289,-122.204,2180,9184
16994,16994,2597690050,20150409T000000,350000.0,4.0,1.75,1770,7336,1.0,0,0,4,8,1770,0,1986,0,98058,47.4265,-122.163,2030,8183
16995,16995,720079001,20140626T000000,667000.0,3.0,1.75,3320,478288,1.5,0,3,4,8,2260,1060,1933,1982,98022,47.2407,-121.953,2960,217800
16996,16996,3975400185,20150513T000000,645000.0,3.0,2.0,1640,4218,1.0,0,0,4,7,910,730,1941,0,98103,47.6546,-122.344,1670,4000
16997,16997,3342101795,20141111T000000,430000.0,4.0,2.75,1820,5400,1.0,0,0,4,7,1220,600,1988,0,98056,47.5204,-122.205,1630,5400
16998,16998,9297301190,20140513T000000,413000.0,4.0,1.0,1410,6000,1.0,0,0,3,7,810,600,1925,0,98126,47.566,-122.373,1500,4800
16999,16999,7424100050,20141201T000000,420000.0,3.0,1.0,1240,7300,1.0,0,0,3,7,1240,0,1968,0,98033,47.6775,-122.168,1240,8260
17000,17000,7199340480,20141029T000000,495000.0,3.0,2.25,1780,8050,1.0,0,0,4,7,1230,550,1979,0,98052,47.6977,-122.126,1780,7200
17001,17001,2525049259,20140812T000000,2187730.0,4.0,4.5,4240,13162,2.0,0,0,3,10,4240,0,2004,0,98039,47.6193,-122.229,3010,12163
17002,17002,8835700250,20150426T000000,965000.0,4.0,2.5,3570,17411,2.0,0,0,3,10,3570,0,1990,0,98075,47.5617,-122.03,3510,16153
17003,17003,6150700005,20141201T000000,500000.0,4.0,2.5,1900,5001,1.0,0,0,3,8,1200,700,2008,0,98133,47.7289,-122.335,1950,4680
17004,17004,6819100080,20141001T000000,636100.0,3.0,1.0,1010,6000,1.5,0,0,3,7,1010,0,1919,1977,98119,47.6438,-122.357,1960,4000
17005,17005,3904902630,20140603T000000,720000.0,4.0,2.5,2870,12648,2.0,0,0,4,9,2870,0,1986,0,98029,47.5632,-122.017,2560,12648
17006,17006,5152200020,20150504T000000,298000.0,3.0,1.75,1620,12825,1.0,0,0,3,8,1340,280,1962,0,98003,47.3321,-122.323,2076,11200
17007,17007,3300701440,20140729T000000,409000.0,2.0,1.75,1480,4000,1.0,0,0,4,6,740,740,1925,0,98117,47.6916,-122.38,1060,4000
17008,17008,1152700020,20141226T000000,370000.0,4.0,2.5,2650,5706,2.0,0,0,3,9,2650,0,2005,0,98042,47.3515,-122.164,2760,5749
17009,17009,8944300010,20140725T000000,230000.0,5.0,1.0,1410,9000,1.0,0,0,5,7,1410,0,1967,0,98023,47.3054,-122.369,1200,8346
17010,17010,8680300010,20150324T000000,290000.0,3.0,2.0,1360,6685,1.0,0,0,3,7,1360,0,1952,0,98155,47.7365,-122.324,1300,8138
17011,17011,8731950080,20150219T000000,420000.0,4.0,2.25,2930,9840,1.0,0,0,4,8,1560,1370,1977,0,98023,47.3103,-122.382,2800,8374
17012,17012,5608000080,20140722T000000,917000.0,4.0,2.5,3500,10891,2.0,0,2,3,10,3500,0,1995,0,98027,47.5533,-122.093,3820,13521
17013,17013,2225039130,20140625T000000,957000.0,5.0,3.25,3160,5000,2.0,0,2,3,10,2180,980,2005,0,98199,47.6464,-122.405,3160,5746
17014,17014,7504180130,20140701T000000,482000.0,3.0,2.25,1710,21485,2.0,0,0,3,7,1710,0,1989,0,98074,47.6198,-122.053,1680,21485
17015,17015,3956100190,20141121T000000,488000.0,3.0,1.75,2180,14734,2.0,0,0,3,9,2180,0,1990,0,98045,47.4831,-121.767,2300,21618
17016,17016,2346200050,20141017T000000,760369.0,5.0,2.5,2870,4712,2.0,0,0,3,9,2870,0,2014,0,98006,47.5463,-122.182,2870,6768
17017,17017,40000471,20140604T000000,170000.0,2.0,1.0,1500,18540,1.0,0,0,3,8,1500,0,1950,0,98168,47.4727,-122.281,1700,9355
17018,17018,9346950050,20150429T000000,625000.0,3.0,2.5,2120,10021,1.0,0,0,4,8,1230,890,1976,0,98006,47.5621,-122.135,2690,10183
17019,17019,9477201150,20141202T000000,357000.0,3.0,1.5,1590,6750,1.0,0,0,3,7,1080,510,1976,0,98034,47.73,-122.191,1590,7400
17020,17020,8078430130,20150407T000000,583000.0,3.0,2.25,1830,8276,1.0,0,0,3,8,1350,480,1989,0,98074,47.6336,-122.025,1920,8276
17021,17021,6404600006,20140820T000000,173250.0,3.0,2.0,1210,9097,1.0,0,0,4,7,1210,0,1954,0,98168,47.4849,-122.303,1360,10125
17022,17022,6415100122,20140716T000000,414050.0,4.0,2.0,1590,10331,1.5,0,0,4,7,1590,0,1956,0,98133,47.7273,-122.332,1400,9434
17023,17023,5505700020,20140618T000000,400000.0,3.0,1.75,1050,6150,1.5,0,0,4,6,950,100,1928,0,98116,47.5715,-122.394,1360,6150
17024,17024,1117300050,20150327T000000,537000.0,3.0,2.0,1550,27003,1.5,0,0,3,8,1550,0,1982,0,98074,47.606,-122.056,2400,27003
17025,17025,8651710430,20140606T000000,465000.0,4.0,2.25,2070,7500,2.0,0,0,4,7,2070,0,1977,0,98034,47.727,-122.217,2080,7700
17026,17026,9292000380,20140818T000000,425000.0,3.0,2.25,1740,9682,1.0,0,0,5,8,1740,0,1969,0,98056,47.5138,-122.173,2100,9536
17027,17027,2525059127,20141118T000000,445000.0,4.0,2.0,1700,21780,1.0,0,0,4,6,1080,620,1940,0,98052,47.6289,-122.108,2070,12054
17028,17028,1788300010,20141211T000000,179950.0,2.0,1.0,1200,9000,1.0,0,0,3,6,1200,0,1958,0,98023,47.3277,-122.349,1040,9600
17029,17029,1150700130,20150421T000000,275000.0,3.0,2.5,1710,7230,2.0,0,0,3,7,1710,0,1996,0,98003,47.2778,-122.298,1720,6537
17030,17030,3354400545,20140715T000000,190000.0,4.0,2.5,1840,13493,2.0,0,0,3,7,1840,0,1994,0,98001,47.2649,-122.242,1430,11463
17031,17031,2742100009,20140506T000000,385000.0,3.0,1.75,1900,5520,1.0,0,0,3,7,1280,620,1982,0,98118,47.5549,-122.292,1330,5196
17032,17032,2475900170,20150429T000000,303000.0,4.0,1.0,2300,9583,1.0,0,0,3,6,1220,1080,1928,0,98024,47.5671,-121.89,1200,11325
17033,17033,9189700255,20150105T000000,165000.0,3.0,1.0,970,7503,1.0,0,0,4,6,970,0,1967,0,98058,47.4688,-122.163,1230,9504
17034,17034,2769600480,20150430T000000,600000.0,2.0,2.0,1270,5000,1.0,0,0,3,6,1270,0,1944,0,98107,47.6729,-122.363,2190,5000
17035,17035,2260800170,20140718T000000,710000.0,3.0,2.25,3130,65775,2.0,0,0,4,8,3130,0,1978,0,98027,47.5462,-122.085,3130,72309
17036,17036,1118500010,20150327T000000,875000.0,5.0,3.25,4230,21455,2.0,0,0,3,10,2720,1510,1990,0,98074,47.6375,-122.015,3280,22393
17037,17037,5636010280,20140902T000000,269950.0,3.0,2.5,1480,9743,2.0,0,0,4,7,1480,0,1996,0,98010,47.3293,-122.001,1810,9601
17038,17038,2326059099,20140502T000000,838000.0,4.0,2.5,3310,42998,2.0,0,0,3,9,3310,0,2001,0,98052,47.7232,-122.131,3350,42847
17039,17039,4423100095,20140523T000000,670500.0,4.0,2.0,1590,6750,1.0,0,0,3,7,1590,0,1951,0,98102,47.6406,-122.317,2370,4500
17040,17040,8142000080,20150212T000000,420000.0,4.0,1.5,1690,9391,1.0,0,0,3,7,1290,400,1960,0,98155,47.7438,-122.329,1780,9390
17041,17041,3222059007,20140913T000000,370000.0,3.0,1.5,1690,161913,1.0,0,0,2,7,1430,260,1952,0,98030,47.356,-122.189,1930,12548
17042,17042,6648000050,20140624T000000,360000.0,3.0,1.75,1500,7200,1.0,0,0,3,7,1500,0,1957,0,98133,47.7748,-122.337,1650,7392
17043,17043,3574900170,20141003T000000,562500.0,4.0,2.5,2320,8721,2.0,0,0,3,8,2320,0,1991,0,98034,47.7326,-122.226,2260,8268
17044,17044,2008000130,20140818T000000,360500.0,3.0,2.5,3300,11525,1.0,0,0,5,8,1650,1650,1961,0,98198,47.4113,-122.315,1950,9680
17045,17045,291300010,20140521T000000,389999.0,3.0,2.25,1445,1471,2.0,0,0,3,7,1300,145,2003,0,98027,47.5342,-122.072,1410,1399
17046,17046,9412200280,20140827T000000,450000.0,4.0,3.0,1890,13140,1.0,0,0,4,7,1270,620,1967,0,98027,47.5221,-122.044,1900,11160
17047,17047,9315000010,20150303T000000,247500.0,4.0,2.0,1760,8400,1.0,0,0,3,7,1060,700,1962,0,98003,47.3258,-122.323,1280,8415
17048,17048,7889600080,20150219T000000,208000.0,3.0,1.0,1050,6240,1.0,0,0,5,5,1050,0,1948,0,98146,47.4933,-122.338,1410,6240
17049,17049,8663310010,20141226T000000,455000.0,3.0,2.5,1980,7309,2.0,0,0,3,7,1980,0,1993,0,98034,47.7257,-122.172,2060,9681
17050,17050,930000305,20141110T000000,379400.0,4.0,1.75,2120,7680,1.0,0,0,4,7,1060,1060,1950,0,98177,47.7172,-122.361,1530,7680
17051,17051,7606200275,20141230T000000,190000.0,3.0,1.5,760,40039,1.0,0,0,3,6,760,0,1906,0,98065,47.5295,-121.829,980,6000
17052,17052,203900380,20140821T000000,326188.0,3.0,1.0,1300,8800,1.0,0,0,3,7,1300,0,1977,0,98053,47.64,-121.966,1600,12210
17053,17053,880000005,20140522T000000,168000.0,2.0,2.5,1160,2174,2.0,0,0,3,7,1160,0,1998,0,98106,47.5264,-122.366,1380,1919
17054,17054,9406570290,20140516T000000,314000.0,4.0,2.5,2340,8990,2.0,0,0,3,8,2340,0,2003,0,98038,47.3781,-122.03,2980,6718
17055,17055,5561000920,20140502T000000,630000.0,4.0,2.75,2710,37277,2.0,0,0,3,9,2710,0,2000,0,98027,47.4634,-121.987,2390,39299
17056,17056,4037000470,20150316T000000,550000.0,3.0,1.75,1440,8957,1.0,0,0,4,7,1440,0,1957,0,98008,47.6008,-122.118,1340,8780
17057,17057,8651511060,20140630T000000,530000.0,4.0,2.25,1980,15086,2.0,0,0,3,8,1980,0,1981,0,98074,47.647,-122.064,2100,10927
17058,17058,9413600010,20150206T000000,637500.0,3.0,1.75,1680,10685,1.0,0,0,4,7,1680,0,1966,0,98033,47.6556,-122.193,3340,10390
17059,17059,9358001732,20150428T000000,400000.0,3.0,2.5,1390,2815,2.0,0,0,3,8,1390,0,1999,0,98126,47.566,-122.366,1390,3700
17060,17060,8820900029,20140610T000000,700000.0,5.0,2.75,3100,9825,2.0,0,2,4,8,3100,0,1950,1982,98125,47.7188,-122.281,2120,8400
17061,17061,6802200670,20141114T000000,272000.0,3.0,2.5,1680,8512,2.0,0,0,3,7,1680,0,1991,0,98022,47.1952,-121.986,1580,8512
17062,17062,7852190630,20150417T000000,600000.0,4.0,2.5,2710,6474,2.0,0,0,3,8,2710,0,2004,0,98065,47.5383,-121.878,2870,6968
17063,17063,2815600235,20150402T000000,450600.0,2.0,1.0,840,7020,1.5,0,0,4,7,840,0,1943,0,98136,47.5513,-122.394,1310,7072
17064,17064,3013300660,20141028T000000,550000.0,3.0,2.25,2090,8095,2.0,0,2,3,10,2090,0,1988,0,98136,47.5287,-122.385,1940,5635
17065,17065,8091600080,20150123T000000,225000.0,3.0,1.0,1120,8407,1.0,0,0,5,6,1120,0,1987,0,98022,47.2051,-122.006,1250,8658
17066,17066,8651402750,20150218T000000,132825.0,3.0,1.5,1210,5200,1.0,0,0,5,6,1210,0,1969,0,98042,47.3615,-122.087,1120,5200
17067,17067,8651402750,20150430T000000,219950.0,3.0,1.5,1210,5200,1.0,0,0,5,6,1210,0,1969,0,98042,47.3615,-122.087,1120,5200
17068,17068,2215500080,20140528T000000,580000.0,5.0,2.0,1940,6000,1.0,0,0,5,7,970,970,1945,0,98115,47.6875,-122.287,1700,6000
17069,17069,225069016,20140722T000000,568000.0,3.0,1.75,1930,213008,1.0,0,2,3,7,1300,630,1980,0,98053,47.6751,-121.993,2860,208652
17070,17070,766900250,20150402T000000,406000.0,3.0,1.75,1270,6017,1.0,0,0,4,7,1030,240,1990,0,98028,47.737,-122.225,1630,7381
17071,17071,2922703260,20140716T000000,469000.0,3.0,1.75,1680,2400,1.5,0,0,3,7,1170,510,1929,0,98117,47.6849,-122.367,1080,4560
17072,17072,8011100095,20140610T000000,415000.0,3.0,2.5,2090,6045,2.0,0,0,3,8,2090,0,2000,0,98056,47.4947,-122.174,2040,6392
17073,17073,2206700280,20141208T000000,390000.0,3.0,1.5,1000,13991,1.0,0,0,4,7,1000,0,1956,0,98006,47.5643,-122.138,1520,11465
17074,17074,7985000010,20150415T000000,251000.0,3.0,1.75,1350,10125,1.0,0,0,3,8,1350,0,1967,0,98003,47.3334,-122.298,1520,9720
17075,17075,1504800050,20150312T000000,750000.0,3.0,2.5,3280,6750,2.0,0,1,3,9,2440,840,2001,0,98126,47.5219,-122.38,1770,6387
17076,17076,5351200280,20150407T000000,845000.0,4.0,2.5,2390,5071,2.0,0,0,3,9,1760,630,1988,0,98122,47.6144,-122.283,1940,5071
17077,17077,7229900005,20141010T000000,350000.0,3.0,1.5,1860,17640,1.0,0,0,4,7,1860,0,1966,0,98059,47.484,-122.111,1860,17820
17078,17078,3126049217,20150225T000000,322000.0,3.0,1.0,1380,5864,1.0,0,0,3,7,790,590,1944,0,98133,47.7049,-122.339,1509,5864
17079,17079,7446500010,20150507T000000,664500.0,4.0,2.25,3070,9210,2.0,0,0,3,8,2740,330,2010,0,98011,47.7638,-122.196,2580,9660
17080,17080,2721600010,20150107T000000,988000.0,3.0,1.75,2190,3800,1.5,0,2,4,8,2190,0,1923,0,98109,47.643,-122.355,2190,3880
17081,17081,3392900080,20140706T000000,625000.0,2.0,1.75,1990,4000,1.0,0,0,5,7,1090,900,1952,0,98103,47.6889,-122.342,1270,5700
17082,17082,1524059027,20140506T000000,675000.0,2.0,1.0,930,36478,1.0,0,2,3,6,930,0,1951,0,98006,47.5699,-122.164,2800,11141
17083,17083,9414500480,20150407T000000,503000.0,3.0,1.75,2070,9827,1.0,0,0,4,7,1420,650,1967,0,98027,47.522,-122.05,2150,9827
17084,17084,8576400050,20140509T000000,431000.0,4.0,2.25,2170,10500,1.0,0,2,4,8,1270,900,1960,0,98166,47.4394,-122.338,2080,11019
17085,17085,5252000170,20141126T000000,250000.0,3.0,1.75,1910,10230,1.0,0,0,4,7,1290,620,1964,0,98031,47.4185,-122.207,1590,10800
17086,17086,2676500080,20140605T000000,268500.0,4.0,2.5,2100,4237,2.0,0,0,3,8,2100,0,2006,0,98031,47.3901,-122.174,2100,4575
17087,17087,3585900080,20150326T000000,1070000.0,6.0,3.25,3560,21400,2.0,0,4,4,9,3560,0,1952,0,98177,47.7602,-122.372,3560,24338
17088,17088,5126900321,20140529T000000,295000.0,4.0,2.5,2290,4539,2.0,0,0,3,7,2290,0,2001,0,98058,47.4753,-122.172,1710,7200
17089,17089,8563500020,20140725T000000,780000.0,3.0,2.25,2130,11782,1.0,0,0,4,8,1590,540,1977,0,98040,47.5423,-122.215,2700,11782
17090,17090,6624030050,20150428T000000,354000.0,3.0,2.5,2160,15817,2.0,0,0,3,8,2160,0,1999,0,98031,47.4166,-122.183,1990,15817
17091,17091,4343800080,20140818T000000,305000.0,2.0,1.0,860,7250,1.0,0,0,3,6,860,0,1949,0,98133,47.7206,-122.35,1270,7250
17092,17092,1873100050,20150401T000000,733000.0,5.0,2.75,2880,4425,2.0,0,0,3,8,2880,0,2005,0,98052,47.7048,-122.109,2940,6581
17093,17093,3210700380,20140916T000000,640000.0,4.0,2.75,2100,11894,1.0,0,0,4,8,1720,380,1968,0,98004,47.6006,-122.194,2390,9450
17094,17094,4099500605,20150417T000000,840000.0,4.0,2.5,2360,9600,1.0,0,2,3,8,1630,730,1973,0,98040,47.5889,-122.249,2140,6300
17095,17095,4217401365,20141210T000000,1475000.0,5.0,3.25,3680,10300,1.5,0,0,4,10,3680,0,1927,0,98105,47.6548,-122.28,2690,7200
17096,17096,923000095,20150326T000000,525000.0,3.0,1.0,1560,8100,1.0,0,0,4,8,1140,420,1952,0,98177,47.7261,-122.364,2130,8100
17097,17097,1828000050,20140514T000000,625000.0,4.0,2.75,1680,11180,1.0,0,0,4,7,1680,0,1966,0,98052,47.6557,-122.127,2400,9627
17098,17098,9126100346,20140617T000000,350000.0,3.0,2.0,1380,3600,3.0,0,0,3,8,1380,0,2015,0,98122,47.6074,-122.305,1480,3600
17099,17099,2919201365,20140616T000000,650000.0,4.0,2.75,2610,4160,3.0,0,0,5,8,1910,700,1910,0,98103,47.6901,-122.357,1470,4140
17100,17100,9297300500,20141023T000000,435000.0,2.0,1.0,870,4000,1.0,0,2,3,7,870,0,1950,0,98126,47.5682,-122.374,1690,4000
17101,17101,6073200010,20140626T000000,660000.0,3.0,1.0,1210,9622,1.0,0,1,3,8,1210,0,1955,2009,98006,47.5728,-122.179,1580,9714
17102,17102,8807810660,20150302T000000,350000.0,3.0,1.0,1150,12877,1.0,0,0,4,6,1150,0,1970,0,98053,47.6614,-122.056,1490,12150
17103,17103,2112700185,20150325T000000,435000.0,3.0,2.5,3110,6000,1.0,0,2,3,8,1560,1550,1967,0,98106,47.5331,-122.353,2060,6000
17104,17104,1789800020,20140603T000000,375900.0,6.0,1.5,2550,33740,1.0,0,0,4,8,1750,800,1958,0,98023,47.3222,-122.362,2010,28200
17105,17105,3275300050,20141124T000000,272000.0,3.0,3.0,2430,10500,1.0,0,0,4,8,2150,280,1983,0,98003,47.2579,-122.312,1670,9800
17106,17106,3279000420,20150115T000000,233000.0,3.0,1.75,1460,7800,1.0,0,0,2,7,1040,420,1979,0,98023,47.3035,-122.382,1310,7865
17107,17107,952001660,20140916T000000,500000.0,4.0,1.5,1330,5750,1.5,0,2,3,7,1330,0,1915,0,98116,47.5681,-122.384,1360,5750
17108,17108,4023500362,20150402T000000,540000.0,4.0,1.75,2040,9322,1.0,0,0,3,8,1440,600,1977,0,98155,47.7611,-122.298,1910,10026
17109,17109,9510910050,20140701T000000,712000.0,3.0,2.5,2375,4094,2.0,0,0,3,9,2375,0,2002,0,98052,47.6627,-122.086,2095,4442
17110,17110,1137400050,20140925T000000,425000.0,4.0,2.5,2480,4504,2.0,0,0,3,7,2480,0,2005,0,98059,47.4998,-122.15,2950,4504
17111,17111,8864000425,20140805T000000,242000.0,3.0,1.75,1580,6099,1.0,0,0,5,7,790,790,1944,0,98168,47.4807,-122.29,1330,6099
17112,17112,5518800010,20140703T000000,515000.0,5.0,3.25,2740,9629,1.0,0,0,5,7,1390,1350,1977,0,98011,47.7645,-122.197,2150,10500
17113,17113,3204800430,20140708T000000,415000.0,4.0,1.75,1920,7700,2.0,0,0,4,7,1920,0,1970,0,98056,47.5381,-122.177,1310,7700
17114,17114,5152960080,20141210T000000,375000.0,3.0,2.75,2200,9600,1.0,0,3,4,8,1570,630,1977,0,98003,47.3438,-122.323,2680,9896
17115,17115,7696500280,20141027T000000,182500.0,3.0,1.0,910,7194,1.0,0,0,4,7,910,0,1971,0,98001,47.3337,-122.275,1530,7200
17116,17116,8643000190,20150323T000000,310000.0,3.0,1.5,1860,10379,1.0,0,0,3,7,1240,620,1963,0,98198,47.3962,-122.309,2240,11328
17117,17117,7625701045,20141027T000000,360000.0,3.0,1.75,1510,6000,1.0,0,0,3,7,1060,450,1947,0,98136,47.5535,-122.39,1610,6000
17118,17118,7202360670,20150408T000000,889000.0,4.0,3.5,3920,9555,2.0,0,0,3,9,3920,0,2004,0,98053,47.6797,-122.025,3920,8598
17119,17119,4305700086,20150410T000000,450500.0,2.0,1.0,1330,3698,1.0,0,0,3,7,1330,0,1952,0,98117,47.6866,-122.372,1900,5000
17120,17120,731500170,20150422T000000,342000.0,4.0,2.25,1964,3541,2.0,0,0,3,9,1964,0,2013,0,98030,47.3594,-122.201,1757,3547
17121,17121,5096300130,20140714T000000,413000.0,3.0,2.0,1520,3451,1.0,0,0,3,8,1520,0,1996,0,98177,47.7753,-122.375,1800,3451
17122,17122,1441600020,20140527T000000,960000.0,5.0,4.0,3720,15200,2.0,0,0,3,10,3720,0,2005,0,98075,47.5956,-122.026,4100,19036
17123,17123,6163900073,20140905T000000,180000.0,2.0,1.0,770,9370,1.0,0,0,3,7,770,0,1947,0,98155,47.762,-122.321,1060,9352
17124,17124,5581400080,20140618T000000,770000.0,4.0,2.5,3210,14910,2.0,0,0,3,10,3210,0,1995,0,98074,47.6073,-122.062,3280,14910
17125,17125,8100000080,20140813T000000,224400.0,3.0,1.75,1070,7200,1.0,0,0,3,7,1070,0,1994,0,98010,47.3129,-122.023,1280,7200
17126,17126,5379806590,20150430T000000,280000.0,3.0,1.5,1430,8861,1.0,0,0,3,7,1430,0,1956,0,98188,47.4454,-122.289,1080,9425
17127,17127,9286100250,20150319T000000,500000.0,3.0,2.5,1670,2575,2.0,0,0,3,8,1670,0,2000,0,98027,47.531000000000006,-122.047,1670,2897
17128,17128,4337600005,20150203T000000,153000.0,2.0,1.0,710,9000,1.0,0,0,5,6,710,0,1943,0,98166,47.4811,-122.339,1230,9000
17129,17129,3645100280,20140613T000000,385000.0,3.0,2.25,1920,4833,1.0,0,0,4,7,1060,860,1921,0,98133,47.7067,-122.352,1580,5134
17130,17130,6170900190,20140819T000000,325000.0,2.0,1.0,750,5534,1.0,0,0,3,7,750,0,1947,0,98177,47.7017,-122.36,1050,5534
17131,17131,8581400345,20150409T000000,315000.0,4.0,3.0,2210,4191,2.0,0,0,3,7,2210,0,2004,0,98002,47.2959,-122.225,890,4288
17132,17132,4345300050,20140617T000000,294999.0,4.0,2.5,1660,9760,2.0,0,0,3,7,1660,0,1994,0,98030,47.3635,-122.188,1580,9614
17133,17133,6143000020,20141027T000000,175000.0,3.0,1.75,1910,17003,1.5,0,0,4,8,1910,0,1963,0,98001,47.3095,-122.283,1820,14806
17134,17134,6143000020,20150406T000000,299000.0,3.0,1.75,1910,17003,1.5,0,0,4,8,1910,0,1963,0,98001,47.3095,-122.283,1820,14806
17135,17135,111000190,20150209T000000,146000.0,2.0,1.0,780,9750,1.0,0,0,3,6,780,0,1937,0,98168,47.4816,-122.322,1670,9750
17136,17136,5306100255,20141105T000000,290000.0,3.0,2.25,1650,10336,1.0,0,0,3,7,1500,150,1962,0,98133,47.7757,-122.35,1420,10260
17137,17137,1370803180,20140808T000000,1776000.0,3.0,3.25,3230,7800,2.0,0,3,3,10,3230,0,2005,0,98199,47.6348,-122.403,3030,6600
17138,17138,5249803745,20140529T000000,367500.0,2.0,1.0,810,4800,1.0,0,0,3,6,810,0,1919,0,98118,47.5614,-122.27,1040,4800
17139,17139,2787250080,20150327T000000,535000.0,4.0,2.5,2750,15099,2.0,0,0,3,8,2750,0,1994,0,98019,47.7298,-121.972,2500,14564
17140,17140,8656300345,20140805T000000,334999.0,3.0,2.5,1650,13816,2.0,0,0,3,7,1650,0,1998,0,98014,47.6553,-121.913,1630,18750
17141,17141,582000185,20140821T000000,655000.0,3.0,1.75,1960,5520,1.0,0,0,4,7,1080,880,1952,0,98199,47.6535,-122.397,1720,5760
17142,17142,191100235,20140603T000000,1298000.0,4.0,3.5,2790,10125,1.5,0,0,5,8,2790,0,1985,0,98040,47.5651,-122.22,2570,10125
17143,17143,6662410250,20150321T000000,480000.0,4.0,2.25,2230,11200,1.0,0,0,4,7,1300,930,1977,0,98011,47.7691,-122.167,2090,10563
17144,17144,1053000010,20150421T000000,465000.0,3.0,1.5,1280,4720,1.0,0,0,4,7,850,430,1941,0,98126,47.5509,-122.377,1280,4720
17145,17145,2473100635,20140508T000000,297950.0,3.0,2.0,1240,10800,1.0,0,0,3,7,1240,0,1967,2010,98058,47.449,-122.155,1480,8840
17146,17146,7960100050,20150415T000000,590000.0,3.0,2.0,1860,3600,1.5,0,0,3,7,1110,750,1915,0,98122,47.6102,-122.296,1680,3695
17147,17147,1177000130,20140522T000000,805000.0,4.0,2.75,2410,6000,1.0,0,0,5,8,1410,1000,1950,0,98107,47.6707,-122.399,1760,6000
17148,17148,8732160250,20150120T000000,204250.0,3.0,2.25,1960,7708,1.0,0,0,4,7,1490,470,1984,0,98023,47.2981,-122.374,1580,8063
17149,17149,3905100630,20140716T000000,500000.0,3.0,2.25,1710,4561,2.0,0,0,4,8,1710,0,1994,0,98029,47.5691,-122.004,1810,4770
17150,17150,5469501410,20140917T000000,490000.0,4.0,2.5,3480,12696,1.0,0,0,4,9,1980,1500,1977,0,98042,47.3816,-122.153,3480,14175
17151,17151,4107100190,20150324T000000,2500000.0,4.0,3.75,3480,14850,1.0,0,4,3,9,1870,1610,1951,2013,98004,47.6227,-122.216,4780,18480
17152,17152,5215200050,20140729T000000,750000.0,3.0,2.5,2960,69351,2.0,1,3,4,9,2960,0,1990,0,98070,47.4,-122.42,2350,41433
17153,17153,4027700006,20150409T000000,405000.0,4.0,2.5,2670,20894,2.0,0,0,3,9,2330,340,2002,0,98155,47.7735,-122.281,2440,15815
17154,17154,421000500,20140721T000000,209995.0,2.0,1.0,700,7303,1.0,0,0,5,5,700,0,1953,0,98056,47.4934,-122.166,960,6060
17155,17155,305010190,20141016T000000,680000.0,4.0,2.5,2830,8399,2.0,0,0,3,9,2830,0,1998,0,98075,47.5851,-122.034,2520,6890
17156,17156,751000190,20141002T000000,355000.0,3.0,1.75,1120,7740,1.0,0,0,4,6,860,260,1948,0,98125,47.7107,-122.291,1240,7740
17157,17157,1446400715,20150422T000000,280000.0,2.0,1.0,1310,6600,1.0,0,0,3,6,1310,0,1942,0,98168,47.4834,-122.332,1240,6600
17158,17158,4027701284,20140605T000000,385000.0,3.0,2.25,1710,11500,1.0,0,0,3,7,1210,500,1978,0,98028,47.7675,-122.267,1800,11500
17159,17159,6072000380,20140701T000000,505000.0,4.0,2.75,2200,9778,1.0,0,0,4,8,1100,1100,1962,0,98006,47.5472,-122.176,2140,11321
17160,17160,7212651100,20140822T000000,429900.0,4.0,3.25,3310,8897,2.0,0,0,3,9,2380,930,1991,0,98003,47.2655,-122.31,2490,8638
17161,17161,6977000080,20140721T000000,560000.0,4.0,2.5,2280,9874,2.0,0,0,3,9,2280,0,1989,0,98034,47.7099,-122.229,2670,9782
17162,17162,8651440780,20140929T000000,231000.0,3.0,2.0,1640,4875,1.0,0,0,4,7,1040,600,1977,0,98042,47.3661,-122.094,1640,5200
17163,17163,3298701025,20150427T000000,135000.0,2.0,1.0,750,5217,1.0,0,0,4,6,750,0,1943,0,98106,47.5188,-122.353,760,4440
17164,17164,475000605,20140623T000000,800000.0,4.0,3.0,3520,4895,1.0,0,0,3,8,1980,1540,1954,0,98107,47.6678,-122.361,1570,2153
17165,17165,1023059430,20141220T000000,420000.0,3.0,2.5,2720,8622,2.0,0,0,3,8,2720,0,2002,0,98059,47.4954,-122.163,1950,8603
17166,17166,3760000020,20141022T000000,360000.0,3.0,1.0,1660,9600,1.0,0,0,3,7,1660,0,1963,0,98034,47.708,-122.216,2020,9600
17167,17167,3905090080,20140530T000000,642000.0,4.0,2.5,2560,8780,2.0,0,0,3,9,2560,0,1992,0,98029,47.5717,-121.991,2780,8357
17168,17168,339600290,20150406T000000,379950.0,3.0,2.0,1080,5077,1.0,0,0,3,7,1080,0,1985,0,98052,47.6836,-122.095,1070,3471
17169,17169,9542400010,20140711T000000,745000.0,3.0,1.75,2050,11041,1.5,0,0,5,9,2050,0,1959,0,98005,47.5968,-122.174,2530,11041
17170,17170,1498303895,20140729T000000,630000.0,4.0,2.0,2670,3240,1.5,0,0,4,9,1780,890,1930,0,98144,47.5841,-122.294,1820,4000
17171,17171,739820050,20150505T000000,250000.0,3.0,2.5,1730,7200,2.0,0,0,4,7,1730,0,1985,0,98031,47.4029,-122.196,1770,7396
17172,17172,9238450430,20140624T000000,275000.0,3.0,1.0,990,9798,1.0,0,0,3,7,990,0,1968,0,98072,47.767,-122.164,1210,9870
17173,17173,3336000050,20150501T000000,435000.0,6.0,3.0,3560,4290,1.0,0,0,4,7,1780,1780,1957,0,98118,47.5282,-122.269,3040,6000
17174,17174,5269200050,20150305T000000,175000.0,2.0,1.0,700,8174,1.0,0,0,3,5,700,0,1941,0,98146,47.5136,-122.349,1250,8046
17175,17175,1982200430,20140612T000000,560000.0,4.0,1.75,1880,3880,1.5,0,0,4,7,1090,790,1944,0,98107,47.6635,-122.362,1390,3880
17176,17176,3763300005,20140520T000000,325000.0,4.0,2.25,1870,9680,1.0,0,0,4,7,1170,700,1959,0,98034,47.7157,-122.234,2000,9790
17177,17177,1336800185,20140617T000000,1185000.0,3.0,2.75,2500,5568,2.0,0,0,5,9,2500,0,1905,0,98112,47.6258,-122.312,2810,5568
17178,17178,1561910190,20140627T000000,399950.0,3.0,2.5,2570,10431,2.0,0,0,3,9,2570,0,1989,0,98031,47.4188,-122.213,2590,10078
17179,17179,5415350480,20140617T000000,752000.0,4.0,2.5,2940,10382,2.0,0,0,4,9,2940,0,1991,0,98059,47.5333,-122.151,2980,10547
17180,17180,1126059108,20150423T000000,1200000.0,4.0,3.5,3930,43560,2.0,0,0,3,10,3930,0,2003,0,98072,47.7497,-122.121,2860,36460
17181,17181,3818700185,20140925T000000,400000.0,4.0,1.5,2150,11026,1.0,0,0,4,7,2150,0,1952,0,98028,47.7635,-122.263,1760,10283
17182,17182,7883601155,20140530T000000,240000.0,3.0,2.0,1330,6000,1.0,0,0,4,7,630,700,1900,0,98108,47.5255,-122.327,1140,6000
17183,17183,7559600430,20141111T000000,640000.0,5.0,2.5,3220,4759,2.0,0,0,3,8,3220,0,2003,0,98075,47.5957,-122.032,2550,4759
17184,17184,3449820380,20150402T000000,564450.0,3.0,2.5,2710,6174,2.0,0,0,3,9,2710,0,1998,0,98056,47.512,-122.174,2730,7266
17185,17185,1523069022,20150506T000000,300000.0,3.0,1.5,1630,82764,1.0,0,0,4,6,1630,0,1948,0,98027,47.4743,-122.026,1680,199069
17186,17186,7569450480,20150317T000000,286000.0,3.0,2.5,1680,4226,2.0,0,0,3,8,1680,0,2003,0,98042,47.3684,-122.123,1800,5559
17187,17187,7202340190,20150219T000000,531800.0,3.0,2.5,1930,5344,2.0,0,0,3,7,1930,0,2004,0,98053,47.6783,-122.032,2410,5080
17188,17188,8651710190,20141024T000000,502000.0,4.0,2.25,2140,10943,1.0,0,0,3,7,1550,590,1977,0,98034,47.7271,-122.215,2350,9000
17189,17189,5450900010,20140821T000000,993500.0,4.0,2.25,4070,23321,2.0,0,0,4,10,4070,0,1968,0,98040,47.5563,-122.219,2820,10871
17190,17190,2201500980,20141020T000000,450000.0,3.0,1.0,1350,10000,1.0,0,0,4,7,1350,0,1954,0,98006,47.5741,-122.133,1450,10000
17191,17191,2624079028,20141027T000000,997950.0,4.0,3.5,4270,117176,2.0,0,0,3,9,4270,0,2008,0,98024,47.5352,-121.883,2610,5251
17192,17192,3095000185,20141013T000000,526000.0,3.0,1.0,1320,5250,1.5,0,0,5,7,1320,0,1913,0,98126,47.5566,-122.378,1490,5250
17193,17193,4476400275,20150114T000000,335000.0,3.0,1.75,2100,8298,1.0,0,0,4,7,1230,870,1952,0,98166,47.4601,-122.36,1700,10830
17194,17194,8018600980,20141203T000000,187250.0,2.0,1.0,710,14700,1.0,0,0,5,6,710,0,1926,0,98168,47.4939,-122.318,1320,14700
17195,17195,7173700591,20140811T000000,735000.0,3.0,2.25,2350,6000,1.0,0,0,5,7,1020,1330,1948,0,98115,47.6809,-122.305,1570,5000
17196,17196,2568800290,20150218T000000,425000.0,3.0,1.0,1180,8400,1.0,0,0,3,7,1180,0,1951,0,98125,47.7028,-122.295,1740,7020
17197,17197,5111400086,20140512T000000,110000.0,3.0,1.0,1250,53143,1.0,0,0,5,6,1250,0,1945,0,98038,47.4235,-122.051,1820,217800
17198,17198,1079350020,20140821T000000,305000.0,3.0,2.0,1490,7697,1.0,0,0,3,7,1490,0,1994,0,98059,47.4852,-122.164,1540,7529
17199,17199,88000591,20150414T000000,212000.0,3.0,1.0,1000,9450,1.0,0,0,3,6,1000,0,1962,0,98055,47.4562,-122.193,1300,13500
17200,17200,2524049108,20150512T000000,1380000.0,5.0,4.25,4050,18827,1.0,0,2,4,10,2150,1900,1979,0,98040,47.5323,-122.237,3600,25120
17201,17201,1552800280,20140918T000000,298950.0,5.0,2.25,2300,11505,1.0,0,0,3,8,1300,1000,1963,0,98030,47.3812,-122.223,2350,11505
17202,17202,2423020010,20150316T000000,525000.0,3.0,1.75,1330,8136,1.0,0,0,4,7,1330,0,1977,0,98033,47.7001,-122.173,1330,8136
17203,17203,629410130,20140514T000000,707000.0,4.0,3.25,3200,7081,2.0,0,0,3,9,3200,0,2004,0,98075,47.5886,-121.989,3120,6094
17204,17204,4139440480,20140626T000000,695000.0,3.0,2.75,2590,12063,2.0,0,0,3,10,2590,0,1993,0,98006,47.5527,-122.12,2850,8469
17205,17205,4139440480,20141201T000000,796500.0,3.0,2.75,2590,12063,2.0,0,0,3,10,2590,0,1993,0,98006,47.5527,-122.12,2850,8469
17206,17206,7016300050,20140723T000000,420000.0,4.0,2.5,2030,8100,1.0,0,0,3,7,1150,880,1973,0,98034,47.7404,-122.186,1770,8071
17207,17207,3425059099,20140625T000000,625000.0,5.0,2.5,2700,21208,1.0,0,0,4,8,1950,750,1955,0,98005,47.6078,-122.154,2550,20409
17208,17208,9541600280,20140823T000000,620000.0,3.0,1.75,1670,9900,1.0,0,0,4,8,1670,0,1957,0,98005,47.595,-122.172,2410,8800
17209,17209,3025300225,20141031T000000,1450000.0,5.0,2.75,3090,19865,1.0,0,0,4,9,3090,0,1953,0,98039,47.6232,-122.235,2970,19862
17210,17210,7214770020,20150409T000000,549950.0,5.0,2.5,2650,54380,2.0,0,0,3,9,2650,0,1984,0,98077,47.7726,-122.081,2560,49044
17211,17211,7227801630,20150227T000000,275000.0,4.0,2.0,1440,10920,1.0,0,0,3,5,1440,0,1943,0,98056,47.5049,-122.18,1500,11902
17212,17212,7284900098,20140924T000000,705000.0,3.0,2.5,2820,7200,1.0,0,3,3,9,1780,1040,1979,0,98177,47.7691,-122.388,2300,7200
17213,17213,7696630080,20140506T000000,197000.0,3.0,1.75,1690,7735,1.0,0,0,4,7,1060,630,1976,0,98001,47.3324,-122.28,1580,7503
17214,17214,3235390010,20150505T000000,265000.0,3.0,1.75,1420,8126,1.0,0,0,3,8,1420,0,1991,0,98031,47.3871,-122.189,1730,7954
17215,17215,2966800010,20141120T000000,297000.0,4.0,1.75,1790,5341,1.0,0,0,4,7,1050,740,1951,0,98166,47.4663,-122.363,1540,6916
17216,17216,6600410290,20140819T000000,207500.0,3.0,1.75,1320,12528,1.0,0,0,4,7,1320,0,1970,0,98042,47.3234,-122.142,1340,11039
17217,17217,6300500479,20140819T000000,410000.0,3.0,2.5,1509,1418,3.0,0,0,3,8,1509,0,2014,0,98133,47.7047,-122.34,1509,1991
17218,17218,1450900020,20141003T000000,268000.0,3.0,2.0,1610,8416,1.0,0,0,3,7,1610,0,1994,0,98031,47.397,-122.187,1600,8308
17219,17219,1284000010,20140805T000000,330000.0,4.0,1.75,1550,50094,1.0,0,3,4,6,1550,0,1967,0,98022,47.2194,-122.059,1720,50094
17220,17220,3626039028,20140818T000000,417500.0,3.0,1.0,1160,7491,1.0,0,0,4,6,1160,0,1917,0,98177,47.7024,-122.359,1800,2267
17221,17221,7856560380,20140804T000000,760000.0,4.0,2.25,2500,8500,2.0,0,0,4,8,2500,0,1979,0,98006,47.5569,-122.151,2470,9100
17222,17222,2770604346,20140705T000000,499000.0,3.0,2.5,1540,1326,3.0,0,0,3,8,1390,150,1995,0,98119,47.6457,-122.374,1680,1592
17223,17223,9202650130,20140618T000000,620000.0,4.0,2.5,1910,7683,2.0,0,0,3,8,1910,0,1987,0,98027,47.5644,-122.092,1980,8485
17224,17224,8700100010,20140710T000000,315000.0,3.0,2.5,2340,6837,2.0,0,0,3,7,2340,0,1992,0,98030,47.3608,-122.194,1850,6209
17225,17225,4045750010,20150409T000000,624950.0,3.0,2.5,2060,4730,2.0,0,0,4,8,2060,0,1994,0,98033,47.6874,-122.178,1980,5010
17226,17226,5706201470,20150428T000000,525000.0,3.0,2.25,1960,12350,1.0,0,0,4,7,1960,0,1961,0,98027,47.5247,-122.052,1920,13608
17227,17227,8835210130,20140808T000000,300000.0,2.0,1.5,1150,3927,2.0,0,0,3,7,1150,0,1982,0,98034,47.7248,-122.162,1400,3425
17228,17228,8731990440,20150310T000000,299900.0,4.0,2.75,2330,7200,1.0,0,0,4,8,1560,770,1977,0,98023,47.3203,-122.385,2350,7600
17229,17229,5540000050,20140612T000000,299000.0,3.0,2.5,2210,10119,1.0,0,0,4,7,1450,760,1966,0,98030,47.3783,-122.22,2110,10119
17230,17230,2470200020,20140514T000000,1880000.0,4.0,2.75,3260,19542,1.0,0,0,4,10,2170,1090,1968,0,98039,47.6245,-122.236,3480,19863
17231,17231,9500900430,20140613T000000,265000.0,4.0,1.75,1900,10588,1.0,0,0,5,6,1900,0,1958,0,98002,47.289,-122.212,1530,10587
17232,17232,3024089049,20140609T000000,280000.0,2.0,1.75,1610,158558,1.5,0,0,2,6,1610,0,1948,0,98065,47.5319,-121.84,1800,3572
17233,17233,6600410170,20140528T000000,124740.0,3.0,1.0,1340,15600,1.0,0,0,4,6,1340,0,1978,0,98042,47.3224,-122.143,1320,9800
17234,17234,7796000095,20150106T000000,1085000.0,3.0,2.75,3170,34850,1.0,0,0,5,9,3170,0,1957,0,98033,47.6611,-122.169,3920,36740
17235,17235,1338600225,20140528T000000,1970000.0,8.0,3.5,4440,6480,2.0,0,3,5,10,3140,1300,1959,0,98112,47.631,-122.303,4440,8640
17236,17236,316000190,20150215T000000,219000.0,4.0,1.0,1370,5339,1.5,0,0,4,6,1370,0,1948,0,98168,47.5046,-122.3,1280,7048
17237,17237,9276200190,20150416T000000,569950.0,5.0,1.0,1420,6250,1.5,0,0,4,8,1420,0,1926,0,98116,47.5807,-122.389,1420,6250
17238,17238,1447600285,20140609T000000,212500.0,2.0,2.0,1030,21712,1.0,0,0,4,6,1030,0,1938,0,98168,47.4905,-122.331,1790,9199
17239,17239,5307100280,20140811T000000,680000.0,3.0,2.25,1820,8316,1.0,0,0,5,7,1320,500,1960,0,98005,47.5849,-122.169,1780,8400
17240,17240,1338800280,20140929T000000,1457000.0,4.0,1.5,2650,6900,2.0,0,0,4,9,2400,250,1909,0,98112,47.6275,-122.305,2420,6900
17241,17241,3211200420,20140618T000000,300000.0,3.0,1.0,910,7700,1.0,0,0,4,7,910,0,1971,0,98034,47.7303,-122.238,1250,7700
17242,17242,2770604082,20150310T000000,629950.0,3.0,2.5,1680,1683,2.0,0,0,3,9,1120,560,2014,0,98119,47.6424,-122.374,1610,1249
17243,17243,7334600280,20141202T000000,349900.0,2.0,1.75,1550,9230,1.0,0,0,3,6,970,580,1969,0,98045,47.4701,-121.744,1550,10856
17244,17244,5406500440,20140812T000000,690000.0,4.0,2.5,2780,6235,2.0,0,0,3,8,2780,0,2001,0,98075,47.5976,-122.039,2670,4410
17245,17245,1235100328,20150225T000000,1454000.0,5.0,4.0,4070,11334,2.0,0,0,3,10,4070,0,2014,0,98033,47.6771,-122.187,2640,9401
17246,17246,4141010050,20150121T000000,1288000.0,3.0,2.5,3240,12625,2.0,0,0,3,11,3240,0,1987,0,98040,47.5327,-122.232,3470,12331
17247,17247,9510310280,20140709T000000,696000.0,4.0,3.5,3650,38546,2.0,0,0,3,9,2550,1100,1996,0,98045,47.4776,-121.73,2860,34284
17248,17248,725069102,20150330T000000,650000.0,3.0,2.25,2180,60112,2.0,0,0,3,8,2180,0,1976,0,98053,47.6723,-122.082,2060,120225
17249,17249,8562901350,20140812T000000,640000.0,3.0,3.5,2480,10800,2.0,0,0,3,8,2480,0,1998,0,98074,47.6083,-122.06,2380,11310
17250,17250,1442700430,20140808T000000,499950.0,5.0,2.5,3180,23809,1.0,0,0,3,9,3180,0,1978,0,98038,47.3727,-122.054,2500,15778
17251,17251,6806300980,20141223T000000,490000.0,4.0,2.5,3630,8387,2.0,0,0,3,10,3630,0,1997,0,98042,47.3623,-122.127,3370,8869
17252,17252,8562740290,20141010T000000,685000.0,5.0,2.5,3160,5635,2.0,0,0,3,9,3160,0,2003,0,98027,47.5362,-122.067,3670,6087
17253,17253,7454001405,20150403T000000,387500.0,4.0,1.0,1370,7140,2.0,0,0,3,6,1370,0,1942,0,98146,47.512,-122.376,1090,6300
17254,17254,952007141,20150421T000000,401750.0,2.0,1.5,1070,1236,2.0,0,0,3,8,1000,70,2005,0,98116,47.5619,-122.382,1170,1888
17255,17255,1545806720,20140826T000000,254950.0,4.0,2.0,2180,8800,1.0,0,0,5,7,1170,1010,1977,0,98038,47.3676,-122.046,1630,8800
17256,17256,5561300980,20150320T000000,500000.0,4.0,2.25,2420,36680,2.0,0,0,4,8,2420,0,1977,0,98027,47.4663,-122.006,2410,36680
17257,17257,9348700480,20140715T000000,856500.0,4.0,2.5,3290,8147,2.0,0,0,3,10,3290,0,2003,0,98052,47.7048,-122.107,3290,7467
17258,17258,1868900285,20140523T000000,552000.0,3.0,1.0,1430,5000,1.0,0,0,4,6,1080,350,1919,0,98115,47.6724,-122.296,1630,4600
17259,17259,8651720470,20140910T000000,506500.0,4.0,2.5,1890,7200,1.0,0,0,4,7,1500,390,1978,0,98034,47.7278,-122.218,2070,7200
17260,17260,3904950190,20140527T000000,500000.0,3.0,2.25,1760,4539,2.0,0,0,3,8,1760,0,1988,0,98029,47.5754,-122.013,1960,4808
17261,17261,5300200050,20140729T000000,280000.0,4.0,2.75,2230,10160,1.0,0,0,3,7,1400,830,1968,0,98168,47.5123,-122.32,1740,10080
17262,17262,7334501300,20150306T000000,308000.0,3.0,1.75,1630,11475,1.0,0,0,4,7,1330,300,1979,0,98045,47.4635,-121.746,1630,11475
17263,17263,8078350280,20150205T000000,613500.0,3.0,2.5,2350,7035,2.0,0,0,3,8,2350,0,1989,0,98029,47.5713,-122.02,2270,7192
17264,17264,4068300280,20140708T000000,255000.0,3.0,1.75,1550,9720,1.0,0,0,3,7,1050,500,1976,0,98010,47.3433,-122.037,1550,9750
17265,17265,2625079030,20141028T000000,545000.0,3.0,2.5,3550,136343,2.0,0,0,3,10,3550,0,1977,0,98014,47.6223,-121.869,3080,215186
17266,17266,1024069063,20140923T000000,620000.0,4.0,2.5,2720,34498,1.0,0,0,5,7,1360,1360,1966,0,98075,47.5832,-122.02,1920,22474
17267,17267,3624039102,20141025T000000,450000.0,3.0,1.75,1740,6800,1.5,0,0,4,7,1740,0,1949,0,98126,47.5314,-122.373,990,6800
17268,17268,8025700460,20150508T000000,279000.0,4.0,1.75,1840,7275,1.0,0,0,3,7,1090,750,1976,0,98031,47.4002,-122.189,1840,7275
17269,17269,8956000460,20150123T000000,625000.0,3.0,2.5,2010,3200,2.0,0,0,3,9,2010,0,2009,0,98027,47.5463,-122.015,2250,3200
17270,17270,2329800630,20140527T000000,274950.0,3.0,1.75,1670,7415,1.0,0,0,3,7,1320,350,1987,0,98042,47.3776,-122.116,1650,8585
17271,17271,2491200050,20141023T000000,423000.0,3.0,1.75,1820,6038,1.0,0,0,4,7,1040,780,1952,0,98126,47.5233,-122.378,1700,6040
17272,17272,6181700250,20150226T000000,350000.0,2.0,1.0,720,5820,1.0,0,1,5,6,720,0,1950,0,98028,47.7598,-122.255,952,5820
17273,17273,2460500020,20150330T000000,305000.0,4.0,1.75,2370,10140,1.0,0,0,3,7,1460,910,1968,0,98001,47.3352,-122.278,1450,7800
17274,17274,7893801760,20141117T000000,368000.0,3.0,1.75,2120,11340,1.0,0,3,4,7,1060,1060,1966,0,98198,47.4109,-122.329,1830,8650
17275,17275,5259800440,20140926T000000,232000.0,3.0,1.75,1290,6604,1.0,0,0,3,7,1290,0,1984,0,98023,47.323,-122.349,1440,6682
17276,17276,7338402850,20141126T000000,250000.0,4.0,3.0,1800,2500,2.0,0,0,3,7,1800,0,2000,0,98108,47.5333,-122.294,1830,6900
17277,17277,1423910130,20150211T000000,220000.0,3.0,1.75,1230,8917,1.0,0,0,4,7,1230,0,1966,0,98058,47.4528,-122.172,1420,7938
17278,17278,2769602135,20140813T000000,435000.0,3.0,2.0,1380,2500,1.0,0,0,3,7,750,630,1986,0,98107,47.6753,-122.363,1630,3800
17279,17279,4365200425,20140624T000000,350000.0,2.0,1.0,740,7680,1.0,0,0,4,6,740,0,1922,0,98126,47.5245,-122.371,1080,7680
17280,17280,2473380920,20140813T000000,206325.0,5.0,2.5,1720,10202,1.5,0,0,3,7,1720,0,1970,0,98058,47.4572,-122.167,1720,8478
17281,17281,2473380920,20150227T000000,339000.0,5.0,2.5,1720,10202,1.5,0,0,3,7,1720,0,1970,0,98058,47.4572,-122.167,1720,8478
17282,17282,2787700630,20150318T000000,399000.0,4.0,2.5,2100,7355,1.0,0,0,5,7,2100,0,1969,0,98059,47.5078,-122.161,1750,7200
17283,17283,6917700305,20150219T000000,529000.0,2.0,1.0,1210,7667,1.0,0,0,3,6,900,310,1950,0,98199,47.6571,-122.396,1330,6462
17284,17284,7215720420,20150304T000000,640000.0,4.0,2.5,2210,7722,2.0,0,0,3,9,2210,0,1999,0,98075,47.5992,-122.019,2970,8683
17285,17285,2856100250,20141106T000000,735000.0,4.0,2.5,2470,2550,3.0,0,0,3,8,2470,0,2004,0,98117,47.6765,-122.389,1270,3060
17286,17286,9421500130,20140616T000000,378000.0,5.0,2.5,2760,8015,1.0,0,0,4,8,1600,1160,1960,0,98125,47.7255,-122.297,460,18000
17287,17287,1250201640,20140507T000000,775000.0,3.0,2.0,2540,7200,1.5,0,3,4,8,1600,940,1905,0,98144,47.5972,-122.292,2040,5900
17288,17288,5316100920,20140725T000000,2250000.0,3.0,4.25,5150,7800,2.5,0,2,3,11,4170,980,1954,0,98112,47.6288,-122.282,4270,7800
17289,17289,6813600605,20150128T000000,1350000.0,4.0,4.5,3420,7440,3.0,0,0,3,9,3420,0,2014,0,98103,47.6875,-122.33,1360,5580
17290,17290,1974300020,20140827T000000,380000.0,4.0,2.5,2270,11500,1.0,0,0,3,8,1540,730,1967,0,98034,47.7089,-122.241,2020,10918
17291,17291,1974300020,20150218T000000,624900.0,4.0,2.5,2270,11500,1.0,0,0,3,8,1540,730,1967,0,98034,47.7089,-122.241,2020,10918
17292,17292,3630020380,20141107T000000,379770.0,3.0,2.5,1470,1779,2.0,0,0,3,8,1160,310,2005,0,98029,47.5472,-121.998,1470,1576
17293,17293,1771000290,20141203T000000,340000.0,3.0,1.75,1280,16200,1.0,0,0,3,8,1030,250,1976,0,98077,47.7427,-122.071,1160,10565
17294,17294,5126310470,20150115T000000,515500.0,4.0,2.75,2830,8126,2.0,0,0,3,8,2830,0,2005,0,98059,47.4863,-122.14,2830,7916
17295,17295,1870400605,20141117T000000,600000.0,4.0,2.25,1970,7125,1.5,0,0,3,7,1500,470,1908,0,98115,47.6725,-122.293,1980,4750
17296,17296,4047200825,20141011T000000,400000.0,1.0,1.0,1390,60984,1.0,0,0,3,6,1390,0,1960,0,98019,47.7652,-121.903,1620,24225
17297,17297,7304300430,20141201T000000,364000.0,4.0,1.0,1020,11383,1.5,0,0,5,6,1020,0,1947,0,98155,47.7429,-122.321,1290,11213
17298,17298,8079010190,20140626T000000,440000.0,4.0,2.5,2250,7526,2.0,0,0,3,8,2250,0,1989,0,98059,47.5123,-122.15,1980,7526
17299,17299,1453600182,20140528T000000,285000.0,2.0,1.0,800,6240,1.0,0,0,3,6,800,0,1954,0,98125,47.7257,-122.296,1530,8000
17300,17300,9828700235,20150401T000000,669000.0,3.0,1.0,1560,4500,1.5,0,0,5,7,1560,0,1915,0,98112,47.6204,-122.292,1530,4500
17301,17301,3448002285,20140702T000000,475000.0,4.0,2.0,2100,13468,1.0,0,0,5,7,1050,1050,1962,0,98125,47.7139,-122.292,1470,8675
17302,17302,2513500010,20150504T000000,747000.0,2.0,1.0,990,4000,1.0,0,0,4,7,990,0,1911,0,98103,47.6589,-122.341,1560,4000
17303,17303,9284801100,20150105T000000,317000.0,3.0,1.5,1060,5750,1.0,0,0,2,7,1060,0,1981,0,98126,47.5532,-122.372,1060,5750
17304,17304,8901000491,20140828T000000,390000.0,2.0,1.0,1270,8164,1.0,0,0,4,6,1270,0,1941,0,98125,47.7116,-122.311,1580,9095
17305,17305,452002135,20150422T000000,1070000.0,4.0,2.5,2740,5000,2.0,0,0,3,9,2740,0,2012,0,98107,47.674,-122.371,1660,5000
17306,17306,6610000591,20141021T000000,1205000.0,4.0,2.75,2470,5500,1.0,0,3,3,9,1570,900,1960,2005,98107,47.6586,-122.358,1620,5500
17307,17307,7518501025,20150327T000000,580000.0,3.0,1.75,1970,5100,1.0,0,0,3,7,1130,840,1908,1965,98117,47.6831,-122.379,1250,4080
17308,17308,6072400470,20141113T000000,518000.0,4.0,2.5,2070,10244,1.0,0,0,3,8,1370,700,1969,0,98006,47.5592,-122.178,2070,9683
17309,17309,1865800250,20141204T000000,147500.0,3.0,1.75,1010,6552,1.0,0,0,3,7,1010,0,1969,0,98042,47.375,-122.117,1010,6552
17310,17310,6072650250,20150424T000000,555000.0,4.0,2.25,2220,8125,1.0,0,0,4,8,1450,770,1965,0,98006,47.5429,-122.177,1980,8700
17311,17311,8807900233,20140630T000000,427500.0,2.0,2.0,1090,934,3.0,0,0,3,8,1090,0,2008,0,98109,47.6341,-122.342,1090,1376
17312,17312,3585901025,20140613T000000,1735000.0,3.0,2.5,4310,32093,1.5,0,4,5,10,2510,1800,1982,0,98177,47.7624,-122.38,3810,26400
17313,17313,9238440020,20140717T000000,265950.0,3.0,2.5,1490,3840,2.0,0,0,3,7,1490,0,2002,0,98042,47.374,-122.133,2060,4384
17314,17314,9325800005,20141201T000000,247500.0,2.0,1.0,700,6046,1.0,0,0,3,6,700,0,1950,0,98133,47.7172,-122.34,990,6790
17315,17315,7520000020,20140523T000000,244000.0,4.0,1.0,1450,8960,1.0,0,0,3,6,1450,0,1943,0,98146,47.4972,-122.348,1160,7680
17316,17316,3904920380,20150323T000000,578550.0,3.0,2.5,2120,6602,2.0,0,0,4,8,2120,0,1989,0,98029,47.5669,-122.012,2330,7795
17317,17317,3630080430,20140617T000000,451000.0,4.0,2.5,1670,3315,2.0,0,0,3,7,1670,0,2005,0,98029,47.5532,-121.998,1650,2051
17318,17318,8682262230,20140826T000000,489000.0,2.0,1.75,1810,4220,2.0,0,0,3,8,1810,0,2004,0,98053,47.7177,-122.034,1350,4479
17319,17319,3326079016,20150504T000000,190000.0,2.0,1.0,710,1164794,1.0,0,0,2,5,710,0,1915,0,98014,47.6888,-121.909,1680,16730
17320,17320,7214800430,20150305T000000,475000.0,3.0,3.0,2540,18900,1.0,0,0,3,7,1580,960,1978,0,98072,47.754,-122.144,2270,16000
17321,17321,6430000275,20140506T000000,485000.0,3.0,2.0,1420,4080,1.5,0,0,3,7,1420,0,1905,2013,98103,47.6872,-122.349,1420,4590
17322,17322,1924079090,20141016T000000,530000.0,3.0,2.75,2440,45738,2.0,0,0,3,8,1840,600,1987,0,98027,47.5453,-121.957,2440,189100
17323,17323,1509500380,20150128T000000,379000.0,4.0,2.5,2570,10155,2.0,0,0,3,9,2570,0,1994,0,98030,47.3842,-122.17,2770,10155
17324,17324,9809000010,20150106T000000,1629000.0,5.0,2.5,3090,16583,2.0,0,0,4,9,3090,0,1964,0,98004,47.6458,-122.218,3740,17853
17325,17325,8722101100,20150319T000000,739000.0,3.0,1.75,2050,5160,1.5,0,0,4,8,1300,750,1926,0,98112,47.6374,-122.304,2220,5960
17326,17326,8651410670,20141125T000000,189950.0,3.0,1.0,920,6460,1.0,0,0,5,6,920,0,1969,0,98042,47.3665,-122.082,920,4770
17327,17327,3629830250,20141222T000000,637500.0,4.0,3.0,2320,4468,2.0,0,0,3,8,2160,160,1999,0,98029,47.54600000000001,-122.009,2330,3541
17328,17328,868001435,20150127T000000,2225000.0,3.0,3.0,3450,16740,1.0,0,4,4,9,1960,1490,1949,1993,98177,47.7067,-122.38,3220,12528
17329,17329,4168100020,20141204T000000,209950.0,3.0,1.0,1660,8800,1.0,0,0,4,7,960,700,1963,0,98023,47.3212,-122.352,1370,10112
17330,17330,814000020,20150220T000000,460000.0,3.0,1.0,1130,7000,1.0,0,0,3,6,830,300,1944,0,98125,47.7132,-122.283,1050,7000
17331,17331,7852010950,20141020T000000,543500.0,4.0,2.5,2550,5835,2.0,0,0,3,8,2550,0,1998,0,98065,47.5373,-121.87,2420,5817
17332,17332,2395710010,20140605T000000,376000.0,4.0,2.75,2420,5773,2.0,0,0,3,8,2420,0,2005,0,98038,47.3772,-122.029,2420,6200
17333,17333,3630000130,20141028T000000,430000.0,3.0,2.25,1470,1703,2.0,0,0,3,8,1470,0,2005,0,98029,47.5478,-121.999,1380,1107
17334,17334,2105200010,20140904T000000,515000.0,4.0,2.5,2030,39049,1.0,0,0,4,7,1530,500,1953,0,98166,47.4413,-122.345,2400,14605
17335,17335,2856100381,20140711T000000,580000.0,7.0,2.75,2310,2400,1.5,0,0,3,6,2310,0,1915,0,98117,47.6775,-122.39,1340,3825
17336,17336,5608030020,20150203T000000,600000.0,5.0,3.5,3370,16846,2.0,0,1,3,9,2650,720,1998,0,98027,47.5584,-122.089,3330,13000
17337,17337,3404700080,20141112T000000,476800.0,3.0,1.75,1900,43700,1.5,0,0,4,6,1900,0,1919,0,98052,47.7265,-122.136,2070,43995
17338,17338,1890000275,20150429T000000,815000.0,3.0,1.5,1940,3570,2.0,0,0,4,8,1740,200,1916,0,98105,47.6618,-122.325,1580,3570
17339,17339,7852000010,20140527T000000,455600.0,3.0,2.5,2420,8252,2.0,0,0,3,7,2420,0,1998,0,98065,47.5382,-121.871,2420,5818
17340,17340,5230300280,20140515T000000,270000.0,3.0,1.0,1010,9514,1.0,0,0,3,7,1010,0,1969,0,98059,47.4936,-122.105,1010,9514
17341,17341,4232902335,20140814T000000,1200000.0,5.0,4.0,2710,2800,3.0,0,0,3,10,2380,330,1974,2008,98119,47.6346,-122.364,1530,3600
17342,17342,4232900250,20140710T000000,525000.0,2.0,1.5,1340,3600,1.5,0,0,3,7,1340,0,1903,0,98119,47.6358,-122.364,1340,3600
17343,17343,1312930250,20140528T000000,242000.0,3.0,1.75,1310,9645,1.0,0,0,3,7,1310,0,1979,0,98198,47.4051,-122.29,1440,9893
17344,17344,6446200305,20140623T000000,715000.0,4.0,2.5,2650,30500,1.0,0,0,4,8,1680,970,1960,0,98029,47.5535,-122.028,2650,30500
17345,17345,7852020670,20150402T000000,475000.0,3.0,2.75,1890,3938,2.0,0,0,3,8,1890,0,1999,0,98065,47.5336,-121.867,1890,4142
17346,17346,4475000170,20141111T000000,370000.0,4.0,3.0,2580,5511,2.0,0,0,3,8,2580,0,1999,0,98058,47.4286,-122.185,2010,5600
17347,17347,7202360170,20140523T000000,788600.0,4.0,2.75,3500,7200,2.0,0,0,3,9,3500,0,2005,0,98053,47.6818,-122.025,3920,7666
17348,17348,6146600185,20140507T000000,160000.0,2.0,1.0,1040,13100,1.0,0,0,5,6,1040,0,1912,0,98032,47.3877,-122.234,910,5080
17349,17349,2825079001,20140814T000000,800000.0,5.0,1.75,1930,501376,2.0,0,0,3,7,1930,0,1930,0,98014,47.6294,-121.911,1710,87120
17350,17350,3905040780,20140924T000000,520000.0,4.0,3.0,2190,5085,2.0,0,0,4,8,2190,0,1992,0,98029,47.5693,-122.002,2130,5142
17351,17351,2488200168,20140718T000000,725000.0,3.0,1.75,1530,4000,2.0,0,0,3,8,1530,0,1985,0,98136,47.5239,-122.388,2140,5000
17352,17352,3336000170,20141003T000000,335000.0,4.0,1.0,1480,6500,1.5,0,0,4,7,1480,0,1914,0,98118,47.5282,-122.267,2380,6000
17353,17353,8835700010,20150116T000000,919000.0,4.0,2.5,3620,17133,1.0,0,4,3,10,2220,1400,1993,0,98075,47.5604,-122.027,3530,17026
17354,17354,303800020,20150513T000000,425000.0,3.0,2.75,3370,13929,2.0,0,0,3,9,2650,720,1986,0,98092,47.3411,-122.197,2150,14048
17355,17355,3971700670,20150314T000000,420000.0,5.0,2.5,2100,14395,1.0,0,0,3,7,1140,960,1983,0,98155,47.7723,-122.317,1830,8700
17356,17356,2481610050,20141124T000000,905000.0,4.0,3.0,3370,47959,2.0,0,0,4,10,3370,0,1981,0,98072,47.733,-122.129,3370,38896
17357,17357,4154304505,20140919T000000,435000.0,2.0,1.0,2240,7200,1.0,0,0,4,7,1120,1120,1940,0,98118,47.5631,-122.271,1390,6000
17358,17358,7202330170,20140717T000000,438000.0,3.0,2.5,1650,3031,2.0,0,0,3,7,1650,0,2003,0,98053,47.682,-122.034,1560,3070
17359,17359,9430100020,20140617T000000,725000.0,4.0,2.75,2630,7505,2.0,0,0,3,8,2630,0,1994,0,98052,47.6846,-122.163,2670,7506
17360,17360,2436700280,20140528T000000,840000.0,4.0,1.75,2330,4000,2.0,0,0,5,8,1300,1030,1924,0,98105,47.666,-122.289,2040,4000
17361,17361,7525211410,20140715T000000,425500.0,3.0,2.5,1970,2752,2.0,0,0,3,8,1970,0,1978,0,98052,47.6345,-122.108,1850,2778
17362,17362,3760500514,20140912T000000,853505.0,3.0,2.5,2820,14890,1.0,0,4,3,9,1770,1050,1985,0,98034,47.7019,-122.228,3740,14890
17363,17363,4067600255,20140522T000000,398000.0,2.0,1.0,590,10945,1.5,0,0,3,5,590,0,1983,0,98010,47.3364,-122.033,2020,15180
17364,17364,7853302130,20140604T000000,418500.0,3.0,2.5,2060,4399,2.0,0,0,3,7,2060,0,2007,0,98065,47.5415,-121.884,2060,4399
17365,17365,811000050,20141231T000000,826000.0,3.0,1.5,1890,5000,1.5,0,0,3,9,1890,0,1929,0,98109,47.6312,-122.353,2560,5000
17366,17366,8691330130,20140611T000000,742000.0,4.0,2.5,2810,10986,2.0,0,0,3,10,2810,0,1997,0,98075,47.5943,-121.981,3540,10986
17367,17367,6623400050,20140909T000000,180000.0,4.0,1.0,1470,18581,1.5,0,0,3,6,1470,0,1924,0,98055,47.4336,-122.197,1770,18581
17368,17368,9542801410,20150114T000000,286000.0,4.0,1.75,2190,8400,2.0,0,0,2,8,2190,0,1978,0,98023,47.3003,-122.373,2410,7700
17369,17369,7202330190,20141001T000000,421200.0,3.0,2.5,1440,3060,2.0,0,0,3,7,1440,0,2003,0,98053,47.6821,-122.035,1650,3060
17370,17370,3303950660,20140731T000000,390000.0,3.0,3.0,2480,14141,1.0,0,0,3,8,1500,980,1994,0,98038,47.3778,-122.033,2480,10667
17371,17371,4140930010,20140919T000000,739000.0,4.0,2.5,2780,6737,2.0,0,0,3,9,2780,0,2002,0,98006,47.5656,-122.122,2750,7950
17372,17372,2724069169,20140724T000000,499900.0,4.0,3.0,2180,12196,2.0,0,0,4,7,2180,0,1968,0,98027,47.5338,-122.033,1500,6534
17373,17373,7979900430,20141203T000000,670000.0,3.0,2.25,3340,13805,1.0,0,0,3,8,3340,0,1950,1992,98155,47.744,-122.292,2060,12304
17374,17374,1338300010,20141013T000000,842500.0,3.0,2.25,2560,3996,1.5,0,0,3,8,2150,410,1910,0,98112,47.6321,-122.306,2970,4320
17375,17375,5238800020,20141208T000000,492500.0,2.0,2.25,1600,80400,2.0,0,0,4,7,1600,0,1978,0,98070,47.4422,-122.505,1600,198414
17376,17376,4154305575,20140903T000000,836500.0,3.0,2.5,2230,7200,3.0,0,3,3,9,2230,0,1996,0,98118,47.558,-122.265,2230,7200
17377,17377,6821102385,20150326T000000,334000.0,2.0,1.0,900,1818,2.0,0,0,4,7,900,0,1945,0,98199,47.6485,-122.397,1570,1830
17378,17378,6600410480,20140828T000000,179900.0,3.0,1.0,1010,9920,1.0,0,0,3,6,1010,0,1977,0,98042,47.3238,-122.14,1270,9680
17379,17379,4146800050,20141126T000000,563000.0,3.0,2.0,1580,5289,1.0,0,0,3,7,870,710,1940,0,98103,47.6881,-122.342,1310,5535
17380,17380,3793500050,20150303T000000,310000.0,3.0,2.5,1890,6300,2.0,0,0,3,7,1890,0,2003,0,98038,47.3673,-122.031,2100,6525
17381,17381,641900050,20140819T000000,335000.0,4.0,2.25,2160,8817,1.0,0,0,3,7,1460,700,1965,0,98133,47.7595,-122.356,1880,8817
17382,17382,641900050,20150206T000000,499950.0,4.0,2.25,2160,8817,1.0,0,0,3,7,1460,700,1965,0,98133,47.7595,-122.356,1880,8817
17383,17383,2402100715,20140726T000000,658500.0,2.0,1.0,1410,5101,1.5,0,0,3,8,1410,0,1927,0,98103,47.6872,-122.333,1410,4224
17384,17384,1453602313,20141029T000000,297000.0,2.0,1.5,1430,1650,3.0,0,0,3,7,1430,0,1999,0,98125,47.7222,-122.29,1430,1650
17385,17385,1890000225,20140620T000000,725000.0,6.0,1.75,2380,4080,2.0,0,0,3,8,2380,0,1917,0,98105,47.6629,-122.325,2030,4080
17386,17386,7525900050,20141205T000000,780000.0,3.0,2.25,2206,82031,1.0,0,2,3,6,866,1340,1983,0,98074,47.6302,-122.069,2590,53024
17387,17387,6413600290,20140509T000000,252500.0,3.0,1.0,1030,6127,1.0,0,0,3,7,880,150,1947,0,98125,47.7192,-122.32,1610,6127
17388,17388,952006728,20140613T000000,330000.0,3.0,2.5,1070,1155,2.0,0,0,3,7,720,350,2005,0,98102,47.5617,-122.385,1120,2594
17389,17389,1088801350,20150210T000000,525000.0,3.0,2.5,2320,9610,1.0,0,0,3,9,1730,590,1990,0,98011,47.7394,-122.204,2450,9608
17390,17390,3575302759,20140806T000000,365000.0,2.0,1.75,1270,7500,1.0,0,0,4,7,1270,0,1982,0,98074,47.6186,-122.063,1280,7500
17391,17391,3508100161,20150327T000000,500000.0,4.0,3.0,2570,9104,2.0,0,2,3,7,2570,0,1930,0,98116,47.5821,-122.401,1630,4950
17392,17392,8651410190,20141112T000000,179950.0,3.0,1.0,920,4875,1.0,0,0,5,6,920,0,1969,0,98042,47.3648,-122.081,960,5200
17393,17393,1823099028,20140722T000000,440000.0,3.0,2.0,1790,32379,1.0,0,0,3,7,1790,0,2007,0,98045,47.4826,-121.698,2290,43560
17394,17394,745000005,20140825T000000,145000.0,1.0,0.75,480,9750,1.0,0,0,2,4,480,0,1948,0,98146,47.4982,-122.362,1550,9924
17395,17395,9414700020,20150422T000000,331000.0,4.0,3.0,2483,5701,2.0,0,0,3,8,2483,0,2005,0,98030,47.3623,-122.199,2075,5720
17396,17396,2331300415,20140620T000000,780000.0,3.0,2.25,2140,3000,2.0,0,0,3,9,2140,0,1905,2006,98103,47.6767,-122.351,1430,4712
17397,17397,6815100380,20150514T000000,855000.0,3.0,1.75,1900,4000,1.0,0,0,3,7,1300,600,1965,0,98103,47.6854,-122.331,1880,4000
17398,17398,7575610250,20141014T000000,225000.0,3.0,2.25,1650,7739,1.0,0,0,3,8,1290,360,1986,0,98003,47.3532,-122.304,1650,6033
17399,17399,5153900080,20140714T000000,199000.0,3.0,1.0,1510,9100,1.0,0,0,3,7,1510,0,1966,0,98003,47.3331,-122.319,1180,7220
17400,17400,7525410190,20140502T000000,550000.0,3.0,1.75,2910,35200,1.5,0,0,3,8,2910,0,1979,0,98075,47.5747,-122.035,2590,37500
17401,17401,6819100020,20140529T000000,1425000.0,4.0,4.25,4960,6000,2.5,0,0,3,11,3680,1280,1909,2003,98109,47.6437,-122.356,2160,4080
17402,17402,1868902745,20140502T000000,805000.0,3.0,2.0,2710,4500,1.5,0,0,4,8,1880,830,1929,0,98115,47.6747,-122.295,2060,4500
17403,17403,3783100080,20140604T000000,261000.0,3.0,1.5,1810,29308,1.0,0,0,3,7,950,860,1983,0,98042,47.3585,-122.067,1790,37531
17404,17404,3327750020,20140909T000000,347000.0,3.0,1.0,940,9198,1.0,0,0,3,7,940,0,1968,0,98052,47.6889,-122.117,1430,8370
17405,17405,1112700010,20140619T000000,390000.0,3.0,2.25,1600,10240,1.0,0,0,3,7,1090,510,1979,0,98034,47.7281,-122.232,1520,9394
17406,17406,9269260420,20141110T000000,436000.0,4.0,2.5,2640,3899,2.0,0,0,3,7,2640,0,2000,0,98011,47.754,-122.217,2460,4057
17407,17407,9286730020,20150331T000000,1802750.0,5.0,3.25,3890,20005,1.0,0,0,3,10,2260,1630,1977,0,98004,47.6312,-122.224,3450,20176
17408,17408,8673400190,20140723T000000,557000.0,3.0,2.5,1630,1587,3.0,0,0,3,8,1630,0,2004,0,98107,47.6693,-122.393,1500,1527
17409,17409,1951600250,20150406T000000,135000.0,3.0,1.0,830,9600,1.0,0,0,3,7,830,0,1959,0,98032,47.3698,-122.297,1240,9198
17410,17410,3296900280,20150325T000000,425000.0,3.0,2.5,1800,14036,2.0,0,0,3,8,1800,0,1993,0,98019,47.7334,-121.97,2450,14025
17411,17411,5459000305,20150408T000000,648752.0,3.0,2.25,2060,9953,1.0,0,0,5,8,1070,990,1964,0,98040,47.5767,-122.233,2340,9600
17412,17412,4122900020,20140626T000000,1388000.0,4.0,3.0,4040,20001,1.0,0,0,3,9,2020,2020,1972,2001,98004,47.6408,-122.212,2990,20098
17413,17413,5212000020,20150324T000000,630100.0,4.0,2.75,1910,11356,1.0,0,0,5,7,1160,750,1977,0,98033,47.6999,-122.2,1770,11357
17414,17414,1825079005,20140609T000000,739000.0,4.0,2.5,2800,246114,2.0,0,0,3,9,2800,0,1999,0,98014,47.6586,-121.962,2750,60351
17415,17415,6450303235,20140818T000000,269000.0,3.0,1.5,1320,2625,2.0,0,0,3,7,1320,0,1986,0,98133,47.7316,-122.338,1230,5250
17416,17416,7227501190,20150427T000000,250000.0,3.0,1.0,1220,5038,1.0,0,0,5,6,1220,0,1942,0,98056,47.496,-122.189,1140,5038
17417,17417,7853300020,20150320T000000,475000.0,5.0,2.75,3100,5298,2.0,0,0,3,7,3100,0,2007,0,98065,47.5369,-121.887,2440,5250
17418,17418,2922703235,20141119T000000,290000.0,1.0,1.0,550,5700,1.0,0,0,2,6,550,0,1916,0,98117,47.6846,-122.366,1100,4560
17419,17419,6138000095,20141118T000000,219000.0,3.0,1.0,1080,10639,1.5,0,0,3,7,1080,0,1953,0,98002,47.3171,-122.219,1470,10600
17420,17420,2356800020,20140929T000000,416000.0,2.0,1.0,880,6650,1.0,0,0,5,6,880,0,1918,0,98117,47.6914,-122.372,1250,6650
17421,17421,5379805495,20150413T000000,179000.0,2.0,1.0,720,8914,1.0,0,0,3,6,720,0,1949,0,98188,47.4488,-122.274,1100,8916
17422,17422,3861440010,20140715T000000,302000.0,4.0,2.75,2030,9120,1.0,0,0,4,7,2030,0,1988,0,98003,47.282,-122.303,1790,7627
17423,17423,2505500009,20150427T000000,565000.0,4.0,2.0,2040,8281,2.0,0,1,3,7,2040,0,1961,0,98033,47.6689,-122.195,2560,8281
17424,17424,3388000080,20150422T000000,281700.0,3.0,1.0,1570,8316,1.0,0,0,3,7,1070,500,1962,0,98031,47.3943,-122.198,2030,8295
17425,17425,480000170,20140627T000000,480000.0,2.0,1.0,1500,3420,1.0,0,0,3,7,1500,0,1902,0,98103,47.661,-122.338,2050,3420
17426,17426,2597650660,20141013T000000,775000.0,4.0,2.5,3180,15358,2.0,0,0,3,9,3180,0,1988,0,98027,47.5172,-122.053,3020,15522
17427,17427,7304300470,20140904T000000,375000.0,3.0,1.75,1260,11224,1.0,0,0,5,7,1260,0,1947,0,98155,47.7444,-122.321,1570,11052
17428,17428,7334600170,20141013T000000,345000.0,3.0,1.5,1390,13860,2.0,0,0,3,7,1390,0,1979,0,98045,47.4704,-121.747,1390,11860
17429,17429,7222000244,20150223T000000,300000.0,3.0,3.0,2850,9375,1.0,0,0,3,8,2240,610,1977,0,98055,47.4655,-122.209,1800,9375
17430,17430,9558020840,20150422T000000,364950.0,4.0,2.5,2070,2992,2.0,0,0,3,8,2070,0,2002,0,98058,47.4496,-122.12,1900,2957
17431,17431,5592900020,20141202T000000,410000.0,3.0,3.25,2650,7819,1.0,0,2,4,8,1760,890,1956,0,98056,47.4821,-122.192,2400,7727
17432,17432,8732190380,20150414T000000,231000.0,3.0,1.75,1220,8817,1.0,0,0,3,7,1220,0,1978,0,98023,47.3111,-122.396,2000,8028
17433,17433,2249800080,20140523T000000,445000.0,3.0,2.0,1630,8702,1.0,0,0,3,9,1630,0,1987,0,98056,47.5168,-122.193,2250,9890
17434,17434,2062600020,20140708T000000,530000.0,2.0,2.5,1785,779,2.0,0,0,3,7,1595,190,1975,0,98004,47.5959,-122.198,1780,794
17435,17435,7660100309,20141226T000000,353500.0,3.0,2.5,1260,972,2.0,0,0,3,8,840,420,2008,0,98144,47.5872,-122.316,1270,925
17436,17436,6093900280,20140507T000000,209950.0,3.0,1.5,1380,11130,1.0,0,0,3,7,1380,0,1960,0,98003,47.3146,-122.323,1380,9200
17437,17437,4154303125,20150423T000000,650000.0,3.0,1.75,2330,7200,1.0,0,0,4,8,1320,1010,1950,0,98118,47.565,-122.274,1820,7200
17438,17438,2695600005,20140620T000000,325000.0,2.0,1.0,840,4239,1.0,0,0,3,7,840,0,1948,0,98126,47.5319,-122.382,1120,4494
17439,17439,3826500020,20140828T000000,257000.0,3.0,2.25,1730,9516,1.0,0,0,3,8,1180,550,1978,0,98030,47.3823,-122.166,1870,8165
17440,17440,9238440130,20140630T000000,337000.0,4.0,2.5,2230,5970,2.0,0,0,4,7,2230,0,2002,0,98042,47.3745,-122.131,1970,4919
17441,17441,3630030010,20140926T000000,541000.0,3.0,2.5,1790,4038,2.0,0,0,3,8,1790,0,2005,0,98029,47.5499,-121.998,1700,3365
17442,17442,1592000130,20141114T000000,577500.0,3.0,2.5,2280,10879,2.0,0,0,3,9,2280,0,1984,0,98074,47.6217,-122.034,2400,9536
17443,17443,2487200279,20141124T000000,560000.0,3.0,2.5,2430,5128,1.0,0,1,3,8,1270,1160,1978,0,98136,47.5198,-122.389,2510,5330
17444,17444,1959703070,20141029T000000,979700.0,5.0,3.0,3730,5500,1.5,0,0,3,7,2160,1570,1927,0,98102,47.6507,-122.32,1890,5500
17445,17445,4038700680,20140725T000000,750000.0,5.0,3.0,2230,8560,1.0,0,0,3,8,1150,1080,1960,2014,98008,47.6154,-122.115,2040,8560
17446,17446,9390700095,20140808T000000,407500.0,2.0,1.0,770,2971,1.0,0,2,3,7,770,0,1923,0,98102,47.6358,-122.322,1440,4000
17447,17447,6392003810,20140523T000000,530000.0,4.0,1.75,1814,5000,1.0,0,0,4,7,944,870,1951,0,98115,47.684,-122.281,1290,5000
17448,17448,7806210250,20150406T000000,235000.0,4.0,1.75,1920,9350,1.0,0,0,4,7,1000,920,1977,0,98002,47.292,-122.195,1910,8400
17449,17449,2919200440,20150407T000000,715000.0,4.0,2.5,1860,3840,1.5,0,0,3,7,1170,690,1928,2014,98117,47.6886,-122.359,1400,3840
17450,17450,6751500185,20150421T000000,795000.0,5.0,3.0,2750,10000,1.0,0,0,4,7,1730,1020,1957,0,98008,47.5878,-122.13,2520,10000
17451,17451,5137300130,20140509T000000,465000.0,4.0,2.5,1930,9653,1.0,0,0,4,9,1930,0,1968,0,98023,47.3367,-122.335,2100,10454
17452,17452,2744000010,20140513T000000,287600.0,3.0,2.5,1950,8251,2.0,0,0,3,7,1950,0,1990,0,98001,47.343,-122.28,1540,8588
17453,17453,4279600010,20141230T000000,630000.0,6.0,3.0,2470,9328,2.0,0,0,3,8,2470,0,1982,0,98007,47.6025,-122.153,2470,9454
17454,17454,2540830020,20150401T000000,445000.0,3.0,2.25,1630,6449,1.0,0,0,3,7,1310,320,1986,0,98011,47.7275,-122.232,1620,7429
17455,17455,7214800190,20150105T000000,490000.0,4.0,2.25,2110,16200,1.0,0,0,3,8,1630,480,1978,0,98072,47.752,-122.144,2370,16000
17456,17456,9169100185,20150225T000000,565000.0,3.0,1.75,1490,5000,1.0,0,1,3,8,1250,240,1954,0,98136,47.5257,-122.392,1980,5000
17457,17457,859000022,20140819T000000,330000.0,3.0,2.5,1740,1844,2.0,0,0,3,8,1320,420,2008,0,98106,47.5248,-122.365,1740,1789
17458,17458,1180005050,20141218T000000,463000.0,4.0,2.75,1900,6000,1.0,0,2,3,7,1300,600,1961,0,98178,47.495,-122.229,2230,6000
17459,17459,3625700010,20140506T000000,1870000.0,5.0,4.0,4510,15175,2.0,0,0,3,10,4510,0,1969,2002,98040,47.5309,-122.228,3510,13500
17460,17460,7335400020,20140626T000000,219500.0,3.0,1.0,1090,6710,1.5,0,0,5,5,1090,0,1912,0,98002,47.3066,-122.217,1170,6708
17461,17461,8902000050,20141027T000000,622200.0,3.0,1.75,1720,7200,1.0,0,0,3,7,1420,300,1959,0,98125,47.7062,-122.304,1380,8000
17462,17462,1972200698,20140528T000000,474800.0,2.0,3.25,1400,1243,3.0,0,0,3,8,1400,0,2000,0,98103,47.6534,-122.353,1400,1335
17463,17463,415100010,20140611T000000,465000.0,4.0,2.5,2090,9702,1.0,0,0,5,7,1320,770,1965,0,98133,47.7467,-122.339,1850,7200
17464,17464,5500200010,20141014T000000,389950.0,3.0,1.75,1580,9049,1.0,0,0,3,8,1580,0,1966,0,98177,47.7776,-122.375,2100,8446
17465,17465,1842390130,20141024T000000,650000.0,4.0,2.5,2620,19864,2.0,0,0,4,8,2620,0,1984,0,98052,47.7014,-122.122,2500,13285
17466,17466,6362900007,20140905T000000,395000.0,3.0,2.0,1500,2506,1.0,0,0,3,7,870,630,2003,0,98144,47.5962,-122.301,1500,4662
17467,17467,5466380050,20141219T000000,304500.0,4.0,2.5,2030,5202,2.0,0,0,3,8,2030,0,2001,0,98031,47.388000000000005,-122.176,2260,5232
17468,17468,7417700185,20150314T000000,307000.0,3.0,1.0,1020,8484,1.0,0,0,3,6,1020,0,1949,0,98155,47.7719,-122.31,1180,9660
17469,17469,4127000050,20150107T000000,485000.0,3.0,2.5,1540,7120,1.0,0,0,3,7,770,770,1938,2013,98038,47.3729,-122.037,1000,6638
17470,17470,8084900170,20141023T000000,1562000.0,5.0,3.0,3910,16200,1.0,0,0,4,9,2890,1020,1960,0,98004,47.6326,-122.217,3620,16200
17471,17471,2205700470,20150122T000000,650500.0,5.0,4.25,3920,11412,2.0,0,0,3,7,3920,0,1955,2005,98006,47.5766,-122.151,1400,9750
17472,17472,3629200020,20150202T000000,960000.0,4.0,2.5,3180,10105,2.0,0,0,4,9,3180,0,1986,0,98040,47.5328,-122.226,2670,10355
17473,17473,6070800050,20150213T000000,710000.0,3.0,2.5,2330,9160,2.0,0,0,3,9,2330,0,1997,0,98006,47.5467,-122.181,2460,9160
17474,17474,6329000185,20150329T000000,540000.0,3.0,2.5,2600,23361,1.5,1,4,3,8,2150,450,1912,0,98146,47.4997,-122.379,1700,14700
17475,17475,8815400020,20140724T000000,601000.0,4.0,1.75,1950,4200,1.0,0,0,5,7,1040,910,1951,0,98115,47.6755,-122.285,1450,5000
17476,17476,1742800430,20150504T000000,463828.0,5.0,1.75,3250,13702,1.0,0,2,3,8,1650,1600,1965,0,98055,47.4883,-122.225,2620,11328
17477,17477,5006000170,20150211T000000,293000.0,4.0,1.0,1130,8308,1.5,0,0,4,6,1130,0,1944,0,98166,47.4669,-122.355,1130,8652
17478,17478,7202310010,20141020T000000,597500.0,3.0,2.5,2620,4800,2.0,0,0,3,7,2620,0,2002,0,98053,47.6849,-122.037,2400,4756
17479,17479,323089005,20150326T000000,240000.0,2.0,1.0,1120,45302,1.0,0,2,4,5,1120,0,1932,0,98045,47.5105,-121.77,2150,101930
17480,17480,1525079056,20140502T000000,284000.0,3.0,1.75,1800,23103,1.0,0,0,3,7,1800,0,1968,0,98014,47.6517,-121.906,1410,18163
17481,17481,4140900050,20150126T000000,440000.0,4.0,1.75,2180,10200,1.0,0,2,3,8,2000,180,1966,0,98028,47.7638,-122.27,2590,10445
17482,17482,7387500235,20140515T000000,340000.0,3.0,1.75,1960,8136,1.0,0,0,3,7,980,980,1948,0,98106,47.5208,-122.364,1070,7480
17483,17483,7387500235,20150317T000000,363000.0,3.0,1.75,1960,8136,1.0,0,0,3,7,980,980,1948,0,98106,47.5208,-122.364,1070,7480
17484,17484,3726800010,20140714T000000,270000.0,2.0,1.0,1150,3600,1.0,0,0,3,6,1150,0,1910,0,98144,47.5729,-122.31,1160,4000
17485,17485,2621760290,20140827T000000,365000.0,4.0,2.5,2800,6820,2.0,0,0,4,7,2800,0,1997,0,98042,47.3695,-122.108,2060,6820
17486,17486,6046401300,20140609T000000,428000.0,3.0,2.0,1310,2550,1.0,0,0,3,7,780,530,1986,0,98103,47.6911,-122.35,1460,5100
17487,17487,3326069026,20150401T000000,600000.0,3.0,1.75,2340,57499,1.0,0,0,3,8,2340,0,1988,0,98053,47.6989,-122.044,3260,137649
17488,17488,6608500290,20141024T000000,405000.0,3.0,2.5,1430,10200,1.0,0,0,3,7,1430,0,1960,0,98033,47.7012,-122.166,1470,10350
17489,17489,1862700290,20140711T000000,339900.0,4.0,2.5,2340,9748,1.0,0,1,3,8,1610,730,1981,0,98003,47.3363,-122.331,2070,8241
17490,17490,4331000190,20141223T000000,275000.0,3.0,1.0,1290,11250,1.0,0,0,3,7,1290,0,1956,0,98166,47.4743,-122.341,1410,11196
17491,17491,5101400994,20140717T000000,361600.0,2.0,1.0,760,6380,1.0,0,0,3,6,760,0,1941,0,98115,47.6914,-122.31,1590,6380
17492,17492,1615900020,20150320T000000,325000.0,6.0,2.0,2780,13950,2.5,0,0,4,7,2780,0,1955,1964,98030,47.3738,-122.226,2120,13950
17493,17493,2804600005,20141219T000000,1050000.0,3.0,2.0,2090,4077,1.5,0,0,4,8,1530,560,1931,0,98112,47.6433,-122.3,2010,4132
17494,17494,7431500280,20141110T000000,959750.0,4.0,3.0,3060,50002,1.0,0,2,4,8,2460,600,1957,0,98008,47.6205,-122.096,2740,16181
17495,17495,6303401365,20140603T000000,210000.0,3.0,1.0,1110,7962,1.0,0,0,3,7,1110,0,1962,0,98146,47.5035,-122.36,1200,8094
17496,17496,2817850290,20141201T000000,258000.0,3.0,2.0,1790,7879,1.5,0,0,3,7,1790,0,1998,0,98001,47.2634,-122.289,1790,7879
17497,17497,3205100080,20140708T000000,468000.0,3.0,1.5,1830,9848,1.0,0,0,5,7,1830,0,1962,0,98056,47.539,-122.18,1830,8168
17498,17498,2464400280,20150504T000000,710000.0,4.0,3.5,2850,2910,2.0,0,2,3,8,1970,880,1905,1996,98115,47.6855,-122.321,1460,3880
17499,17499,7889601300,20150421T000000,268000.0,3.0,1.0,1420,6000,1.0,0,0,3,6,1420,0,1941,0,98146,47.4913,-122.336,1480,6000
17500,17500,8151600101,20150116T000000,115000.0,2.0,1.0,790,7252,1.0,0,0,3,5,790,0,1930,0,98146,47.5048,-122.365,1260,11470
17501,17501,3764650010,20150513T000000,500000.0,3.0,2.5,2300,4307,2.0,0,0,3,8,2300,0,1998,0,98034,47.7326,-122.197,2010,4307
17502,17502,3521069150,20141017T000000,431000.0,3.0,2.5,2440,71002,1.0,0,0,4,9,2440,0,1996,0,98022,47.2689,-122.01,3170,84000
17503,17503,4345000440,20150223T000000,241500.0,3.0,2.0,1310,7349,1.0,0,0,3,7,870,440,1995,0,98030,47.3639,-122.186,1690,6580
17504,17504,1822059073,20150414T000000,300000.0,3.0,1.0,1380,12000,1.0,0,0,3,7,1380,0,1963,0,98031,47.3997,-122.215,1890,22001
17505,17505,2600130190,20141107T000000,982000.0,4.0,2.5,2790,10289,2.0,0,0,3,9,2790,0,1987,0,98006,47.5483,-122.158,2650,10126
17506,17506,7985100190,20150106T000000,248500.0,3.0,2.5,1360,7293,2.0,0,0,3,8,1360,0,1988,0,98003,47.3304,-122.302,1540,7353
17507,17507,305010050,20141231T000000,665000.0,4.0,2.5,2510,5936,2.0,0,0,3,9,2510,0,1998,0,98075,47.5847,-122.032,2760,6060
17508,17508,3761100257,20140714T000000,1215000.0,3.0,3.0,4560,16339,2.0,0,2,3,10,4040,520,2001,0,98034,47.7024,-122.243,2620,11561
17509,17509,952003340,20140709T000000,380000.0,2.0,1.0,780,3910,1.0,0,0,3,6,780,0,1918,0,98126,47.566,-122.38,1500,5060
17510,17510,3347401315,20140616T000000,220000.0,3.0,2.0,1410,7998,1.0,0,0,4,7,1410,0,1940,0,98178,47.4968,-122.277,1780,8278
17511,17511,513000585,20140707T000000,631500.0,4.0,2.0,2530,5650,1.5,0,0,4,8,1910,620,1910,0,98116,47.5778,-122.382,1310,5750
17512,17512,1049010050,20141219T000000,386100.0,3.0,2.0,1270,6760,1.0,0,0,5,7,1270,0,1972,0,98034,47.7381,-122.179,1550,5734
17513,17513,1370802455,20140813T000000,1050000.0,4.0,4.5,3180,4606,2.0,0,3,4,9,1990,1190,1929,0,98199,47.6402,-122.405,2110,5323
17514,17514,4206901435,20150122T000000,650000.0,2.0,1.75,1450,4000,1.5,0,0,4,7,1350,100,1903,0,98105,47.6571,-122.326,1310,4000
17515,17515,1467400095,20150224T000000,545000.0,4.0,1.75,2040,53578,1.0,0,0,5,7,1160,880,1959,0,98038,47.3844,-122.0,2040,53578
17516,17516,2592210290,20141010T000000,870000.0,4.0,2.5,2650,12001,2.0,0,0,4,9,2650,0,1984,0,98006,47.5496,-122.14,2880,14054
17517,17517,3034200275,20140817T000000,380000.0,3.0,1.75,1240,8611,1.0,0,0,4,7,1240,0,1973,0,98133,47.7175,-122.331,1700,8037
17518,17518,7221400285,20150209T000000,265000.0,2.0,1.0,820,8423,1.0,0,2,3,6,820,0,1957,0,98055,47.4741,-122.2,1960,9140
17519,17519,7518502210,20140530T000000,645500.0,2.0,1.0,1890,5202,1.5,0,0,4,7,1890,0,1909,0,98117,47.6786,-122.379,1670,5100
17520,17520,1646501845,20140913T000000,570000.0,3.0,2.0,1270,3090,2.0,0,0,5,7,1270,0,1911,0,98117,47.685,-122.359,1440,3090
17521,17521,8081020380,20150217T000000,1200000.0,4.0,2.5,3350,11688,1.0,0,2,3,10,1760,1590,1995,0,98006,47.5507,-122.133,4240,10804
17522,17522,2158900095,20141027T000000,605000.0,2.0,1.0,1550,3200,1.5,0,0,3,8,1550,0,1927,0,98112,47.6368,-122.306,1800,3937
17523,17523,4031000460,20140610T000000,199500.0,3.0,1.0,920,9812,1.0,0,0,4,7,920,0,1962,0,98001,47.2958,-122.284,1188,9812
17524,17524,3881900605,20150315T000000,445000.0,2.0,1.0,950,4800,1.0,0,0,3,6,950,0,1941,0,98144,47.5864,-122.301,1420,5400
17525,17525,5700002285,20141016T000000,495000.0,4.0,1.75,2040,3570,1.0,0,0,4,7,1020,1020,1917,0,98144,47.5754,-122.288,1790,4206
17526,17526,6392002635,20140612T000000,594000.0,4.0,1.75,1870,5200,2.0,0,0,4,7,1200,670,1937,0,98115,47.6843,-122.283,1790,5000
17527,17527,6822100305,20140819T000000,465000.0,3.0,1.75,1720,5280,1.0,0,0,4,8,900,820,1943,0,98199,47.6493,-122.401,1600,6000
17528,17528,1871400585,20150422T000000,160000.0,2.0,1.0,1020,13647,1.0,0,0,5,6,1020,0,1915,1974,98022,47.2848,-121.927,980,8250
17529,17529,7300410010,20141204T000000,340000.0,4.0,2.5,2690,6099,2.0,0,0,3,9,2690,0,1998,0,98092,47.3314,-122.171,2520,6168
17530,17530,925069134,20140910T000000,870000.0,4.0,2.0,3090,41147,1.0,0,0,3,7,3090,0,1990,0,98052,47.6748,-122.049,3300,34280
17531,17531,2114700460,20140818T000000,249000.0,3.0,1.5,1070,5150,1.0,0,0,4,6,1070,0,1940,0,98106,47.5335,-122.349,1020,4800
17532,17532,3326059238,20150506T000000,500000.0,4.0,2.25,2050,7201,2.0,0,0,3,8,2050,0,1994,0,98033,47.7003,-122.165,1970,7350
17533,17533,3750606890,20140626T000000,220000.0,3.0,1.5,1660,15600,2.0,0,0,3,7,1660,0,1981,0,98001,47.2589,-122.279,1660,14400
17534,17534,9117100130,20140812T000000,368500.0,5.0,1.75,2810,9360,1.0,0,0,4,7,1520,1290,1965,0,98055,47.4361,-122.193,1770,9360
17535,17535,5469502660,20140929T000000,439950.0,4.0,2.25,2460,14600,1.0,0,0,4,8,1720,740,1977,0,98042,47.3762,-122.16,2460,14600
17536,17536,3356402232,20140924T000000,179900.0,3.0,1.75,1230,12000,1.0,0,0,3,6,1230,0,1970,0,98001,47.2878,-122.251,1550,12000
17537,17537,8030500010,20140528T000000,490000.0,4.0,2.5,2360,4367,2.0,0,0,3,8,2360,0,2003,0,98011,47.7731,-122.167,2360,4868
17538,17538,2425700022,20140929T000000,425000.0,4.0,1.75,1730,11890,1.0,0,0,2,7,980,750,1955,0,98004,47.5979,-122.194,2100,12325
17539,17539,3956100050,20140829T000000,533300.0,4.0,2.5,2770,21806,2.0,0,0,3,9,2770,0,1991,0,98045,47.4815,-121.768,2500,21656
17540,17540,5292200010,20150116T000000,447500.0,4.0,2.0,1770,3332,2.0,0,0,3,7,1630,140,1924,1975,98118,47.5563,-122.281,1640,4000
17541,17541,4178310080,20140723T000000,768000.0,5.0,2.75,3030,13640,2.0,0,0,4,8,3030,0,1980,0,98007,47.6186,-122.146,2500,13225
17542,17542,1180002745,20140521T000000,285000.0,3.0,1.75,2380,6000,1.5,0,0,3,7,1320,1060,1935,0,98178,47.498000000000005,-122.222,1290,6000
17543,17543,4047200655,20140509T000000,336900.0,3.0,1.75,1780,120661,1.0,0,0,4,6,1780,0,1979,0,98019,47.7731,-121.897,1440,25000
17544,17544,9477000080,20140714T000000,415000.0,4.0,1.5,1540,7886,2.0,0,0,3,7,1540,0,1967,0,98034,47.734,-122.193,1550,7396
17545,17545,3905100840,20140723T000000,500000.0,3.0,2.25,1580,4379,2.0,0,0,4,8,1580,0,1994,0,98029,47.5694,-122.005,1770,4187
17546,17546,7885800290,20141103T000000,337000.0,4.0,2.5,3200,5772,2.0,0,0,3,8,3200,0,2003,0,98042,47.3486,-122.153,3010,5772
17547,17547,9475710170,20140919T000000,419950.0,4.0,2.5,2220,6800,2.0,0,0,3,7,2220,0,2002,0,98059,47.49,-122.15,2220,5303
17548,17548,6885900415,20150107T000000,290000.0,4.0,2.75,2240,8162,2.0,0,0,5,7,1380,860,1946,0,98133,47.7427,-122.34,1550,8163
17549,17549,5285200020,20140718T000000,349950.0,2.0,1.75,1640,4176,1.0,0,0,4,7,1040,600,1948,0,98118,47.5162,-122.26,1460,5200
17550,17550,4039400430,20140516T000000,330000.0,3.0,1.5,1170,4950,1.0,0,0,4,7,1170,0,1960,0,98007,47.6057,-122.135,1570,7700
17551,17551,2481610170,20140609T000000,965000.0,4.0,2.25,3160,34560,1.0,0,0,4,10,3160,0,1981,0,98072,47.7337,-122.132,3530,38045
17552,17552,1795910420,20141031T000000,515000.0,3.0,2.5,2100,7851,2.0,0,0,3,8,2100,0,1986,0,98052,47.7242,-122.105,2100,8187
17553,17553,7135521680,20140522T000000,665000.0,4.0,2.5,2600,17388,2.0,0,0,3,9,2600,0,1996,0,98059,47.5283,-122.146,2950,11553
17554,17554,2011000020,20140826T000000,265000.0,3.0,1.75,1630,5999,1.5,0,0,4,7,1630,0,1985,0,98198,47.3816,-122.313,1540,7500
17555,17555,1196002395,20140917T000000,545400.0,3.0,2.0,2850,19200,1.0,0,3,3,8,2340,510,2004,0,98023,47.3378,-122.348,2860,18240
17556,17556,3876590420,20140624T000000,350000.0,4.0,3.0,2560,5606,2.0,0,0,3,9,2560,0,2004,0,98092,47.3274,-122.178,2667,7334
17557,17557,4358700164,20141113T000000,260000.0,2.0,1.5,980,1296,2.0,0,0,3,7,840,140,2001,0,98133,47.7075,-122.336,1100,1228
17558,17558,7631800015,20150407T000000,2510000.0,3.0,3.25,5480,57990,2.0,1,4,3,11,5480,0,1991,0,98166,47.4558,-122.371,2500,22954
17559,17559,3260810150,20140926T000000,355000.0,3.0,2.0,2160,8091,1.5,0,0,3,8,2160,0,2000,0,98003,47.3474,-122.303,2190,8297
17560,17560,7015201015,20141028T000000,879000.0,3.0,3.0,3030,5156,1.5,0,0,4,9,2080,950,1929,0,98119,47.647,-122.369,1910,5720
17561,17561,9348700450,20140818T000000,833000.0,4.0,3.5,3560,7178,2.0,0,3,3,10,2590,970,2006,0,98052,47.7054,-122.107,3290,6978
17562,17562,3151600035,20150107T000000,261590.0,2.0,1.0,760,6407,1.0,0,0,3,6,760,0,1943,0,98178,47.4977,-122.259,1050,8580
17563,17563,2254502070,20141105T000000,512500.0,3.0,3.0,2260,2400,2.0,0,0,3,7,2260,0,1909,1972,98122,47.6094,-122.31,1320,2790
17564,17564,8127700210,20150427T000000,600000.0,2.0,1.75,1560,3200,1.0,0,0,5,7,880,680,1946,0,98199,47.6419,-122.394,2060,4940
17565,17565,2926049237,20141006T000000,417500.0,5.0,3.0,2270,6664,1.0,0,0,3,7,1340,930,1995,0,98125,47.7191,-122.315,1870,6187
17566,17566,7785000230,20140527T000000,970000.0,5.0,3.0,3480,15185,2.0,0,0,4,8,3480,0,1964,0,98040,47.5757,-122.216,3030,14257
17567,17567,2025701390,20140812T000000,316000.0,3.0,2.25,1900,7479,2.0,0,0,4,7,1900,0,1992,0,98038,47.3495,-122.037,1520,6559
17568,17568,1561900330,20150306T000000,397500.0,4.0,3.0,2350,9952,1.0,0,0,3,9,1650,700,1989,0,98031,47.4194,-122.211,2440,9100
17569,17569,1370800940,20140721T000000,1350000.0,3.0,2.5,2390,5500,1.0,0,3,3,9,1700,690,1952,0,98199,47.6389,-122.409,2700,5500
17570,17570,8691300900,20140821T000000,840000.0,4.0,2.5,3730,9847,2.0,0,0,3,10,3730,0,1997,0,98075,47.587,-121.976,3490,10219
17571,17571,3751606514,20140626T000000,270000.0,2.0,1.0,1780,81021,1.0,0,3,4,9,1780,0,1954,0,98001,47.2712,-122.265,1780,26723
17572,17572,5104510490,20140527T000000,312900.0,4.0,2.5,1630,4473,2.0,0,0,3,7,1630,0,2003,0,98038,47.3546,-122.015,1830,5082
17573,17573,3432500210,20150326T000000,325000.0,2.0,1.0,1130,6908,1.5,0,0,3,6,1130,0,1945,0,98155,47.745,-122.313,1150,6908
17574,17574,2771604791,20140719T000000,680000.0,3.0,1.75,2140,3584,1.0,0,0,3,7,1070,1070,1952,0,98199,47.636,-122.391,1620,4000
17575,17575,2537500040,20150304T000000,763000.0,4.0,2.5,3220,7873,2.0,0,0,3,10,3220,0,1994,0,98075,47.5849,-122.03,2610,8023
17576,17576,1222069089,20140904T000000,375000.0,1.0,1.0,800,533610,1.5,0,0,5,5,800,0,1950,0,98038,47.4134,-121.986,1790,216057
17577,17577,3332500100,20150408T000000,475000.0,3.0,2.5,1800,3300,2.0,0,0,3,7,1690,110,2004,0,98118,47.5491,-122.276,1570,4097
17578,17578,7625702616,20141121T000000,219000.0,2.0,2.5,809,940,2.0,0,0,3,7,809,0,2003,0,98136,47.5499,-122.384,1260,4240
17579,17579,2561330040,20150323T000000,415000.0,3.0,2.25,1820,9694,1.0,0,0,3,7,1240,580,1977,0,98074,47.6157,-122.05,1820,9694
17580,17580,1423049019,20140523T000000,90000.0,2.0,1.0,580,7500,1.0,0,0,3,5,580,0,1943,0,98178,47.4852,-122.251,1700,11250
17581,17581,1423049019,20150331T000000,220000.0,2.0,1.0,580,7500,1.0,0,0,3,5,580,0,1943,0,98178,47.4852,-122.251,1700,11250
17582,17582,9277200065,20150226T000000,616000.0,3.0,2.0,2900,5650,1.0,0,2,3,8,1520,1380,1959,0,98116,47.5789,-122.396,1810,6250
17583,17583,1920079039,20140815T000000,269500.0,2.0,1.0,1140,74052,1.0,0,0,4,6,1140,0,1968,0,98022,47.2093,-121.962,1730,43560
17584,17584,7515000035,20150424T000000,395350.0,2.0,1.0,1060,5754,1.0,0,0,4,6,1060,0,1917,0,98117,47.6931,-122.372,1460,7200
17585,17585,5315101728,20150319T000000,770000.0,4.0,3.0,2320,7200,1.0,0,0,3,7,1260,1060,1943,2000,98040,47.5893,-122.232,1760,7200
17586,17586,326069164,20150429T000000,840000.0,4.0,2.5,3450,43216,2.0,0,0,3,9,3450,0,2000,0,98072,47.7625,-122.025,3030,50481
17587,17587,2695600410,20141106T000000,428950.0,2.0,1.0,1760,4441,1.0,0,0,3,8,1310,450,1950,0,98126,47.5311,-122.381,1350,5748
17588,17588,9348700610,20141217T000000,800000.0,4.0,3.75,3370,6766,2.0,0,0,3,9,3370,0,2005,0,98052,47.7063,-122.106,3530,6766
17589,17589,7308900100,20140619T000000,401000.0,4.0,1.0,1940,5753,1.5,0,0,3,7,1940,0,1947,0,98177,47.7188,-122.358,2170,6075
17590,17590,1453601502,20150226T000000,303697.0,4.0,2.0,2520,7334,1.0,0,0,3,7,1600,920,1955,0,98125,47.7263,-122.291,2040,7937
17591,17591,4077800593,20140915T000000,355000.0,3.0,1.0,1360,8968,1.0,0,0,3,7,1360,0,1956,0,98125,47.7105,-122.289,1490,7355
17592,17592,9268200641,20140820T000000,350000.0,2.0,1.0,800,5040,1.0,0,0,3,6,800,0,1960,0,98117,47.6953,-122.362,1020,5040
17593,17593,6705850300,20150414T000000,754999.0,4.0,2.5,3010,9323,2.0,0,0,3,10,3010,0,1992,0,98075,47.578,-122.053,2840,8413
17594,17594,3720800115,20150331T000000,982218.0,3.0,1.75,2340,5500,2.0,0,2,3,9,2340,0,1988,0,98102,47.6451,-122.319,2830,5500
17595,17595,8079040330,20140927T000000,406500.0,3.0,2.0,1780,8621,1.0,0,0,3,8,1780,0,1992,0,98059,47.5062,-122.149,2470,8542
17596,17596,1824079052,20150401T000000,1650000.0,4.0,3.25,4200,210394,2.0,0,0,4,10,4200,0,1993,0,98024,47.5607,-121.961,2370,184694
17597,17597,1923300315,20150217T000000,565000.0,2.0,1.75,1720,3000,1.0,0,0,5,7,860,860,1925,0,98103,47.68600000000001,-122.351,1360,4500
17598,17598,3336001316,20141106T000000,160000.0,2.0,1.0,830,4500,1.0,0,0,3,6,830,0,1920,0,98118,47.5248,-122.265,1092,5350
17599,17599,9382200025,20150115T000000,220000.0,3.0,1.0,1090,6320,1.0,0,0,3,6,890,200,1954,0,98146,47.4976,-122.35,1460,7080
17600,17600,7237500650,20150213T000000,1284000.0,5.0,4.25,5040,9466,2.0,0,0,3,11,5040,0,2004,0,98059,47.5282,-122.133,4300,9417
17601,17601,3100500065,20140708T000000,970000.0,5.0,2.75,3500,5040,2.0,0,2,3,9,2950,550,1927,2007,98126,47.5527,-122.379,1450,5040
17602,17602,795000620,20140924T000000,115000.0,3.0,1.0,1080,6250,1.0,0,0,2,5,1080,0,1950,0,98168,47.5045,-122.33,1070,6250
17603,17603,795000620,20141215T000000,124000.0,3.0,1.0,1080,6250,1.0,0,0,2,5,1080,0,1950,0,98168,47.5045,-122.33,1070,6250
17604,17604,795000620,20150311T000000,157000.0,3.0,1.0,1080,6250,1.0,0,0,2,5,1080,0,1950,0,98168,47.5045,-122.33,1070,6250
17605,17605,8651430220,20140725T000000,183000.0,3.0,1.0,870,5200,1.0,0,0,5,6,870,0,1969,0,98042,47.3702,-122.078,870,5200
17606,17606,7954300740,20140909T000000,527000.0,4.0,2.5,2830,6163,2.0,0,0,3,9,2830,0,2000,0,98056,47.5227,-122.19,2730,6202
17607,17607,4046601460,20140606T000000,407193.0,4.0,2.0,1880,14653,2.0,0,0,3,8,1880,0,1978,0,98014,47.6959,-121.921,1750,14858
17608,17608,6933600456,20150313T000000,970000.0,4.0,2.75,3600,5040,2.0,0,0,3,9,2610,990,2004,0,98199,47.6487,-122.388,1590,5040
17609,17609,9357000650,20140527T000000,535000.0,4.0,2.5,2340,5600,2.0,0,0,3,7,2340,0,1921,2013,98146,47.5117,-122.379,1310,5600
17610,17610,7347600490,20140814T000000,245000.0,3.0,2.0,2040,13125,1.0,0,0,3,6,810,1230,1910,0,98168,47.478,-122.278,1460,10582
17611,17611,5095400760,20140623T000000,337000.0,3.0,1.75,1310,12750,1.0,0,0,3,7,1310,0,1993,0,98059,47.4695,-122.07,1790,13500
17612,17612,1245003660,20150321T000000,630000.0,3.0,2.0,1470,6000,1.0,0,0,3,8,1090,380,1950,1996,98033,47.6829,-122.202,1880,7799
17613,17613,3275300040,20140606T000000,320000.0,3.0,1.75,1370,9900,1.0,0,0,4,7,1370,0,1983,0,98003,47.2575,-122.312,1490,9600
17614,17614,2407000405,20150226T000000,228500.0,3.0,1.0,1080,7486,1.5,0,0,3,6,990,90,1942,0,98146,47.4838,-122.335,1170,7800
17615,17615,6664900330,20150223T000000,293000.0,3.0,2.5,1990,7577,2.0,0,0,3,7,1990,0,1990,0,98023,47.2908,-122.351,1900,7152
17616,17616,4036800900,20140924T000000,447000.0,3.0,1.0,1310,7000,1.0,0,0,4,7,1310,0,1958,0,98008,47.6019,-122.123,1280,7300
17617,17617,8648220150,20140507T000000,226500.0,3.0,1.75,1640,10762,1.0,0,0,3,7,1130,510,1988,0,98042,47.3586,-122.074,1680,10259
17618,17618,3876313170,20141209T000000,436000.0,3.0,2.25,1770,8000,1.0,0,0,4,7,1350,420,1976,0,98072,47.7358,-122.17,1850,7875
17619,17619,2738600220,20140804T000000,451000.0,3.0,2.5,2050,4876,2.0,0,0,3,8,2050,0,2005,0,98072,47.7746,-122.158,2320,4065
17620,17620,1593000690,20150408T000000,315000.0,3.0,1.0,1170,62290,2.0,0,0,3,5,1170,0,1986,0,98045,47.5104,-121.787,1810,42173
17621,17621,5101406536,20141028T000000,450000.0,2.0,1.0,1340,7250,1.0,0,0,4,7,1340,0,1951,0,98125,47.7015,-122.32,1450,7026
17622,17622,2267000485,20141201T000000,635000.0,3.0,1.5,2240,5300,1.0,0,0,5,7,1120,1120,1955,0,98117,47.6927,-122.395,1740,7110
17623,17623,822059059,20150325T000000,292500.0,2.0,1.0,880,17743,1.0,0,0,4,5,880,0,1951,0,98031,47.4115,-122.197,1217,13000
17624,17624,2310110230,20140520T000000,329900.0,3.0,2.5,2170,4905,2.0,0,0,3,8,2170,0,2004,0,98038,47.3503,-122.039,2300,4935
17625,17625,7974200777,20141118T000000,531000.0,2.0,1.5,1260,6660,1.5,0,0,4,7,1260,0,1926,0,98115,47.6792,-122.287,2140,4770
17626,17626,2025059201,20140731T000000,725000.0,3.0,1.75,1880,13300,1.0,0,0,3,7,1380,500,1967,0,98004,47.63399999999999,-122.204,3550,10883
17627,17627,1074100110,20140525T000000,355300.0,3.0,2.5,1620,7410,1.0,0,0,5,7,1620,0,1955,0,98133,47.7708,-122.335,1450,8121
17628,17628,8000200090,20150427T000000,280000.0,3.0,2.5,1610,10022,2.0,0,0,3,7,1610,0,1996,0,98003,47.2583,-122.3,1820,10017
17629,17629,1247100035,20140630T000000,1095000.0,4.0,2.75,3330,9143,2.0,0,0,4,10,3330,0,1995,0,98033,47.6821,-122.19,2390,9143
17630,17630,7010700210,20140605T000000,605004.0,4.0,2.0,1370,4000,2.0,0,0,3,9,1370,0,1951,1994,98199,47.6593,-122.394,2010,5720
17631,17631,7950304065,20150309T000000,260000.0,2.0,1.0,690,6000,1.0,0,0,3,6,690,0,1949,0,98118,47.5621,-122.283,840,3030
17632,17632,9523100026,20140723T000000,748000.0,4.0,2.5,3170,4979,2.0,0,0,4,7,2570,600,1925,0,98103,47.6655,-122.34,2060,5000
17633,17633,1093000090,20150416T000000,776000.0,2.0,2.0,1990,6180,1.0,0,0,4,7,1010,980,1941,0,98115,47.6792,-122.303,1470,5150
17634,17634,1532300155,20140916T000000,425000.0,4.0,1.0,1080,6095,1.5,0,0,4,6,1080,0,1924,0,98103,47.6962,-122.346,1200,5060
17635,17635,4006000423,20150108T000000,230000.0,4.0,1.0,1870,14703,1.5,0,0,3,6,1090,780,1928,0,98118,47.5274,-122.281,1650,6045
17636,17636,8665900331,20150130T000000,418000.0,3.0,1.75,1670,12075,1.0,0,0,3,7,1370,300,1958,0,98155,47.7681,-122.307,1800,12123
17637,17637,3370000150,20140804T000000,440000.0,4.0,2.5,2800,28254,2.0,0,0,3,9,2800,0,2001,0,98038,47.3552,-122.063,2530,4694
17638,17638,1853080540,20141124T000000,858450.0,5.0,2.75,3460,7977,2.0,0,0,3,9,3460,0,2011,0,98074,47.5908,-122.062,3390,6630
17639,17639,1023089197,20141007T000000,390000.0,3.0,2.0,1930,12443,1.0,0,0,3,7,1930,0,1969,0,98045,47.4906,-121.775,1400,12183
17640,17640,1175001075,20140916T000000,957000.0,4.0,3.0,2370,3836,2.0,0,0,3,9,1750,620,1969,2008,98107,47.6718,-122.394,1690,4698
17641,17641,6392001810,20140904T000000,507000.0,3.0,1.0,1180,6000,1.0,0,0,3,7,1180,0,1950,0,98115,47.6853,-122.286,1680,6000
17642,17642,2767603160,20150225T000000,575000.0,2.0,1.0,1320,4750,1.5,0,0,4,7,1320,0,1928,0,98107,47.6729,-122.38,1360,2873
17643,17643,8129700985,20150427T000000,700000.0,3.0,1.75,1350,4000,1.5,0,0,4,7,1350,0,1925,0,98103,47.6581,-122.354,1880,4000
17644,17644,9406500600,20150205T000000,239950.0,2.0,1.5,1068,1452,2.0,0,0,3,7,1068,0,1990,0,98028,47.753,-122.244,1078,1357
17645,17645,3830620300,20141103T000000,253000.0,3.0,1.0,1580,8240,1.0,0,0,4,7,1040,540,1978,0,98030,47.3542,-122.181,1480,9200
17646,17646,4237901250,20150327T000000,540000.0,4.0,1.0,1690,3417,1.5,0,0,3,7,1690,0,1907,0,98199,47.663,-122.402,1970,4800
17647,17647,3754501240,20150206T000000,1550000.0,3.0,4.0,5120,4600,3.0,0,2,3,11,4490,630,2008,0,98034,47.7052,-122.223,2510,5918
17648,17648,2226069018,20141112T000000,805000.0,4.0,2.5,3960,38615,2.0,0,0,3,10,3960,0,2000,0,98077,47.7249,-122.024,3290,43560
17649,17649,4206901215,20140612T000000,920000.0,4.0,3.25,2420,4000,1.5,0,0,5,9,1870,550,1911,0,98105,47.6567,-122.325,1810,4000
17650,17650,3904930730,20141105T000000,496600.0,3.0,2.5,1910,5562,2.0,0,0,3,8,1910,0,1988,0,98029,47.5738,-122.017,1940,4647
17651,17651,2115510300,20141016T000000,246000.0,3.0,2.25,1440,10500,1.0,0,0,3,8,1130,310,1983,0,98023,47.318000000000005,-122.391,1510,8125
17652,17652,1773100620,20150505T000000,350000.0,5.0,3.0,2320,8400,1.0,0,0,3,7,1510,810,1963,0,98106,47.557,-122.365,1200,4800
17653,17653,5075400150,20140523T000000,585000.0,3.0,2.0,1670,4572,1.5,0,0,3,8,1670,0,1931,0,98117,47.6854,-122.373,1480,4890
17654,17654,3893100319,20150323T000000,450000.0,3.0,1.75,1390,11700,1.0,0,0,4,7,1390,0,1966,0,98033,47.7002,-122.192,1060,8686
17655,17655,4139440610,20140512T000000,746000.0,3.0,2.5,2620,8950,2.0,0,0,3,9,2620,0,1992,0,98006,47.5523,-122.119,2850,8809
17656,17656,2481590090,20141027T000000,598555.0,3.0,2.5,3040,7880,2.0,0,0,3,9,3040,0,2004,0,98056,47.5277,-122.184,3040,7880
17657,17657,3222049151,20141030T000000,820000.0,3.0,2.5,2990,10711,1.0,1,4,3,9,1560,1430,1976,1991,98198,47.3573,-122.324,2870,11476
17658,17658,1545805030,20141021T000000,266500.0,3.0,2.25,1740,5460,1.0,0,0,3,7,1210,530,1998,0,98038,47.3648,-122.046,1740,7500
17659,17659,620079042,20150323T000000,370000.0,2.0,1.0,2360,105850,1.0,0,2,2,6,1180,1180,1947,0,98022,47.2495,-121.97,2640,386812
17660,17660,6848200325,20140904T000000,625000.0,3.0,2.75,2240,3600,2.5,0,0,3,7,1650,590,1901,0,98102,47.6244,-122.326,1716,3120
17661,17661,6929603207,20141210T000000,243500.0,4.0,2.0,1610,6200,1.0,0,0,4,7,1610,0,1979,0,98198,47.3833,-122.306,1610,7500
17662,17662,3626039229,20150317T000000,340000.0,2.0,1.0,700,5829,1.0,0,0,3,6,700,0,1945,0,98103,47.6958,-122.357,1160,6700
17663,17663,5589900610,20140918T000000,559950.0,5.0,3.0,2730,9519,1.0,0,0,3,8,1670,1060,2014,0,98155,47.7504,-122.307,1150,9519
17664,17664,7153400100,20150219T000000,315000.0,3.0,2.75,1780,15114,1.0,0,0,3,7,1080,700,1980,0,98003,47.258,-122.305,1792,10155
17665,17665,1125069086,20150428T000000,753000.0,3.0,2.5,3070,223463,2.0,0,0,3,9,3070,0,2003,0,98053,47.664,-121.993,3640,223463
17666,17666,2902200076,20150128T000000,800000.0,3.0,3.0,2060,3200,2.0,0,0,3,8,2060,0,1907,1984,98102,47.637,-122.324,1760,2669
17667,17667,8024201210,20140911T000000,550000.0,3.0,2.25,1360,5111,1.5,0,0,5,7,1360,0,1934,0,98115,47.6988,-122.313,1900,5111
17668,17668,3755500065,20141106T000000,465000.0,3.0,2.0,1430,14250,1.0,0,0,3,7,1430,0,1953,0,98033,47.701,-122.199,1530,11475
17669,17669,3890600150,20140528T000000,465000.0,3.0,2.25,1840,5752,2.0,0,0,3,7,1840,0,2003,0,98034,47.7042,-122.187,1670,2462
17670,17670,2141320230,20150410T000000,710000.0,4.0,2.25,2000,8068,2.0,0,0,5,8,2000,0,1976,0,98006,47.5584,-122.137,2080,7837
17671,17671,8078430360,20141216T000000,505000.0,3.0,2.5,1820,11012,2.0,0,0,3,8,1820,0,1988,0,98074,47.6358,-122.026,1860,7767
17672,17672,333100209,20150318T000000,690000.0,3.0,1.75,2330,16300,2.0,0,0,3,9,2330,0,1964,0,98034,47.7037,-122.24,2330,16300
17673,17673,5419800090,20141121T000000,217500.0,2.0,2.0,1070,8400,1.0,0,0,4,7,1070,0,1980,0,98031,47.4014,-122.186,1430,8190
17674,17674,1868900395,20140902T000000,500000.0,2.0,1.0,930,3750,1.0,0,0,4,7,930,0,1909,0,98115,47.6733,-122.296,1740,4300
17675,17675,1568100730,20150218T000000,325000.0,2.0,2.0,1040,5796,1.0,0,2,4,6,1040,0,1921,0,98155,47.7362,-122.29,2300,5796
17676,17676,1785400770,20140825T000000,500000.0,4.0,2.25,1960,12436,2.0,0,0,3,8,1960,0,1984,0,98074,47.6276,-122.037,1960,12436
17677,17677,2724079014,20150331T000000,721500.0,3.0,3.25,2970,234788,2.0,0,3,3,9,2040,930,1991,0,98024,47.5353,-121.897,2970,220413
17678,17678,1370801800,20140519T000000,924000.0,3.0,1.5,2200,5000,1.5,0,0,3,9,2200,0,1932,0,98199,47.6404,-122.408,2860,5000
17679,17679,3585901085,20140604T000000,2005000.0,6.0,4.5,3810,28176,1.0,0,4,5,10,3810,0,1969,0,98177,47.7612,-122.381,3810,26400
17680,17680,424049283,20150415T000000,345000.0,2.0,1.5,830,1034,2.0,0,0,3,8,830,0,2009,0,98144,47.5926,-122.3,1130,2534
17681,17681,7851990230,20150316T000000,825000.0,4.0,3.5,3920,11086,2.0,0,0,3,10,3920,0,1999,0,98065,47.5416,-121.869,3740,10880
17682,17682,1423069076,20140926T000000,560000.0,3.0,2.0,2870,95396,1.0,0,0,4,9,1350,1520,1980,0,98027,47.4834,-122.001,2870,102366
17683,17683,1786830090,20140708T000000,599000.0,3.0,2.0,2560,14680,1.0,0,0,3,8,1330,1230,1987,0,98052,47.648,-122.118,2390,13848
17684,17684,2968801240,20140512T000000,211000.0,3.0,1.5,1350,7620,1.0,0,0,5,6,1350,0,1941,0,98166,47.4565,-122.35,1350,7620
17685,17685,3344500210,20150424T000000,425000.0,4.0,2.25,1240,21190,1.0,0,0,3,8,910,330,1974,0,98056,47.5123,-122.197,1760,8200
17686,17686,226039317,20150107T000000,750000.0,4.0,2.75,3210,8520,1.0,0,2,4,7,1810,1400,1976,0,98177,47.7743,-122.388,2450,7360
17687,17687,7202330530,20150116T000000,479000.0,3.0,2.5,1690,3322,2.0,0,0,3,7,1690,0,2003,0,98053,47.6824,-122.036,1650,3446
17688,17688,3905090230,20150227T000000,612500.0,4.0,2.5,2550,10623,2.0,0,0,3,9,2550,0,1992,0,98029,47.5695,-121.992,2750,8100
17689,17689,6446200365,20150505T000000,605000.0,5.0,1.75,3240,34510,2.0,0,0,4,7,2690,550,1963,0,98029,47.5529,-122.027,2650,28250
17690,17690,856001130,20150223T000000,1364000.0,4.0,2.5,3560,8960,2.0,0,0,3,10,3560,0,2001,0,98033,47.6903,-122.213,1660,7680
17691,17691,7861500150,20141202T000000,389900.0,3.0,2.5,2160,59241,1.0,0,0,3,7,2160,0,2007,0,98042,47.3304,-122.13,2290,125017
17692,17692,5014600210,20141215T000000,710000.0,4.0,2.5,3060,5000,2.0,0,0,3,9,3060,0,2006,0,98059,47.5395,-122.188,2870,5548
17693,17693,2215900900,20150505T000000,295000.0,3.0,2.5,1690,8564,2.0,0,0,4,7,1690,0,1992,0,98038,47.3518,-122.057,1690,7532
17694,17694,2025700740,20140702T000000,275250.0,3.0,2.25,1520,7199,2.0,0,0,4,7,1520,0,1992,0,98038,47.3492,-122.034,1410,6751
17695,17695,2591730230,20140912T000000,250000.0,4.0,2.5,2040,5770,2.0,0,0,3,7,2040,0,1994,0,98038,47.3522,-122.059,1570,6753
17696,17696,7611200195,20150220T000000,709000.0,3.0,2.0,2360,18000,1.0,0,0,4,8,2180,180,1951,0,98177,47.7133,-122.367,2600,17300
17697,17697,9297800090,20140708T000000,399500.0,4.0,1.75,1360,4840,1.5,0,0,4,7,1360,0,1928,0,98126,47.556,-122.376,1320,4840
17698,17698,2215900930,20140509T000000,225000.0,3.0,2.5,2000,9202,2.0,0,0,4,7,2000,0,1992,0,98038,47.3516,-122.057,1750,7827
17699,17699,7215730930,20150112T000000,500000.0,3.0,2.5,1650,4648,2.0,0,0,3,8,1650,0,2001,0,98075,47.5968,-122.015,1800,5637
17700,17700,5201810110,20140609T000000,364900.0,3.0,3.0,2500,8304,2.0,0,0,3,8,2500,0,1997,0,98031,47.4022,-122.166,2290,7855
17701,17701,3575302562,20141113T000000,356000.0,3.0,1.5,1140,7500,1.0,0,0,3,7,1140,0,1976,0,98074,47.619,-122.064,1380,7500
17702,17702,3438502290,20150202T000000,616750.0,3.0,1.5,2140,47743,1.5,0,0,3,9,2140,0,1978,0,98106,47.5402,-122.365,1060,6016
17703,17703,8881900230,20141202T000000,755000.0,3.0,2.75,2870,6600,2.0,0,2,3,8,2870,0,1984,0,98008,47.5745,-122.113,2570,7925
17704,17704,3500100015,20140812T000000,327500.0,2.0,1.0,830,8183,1.0,0,0,5,6,830,0,1950,0,98155,47.7366,-122.302,1180,8184
17705,17705,8651511250,20150415T000000,605000.0,3.0,2.25,1960,10139,2.0,0,0,3,8,1960,0,1984,0,98074,47.6481,-122.061,2080,9753
17706,17706,8651401960,20150413T000000,179950.0,4.0,1.5,1130,5200,1.0,0,0,3,6,1130,0,1968,0,98042,47.3616,-122.089,1140,5200
17707,17707,7937900040,20141219T000000,633000.0,5.0,2.75,3630,30570,2.0,0,0,3,11,3630,0,2000,0,98058,47.4243,-122.097,3620,41965
17708,17708,6199000141,20150312T000000,349950.0,4.0,2.0,1764,15600,1.0,0,0,5,7,1764,0,1942,0,98058,47.4318,-122.181,1490,22387
17709,17709,3271300365,20150407T000000,1080000.0,3.0,2.75,2770,5800,1.0,0,0,4,8,1650,1120,1959,0,98199,47.6496,-122.413,2340,5800
17710,17710,9264030040,20150430T000000,425000.0,3.0,2.5,2650,12247,2.0,0,0,3,9,2650,0,2002,0,98001,47.3185,-122.259,2920,8965
17711,17711,9829200580,20140917T000000,990000.0,3.0,2.75,2500,6350,2.0,0,0,5,9,2370,130,1979,0,98122,47.6035,-122.285,2090,5454
17712,17712,2929600035,20140627T000000,410000.0,3.0,1.0,2710,19000,2.0,0,3,4,7,2710,0,1950,0,98166,47.4462,-122.359,2150,19000
17713,17713,3459410230,20141111T000000,590000.0,3.0,2.25,2490,8800,2.0,0,0,4,8,2490,0,1975,0,98006,47.5666,-122.132,2690,10000
17714,17714,7303200450,20150408T000000,242000.0,3.0,1.75,1500,7560,1.0,0,0,3,7,1500,0,1979,0,98003,47.3467,-122.296,1500,7560
17715,17715,924069042,20141125T000000,775000.0,3.0,2.0,1160,13747,1.0,0,0,5,5,580,580,1931,0,98075,47.585,-122.051,2961,16320
17716,17716,287000110,20140625T000000,680000.0,4.0,1.5,1880,6200,1.0,0,2,5,8,1440,440,1954,0,98146,47.5035,-122.384,2070,6500
17717,17717,1018000276,20150327T000000,217000.0,3.0,2.5,1340,4200,2.0,0,0,3,7,1340,0,2002,0,98002,47.2942,-122.226,990,4520
17718,17718,1560870040,20150421T000000,395000.0,3.0,2.5,1960,3953,2.0,0,0,3,8,1960,0,1999,0,98059,47.4904,-122.158,1690,3593
17719,17719,7135500120,20140519T000000,572500.0,3.0,2.25,2030,9791,1.0,0,0,4,8,1500,530,1984,0,98059,47.534,-122.161,2030,11031
17720,17720,5101408835,20140909T000000,559900.0,5.0,3.0,2200,6380,1.0,0,0,3,7,1440,760,1987,0,98125,47.7033,-122.322,1960,5800
17721,17721,472000590,20140624T000000,845000.0,3.0,2.0,2540,4750,1.5,0,0,5,9,1840,700,1930,0,98117,47.6838,-122.4,2190,4750
17722,17722,104550750,20140728T000000,241000.0,3.0,2.0,1520,7131,1.0,0,0,3,8,1520,0,1993,0,98023,47.3061,-122.361,1890,7379
17723,17723,7576700150,20141001T000000,1325000.0,3.0,2.25,2360,5504,2.0,0,0,4,8,2080,280,1913,0,98122,47.617,-122.288,2840,5470
17724,17724,7137300245,20150429T000000,475000.0,3.0,1.75,1340,2805,1.5,0,0,3,7,1340,0,1919,0,98144,47.5922,-122.297,1650,2805
17725,17725,5511600315,20150218T000000,575000.0,2.0,1.5,1400,5810,2.0,0,0,3,7,1400,0,1940,0,98103,47.6843,-122.341,1470,3920
17726,17726,1422059039,20140828T000000,455000.0,4.0,2.75,3030,117378,1.0,0,0,4,8,1680,1350,1959,0,98042,47.401,-122.135,2060,110957
17727,17727,1026069095,20140624T000000,839000.0,3.0,2.5,3200,203425,1.0,0,0,3,10,3200,0,2000,0,98077,47.7614,-122.015,3200,203425
17728,17728,2207100165,20150430T000000,475000.0,4.0,1.5,1580,10260,1.0,0,0,4,7,1030,550,1955,0,98007,47.5984,-122.147,1520,7000
17729,17729,1705400361,20141208T000000,600000.0,2.0,1.0,2120,6897,1.0,0,0,4,7,1060,1060,1923,0,98118,47.5566,-122.278,1900,4462
17730,17730,1370804115,20141106T000000,515000.0,2.0,1.0,1640,5200,1.0,0,0,4,7,1040,600,1937,0,98199,47.6426,-122.403,1780,5040
17731,17731,9527000090,20150318T000000,425000.0,3.0,2.25,1890,8400,1.0,0,0,3,8,1520,370,1977,0,98034,47.7103,-122.232,1830,7980
17732,17732,1556200145,20141007T000000,565000.0,4.0,2.0,1710,3875,1.5,0,0,4,7,1710,0,1907,0,98122,47.6086,-122.294,1710,3812
17733,17733,1245500286,20140523T000000,498000.0,2.0,2.0,1140,8282,1.0,0,0,3,6,1140,0,1924,2009,98033,47.6949,-122.21,1650,9000
17734,17734,8824900120,20140606T000000,739000.0,4.0,3.0,2720,3800,2.0,0,0,5,8,1800,920,1919,0,98115,47.6756,-122.306,1940,4001
17735,17735,3959401645,20140604T000000,355000.0,2.0,1.75,1650,4000,1.0,0,0,4,7,950,700,1947,0,98108,47.5622,-122.319,1060,4110
17736,17736,9264900880,20140715T000000,263000.0,3.0,1.75,1790,7485,1.0,0,0,4,8,1330,460,1979,0,98023,47.3118,-122.34,1970,8097
17737,17737,2826049160,20140905T000000,375000.0,4.0,1.75,1680,6834,1.5,0,0,3,7,1680,0,1948,0,98125,47.716,-122.307,950,7425
17738,17738,3449500035,20140930T000000,322000.0,3.0,1.75,2200,12231,1.0,0,0,4,7,1250,950,1964,0,98056,47.5076,-122.173,2200,9825
17739,17739,9266700845,20150429T000000,325000.0,2.0,1.0,830,5100,1.0,0,0,3,6,830,0,1941,0,98103,47.6932,-122.346,1050,5100
17740,17740,2493200455,20141021T000000,290000.0,2.0,1.0,770,4800,1.0,0,0,3,7,770,0,1943,0,98136,47.527,-122.383,1390,4800
17741,17741,6352600210,20140611T000000,809950.0,4.0,2.5,3280,6181,2.0,0,0,3,10,3280,0,2001,0,98074,47.6484,-122.081,3110,7570
17742,17742,4278900110,20141009T000000,969500.0,3.0,3.25,2080,3025,2.0,0,2,4,8,1220,860,1984,0,98122,47.6051,-122.289,2680,6518
17743,17743,7214790110,20140613T000000,665000.0,4.0,2.5,2790,43091,2.0,0,0,4,9,2790,0,1989,0,98077,47.7759,-122.08,2750,35290
17744,17744,9358400150,20150206T000000,635000.0,5.0,3.5,4150,13232,2.0,0,0,3,11,4150,0,2006,0,98003,47.3417,-122.182,3840,15121
17745,17745,1545802100,20141029T000000,272450.0,3.0,2.25,1780,7332,2.0,0,0,3,7,1780,0,1987,0,98038,47.3593,-122.051,1510,7625
17746,17746,8563000110,20150424T000000,427000.0,4.0,1.75,1460,9750,1.0,0,0,4,7,1460,0,1967,0,98008,47.6205,-122.102,1820,9840
17747,17747,8074400150,20150401T000000,261500.0,3.0,1.0,1410,8174,1.0,0,0,3,8,1410,0,1958,0,98056,47.4969,-122.178,1500,8058
17748,17748,1951800040,20140620T000000,488800.0,4.0,2.25,2170,9665,1.0,0,0,4,8,1300,870,1976,0,98006,47.5444,-122.165,2170,12054
17749,17749,7934000090,20150225T000000,340000.0,2.0,1.0,690,5200,1.0,0,0,3,6,690,0,1918,0,98136,47.556,-122.395,1380,5700
17750,17750,50300090,20140811T000000,398950.0,4.0,3.0,3000,10297,2.0,0,0,3,8,3000,0,2003,0,98042,47.3684,-122.073,2520,8366
17751,17751,8651430210,20150321T000000,217000.0,3.0,1.0,870,5200,1.0,0,0,5,6,870,0,1969,0,98042,47.3701,-122.078,1020,5200
17752,17752,126059019,20150316T000000,799000.0,4.0,2.5,3170,94855,1.0,0,0,4,9,1910,1260,1978,0,98072,47.7648,-122.112,2590,65340
17753,17753,2599700040,20141230T000000,160000.0,4.0,1.0,1540,7350,1.0,0,0,4,6,770,770,1969,0,98023,47.3318,-122.34,910,8000
17754,17754,9512501400,20140902T000000,447000.0,3.0,1.0,1270,8800,1.0,0,0,3,7,1270,0,1968,0,98052,47.6703,-122.15,1560,8250
17755,17755,9169600043,20150424T000000,765000.0,3.0,1.75,2190,6450,1.0,0,0,3,8,1480,710,1957,0,98136,47.5284,-122.391,2190,6450
17756,17756,4139900210,20140620T000000,1320000.0,4.0,3.5,4410,36200,2.0,0,0,3,11,4410,0,1989,0,98006,47.5487,-122.126,4760,35860
17757,17757,9558010090,20140822T000000,445000.0,4.0,2.5,2790,8111,2.0,0,0,3,9,2480,310,2004,0,98058,47.4492,-122.116,2550,7634
17758,17758,8101900100,20150328T000000,310000.0,3.0,1.0,1510,6000,1.0,0,0,3,8,1170,340,1953,0,98118,47.5168,-122.285,1125,6000
17759,17759,5592900205,20150409T000000,380000.0,2.0,1.75,1800,7191,1.0,0,3,4,7,990,810,1952,0,98056,47.4828,-122.191,1940,7400
17760,17760,1624049228,20141124T000000,325000.0,4.0,1.0,2410,6975,1.0,0,0,3,7,1510,900,1957,0,98108,47.5692,-122.295,1880,6255
17761,17761,2473410360,20140617T000000,345000.0,4.0,2.75,2250,7412,1.0,0,0,4,8,1480,770,1975,0,98058,47.4449,-122.129,2070,7632
17762,17762,7750500120,20141118T000000,300000.0,3.0,1.0,950,4760,1.5,0,0,3,6,950,0,1929,0,98106,47.5236,-122.348,1080,4760
17763,17763,1630700361,20140627T000000,530000.0,4.0,1.75,2860,48351,1.0,0,0,3,8,1710,1150,1978,0,98077,47.7605,-122.085,2460,43560
17764,17764,1630700361,20150409T000000,583500.0,4.0,1.75,2860,48351,1.0,0,0,3,8,1710,1150,1978,0,98077,47.7605,-122.085,2460,43560
17765,17765,4025300210,20150217T000000,410000.0,2.0,1.0,1560,10125,1.0,0,0,4,7,1130,430,1954,0,98155,47.7488,-122.304,1680,10125
17766,17766,2922701175,20140919T000000,535000.0,2.0,1.5,1940,5700,1.0,0,0,3,7,970,970,1937,0,98117,47.6881,-122.367,1250,5700
17767,17767,7352200450,20150115T000000,2050000.0,4.0,3.25,3580,19989,1.5,1,4,4,7,3480,100,1915,1965,98125,47.7087,-122.276,2410,6389
17768,17768,9320990120,20140703T000000,345000.0,4.0,2.5,2040,5523,2.0,0,0,3,7,2040,0,1999,0,98148,47.432,-122.328,1720,6646
17769,17769,1238500281,20150410T000000,539000.0,5.0,1.0,1700,11727,1.5,0,0,4,7,1700,0,1954,0,98033,47.68600000000001,-122.172,1740,8212
17770,17770,1951800580,20141024T000000,590000.0,4.0,2.5,3700,12500,1.0,0,0,5,8,1920,1780,1973,0,98006,47.5403,-122.168,2020,8350
17771,17771,3530430100,20140815T000000,187000.0,2.0,1.75,1050,2926,1.0,0,0,4,8,1050,0,1974,0,98198,47.3811,-122.317,1150,3802
17772,17772,1623059092,20140509T000000,270000.0,3.0,2.0,1690,9583,1.0,0,0,4,7,1690,0,1969,0,98059,47.4825,-122.164,1690,9583
17773,17773,7177300735,20150329T000000,546000.0,2.0,1.0,1120,6180,1.0,0,0,4,7,1120,0,1939,0,98115,47.6824,-122.301,1420,5356
17774,17774,1525039057,20140702T000000,520000.0,3.0,1.75,1490,1036,2.0,0,0,3,10,1090,400,2008,0,98199,47.6588,-122.403,1460,1206
17775,17775,5393601635,20141229T000000,515000.0,5.0,2.0,2220,6000,1.5,0,0,4,7,1390,830,1925,0,98144,47.5822,-122.295,1600,6000
17776,17776,4217401240,20140717T000000,990000.0,3.0,2.5,2160,6000,1.5,0,0,4,8,1880,280,1939,0,98105,47.6582,-122.28,2300,6000
17777,17777,3438501450,20150507T000000,382000.0,2.0,1.0,870,10492,1.0,0,0,3,7,870,0,1937,0,98106,47.5467,-122.365,1300,7987
17778,17778,1872900065,20150410T000000,1210000.0,3.0,1.75,1900,13600,1.0,0,0,4,8,1900,0,1956,0,98004,47.6163,-122.219,2510,16600
17779,17779,9285800180,20140626T000000,900000.0,4.0,3.5,3370,5000,2.0,0,2,3,8,2470,900,2008,0,98126,47.5714,-122.38,1820,5000
17780,17780,4322200220,20150421T000000,675000.0,3.0,2.75,3370,5350,1.5,0,1,4,7,2310,1060,1910,0,98136,47.5373,-122.39,1720,5618
17781,17781,1819800042,20141114T000000,460000.0,2.0,1.0,880,3300,1.0,0,0,4,7,880,0,1909,0,98107,47.6566,-122.36,1960,5500
17782,17782,2946001675,20140603T000000,234000.0,2.0,1.0,940,5375,1.0,0,0,4,5,940,0,1952,0,98198,47.4206,-122.324,1200,7500
17783,17783,1138010530,20150429T000000,399000.0,3.0,1.0,1340,7191,1.0,0,0,3,7,1340,0,1974,0,98034,47.7148,-122.212,1340,7215
17784,17784,7763400035,20150402T000000,253500.0,3.0,1.5,1440,12040,1.0,0,0,4,7,1440,0,1959,0,98042,47.3715,-122.16,1720,12040
17785,17785,925059107,20140820T000000,475000.0,3.0,1.5,1750,12632,1.0,0,0,4,7,1750,0,1952,0,98033,47.6736,-122.176,1740,12196
17786,17786,1112000100,20150330T000000,740000.0,5.0,3.5,3990,5000,2.0,0,0,3,8,2910,1080,2004,0,98118,47.54,-122.27,1310,5000
17787,17787,7010700936,20140613T000000,799000.0,3.0,2.5,2860,4442,2.0,0,0,3,8,2860,0,2000,0,98199,47.661,-122.396,1440,4400
17788,17788,9558010300,20150423T000000,390000.0,4.0,2.5,1940,3864,2.0,0,0,3,8,1940,0,2003,0,98058,47.4507,-122.12,1900,3864
17789,17789,7304301010,20140915T000000,421000.0,2.0,1.5,1400,11245,1.0,0,0,5,7,1400,0,1947,0,98155,47.7469,-122.321,1220,11241
17790,17790,2329800110,20150128T000000,296500.0,3.0,2.5,1770,6033,2.0,0,0,4,7,1770,0,1987,0,98042,47.3764,-122.119,1590,6510
17791,17791,8712100530,20140813T000000,895000.0,4.0,2.0,1710,4178,1.5,0,0,4,8,1710,0,1926,0,98112,47.6373,-122.3,1760,4178
17792,17792,3814800300,20140811T000000,386000.0,4.0,2.5,2810,11897,2.0,0,0,3,8,2810,0,2003,0,98092,47.3251,-122.186,1770,4240
17793,17793,4022300035,20141009T000000,424000.0,3.0,1.0,1580,13912,1.0,0,0,4,8,1580,0,1955,0,98155,47.7552,-122.276,2130,16420
17794,17794,6021503840,20140610T000000,749000.0,3.0,1.0,1580,5000,1.5,0,0,3,7,1580,0,1926,0,98117,47.684,-122.386,1280,4000
17795,17795,5210200081,20141110T000000,523000.0,3.0,1.0,1440,8681,1.5,0,0,3,7,1440,0,1937,0,98115,47.6976,-122.283,1700,7770
17796,17796,821049123,20141028T000000,389000.0,4.0,2.5,2420,9147,2.0,0,0,3,10,2420,0,1998,0,98003,47.3221,-122.322,1400,7200
17797,17797,6929600945,20140825T000000,270000.0,4.0,1.5,1930,15000,1.0,0,0,5,7,1930,0,1946,0,98198,47.3864,-122.312,1620,7500
17798,17798,5229300027,20140910T000000,275000.0,3.0,1.0,1190,27215,1.0,0,0,5,7,1190,0,1943,1989,98059,47.4978,-122.115,1450,56628
17799,17799,2214800730,20140905T000000,287500.0,4.0,2.5,2240,6944,1.0,0,2,3,7,1310,930,1979,0,98001,47.338,-122.258,1780,7477
17800,17800,3521059124,20140924T000000,345000.0,2.0,2.5,2550,216344,2.5,0,0,3,7,2550,0,1993,0,98092,47.2584,-122.124,1750,289978
17801,17801,1931300850,20140527T000000,427000.0,2.0,1.0,920,3780,1.0,0,0,3,6,920,0,1910,0,98103,47.6576,-122.348,1570,2640
17802,17802,2206500110,20140905T000000,508450.0,4.0,1.75,1520,9600,1.0,0,0,4,7,1000,520,1955,0,98006,47.5763,-122.154,1510,9000
17803,17803,3856903515,20141222T000000,705000.0,3.0,2.0,1460,6250,1.5,0,0,4,7,1460,0,1912,0,98103,47.6693,-122.333,1690,4750
17804,17804,5561401530,20141029T000000,550000.0,1.0,1.5,1900,40600,1.5,0,0,5,9,1450,450,1977,0,98027,47.4718,-122.009,2920,40427
17805,17805,2206900065,20150501T000000,380000.0,3.0,1.5,1430,11173,1.0,0,0,1,7,1430,0,1955,0,98006,47.5734,-122.153,1520,11659
17806,17806,7852090820,20140729T000000,539900.0,3.0,2.5,2500,4203,2.0,0,0,3,8,2500,0,2001,0,98065,47.5346,-121.875,2460,4798
17807,17807,2354300915,20140903T000000,330000.0,2.0,1.0,720,7250,1.0,0,0,3,5,720,0,1943,0,98027,47.5267,-122.032,1760,7250
17808,17808,9214400120,20140602T000000,455000.0,2.0,1.0,1140,5720,1.0,0,0,3,7,850,290,1947,0,98115,47.6827,-122.298,1410,5832
17809,17809,7298050090,20141007T000000,510000.0,4.0,4.0,3530,10935,2.0,0,0,3,10,3530,0,1992,0,98023,47.3016,-122.342,3360,11250
17810,17810,1323059098,20150402T000000,315000.0,3.0,2.0,1220,14645,1.0,0,0,3,6,1220,0,1970,0,98059,47.4842,-122.117,1980,24960
17811,17811,7345000120,20140617T000000,206000.0,3.0,1.0,1320,7000,1.0,0,0,4,7,1320,0,1967,0,98002,47.2787,-122.205,1260,7455
17812,17812,8563050110,20140522T000000,592500.0,4.0,3.0,2170,8240,1.0,0,0,4,8,1370,800,1968,0,98052,47.6291,-122.093,2020,7944
17813,17813,3754010040,20141023T000000,744000.0,3.0,2.5,2020,7512,2.0,0,0,4,8,2020,0,1981,0,98033,47.6927,-122.206,2410,8500
17814,17814,8944320100,20141027T000000,334500.0,3.0,2.5,1990,3694,2.0,0,0,3,8,1990,0,1989,0,98042,47.3872,-122.154,2110,3842
17815,17815,6788201781,20140605T000000,886000.0,4.0,2.0,2660,3900,1.5,0,0,4,7,1480,1180,1923,0,98112,47.6398,-122.306,2350,3900
17816,17816,1036400100,20141021T000000,600000.0,4.0,2.5,2360,13500,1.0,0,0,4,8,1780,580,1973,0,98052,47.6315,-122.103,2780,12400
17817,17817,323089085,20150422T000000,850000.0,3.0,2.0,2740,101930,1.0,0,2,3,9,2740,0,1999,0,98045,47.5056,-121.77,2140,83635
17818,17818,7905200365,20150408T000000,550000.0,3.0,1.75,1360,5850,1.0,0,0,4,7,1000,360,1938,0,98116,47.5711,-122.391,1540,5850
17819,17819,2420069268,20140821T000000,184900.0,2.0,1.0,1230,5000,1.0,0,0,5,6,1230,0,1911,0,98022,47.2064,-121.988,1230,5413
17820,17820,7957600025,20140508T000000,245000.0,3.0,1.5,1260,7964,1.0,0,0,4,7,1260,0,1955,0,98148,47.4307,-122.334,1510,8776
17821,17821,1338600090,20140923T000000,370000.0,2.0,1.0,1040,4172,1.0,0,0,3,7,1040,0,1946,0,98112,47.6308,-122.302,3120,4800
17822,17822,5255690100,20150421T000000,480000.0,4.0,2.5,2700,9700,1.0,0,0,3,8,1670,1030,1978,0,98011,47.7752,-122.198,2470,9228
17823,17823,1646500365,20141121T000000,579000.0,3.0,1.75,1800,4429,2.0,0,0,4,7,1800,0,1906,0,98103,47.6842,-122.357,1310,4429
17824,17824,2645500021,20141009T000000,339275.0,3.0,1.5,1590,7260,1.0,0,0,3,7,1080,510,1964,0,98133,47.7753,-122.353,1590,7594
17825,17825,2220069003,20150223T000000,425000.0,3.0,2.75,1360,542322,1.0,0,2,4,7,1140,220,1955,0,98022,47.2069,-122.024,1700,60548
17826,17826,2123049498,20150120T000000,170000.0,3.0,1.75,1370,10780,1.0,0,0,3,7,1370,0,1959,0,98168,47.4727,-122.298,1370,10317
17827,17827,4139450360,20140514T000000,950000.0,4.0,2.5,3320,7644,2.0,0,0,3,10,3320,0,1995,0,98006,47.5541,-122.106,3320,9472
17828,17828,2600100300,20140916T000000,623000.0,4.0,2.5,2980,9235,1.0,0,0,4,8,1690,1290,1977,0,98006,47.5513,-122.162,2690,10046
17829,17829,2767600150,20140519T000000,477000.0,3.0,2.5,1350,2053,3.0,0,0,3,8,1350,0,2005,0,98117,47.6758,-122.386,1350,4150
17830,17830,1771000970,20141010T000000,330000.0,3.0,1.0,1160,9600,1.0,0,0,4,7,1160,0,1967,0,98077,47.7419,-122.073,1160,9730
17831,17831,7960100120,20140612T000000,600000.0,3.0,2.25,1480,5400,2.0,0,0,4,8,1480,0,1914,0,98122,47.6095,-122.296,1280,3600
17832,17832,424049039,20140707T000000,570000.0,3.0,2.0,1640,2808,1.0,0,3,4,7,820,820,1924,0,98144,47.5945,-122.291,2270,5328
17833,17833,7853220970,20140528T000000,515000.0,4.0,2.5,2680,7178,2.0,0,0,3,8,2680,0,2004,0,98065,47.5325,-121.856,2540,7133
17834,17834,439000230,20150429T000000,805000.0,4.0,2.25,2440,9889,1.0,0,0,3,7,1540,900,1952,0,98115,47.6932,-122.3,1710,6284
17835,17835,9406510040,20150206T000000,555000.0,4.0,2.5,2920,24074,2.0,0,0,3,9,2920,0,1997,0,98038,47.381,-122.056,2760,26023
17836,17836,7697850360,20150204T000000,245000.0,3.0,2.25,1780,9598,2.0,0,0,4,7,1780,0,1985,0,98030,47.3718,-122.182,1820,7533
17837,17837,2923500750,20140718T000000,638150.0,4.0,2.5,2170,7275,1.0,0,0,3,8,1820,350,1978,0,98027,47.5672,-122.09,2390,7275
17838,17838,3024059057,20150501T000000,1650000.0,4.0,4.5,5550,16065,2.0,0,0,3,9,3880,1670,2003,0,98040,47.5455,-122.214,3470,16488
17839,17839,322059095,20140811T000000,269950.0,4.0,2.5,2060,13500,1.0,0,0,3,7,1260,800,1968,0,98042,47.4229,-122.153,1610,10714
17840,17840,8651400580,20140920T000000,195000.0,3.0,1.5,1050,5525,1.0,0,0,5,6,1050,0,1969,0,98042,47.3608,-122.083,1100,5200
17841,17841,7812800855,20150311T000000,159100.0,2.0,1.0,790,7095,1.0,0,0,3,6,790,0,1944,0,98178,47.4928,-122.239,1150,7200
17842,17842,4151800265,20150306T000000,550000.0,3.0,1.0,1010,6120,1.0,0,0,3,6,1010,0,1942,0,98033,47.6648,-122.204,1260,5977
17843,17843,1005000062,20140801T000000,299000.0,2.0,1.0,1040,4600,1.0,0,0,4,6,1040,0,1950,0,98118,47.5387,-122.277,1390,5897
17844,17844,9528105305,20150121T000000,1375000.0,4.0,3.5,3130,4500,2.0,0,0,3,9,2060,1070,2014,0,98103,47.677,-122.33,1500,4500
17845,17845,7225000215,20150407T000000,249500.0,2.0,1.0,900,4500,1.0,0,0,3,6,900,0,1951,0,98055,47.4881,-122.204,860,4500
17846,17846,5605000215,20150225T000000,700000.0,4.0,1.0,1470,5450,1.5,0,0,3,7,1470,0,1918,0,98112,47.6458,-122.306,2160,5450
17847,17847,1922059401,20140725T000000,275000.0,4.0,1.0,1080,26114,1.5,0,0,5,5,1080,0,1900,0,98030,47.3834,-122.215,1720,20360
17848,17848,3824100286,20150319T000000,565000.0,3.0,2.25,2440,8378,1.0,0,0,3,7,1480,960,1962,0,98028,47.7705,-122.26,2510,9602
17849,17849,1226039058,20150503T000000,425000.0,4.0,1.75,2520,11017,1.0,0,0,4,7,1320,1200,1956,0,98133,47.7604,-122.356,1660,8775
17850,17850,2770605175,20150227T000000,620047.0,4.0,1.75,1760,6000,1.0,0,0,3,7,880,880,1946,0,98119,47.6508,-122.373,2040,6000
17851,17851,6791200120,20140923T000000,480000.0,3.0,2.25,1820,13362,1.0,0,0,3,8,1220,600,1977,0,98075,47.5898,-122.052,2050,15000
17852,17852,6791200120,20150407T000000,515000.0,3.0,2.25,1820,13362,1.0,0,0,3,8,1220,600,1977,0,98075,47.5898,-122.052,2050,15000
17853,17853,4137010590,20140514T000000,420000.0,4.0,2.5,3040,24123,2.0,0,0,3,8,3040,0,1999,0,98092,47.2667,-122.216,2420,10026
17854,17854,5495200040,20150126T000000,610000.0,5.0,3.25,3490,23400,1.0,0,0,4,8,1890,1600,1957,0,98006,47.5701,-122.124,2660,12400
17855,17855,868000175,20141001T000000,849000.0,4.0,1.5,2440,8040,1.0,0,0,4,8,1440,1000,1950,0,98177,47.7081,-122.374,2140,7920
17856,17856,8820902549,20141119T000000,718000.0,3.0,1.75,2280,3446,2.0,0,0,3,8,2280,0,1949,1991,98125,47.715,-122.282,1610,6670
17857,17857,8731980040,20140506T000000,295000.0,3.0,2.25,1980,8000,1.0,0,0,4,9,1560,420,1974,0,98023,47.3149,-122.378,2360,8000
17858,17858,3096000040,20150430T000000,871000.0,5.0,1.75,2360,6150,1.0,0,0,5,7,1180,1180,1940,0,98107,47.6732,-122.4,2100,5500
17859,17859,4058800215,20140528T000000,430000.0,3.0,3.75,3890,7140,1.0,0,2,3,8,2390,1500,1943,2007,98178,47.5073,-122.239,1820,7320
17860,17860,3579800405,20140825T000000,440000.0,4.0,2.5,2300,10880,1.0,0,0,4,7,1190,1110,1961,0,98028,47.7341,-122.242,1960,10400
17861,17861,3188100065,20140527T000000,405000.0,2.0,1.0,910,6490,1.0,0,0,3,7,910,0,1942,0,98115,47.6892,-122.306,1040,6490
17862,17862,8570900038,20140811T000000,340000.0,3.0,2.0,1140,11620,1.0,0,0,3,7,1140,0,1994,0,98045,47.4991,-121.783,1140,8400
17863,17863,4379400490,20140710T000000,675000.0,4.0,2.5,2390,5249,2.0,0,0,3,9,2390,0,2006,0,98074,47.6194,-122.026,2600,5342
17864,17864,952003575,20140527T000000,480000.0,3.0,1.0,1150,4945,1.0,0,2,3,7,1150,0,1943,0,98126,47.5663,-122.379,1390,4945
17865,17865,162500015,20141020T000000,362500.0,5.0,2.0,2330,8586,1.0,0,0,4,7,1270,1060,1961,0,98133,47.7671,-122.334,1550,8287
17866,17866,7732410360,20140822T000000,752888.0,3.0,2.5,2420,9000,2.0,0,0,4,9,2420,0,1987,0,98007,47.6599,-122.146,2630,9000
17867,17867,3031200120,20141118T000000,255000.0,4.0,1.75,960,8863,1.0,0,0,5,6,580,380,1949,0,98118,47.5372,-122.289,1720,8249
17868,17868,2131700900,20140813T000000,283700.0,1.0,1.75,1010,10900,1.0,0,0,4,6,1010,0,1968,0,98019,47.7391,-121.982,1410,8359
17869,17869,2122059198,20140825T000000,335000.0,4.0,2.5,2370,6000,2.0,0,0,3,8,2370,0,2001,0,98030,47.3732,-122.179,2190,6070
17870,17870,7340600735,20140603T000000,285000.0,3.0,1.75,2880,18296,1.0,0,0,3,8,1580,1300,1958,0,98168,47.4881,-122.281,1380,9592
17871,17871,2923049393,20140813T000000,278000.0,4.0,2.25,2400,7738,1.5,0,0,3,8,2400,0,1964,0,98148,47.4562,-122.33,2170,8452
17872,17872,7922710450,20150327T000000,731000.0,5.0,2.5,3670,8960,1.5,0,0,3,8,3670,0,1973,0,98052,47.6654,-122.142,2340,9425
17873,17873,192450180,20150310T000000,335000.0,3.0,1.5,1140,15890,1.0,0,0,3,7,840,300,1985,0,98045,47.4752,-121.757,1200,15247
17874,17874,782700120,20150323T000000,334200.0,3.0,1.75,1410,45302,1.0,0,0,3,7,1410,0,1980,0,98019,47.7077,-121.914,2240,49222
17875,17875,2887703155,20150225T000000,642000.0,6.0,1.0,1530,4305,1.5,0,0,4,7,1530,0,1921,0,98115,47.6862,-122.31,1530,3800
17876,17876,5700000245,20140602T000000,540000.0,4.0,1.75,1720,4240,1.5,0,0,4,7,1460,260,1925,0,98144,47.57899999999999,-122.294,1930,4280
17877,17877,2420069003,20150331T000000,299000.0,3.0,2.5,1620,79993,1.0,0,2,4,6,1620,0,1960,0,98022,47.2138,-121.982,1620,15680
17878,17878,9274202165,20150120T000000,560000.0,3.0,1.75,1570,4375,1.0,0,0,3,7,970,600,1940,0,98116,47.5889,-122.389,1790,5750
17879,17879,9287802410,20140822T000000,852000.0,5.0,2.75,1990,3750,1.5,0,0,4,7,1990,0,1913,0,98107,47.6733,-122.358,1820,5000
17880,17880,2324039077,20150427T000000,306000.0,2.0,1.0,930,5650,1.0,0,2,3,7,930,0,1941,0,98126,47.5478,-122.377,1340,6400
17881,17881,9329300040,20140910T000000,440000.0,3.0,1.75,1550,7820,1.0,0,0,4,7,1210,340,1981,0,98034,47.717,-122.163,1550,6900
17882,17882,259700180,20150428T000000,517000.0,4.0,1.0,1650,8250,1.0,0,0,3,7,1650,0,1966,0,98008,47.6366,-122.118,2240,9776
17883,17883,5100400315,20140523T000000,379000.0,2.0,1.0,800,6380,1.0,0,2,3,7,800,0,1940,0,98115,47.691,-122.309,920,5940
17884,17884,3424069076,20141013T000000,360000.0,2.0,1.0,930,6098,1.0,0,0,4,6,930,0,1919,0,98027,47.5289,-122.03,1730,9000
17885,17885,9138100261,20141029T000000,645000.0,4.0,1.5,2550,4000,1.5,0,0,4,7,1760,790,1926,0,98115,47.6811,-122.318,1840,4000
17886,17886,7227500740,20141107T000000,217000.0,2.0,1.0,720,4760,1.0,0,0,5,5,720,0,1942,0,98056,47.496,-122.186,840,4760
17887,17887,8150100265,20141118T000000,255000.0,2.0,1.0,620,4760,1.0,0,0,3,6,620,0,1941,0,98126,47.5292,-122.376,620,4760
17888,17888,1150000040,20140721T000000,625000.0,3.0,2.5,2360,12164,2.0,0,0,3,10,2360,0,1987,0,98029,47.5596,-122.022,2400,11260
17889,17889,9238900616,20140610T000000,680000.0,3.0,1.75,1760,8400,1.0,0,0,4,8,1460,300,1960,0,98136,47.5355,-122.39,1980,8400
17890,17890,9289900065,20140911T000000,440000.0,3.0,1.75,2100,29735,1.0,0,0,4,7,1080,1020,1957,0,98155,47.7622,-122.302,2100,11250
17891,17891,7504020610,20140618T000000,615000.0,5.0,2.25,2480,12070,2.0,0,0,3,9,2480,0,1978,0,98074,47.631,-122.052,2570,12000
17892,17892,7454001210,20140603T000000,239000.0,3.0,1.0,1040,6860,2.0,0,0,3,6,1040,0,1942,0,98146,47.5121,-122.375,1030,6512
17893,17893,2122039137,20150413T000000,462500.0,3.0,2.5,1656,108900,1.0,0,0,4,7,1656,0,1985,0,98070,47.3758,-122.425,2030,29859
17894,17894,6884800180,20140611T000000,619400.0,4.0,2.0,2090,3610,1.5,0,0,5,7,1790,300,1927,0,98115,47.6881,-122.313,1660,3767
17895,17895,7110000068,20140703T000000,975000.0,6.0,2.75,2520,54160,2.0,1,4,3,7,2520,0,1954,0,98146,47.4969,-122.376,2790,26809
17896,17896,7625701935,20141013T000000,330000.0,2.0,1.0,700,4000,1.0,0,0,3,6,700,0,1943,0,98136,47.5487,-122.391,1060,6000
17897,17897,4054500180,20140724T000000,985000.0,4.0,3.25,4030,36762,2.0,0,0,3,11,4030,0,1988,0,98077,47.7235,-122.039,4090,40371
17898,17898,2917200475,20150323T000000,430000.0,2.0,1.0,760,7114,1.0,0,0,3,6,760,0,1946,0,98103,47.7005,-122.352,780,7102
17899,17899,3262300555,20140708T000000,2458000.0,4.0,5.25,6500,14986,2.0,0,0,3,11,5180,1320,2001,0,98039,47.6304,-122.236,2270,8119
17900,17900,1245003740,20140723T000000,778000.0,3.0,2.0,1840,6000,2.0,0,0,5,7,1720,120,1946,0,98033,47.6828,-122.207,1390,6000
17901,17901,1796381120,20140728T000000,219000.0,3.0,2.0,1090,7350,1.0,0,0,4,7,1090,0,1990,0,98042,47.3687,-122.085,1490,7741
17902,17902,3761100180,20140917T000000,1595000.0,4.0,2.5,2980,13341,1.5,1,4,5,8,1800,1180,1928,0,98034,47.70399999999999,-122.245,2340,19810
17903,17903,6666800180,20150130T000000,715000.0,4.0,2.25,1900,8272,1.0,0,0,4,9,1460,440,1966,0,98040,47.5803,-122.227,2040,8479
17904,17904,8651200040,20140814T000000,950000.0,4.0,2.5,2790,15653,2.0,0,0,4,10,2790,0,1964,0,98040,47.5477,-122.215,3520,15653
17905,17905,5100402310,20141212T000000,425000.0,2.0,1.0,1280,5026,1.0,0,2,4,8,1020,260,1951,0,98115,47.6938,-122.312,1540,6380
17906,17906,421049170,20140717T000000,239000.0,3.0,1.0,1510,15022,1.0,0,0,3,7,1510,0,1962,0,98003,47.3304,-122.304,1510,12970
17907,17907,726059047,20141216T000000,310000.0,1.0,1.0,920,8282,1.5,0,0,3,6,920,0,1944,1980,98011,47.761,-122.214,2260,14025
17908,17908,5100403636,20150223T000000,400000.0,2.0,1.0,700,8120,1.0,0,0,3,7,700,0,1927,0,98115,47.6962,-122.321,1130,5599
17909,17909,1535204365,20141124T000000,428000.0,2.0,1.75,1980,44550,2.0,0,1,5,7,1280,700,1977,0,98070,47.4193,-122.444,1680,25343
17910,17910,4240400155,20140812T000000,600000.0,3.0,1.0,1440,4300,1.5,0,0,3,8,1440,0,1929,0,98117,47.6847,-122.372,1640,4500
17911,17911,5468750040,20150126T000000,415000.0,4.0,4.0,2740,8250,2.0,0,0,4,9,2740,0,1990,0,98042,47.3735,-122.156,2290,8250
17912,17912,9158100040,20140808T000000,401000.0,2.0,1.0,1400,8220,1.0,0,0,3,7,1400,0,1949,0,98133,47.7228,-122.357,1760,8220
17913,17913,7460000040,20141215T000000,292000.0,3.0,1.75,2270,7156,1.0,0,0,3,7,1370,900,1948,0,98168,47.4864,-122.316,1210,7156
17914,17914,2927600155,20140722T000000,291750.0,3.0,2.25,1310,12825,1.0,0,0,3,7,1310,0,1950,2013,98166,47.4515,-122.368,1600,11250
17915,17915,8731950910,20150218T000000,227000.0,3.0,1.75,1680,7455,1.0,0,0,4,8,1680,0,1968,0,98023,47.3112,-122.378,2040,8214
17916,17916,1726600110,20140717T000000,675000.0,3.0,2.25,2260,13209,1.0,0,0,3,9,2260,0,1977,0,98005,47.6385,-122.167,2820,12534
17917,17917,3320000212,20141006T000000,397500.0,3.0,2.25,1350,980,2.0,0,0,3,8,1050,300,2007,0,98144,47.5998,-122.312,1350,1245
17918,17918,1670400068,20140618T000000,206000.0,2.0,1.5,1820,8867,2.0,0,0,3,7,1820,0,1921,0,98168,47.4764,-122.269,1430,9288
17919,17919,7424700145,20140730T000000,1190000.0,3.0,3.5,3380,3333,3.0,0,0,3,10,2800,580,2008,0,98122,47.6162,-122.288,2790,5000
17920,17920,2408800120,20140716T000000,360000.0,4.0,1.75,2140,49658,1.0,0,0,5,7,2140,0,1959,0,98010,47.3583,-121.922,1720,99316
17921,17921,1776230180,20141008T000000,427500.0,4.0,2.5,2430,3249,2.0,0,0,3,8,2430,0,2010,0,98059,47.5048,-122.155,2650,3844
17922,17922,7889601320,20140725T000000,115000.0,2.0,1.0,940,6000,1.0,0,0,3,6,940,0,1943,0,98146,47.4907,-122.336,1310,6000
17923,17923,7589200153,20140609T000000,559000.0,3.0,1.5,2070,5386,1.0,0,0,4,7,1140,930,1948,0,98117,47.6896,-122.374,1770,5386
17924,17924,8032700175,20141027T000000,420000.0,4.0,1.0,1510,1501,1.5,0,0,3,7,1510,0,1906,0,98103,47.6526,-122.342,1560,1602
17925,17925,9238430300,20141106T000000,550000.0,4.0,1.75,2550,39460,1.0,0,0,3,8,1890,660,1982,0,98072,47.7707,-122.123,2560,38638
17926,17926,6150700180,20140922T000000,282150.0,2.0,1.0,700,5940,1.0,0,0,3,7,700,0,1948,0,98133,47.7289,-122.337,1070,5995
17927,17927,3330501645,20150223T000000,260000.0,3.0,1.0,1150,3090,1.0,0,0,3,6,1150,0,1910,0,98118,47.5506,-122.276,1150,5664
17928,17928,7853210180,20141002T000000,428000.0,3.0,2.5,2340,3466,2.0,0,0,3,7,2340,0,2004,0,98065,47.5322,-121.851,1970,3739
17929,17929,6149700194,20141015T000000,319950.0,3.0,3.25,1510,1245,3.0,0,0,3,7,1510,0,2007,0,98133,47.7293,-122.343,1510,1245
17930,17930,3625049079,20140801T000000,1350000.0,3.0,2.0,2070,9600,1.0,0,1,3,7,1590,480,1946,0,98039,47.61600000000001,-122.239,3000,16215
17931,17931,2979800750,20140911T000000,552000.0,2.0,1.0,1150,5000,1.0,0,0,4,7,1050,100,1924,0,98115,47.6846,-122.317,1463,4320
17932,17932,2887700970,20150209T000000,637000.0,4.0,2.75,2190,2867,1.5,0,0,5,7,1470,720,1929,0,98115,47.6868,-122.308,1600,3800
17933,17933,8732130940,20140609T000000,213000.0,4.0,1.75,1980,9000,1.0,0,0,2,7,1480,500,1978,0,98023,47.3071,-122.381,1980,9360
17934,17934,2968800645,20150428T000000,215000.0,3.0,1.0,960,7200,1.0,0,0,4,6,960,0,1958,0,98166,47.4583,-122.353,1060,7620
17935,17935,2351800065,20150217T000000,590000.0,3.0,1.75,2180,6120,1.0,0,2,3,8,1380,800,1949,0,98199,47.6501,-122.405,2020,6122
17936,17936,2822069080,20141121T000000,390000.0,4.0,2.5,2560,43560,2.0,0,0,3,8,2560,0,1989,0,98038,47.3692,-122.047,2130,10150
17937,17937,5018200110,20140922T000000,287000.0,4.0,2.25,2270,11997,1.0,0,2,4,7,1540,730,1959,0,98198,47.4095,-122.296,1920,9634
17938,17938,1235100371,20140717T000000,580000.0,5.0,2.75,3550,9600,2.0,0,0,3,7,3550,0,1960,0,98033,47.6766,-122.186,3370,9600
17939,17939,3904930410,20141028T000000,424000.0,3.0,2.0,1330,5632,1.0,0,0,3,8,1330,0,1988,0,98029,47.5745,-122.017,1900,4842
17940,17940,3529000880,20150309T000000,610000.0,4.0,2.5,2110,6360,2.0,0,0,3,8,2110,0,1988,0,98029,47.5641,-122.012,2050,7000
17941,17941,8081020330,20140729T000000,1320000.0,4.0,3.25,3470,11843,1.0,0,3,3,11,2270,1200,1989,0,98006,47.5513,-122.135,3910,13247
17942,17942,2516000515,20141218T000000,623500.0,4.0,3.0,1550,3350,1.0,0,0,3,7,860,690,1918,2014,98107,47.6583,-122.362,1310,5000
17943,17943,3223039010,20140804T000000,260000.0,2.0,1.0,570,81893,1.0,0,1,3,6,570,0,1936,0,98070,47.4433,-122.444,2040,115434
17944,17944,9828702588,20150311T000000,906000.0,3.0,2.5,2030,1800,3.0,0,0,3,9,2030,0,2013,0,98112,47.6199,-122.3,1450,1441
17945,17945,6672920150,20150406T000000,330000.0,3.0,2.0,1500,11233,1.0,0,0,3,7,1500,0,1987,0,98019,47.7279,-121.967,1580,14013
17946,17946,9485700150,20150304T000000,275000.0,2.0,1.0,920,7688,1.0,0,0,3,6,920,0,1955,0,98106,47.5281,-122.362,1040,7440
17947,17947,3500100208,20141119T000000,290000.0,3.0,1.0,1470,8200,1.0,0,0,3,7,1040,430,1953,0,98155,47.7347,-122.302,1420,8200
17948,17948,4083302915,20140917T000000,599950.0,2.0,1.0,1150,3775,1.0,0,0,3,7,1150,0,1917,0,98103,47.6539,-122.329,2240,3753
17949,17949,1560920450,20140924T000000,550000.0,4.0,3.0,4180,35169,2.0,0,0,3,11,4180,0,1986,1998,98038,47.4,-122.027,3010,35190
17950,17950,2475200930,20140722T000000,289000.0,3.0,1.75,1690,3449,1.0,0,0,3,7,1690,0,1987,0,98055,47.4719,-122.191,1530,4093
17951,17951,2064800120,20140602T000000,411000.0,4.0,2.75,2150,9915,1.0,0,0,5,8,1240,910,1976,0,98056,47.5378,-122.17,1980,9325
17952,17952,272000945,20150325T000000,826000.0,3.0,3.25,2330,4000,1.0,0,2,3,10,1730,600,1964,2000,98144,47.5882,-122.295,2080,4000
17953,17953,9476700035,20140710T000000,400000.0,4.0,2.0,2680,13680,2.0,0,2,4,7,2350,330,1943,1965,98056,47.4887,-122.192,1430,11000
17954,17954,859000018,20140814T000000,342000.0,3.0,2.5,1740,2226,2.0,0,0,3,8,1320,420,2008,0,98106,47.525,-122.366,1740,1789
17955,17955,4237900645,20141010T000000,475000.0,2.0,1.75,1320,3420,1.0,0,1,3,7,1080,240,1955,0,98199,47.6639,-122.399,2070,6000
17956,17956,2436200436,20140708T000000,1205000.0,4.0,3.5,3150,5500,2.0,0,0,3,9,3150,0,2014,0,98105,47.6644,-122.293,1550,4200
17957,17957,7635801321,20140723T000000,455000.0,4.0,3.0,2480,9238,1.0,0,0,5,7,2050,430,1913,0,98166,47.4701,-122.364,1820,12214
17958,17958,3975400085,20140624T000000,850000.0,4.0,3.0,3330,4000,1.0,0,0,3,8,1790,1540,1958,0,98103,47.6559,-122.344,1610,4000
17959,17959,1099600220,20150108T000000,185000.0,3.0,1.0,1010,6400,1.0,0,0,3,7,1010,0,1971,0,98023,47.3027,-122.376,1820,6500
17960,17960,8952900245,20140715T000000,850000.0,6.0,3.25,4920,20590,1.0,0,3,4,9,2730,2190,1960,0,98118,47.5468,-122.267,3700,14994
17961,17961,1622049140,20140805T000000,239900.0,4.0,1.75,1570,18730,1.0,0,0,3,7,1200,370,1960,0,98198,47.3999,-122.301,1920,18295
17962,17962,2824069373,20140515T000000,765000.0,5.0,3.75,3580,14275,2.0,0,0,3,10,3190,390,1999,0,98027,47.5322,-122.056,2740,14300
17963,17963,1774000330,20140707T000000,437000.0,3.0,1.75,2220,17568,1.0,0,0,4,8,2220,0,1967,0,98072,47.749,-122.083,2070,11745
17964,17964,1555300530,20140714T000000,240000.0,3.0,1.5,1010,10350,1.0,0,0,3,7,1010,0,1969,0,98032,47.379,-122.29,1640,7700
17965,17965,4402700593,20150428T000000,395000.0,2.0,1.0,1440,7808,1.0,0,0,4,7,860,580,1949,0,98133,47.7431,-122.336,1550,7682
17966,17966,2556500040,20150106T000000,320000.0,3.0,1.0,1230,7492,1.0,0,0,3,7,1230,0,1955,0,98155,47.7633,-122.315,1710,7238
17967,17967,1737100040,20141022T000000,525000.0,3.0,1.75,1710,7350,1.0,0,0,3,8,1280,430,1981,0,98033,47.699,-122.167,2100,7560
17968,17968,7575620120,20150422T000000,260000.0,3.0,3.0,2390,8993,2.0,0,0,3,8,1680,710,1988,0,98003,47.3532,-122.306,1820,10362
17969,17969,2817900100,20150330T000000,450000.0,3.0,2.75,2840,39324,1.0,0,0,3,9,2200,640,1988,0,98092,47.3076,-122.101,2840,39413
17970,17970,1939100610,20140623T000000,560000.0,4.0,2.5,2300,7989,2.0,0,0,3,9,2300,0,1990,0,98074,47.6273,-122.034,2280,8835
17971,17971,4174600386,20150414T000000,310000.0,5.0,3.0,2270,5001,1.0,0,0,3,7,1360,910,1989,0,98108,47.5539,-122.3,1950,5500
17972,17972,1310440590,20150413T000000,440000.0,3.0,2.5,2290,6302,2.0,0,0,3,9,2290,0,1997,0,98058,47.435,-122.107,2700,7500
17973,17973,4037200690,20141208T000000,458450.0,4.0,1.0,1330,9715,1.0,0,0,4,7,970,360,1957,0,98008,47.6038,-122.122,1590,8400
17974,17974,8072000035,20150326T000000,200000.0,3.0,1.0,1200,10703,1.5,0,0,2,7,1200,0,1918,0,98118,47.5209,-122.28,1380,8068
17975,17975,2125410210,20141206T000000,430000.0,3.0,2.25,2160,6527,2.0,0,0,4,7,1580,580,1987,0,98034,47.7292,-122.212,1950,9675
17976,17976,3755000120,20150226T000000,360000.0,3.0,1.0,1120,10500,1.0,0,0,4,7,1120,0,1966,0,98034,47.7267,-122.226,1320,10500
17977,17977,3598600088,20150109T000000,311000.0,4.0,2.5,2090,11645,1.0,0,0,3,7,1200,890,1962,0,98168,47.4759,-122.299,1450,9481
17978,17978,4083305633,20140722T000000,615000.0,3.0,3.25,1470,1152,3.0,0,0,3,8,1470,0,2003,0,98103,47.6516,-122.337,1470,1506
17979,17979,9545200180,20141126T000000,575000.0,3.0,1.75,2270,10136,2.0,0,0,3,8,2270,0,1979,0,98027,47.535,-122.056,2260,9600
17980,17980,46100504,20140617T000000,2027000.0,4.0,3.75,4100,22798,1.5,0,3,5,11,2540,1560,1934,1979,98040,47.5648,-122.21,3880,18730
17981,17981,952000925,20140922T000000,430000.0,3.0,1.75,1440,4025,1.0,0,0,4,6,720,720,1917,0,98126,47.567,-122.38,1500,5750
17982,17982,4039300490,20140603T000000,400000.0,3.0,1.5,1200,4800,1.0,0,0,4,7,1200,0,1962,0,98007,47.6084,-122.136,1510,7668
17983,17983,8151600941,20140828T000000,340000.0,3.0,1.75,1720,10710,1.0,0,0,3,7,860,860,1957,0,98146,47.5092,-122.362,1480,10359
17984,17984,3448001975,20150504T000000,351000.0,1.0,0.75,930,6600,1.0,0,0,3,6,930,0,1924,0,98125,47.7127,-122.296,1590,6600
17985,17985,2141500040,20140912T000000,440000.0,4.0,2.5,2400,8038,2.0,0,0,3,8,2400,0,2002,0,98059,47.4881,-122.143,2040,7756
17986,17986,2798600120,20150422T000000,298000.0,4.0,2.5,1960,11798,2.0,0,0,3,8,1960,0,1999,0,98092,47.3293,-122.205,2360,11785
17987,17987,2227900040,20150114T000000,300000.0,4.0,1.75,1890,9205,1.0,0,0,3,8,1260,630,1964,0,98133,47.774,-122.348,1430,6775
17988,17988,3395040580,20141023T000000,310000.0,3.0,2.25,1590,3056,2.0,0,0,3,7,1590,0,2001,0,98108,47.5432,-122.293,1540,2890
17989,17989,6137610620,20140808T000000,500000.0,4.0,2.5,2590,9354,2.0,0,0,4,9,2590,0,1993,0,98011,47.7703,-122.193,2730,9264
17990,17990,7518505375,20150505T000000,399900.0,3.0,1.0,860,1664,1.5,0,0,3,7,860,0,1927,0,98117,47.6761,-122.384,1540,4080
17991,17991,9206950100,20140617T000000,343000.0,3.0,2.5,1270,2509,2.0,0,0,3,8,1270,0,2004,0,98106,47.5357,-122.365,1420,2206
17992,17992,9542890100,20141229T000000,415000.0,2.0,2.25,1130,2191,2.0,0,0,3,8,1130,0,2010,0,98052,47.6861,-122.103,1140,1710
17993,17993,4254000620,20141007T000000,410000.0,3.0,2.5,1860,15457,2.0,0,0,3,8,1860,0,1997,0,98019,47.7383,-121.955,2040,14055
17994,17994,6414100026,20150108T000000,320000.0,2.0,1.0,1802,11225,1.0,0,0,3,7,1802,0,1961,0,98125,47.7205,-122.323,1810,7332
17995,17995,1346300035,20140626T000000,1990000.0,5.0,3.0,4480,5000,2.5,0,0,5,12,3420,1060,1902,0,98112,47.6275,-122.315,3220,5600
17996,17996,2212210360,20140702T000000,253000.0,2.0,1.0,1310,7128,1.0,0,0,4,7,940,370,1980,0,98031,47.3958,-122.189,1400,7161
17997,17997,205000410,20140915T000000,630000.0,3.0,2.5,2320,32772,2.0,0,0,3,9,2320,0,1992,0,98053,47.6304,-121.988,2610,33305
17998,17998,2892600056,20150106T000000,216000.0,2.0,1.0,1130,12500,1.0,0,0,4,7,1130,0,1953,0,98055,47.4514,-122.187,1270,10798
17999,17999,3396800120,20150427T000000,540000.0,3.0,2.5,2180,11100,1.0,0,0,3,8,1230,950,1983,0,98052,47.717,-122.101,1930,12000
18000,18000,2320069089,20140930T000000,212000.0,3.0,1.5,1830,12233,1.5,0,0,4,5,1830,0,1930,0,98022,47.2057,-122.003,1520,12233
18001,18001,4036400110,20150129T000000,300000.0,3.0,2.75,2340,12282,1.0,0,2,3,8,1470,870,1978,0,98155,47.7379,-122.289,2640,8887
18002,18002,7518506716,20140827T000000,969950.0,3.0,2.5,2830,3750,3.0,0,0,3,10,2830,0,2014,0,98117,47.6798,-122.385,1780,5100
18003,18003,9826701765,20140808T000000,715000.0,3.0,1.0,1610,7680,1.0,0,0,3,6,900,710,1956,0,98122,47.6038,-122.303,1940,2880
18004,18004,1438700040,20140825T000000,1321620.0,5.0,2.75,2410,19447,2.0,0,2,3,10,2290,120,1968,0,98040,47.5549,-122.211,2980,19447
18005,18005,5494000040,20141201T000000,1444000.0,4.0,2.75,2660,9547,1.0,0,1,3,8,1930,730,1968,2006,98004,47.61600000000001,-122.218,2410,10001
18006,18006,7224500375,20140715T000000,305000.0,3.0,1.0,1030,5350,1.0,0,0,3,7,1030,0,1924,2009,98055,47.4905,-122.206,1030,5250
18007,18007,1025049254,20141204T000000,458000.0,3.0,4.0,1390,1569,2.0,0,0,3,9,1150,240,2006,0,98105,47.67100000000001,-122.269,1620,1855
18008,18008,2407000110,20150414T000000,275000.0,3.0,1.75,1580,8775,1.0,0,0,3,6,1220,360,1942,0,98146,47.4845,-122.335,1180,8775
18009,18009,7203600745,20141014T000000,550000.0,3.0,2.75,2330,4780,2.0,0,3,3,8,1730,600,1930,1988,98198,47.3459,-122.326,1100,5336
18010,18010,7234601198,20140604T000000,742000.0,3.0,3.25,1540,704,3.0,0,0,3,9,1540,0,2011,0,98122,47.6177,-122.308,1540,1456
18011,18011,1931300110,20140725T000000,700000.0,3.0,1.0,1570,4000,2.0,0,0,5,8,1570,0,1908,0,98103,47.6575,-122.346,1640,4000
18012,18012,8624700015,20141112T000000,640000.0,4.0,3.0,2940,5763,1.0,0,0,5,8,1640,1300,1955,0,98108,47.5589,-122.295,2020,7320
18013,18013,6149700315,20150410T000000,352000.0,3.0,0.75,1240,7200,1.0,0,0,3,7,1240,0,1947,0,98133,47.7298,-122.342,1210,7200
18014,18014,2064800880,20150201T000000,301500.0,3.0,1.0,1410,7419,1.0,0,0,3,7,1050,360,1969,0,98056,47.534,-122.173,1800,8000
18015,18015,3902300450,20140702T000000,630000.0,4.0,2.5,2190,9880,1.0,0,0,4,8,1410,780,1979,0,98033,47.6926,-122.186,2190,9198
18016,18016,1332300110,20150223T000000,340000.0,3.0,2.5,3040,6255,2.0,0,0,3,7,3040,0,1999,0,98030,47.3817,-122.206,2670,6259
18017,18017,7663700610,20150310T000000,477500.0,4.0,1.75,1860,9364,1.0,0,0,3,7,1080,780,1953,0,98125,47.731,-122.301,1800,9364
18018,18018,7520000330,20140813T000000,285000.0,3.0,2.5,1690,7460,1.0,0,0,3,7,870,820,1997,0,98146,47.4964,-122.353,1900,7302
18019,18019,1521049156,20141010T000000,255000.0,3.0,2.75,1900,16117,1.0,0,0,4,7,1900,0,1958,0,98001,47.3144,-122.278,1640,19166
18020,18020,6648760150,20140728T000000,315000.0,3.0,2.5,1600,7982,2.0,0,0,3,8,1600,0,1993,0,98001,47.3397,-122.266,1890,9830
18021,18021,1807900300,20141217T000000,830000.0,6.0,3.0,2530,9000,1.0,0,0,3,6,2530,0,1978,0,98033,47.6716,-122.199,1886,6000
18022,18022,4310700778,20150210T000000,539950.0,3.0,2.25,1860,1558,3.0,0,0,3,8,1860,0,2014,0,98103,47.7006,-122.339,1760,2456
18023,18023,5364200620,20140814T000000,980000.0,3.0,2.25,2390,4590,2.0,0,0,3,8,2090,300,1941,1998,98105,47.6615,-122.276,2280,5179
18024,18024,1939130120,20140718T000000,735000.0,4.0,2.5,3100,8529,2.0,0,0,3,9,3100,0,1990,0,98074,47.6252,-122.029,2710,8344
18025,18025,7280300375,20150122T000000,536000.0,5.0,2.25,2650,9140,1.0,0,1,3,8,1350,1300,1965,0,98177,47.7772,-122.387,2700,7800
18026,18026,2767602720,20150223T000000,575000.0,3.0,2.0,1520,5000,1.5,0,0,3,7,1140,380,1945,0,98107,47.6733,-122.389,1530,4650
18027,18027,3300701185,20140925T000000,500000.0,2.0,1.0,1510,4000,1.0,0,0,3,6,930,580,1924,0,98117,47.6917,-122.38,1300,4000
18028,18028,8731901910,20140616T000000,285500.0,4.0,1.75,1960,7950,1.0,0,0,4,8,1960,0,1967,0,98023,47.3109,-122.377,1960,8400
18029,18029,2558640110,20140514T000000,498000.0,4.0,2.75,2270,7375,1.0,0,0,4,7,1290,980,1973,0,98034,47.7222,-122.168,1750,7760
18030,18030,9465200405,20140821T000000,412000.0,2.0,1.0,910,6282,1.0,0,0,4,7,910,0,1939,0,98103,47.6967,-122.354,970,6281
18031,18031,2896000450,20150323T000000,607000.0,4.0,2.5,2100,8220,1.0,0,0,4,8,1300,800,1975,0,98052,47.6733,-122.145,2160,8348
18032,18032,1320069255,20140624T000000,199000.0,3.0,1.0,1000,8512,1.0,0,0,3,6,1000,0,1991,0,98022,47.2151,-121.993,1490,10395
18033,18033,8651720150,20140721T000000,492500.0,4.0,2.75,2760,18306,1.0,0,0,3,7,1630,1130,1978,0,98034,47.7302,-122.215,2470,9856
18034,18034,3840700757,20140619T000000,585000.0,4.0,2.5,2840,11044,2.0,0,0,3,8,2840,0,2001,0,98034,47.7134,-122.237,1934,9605
18035,18035,8856970530,20141208T000000,326995.0,3.0,2.5,1860,5321,2.0,0,0,3,7,1860,0,2000,0,98038,47.3848,-122.033,1940,5205
18036,18036,2473351050,20140813T000000,372500.0,4.0,2.25,1920,9660,1.0,0,0,4,8,1920,0,1968,0,98058,47.4544,-122.143,1890,7800
18037,18037,7003200120,20140627T000000,528000.0,2.0,0.75,840,40642,1.0,1,4,4,6,840,0,1937,0,98070,47.404,-122.447,1850,64069
18038,18038,1321059097,20140924T000000,400000.0,3.0,1.5,2390,32109,1.0,0,0,3,7,2390,0,1975,2007,98092,47.3028,-122.102,1370,32109
18039,18039,2571910100,20141029T000000,344000.0,4.0,2.5,2100,8501,2.0,0,0,5,7,2100,0,1993,0,98022,47.1951,-122.01,2130,8560
18040,18040,5104511050,20140902T000000,409950.0,4.0,3.0,2430,7163,2.0,0,0,3,8,2430,0,2003,0,98038,47.3558,-122.013,2430,6028
18041,18041,2771603990,20140715T000000,625000.0,3.0,2.0,1880,4000,1.0,0,2,3,8,1280,600,1950,0,98199,47.6375,-122.391,1920,4000
18042,18042,9407001770,20150512T000000,304950.0,3.0,1.75,1350,9000,1.0,0,0,3,7,1350,0,1987,0,98045,47.4487,-121.773,1370,9500
18043,18043,3211230300,20140929T000000,381500.0,2.0,2.0,2160,35183,1.0,0,0,3,9,2160,0,1985,0,98092,47.312,-122.115,2450,34992
18044,18044,3229200040,20140723T000000,215000.0,3.0,1.75,1430,13399,1.0,0,0,4,7,900,530,1946,0,98168,47.4787,-122.275,1720,6415
18045,18045,3810000843,20150427T000000,345000.0,5.0,1.75,2840,12870,2.0,0,2,4,7,2840,0,1925,0,98178,47.4961,-122.235,2170,9612
18046,18046,4045700455,20150316T000000,363000.0,3.0,0.75,2510,20000,2.0,0,0,4,7,2510,0,1961,0,98001,47.2871,-122.287,2130,20000
18047,18047,3322049095,20150205T000000,240000.0,3.0,1.0,1690,20063,1.5,0,0,4,7,1690,0,1913,0,98001,47.3556,-122.294,1700,15899
18048,18048,8682280970,20150204T000000,548050.0,2.0,2.0,1930,5479,1.0,0,0,3,8,1930,0,2005,0,98053,47.7054,-122.011,1900,5479
18049,18049,9269200650,20141027T000000,314000.0,2.0,1.0,720,4920,1.0,0,0,3,6,720,0,1941,0,98126,47.5352,-122.371,670,4920
18050,18050,7701961220,20140626T000000,800000.0,4.0,2.5,2990,16809,2.0,0,0,3,11,2990,0,1990,0,98077,47.7123,-122.073,3340,18752
18051,18051,7883603945,20140715T000000,400000.0,5.0,1.75,2300,6720,2.0,0,0,3,7,2300,0,1905,0,98108,47.528,-122.32,1200,6000
18052,18052,1352300580,20141114T000000,247000.0,1.0,1.0,460,4120,1.0,0,0,3,4,460,0,1937,0,98055,47.4868,-122.199,990,4120
18053,18053,8714600145,20150401T000000,540000.0,2.0,1.75,1240,4120,1.0,0,0,4,7,890,350,1906,0,98105,47.6689,-122.314,1640,3740
18054,18054,323089172,20140718T000000,410000.0,4.0,2.5,1900,15123,2.0,0,0,3,8,1900,0,1995,0,98045,47.5015,-121.772,1900,16477
18055,18055,8651511030,20141002T000000,525000.0,3.0,1.75,2120,9146,1.0,0,0,3,8,1260,860,1981,0,98074,47.6475,-122.064,2040,10485
18056,18056,7015200900,20150410T000000,820000.0,4.0,2.5,2440,5737,2.0,0,0,4,8,1700,740,1929,0,98119,47.6472,-122.367,2020,5543
18057,18057,736100065,20150310T000000,1250000.0,4.0,2.25,3300,15375,1.5,0,3,3,8,2820,480,1933,1984,98040,47.526,-122.225,3250,15375
18058,18058,3123049131,20141218T000000,244000.0,2.0,1.0,1180,10200,1.0,0,0,4,7,1180,0,1955,0,98148,47.4358,-122.336,1330,10200
18059,18059,1773101530,20141218T000000,275000.0,1.0,1.0,520,4800,1.0,0,0,3,5,520,0,1930,0,98106,47.5533,-122.363,800,4960
18060,18060,6917700650,20141008T000000,577000.0,2.0,1.75,2070,23160,1.0,0,0,3,7,1260,810,1946,0,98199,47.6551,-122.394,1690,5458
18061,18061,3574800090,20141202T000000,446950.0,5.0,2.5,2250,7945,1.0,0,0,4,7,1360,890,1977,0,98034,47.7316,-122.221,1820,7866
18062,18062,7853220610,20140729T000000,457000.0,3.0,2.5,2050,5694,2.0,0,2,3,8,2050,0,2004,0,98065,47.5331,-121.855,2680,7187
18063,18063,9537200037,20150428T000000,320000.0,4.0,1.5,1310,137214,1.5,0,0,4,7,1310,0,1926,0,98198,47.362,-122.316,1310,9450
18064,18064,5470100090,20140905T000000,210000.0,3.0,1.5,1250,9484,1.0,0,0,4,7,1250,0,1969,0,98042,47.3675,-122.147,1320,9600
18065,18065,3826500730,20140922T000000,220000.0,4.0,2.5,2130,9100,1.0,0,0,3,8,1290,840,1978,0,98030,47.3815,-122.169,1770,7700
18066,18066,2998800040,20140613T000000,589000.0,3.0,2.0,2250,8800,1.0,0,0,4,7,1250,1000,1925,0,98116,47.5737,-122.409,2250,4800
18067,18067,7658600150,20140630T000000,435000.0,4.0,2.0,1880,3840,1.0,0,0,3,7,970,910,1904,0,98144,47.5929,-122.303,1670,1820
18068,18068,3816300065,20140716T000000,375000.0,3.0,1.0,1520,10798,1.0,0,0,3,7,1520,0,1953,0,98028,47.7635,-122.262,1670,9876
18069,18069,1561600056,20141017T000000,1735000.0,4.0,3.5,4010,9654,2.0,0,0,3,10,4010,0,2007,0,98004,47.5891,-122.2,1870,9873
18070,18070,8682261250,20141211T000000,545000.0,2.0,1.75,1660,5581,1.0,0,0,3,8,1660,0,2005,0,98053,47.713,-122.033,1670,4871
18071,18071,6392002550,20141022T000000,970000.0,3.0,2.25,3400,10000,2.0,0,0,3,10,3400,0,1983,0,98115,47.6846,-122.284,1860,5100
18072,18072,1370803835,20140718T000000,705000.0,2.0,1.75,2320,6755,1.0,0,0,5,8,1380,940,1946,0,98199,47.6398,-122.403,1990,5000
18073,18073,7805450040,20150316T000000,915557.0,5.0,3.25,3740,11536,2.0,0,0,4,9,2540,1200,1984,0,98006,47.5599,-122.108,2920,11258
18074,18074,8019200823,20150209T000000,259000.0,4.0,1.5,1810,9000,1.5,0,0,3,7,1810,0,1960,0,98168,47.4911,-122.322,1520,9780
18075,18075,5457800930,20140613T000000,1695000.0,2.0,2.25,3170,3000,2.0,0,2,5,10,1990,1180,1900,0,98109,47.6291,-122.351,2980,5061
18076,18076,3715500110,20141201T000000,427000.0,3.0,1.75,1680,8610,1.0,0,0,4,7,1290,390,1969,0,98034,47.7246,-122.173,1640,8809
18077,18077,6058600385,20140811T000000,390000.0,2.0,1.0,930,3100,1.0,0,0,3,6,930,0,1911,0,98144,47.5943,-122.302,1670,3800
18078,18078,7708250040,20150212T000000,363000.0,3.0,2.5,2390,8000,2.0,0,0,3,8,2390,0,1995,0,98042,47.3895,-122.154,2070,7585
18079,18079,2769600035,20140807T000000,612000.0,4.0,2.5,2680,3626,1.5,0,3,4,7,1680,1000,1928,0,98107,47.6727,-122.361,1950,4500
18080,18080,5500100120,20140916T000000,380000.0,4.0,1.75,1790,10186,1.0,0,0,4,8,1790,0,1965,0,98177,47.7769,-122.376,1790,9142
18081,18081,4472000040,20140818T000000,230000.0,4.0,3.0,1680,6003,1.0,0,0,3,7,1150,530,1997,0,98002,47.2885,-122.218,1820,6207
18082,18082,9376301591,20150414T000000,580000.0,3.0,1.75,1570,2600,1.5,0,0,4,8,1570,0,1931,0,98117,47.6867,-122.37,1490,4000
18083,18083,4232903990,20141119T000000,770000.0,3.0,1.0,2230,3200,2.0,0,2,3,8,1630,600,1918,0,98109,47.6334,-122.356,2280,5400
18084,18084,7575500150,20140924T000000,207200.0,4.0,2.0,1260,8400,1.0,0,0,3,6,1260,0,1991,0,98022,47.1946,-122.0,1120,8400
18085,18085,6817801430,20150305T000000,525000.0,3.0,2.0,1790,11430,1.0,0,0,3,7,1190,600,1985,0,98074,47.6319,-122.035,1700,12114
18086,18086,2883200760,20150209T000000,925000.0,3.0,2.5,2440,7419,1.0,0,0,3,7,1520,920,1961,0,98103,47.6857,-122.334,2440,4880
18087,18087,1797500985,20140902T000000,883000.0,4.0,2.25,2410,4000,2.0,0,0,5,8,1650,760,1910,0,98115,47.6727,-122.316,1820,4000
18088,18088,2896400210,20150508T000000,455000.0,4.0,2.5,1780,2992,2.0,0,0,3,7,1780,0,2003,0,98072,47.7633,-122.149,1610,2961
18089,18089,8691510150,20140922T000000,343500.0,3.0,2.5,1900,5194,2.0,0,0,3,7,1900,0,2004,0,98058,47.4391,-122.117,2230,5194
18090,18090,6163901380,20141114T000000,244000.0,2.0,1.0,960,8450,1.0,0,0,5,6,960,0,1950,0,98155,47.755,-122.316,1090,8450
18091,18091,9477000650,20141119T000000,397000.0,3.0,1.75,1640,11730,1.0,0,0,5,7,1640,0,1967,0,98034,47.7351,-122.189,1640,7770
18092,18092,2560800165,20150316T000000,180500.0,2.0,1.0,850,5000,1.0,0,0,3,6,850,0,1976,0,98198,47.3817,-122.314,1160,5000
18093,18093,5589300495,20150304T000000,310000.0,3.0,2.75,2150,6576,1.0,0,0,4,7,1900,250,1926,0,98155,47.7539,-122.308,2150,9071
18094,18094,2517000600,20150128T000000,315000.0,4.0,2.5,2780,3969,2.0,0,0,3,7,2780,0,2005,0,98042,47.3992,-122.164,2260,4160
18095,18095,5364200477,20140603T000000,718000.0,3.0,1.0,1030,4958,1.0,0,0,5,7,1030,0,1952,0,98105,47.6647,-122.277,2230,6987
18096,18096,7349400100,20141009T000000,279950.0,3.0,1.75,1930,7267,1.0,0,0,4,7,1330,600,1977,0,98002,47.3217,-122.205,1600,7698
18097,18097,1455600062,20141021T000000,689000.0,3.0,2.5,2080,9612,1.0,0,3,4,8,1700,380,1940,0,98125,47.7293,-122.283,2560,10202
18098,18098,629810720,20140818T000000,828000.0,4.0,2.5,3520,9901,2.0,0,0,3,10,3520,0,1998,0,98074,47.6084,-122.011,3490,9667
18099,18099,3395800455,20140625T000000,150000.0,2.0,1.0,890,8100,1.0,0,0,3,6,890,0,1942,0,98146,47.4839,-122.34,1260,8100
18100,18100,9191201385,20150301T000000,505400.0,3.0,1.75,1640,3400,1.0,0,0,4,7,930,710,1926,0,98105,47.6694,-122.3,1380,3750
18101,18101,6648150040,20140513T000000,1680000.0,5.0,3.25,4860,23723,2.0,0,2,4,11,3820,1040,1989,0,98040,47.5767,-122.215,4040,13860
18102,18102,7211400615,20140515T000000,217450.0,3.0,1.0,1040,5000,1.0,0,0,3,7,1040,0,1959,0,98146,47.5122,-122.358,1440,5000
18103,18103,6870000150,20141218T000000,677000.0,4.0,2.5,2820,4174,2.0,0,0,3,9,2820,0,2004,0,98034,47.7112,-122.226,2560,4853
18104,18104,3324079092,20150427T000000,361000.0,2.0,2.5,1320,48787,1.0,0,0,3,8,1320,0,2004,0,98027,47.5157,-121.924,1830,155073
18105,18105,8901000543,20140609T000000,620000.0,3.0,2.5,2590,7237,2.0,0,0,3,8,2590,0,2004,0,98125,47.7113,-122.309,1670,7648
18106,18106,7428000120,20141210T000000,176000.0,3.0,2.25,1540,5449,1.0,0,0,2,7,1180,360,1989,0,98023,47.29,-122.358,1460,6740
18107,18107,6675500112,20150414T000000,330000.0,3.0,1.0,960,7218,1.0,0,0,4,7,960,0,1969,0,98034,47.7278,-122.226,1580,9104
18108,18108,8898701340,20141029T000000,290000.0,3.0,2.5,1190,8175,1.0,0,0,3,7,1190,0,1986,0,98055,47.4556,-122.203,2230,9520
18109,18109,3904921120,20140715T000000,711000.0,4.0,2.5,2770,9532,2.0,0,0,4,9,2770,0,1988,0,98029,47.5688,-122.012,2770,9219
18110,18110,1545806960,20150422T000000,295000.0,3.0,1.75,1060,8100,2.0,0,0,4,7,1060,0,1983,0,98038,47.3617,-122.047,1410,8100
18111,18111,3303990410,20141111T000000,1096500.0,5.0,3.25,4010,12110,2.0,0,0,3,11,4010,0,2003,0,98059,47.5228,-122.151,4010,12334
18112,18112,1862900690,20140925T000000,257500.0,3.0,2.0,1140,7078,1.0,0,0,4,7,1140,0,1991,0,98031,47.4057,-122.185,1460,7078
18113,18113,123039333,20140609T000000,240000.0,4.0,1.0,1910,16320,1.5,0,0,3,6,1910,0,1934,0,98106,47.5151,-122.366,1380,9000
18114,18114,8077210230,20141212T000000,645000.0,4.0,2.5,2340,8955,2.0,0,0,3,9,2340,0,1990,0,98074,47.6283,-122.026,2340,8955
18115,18115,9550200650,20140506T000000,499000.0,2.0,1.75,1170,2400,1.0,0,0,4,7,740,430,1903,0,98103,47.6653,-122.333,1570,3919
18116,18116,4326000220,20141020T000000,321000.0,3.0,1.0,1290,9526,1.5,0,0,3,7,1290,0,1961,0,98034,47.7111,-122.213,1290,9508
18117,18117,1862400522,20140822T000000,449000.0,3.0,2.5,1810,1658,3.0,0,0,3,8,1810,0,1998,0,98117,47.6955,-122.376,1470,1585
18118,18118,7589200165,20150107T000000,515000.0,3.0,2.5,1820,5280,1.0,0,0,4,7,910,910,1949,0,98117,47.6892,-122.375,1600,4820
18119,18119,925059042,20141002T000000,456000.0,4.0,1.5,2220,12385,1.0,0,0,3,8,1270,950,1978,0,98033,47.6734,-122.185,2030,8831
18120,18120,2924079044,20140723T000000,865000.0,3.0,3.75,3830,219106,2.0,0,0,3,9,3830,0,1977,1999,98027,47.5432,-121.952,2440,219106
18121,18121,5535600110,20140618T000000,515500.0,4.0,2.5,2920,7700,2.0,0,0,3,9,2920,0,2003,0,98019,47.7351,-121.975,2920,8943
18122,18122,1428900033,20141119T000000,576925.0,4.0,2.5,2630,6100,2.0,0,0,3,8,2630,0,2004,0,98072,47.7735,-122.167,2360,5765
18123,18123,1822059382,20150102T000000,243000.0,3.0,1.75,1320,10416,1.0,0,0,3,7,1320,0,1996,0,98031,47.3902,-122.208,1670,7991
18124,18124,3584000180,20140528T000000,253400.0,3.0,2.0,1400,8640,1.0,0,0,5,7,1400,0,1968,0,98003,47.3182,-122.319,1270,9375
18125,18125,7812500180,20150413T000000,292000.0,3.0,2.5,1600,3580,2.0,0,0,3,7,1600,0,2000,0,98178,47.4939,-122.261,2020,4327
18126,18126,984210220,20141203T000000,271500.0,3.0,2.5,1490,8005,1.0,0,0,3,7,1090,400,1976,0,98058,47.4359,-122.165,1880,7905
18127,18127,8682310220,20140827T000000,765000.0,2.0,2.5,2170,6750,1.0,0,0,3,8,2170,0,2012,0,98053,47.7115,-122.014,2150,6074
18128,18128,7586200061,20150312T000000,375000.0,3.0,3.25,1280,1730,2.0,0,0,3,8,1090,190,2005,0,98177,47.7032,-122.36,1280,2121
18129,18129,5127100100,20150511T000000,382880.0,3.0,2.0,1620,9566,1.0,0,0,4,7,1620,0,1968,0,98059,47.474,-122.146,1660,10011
18130,18130,7856000150,20140609T000000,852500.0,3.0,2.5,2630,10100,1.0,0,0,4,9,1580,1050,1967,0,98006,47.5638,-122.153,2400,9700
18131,18131,5076700025,20141124T000000,475000.0,3.0,1.5,1240,8738,1.0,0,0,3,7,1240,0,1959,0,98005,47.5849,-122.17,1440,9344
18132,18132,9221400600,20140523T000000,462000.0,3.0,1.75,1300,2580,1.0,0,0,5,7,820,480,1919,0,98115,47.674,-122.319,1180,2820
18133,18133,1924059278,20140611T000000,762400.0,3.0,1.75,2430,14607,1.0,0,1,3,8,1230,1200,1949,1970,98040,47.5588,-122.211,2750,17425
18134,18134,6163901283,20150130T000000,330000.0,4.0,1.5,1890,7540,1.0,0,0,4,7,1890,0,1967,0,98155,47.7534,-122.318,1890,8515
18135,18135,7504460090,20140725T000000,473000.0,3.0,2.25,1890,12236,1.0,0,0,3,8,1890,0,1978,0,98074,47.6232,-122.047,2390,12323
18136,18136,4154302560,20141121T000000,550000.0,3.0,1.5,2440,7200,1.0,0,0,3,7,2440,0,1949,0,98118,47.5604,-122.274,1920,6900
18137,18137,7905390220,20140623T000000,449500.0,3.0,2.25,1780,7280,1.0,0,2,3,7,1340,440,1972,0,98034,47.723,-122.215,2060,7280
18138,18138,8691330910,20140521T000000,744000.0,4.0,2.75,2830,13059,2.0,0,0,3,10,2830,0,1998,0,98075,47.595,-121.986,3840,11596
18139,18139,9169100175,20150507T000000,700000.0,4.0,2.0,2490,4700,1.0,0,0,4,7,1690,800,1952,0,98136,47.5254,-122.392,2240,5000
18140,18140,5706202070,20140930T000000,511100.0,4.0,2.5,1560,12220,1.5,0,0,4,7,1560,0,1965,0,98027,47.5287,-122.053,1920,12220
18141,18141,9478501020,20140916T000000,317950.0,3.0,2.5,1980,4500,2.0,0,0,3,7,1980,0,2012,0,98042,47.3671,-122.113,2200,4500
18142,18142,426069095,20141014T000000,542950.0,3.0,2.5,2070,39768,2.0,0,0,3,8,2070,0,1988,0,98077,47.7696,-122.036,2740,44866
18143,18143,6752000330,20140815T000000,490000.0,3.0,1.75,1490,11360,1.0,0,0,3,8,1490,0,1975,0,98008,47.5896,-122.12,2350,10320
18144,18144,9834200555,20150219T000000,760000.0,4.0,3.5,3090,4060,2.0,0,0,3,8,2420,670,1992,0,98144,47.5733,-122.287,1720,4080
18145,18145,726059344,20150421T000000,475000.0,3.0,2.25,1580,8659,1.0,0,0,4,7,1220,360,1961,0,98011,47.7599,-122.215,1970,9650
18146,18146,8106100085,20140509T000000,1702500.0,5.0,4.5,5190,23716,2.0,0,2,3,11,3390,1800,1987,2000,98040,47.5846,-122.223,4460,22748
18147,18147,3831250150,20150326T000000,435000.0,3.0,2.75,2692,6197,2.0,0,0,3,9,2692,0,2007,0,98030,47.3569,-122.202,2336,5700
18148,18148,7852020760,20141101T000000,399000.0,3.0,2.5,1740,3690,2.0,0,0,3,8,1740,0,2000,0,98065,47.5345,-121.867,2100,4944
18149,18149,3142600120,20140826T000000,627000.0,3.0,2.0,1940,3800,1.0,0,0,4,7,1050,890,1927,0,98115,47.6842,-122.309,1700,3800
18150,18150,7831800495,20141002T000000,346500.0,4.0,2.5,2150,5100,1.5,0,0,3,7,1290,860,1991,0,98106,47.5338,-122.36,1920,5100
18151,18151,4037000065,20150414T000000,412000.0,3.0,1.5,1320,8000,1.0,0,0,3,7,1320,0,1957,0,98008,47.6027,-122.122,1720,8100
18152,18152,7574910450,20150203T000000,845000.0,4.0,2.5,3360,40471,2.0,0,0,4,10,3360,0,1994,0,98077,47.742,-122.035,3150,36823
18153,18153,6703700025,20141105T000000,373000.0,3.0,1.75,1850,9655,1.0,0,0,3,7,1100,750,1959,0,98155,47.7358,-122.319,1480,8683
18154,18154,5418500970,20140808T000000,725000.0,4.0,2.25,2880,8882,2.0,0,0,4,8,2480,400,1965,0,98115,47.6999,-122.284,2460,9610
18155,18155,5379806180,20140813T000000,376000.0,6.0,2.5,2420,11662,1.0,0,2,4,7,1420,1000,1965,0,98188,47.4459,-122.278,1630,11662
18156,18156,3332000061,20140805T000000,552500.0,3.0,1.0,2020,4120,1.5,0,0,4,7,1520,500,1929,0,98118,47.5514,-122.271,1200,4635
18157,18157,7635800600,20140626T000000,365000.0,5.0,2.0,2280,19000,1.5,0,0,3,6,2280,0,1924,0,98166,47.4683,-122.359,1790,11800
18158,18158,1825079086,20140521T000000,700000.0,4.0,2.5,3010,46173,2.0,0,0,3,9,3010,0,1996,0,98053,47.6471,-121.964,2590,49222
18159,18159,4399200085,20150305T000000,315000.0,4.0,2.25,2550,9736,1.0,0,0,4,8,2550,0,1967,0,98002,47.3193,-122.212,1770,9686
18160,18160,7131300031,20150331T000000,262500.0,4.0,2.0,1540,5110,1.0,0,0,3,7,1540,0,1957,0,98118,47.5164,-122.268,1540,5110
18161,18161,2719100355,20141104T000000,660000.0,3.0,2.25,2280,6150,2.0,0,2,3,8,2280,0,1984,0,98136,47.5423,-122.385,1920,6150
18162,18162,2517010120,20150413T000000,340000.0,4.0,2.5,2450,6941,2.0,0,0,3,7,2450,0,2006,0,98042,47.4006,-122.162,3300,6941
18163,18163,5700000600,20140702T000000,660500.0,5.0,2.5,2950,5500,1.5,0,0,5,7,1720,1230,1918,0,98144,47.5785,-122.293,2200,5000
18164,18164,5075400035,20140627T000000,280000.0,1.0,1.0,690,1950,1.0,0,0,3,6,690,0,1928,0,98117,47.6849,-122.374,1650,4864
18165,18165,5141000571,20140825T000000,267000.0,1.0,1.0,800,2480,1.0,0,0,4,6,800,0,1919,0,98108,47.5581,-122.316,1490,4650
18166,18166,3664500300,20141106T000000,230000.0,2.0,1.0,1470,25661,1.5,0,0,3,4,1470,0,1932,0,98059,47.4878,-122.13,1670,43301
18167,18167,2607730490,20140922T000000,417000.0,3.0,2.25,1840,11403,2.0,0,0,3,8,1840,0,1993,0,98045,47.4862,-121.797,2150,11403
18168,18168,88000790,20140714T000000,252000.0,3.0,1.0,1170,9730,1.0,0,0,3,7,1170,0,1968,1986,98055,47.4562,-122.196,1680,10125
18169,18169,4083303540,20150320T000000,791000.0,5.0,1.75,2344,4800,1.5,0,0,4,7,1544,800,1921,0,98103,47.6537,-122.335,1770,4200
18170,18170,6430500219,20140910T000000,415000.0,1.0,1.0,1230,3774,1.0,0,0,4,6,830,400,1924,0,98103,47.6886,-122.354,1300,3774
18171,18171,203900610,20140724T000000,339000.0,3.0,1.75,1150,13278,1.0,0,0,5,7,1150,0,1966,0,98053,47.6384,-121.969,1560,12400
18172,18172,6083000123,20150504T000000,158000.0,3.0,1.0,1140,10477,1.0,0,0,3,6,1140,0,1942,0,98168,47.4874,-122.306,1190,9750
18173,18173,2490200620,20140811T000000,535000.0,3.0,1.0,1660,5100,1.0,0,0,3,7,1260,400,1957,0,98136,47.5323,-122.383,1230,5100
18174,18174,9528102870,20150304T000000,818900.0,3.0,1.0,1080,4120,1.0,0,0,3,7,980,100,1919,0,98115,47.6771,-122.319,1280,3090
18175,18175,2436700610,20150422T000000,550000.0,4.0,2.0,1720,4000,1.0,0,0,3,7,1420,300,1950,0,98105,47.6651,-122.285,1350,1281
18176,18176,7655900031,20150306T000000,240000.0,2.0,1.0,590,8717,1.0,0,0,3,6,590,0,1953,0,98133,47.7343,-122.335,1370,6760
18177,18177,7011201333,20140917T000000,590000.0,3.0,3.25,1290,1230,2.0,0,2,3,9,1090,200,2008,0,98119,47.6367,-122.37,1710,1797
18178,18178,9412200730,20150224T000000,369300.0,3.0,1.5,1480,21320,1.0,0,0,4,7,1480,0,1967,0,98027,47.5234,-122.043,1850,17825
18179,18179,3024079096,20150414T000000,510000.0,4.0,2.5,2600,118666,1.0,0,0,3,7,1400,1200,1981,0,98027,47.54,-121.97,2440,131116
18180,18180,5423600040,20140707T000000,542500.0,3.0,2.5,2040,10086,2.0,0,0,3,8,2040,0,1987,0,98052,47.679,-122.113,1940,10272
18181,18181,3291800120,20150102T000000,262500.0,3.0,1.0,970,7854,1.0,0,0,4,7,970,0,1980,0,98056,47.4899,-122.185,1480,7800
18182,18182,3052700921,20150211T000000,900000.0,6.0,3.0,2620,4350,1.0,0,0,3,7,1760,860,1957,0,98117,47.678,-122.373,1760,4300
18183,18183,2424059119,20141014T000000,1100000.0,4.0,3.5,4560,41636,2.0,0,0,3,9,4170,390,1995,0,98006,47.5589,-122.116,2990,11381
18184,18184,4335000145,20140813T000000,368000.0,3.0,1.75,1750,14400,1.0,0,0,4,7,1750,0,1951,0,98166,47.4535,-122.361,2030,14400
18185,18185,1980200384,20141022T000000,825000.0,4.0,3.5,3620,6499,2.5,0,0,3,9,3620,0,2003,2009,98177,47.7326,-122.36,2330,7200
18186,18186,5637200150,20150114T000000,343500.0,3.0,2.0,1660,7509,1.0,0,0,3,7,1660,0,2002,0,98059,47.4872,-122.144,2380,8598
18187,18187,8864000970,20141204T000000,273500.0,4.0,1.0,1360,6000,1.0,0,0,4,6,1020,340,1944,0,98168,47.4783,-122.285,1230,6000
18188,18188,3885808210,20150120T000000,1000000.0,3.0,2.5,2044,5610,2.0,0,0,4,9,2044,0,1996,0,98033,47.6791,-122.209,2440,5610
18189,18189,7986400265,20141029T000000,770000.0,5.0,3.0,2370,6000,1.5,0,2,3,8,1340,1030,1926,2003,98107,47.6645,-122.358,1350,4500
18190,18190,9459200120,20150304T000000,400000.0,3.0,2.0,1170,3868,1.5,0,0,4,7,1170,0,1925,0,98118,47.5543,-122.29,1400,3800
18191,18191,1311200120,20140513T000000,225000.0,3.0,1.0,1660,7210,1.0,0,0,3,7,1100,560,1963,0,98001,47.3394,-122.281,1660,7245
18192,18192,3649100031,20150305T000000,345000.0,4.0,1.0,2020,18150,1.0,0,0,4,7,2020,0,1955,0,98028,47.739,-122.249,1530,11970
18193,18193,2475400120,20141001T000000,450000.0,3.0,2.5,2530,8116,2.0,0,0,3,8,2530,0,2001,0,98011,47.7597,-122.167,2280,8791
18194,18194,6365900065,20140718T000000,334850.0,2.0,1.0,870,5635,1.0,0,0,3,7,870,0,1948,0,98116,47.5676,-122.398,1310,5750
18195,18195,3959400645,20150107T000000,605000.0,5.0,3.0,3670,9600,1.0,0,1,3,8,1980,1690,1955,0,98108,47.5648,-122.316,1730,4933
18196,18196,4139660040,20141121T000000,760000.0,5.0,3.5,3180,14000,2.0,0,0,5,10,3180,0,1997,0,98006,47.5501,-122.128,3670,14450
18197,18197,3241600027,20141006T000000,390000.0,2.0,1.5,1870,12960,1.5,0,0,4,6,1350,520,1926,0,98118,47.5234,-122.288,1380,7800
18198,18198,8946400100,20140804T000000,488000.0,3.0,2.5,1940,5660,2.0,0,0,3,8,1940,0,2001,0,98072,47.7511,-122.17,2110,4581
18199,18199,3625059152,20141230T000000,3300000.0,3.0,3.25,4220,41300,1.0,1,4,4,11,2460,1760,1958,1987,98008,47.6083,-122.11,3810,30401
18200,18200,624110110,20150222T000000,1063000.0,5.0,4.5,4820,13165,2.0,0,0,4,11,3950,870,1990,0,98077,47.7295,-122.057,3880,13810
18201,18201,522079015,20150322T000000,608000.0,3.0,2.0,2400,217800,2.0,0,0,3,8,1590,810,1975,0,98038,47.4166,-121.94,2340,207781
18202,18202,3204300455,20140822T000000,1385000.0,3.0,2.25,2930,6000,2.0,0,2,3,11,1920,1010,2000,0,98112,47.6301,-122.301,1870,5040
18203,18203,5414100040,20140915T000000,299950.0,2.0,1.0,800,3000,1.0,0,0,3,6,800,0,1904,0,98118,47.5602,-122.292,1640,3400
18204,18204,1930301015,20150428T000000,818000.0,3.0,3.25,2200,4800,2.0,0,2,3,7,1910,290,1943,1996,98103,47.6551,-122.353,1410,4800
18205,18205,1898200100,20140528T000000,355000.0,3.0,2.5,2400,9701,1.0,0,0,3,9,2400,0,1990,0,98023,47.3081,-122.392,2400,8258
18206,18206,9471200065,20141015T000000,1855000.0,5.0,3.25,5570,9600,2.0,0,0,5,9,3860,1710,1952,0,98105,47.6708,-122.262,3170,10400
18207,18207,510003085,20140623T000000,660000.0,3.0,3.25,1980,2850,3.0,0,0,3,7,1980,0,1987,0,98103,47.6597,-122.331,1630,4560
18208,18208,2579500110,20140701T000000,2367000.0,3.0,2.25,3530,17450,1.0,1,3,3,9,1840,1690,1930,1993,98040,47.5358,-122.213,3530,17310
18209,18209,1762600090,20150424T000000,1211000.0,4.0,2.5,3430,35120,2.0,0,0,3,10,3430,0,1984,0,98033,47.6484,-122.182,3920,35230
18210,18210,6700390090,20140625T000000,255950.0,3.0,2.5,1720,3676,2.0,0,0,3,7,1720,0,1992,0,98031,47.4039,-122.188,1720,3510
18211,18211,6817801020,20140821T000000,475000.0,3.0,1.5,1930,11092,1.0,0,0,3,7,1500,430,1983,0,98074,47.63399999999999,-122.033,1230,10964
18212,18212,7931000053,20141229T000000,362950.0,4.0,1.75,2140,159865,1.0,0,0,4,7,1140,1000,1960,0,98031,47.4235,-122.218,1830,15569
18213,18213,1828000620,20140701T000000,452000.0,3.0,1.75,1110,9012,1.0,0,0,4,7,1110,0,1966,0,98052,47.6563,-122.131,1800,8679
18214,18214,2423400040,20140804T000000,315000.0,3.0,1.75,1970,8200,1.0,0,0,3,7,1270,700,1964,0,98168,47.4731,-122.327,1890,8348
18215,18215,6064800730,20150129T000000,330950.0,3.0,2.5,1630,2844,2.0,0,0,3,7,1630,0,2003,0,98118,47.5413,-122.288,1610,2582
18216,18216,3388300590,20140611T000000,535000.0,5.0,2.25,2520,49222,2.0,0,0,4,8,2520,0,1978,0,98027,47.4918,-122.064,2780,55321
18217,18217,1591600506,20150225T000000,479000.0,4.0,2.25,2270,9464,1.5,0,0,4,7,1520,750,1940,0,98146,47.5007,-122.359,1770,9464
18218,18218,6798100661,20140616T000000,340000.0,3.0,2.5,1212,1174,3.0,0,0,3,7,1212,0,2004,0,98125,47.7145,-122.311,1256,1226
18219,18219,8732800100,20140916T000000,312000.0,4.0,2.0,1890,8362,1.0,0,0,3,7,1890,0,1966,0,98188,47.4377,-122.279,1600,9257
18220,18220,2025701080,20150318T000000,305000.0,3.0,2.25,1370,6600,2.0,0,0,4,7,1370,0,1993,0,98038,47.3504,-122.035,1370,6600
18221,18221,4345000490,20141202T000000,270000.0,3.0,2.5,1770,7336,2.0,0,0,3,7,1770,0,1996,0,98030,47.3639,-122.185,1770,7349
18222,18222,2771104010,20140605T000000,529999.0,3.0,2.5,1710,1664,2.0,0,0,5,8,1300,410,2003,0,98199,47.6456,-122.383,1470,5400
18223,18223,3307700405,20140723T000000,587100.0,2.0,1.0,1190,6967,1.0,0,0,3,7,1190,0,1946,0,98040,47.5896,-122.243,1700,6968
18224,18224,6817800910,20141118T000000,459800.0,3.0,2.0,1690,16061,1.0,0,0,3,7,1690,0,1984,0,98074,47.6359,-122.035,1280,12436
18225,18225,259801140,20141212T000000,451000.0,4.0,1.75,1680,7800,1.0,0,0,3,7,1330,350,1966,0,98008,47.6286,-122.118,1680,7210
18226,18226,1176001293,20140617T000000,2475000.0,3.0,3.25,4340,4947,2.0,0,3,3,11,3060,1280,1993,0,98107,47.6709,-122.406,1680,5250
18227,18227,820079101,20141222T000000,525000.0,3.0,2.25,2040,435600,2.0,0,2,4,7,2040,0,1983,0,98022,47.2328,-121.945,2020,223027
18228,18228,40001065,20140529T000000,250000.0,2.0,1.0,1110,26051,1.0,0,0,3,6,1110,0,1951,0,98168,47.4711,-122.291,2240,12255
18229,18229,3330501975,20141117T000000,475000.0,5.0,2.0,2040,6180,2.0,0,0,4,7,2040,0,1908,0,98118,47.5503,-122.28,1870,4365
18230,18230,3021059175,20150312T000000,235000.0,4.0,1.5,1920,11595,1.0,0,0,4,7,1920,0,1962,0,98002,47.2858,-122.212,1400,10550
18231,18231,8092500720,20140711T000000,230000.0,3.0,1.5,1330,9548,1.0,0,0,5,7,1330,0,1967,0,98042,47.3675,-122.11,1420,9548
18232,18232,9828702120,20140701T000000,581000.0,4.0,1.0,1630,2566,1.5,0,0,3,7,1630,0,1921,0,98122,47.6183,-122.3,1220,2314
18233,18233,6751300375,20140702T000000,415000.0,3.0,1.0,1520,9030,1.0,0,0,3,7,1520,0,1956,0,98007,47.587,-122.134,1470,8712
18234,18234,6751300375,20141016T000000,522500.0,3.0,1.0,1520,9030,1.0,0,0,3,7,1520,0,1956,0,98007,47.587,-122.134,1470,8712
18235,18235,6073300790,20150105T000000,383000.0,3.0,1.5,1340,7725,1.0,0,0,4,8,1340,0,1967,0,98056,47.5389,-122.173,1990,7725
18236,18236,8074400035,20141030T000000,315000.0,3.0,1.75,2500,8289,1.0,0,0,4,7,1250,1250,1958,0,98056,47.4973,-122.177,1710,8205
18237,18237,2254501335,20140922T000000,591000.0,3.0,2.0,1460,3600,2.0,0,0,3,7,1460,0,1902,0,98122,47.6123,-122.314,1590,1210
18238,18238,7504021510,20141219T000000,750000.0,4.0,2.25,3140,12150,2.0,0,0,3,9,3140,0,1979,0,98074,47.6361,-122.047,2370,12054
18239,18239,7625701386,20140516T000000,430000.0,3.0,1.75,2150,4333,1.0,0,0,3,7,1200,950,1956,0,98136,47.5537,-122.388,1480,6500
18240,18240,1775500371,20150501T000000,712000.0,4.0,2.5,3140,32336,1.5,0,0,3,10,3140,0,1995,0,98072,47.7412,-122.087,2340,19965
18241,18241,3244500037,20150406T000000,510000.0,3.0,2.5,2310,53578,1.0,0,0,4,8,1340,970,1981,0,98072,47.7677,-122.135,2660,49658
18242,18242,9828701745,20150123T000000,480000.0,2.0,1.0,710,4800,1.0,0,0,2,6,710,0,1950,0,98112,47.6212,-122.298,1480,1721
18243,18243,1994200040,20140613T000000,538000.0,3.0,1.0,1460,7200,1.0,0,0,3,7,1260,200,1906,0,98103,47.6875,-122.336,1430,4650
18244,18244,8122100265,20141205T000000,464000.0,2.0,2.75,730,5000,1.0,0,0,3,7,730,0,1929,0,98126,47.5381,-122.374,980,5000
18245,18245,7202290180,20150102T000000,476000.0,3.0,2.5,1440,3840,2.0,0,0,3,7,1440,0,2001,0,98053,47.6873,-122.043,1600,3131
18246,18246,4025300360,20150326T000000,349500.0,3.0,2.0,1130,16875,1.0,0,0,4,7,1130,0,1947,0,98155,47.7489,-122.3,1600,14300
18247,18247,2557000540,20150207T000000,270000.0,3.0,2.25,1810,8262,2.0,0,0,4,8,1810,0,1981,0,98023,47.2994,-122.37,1820,8262
18248,18248,9388100015,20141119T000000,740000.0,3.0,2.5,2710,18480,2.0,0,2,3,10,2000,710,1978,0,98034,47.7256,-122.259,2710,18077
18249,18249,6305900300,20141013T000000,395000.0,4.0,2.5,2740,8336,2.0,0,0,4,9,2740,0,1990,0,98031,47.3904,-122.176,2460,9189
18250,18250,7202340530,20150410T000000,498000.0,3.0,2.5,1690,4088,2.0,0,0,3,7,1690,0,2004,0,98053,47.6779,-122.034,1950,4088
18251,18251,7849202296,20150130T000000,339900.0,3.0,2.5,1470,4675,2.0,0,0,3,7,1470,0,1999,0,98065,47.5261,-121.827,1500,4385
18252,18252,255520150,20140902T000000,539000.0,3.0,2.5,2830,9972,2.0,0,0,3,9,2830,0,2006,0,98019,47.7382,-121.975,3557,9159
18253,18253,3578401770,20150226T000000,400000.0,3.0,1.0,1410,9704,1.0,0,0,3,8,1140,270,1983,0,98074,47.6203,-122.036,1910,13639
18254,18254,984000410,20150218T000000,225000.0,3.0,2.5,2170,11745,1.0,0,0,4,7,1410,760,1967,0,98058,47.4342,-122.17,1860,8643
18255,18255,9834200925,20140910T000000,330000.0,3.0,2.25,1340,4080,1.5,0,0,3,6,1170,170,1907,0,98144,47.5722,-122.291,1670,4080
18256,18256,2225039103,20140626T000000,1387800.0,3.0,3.0,2480,5500,2.0,0,3,3,10,1730,750,1950,2005,98199,47.6466,-122.404,2950,5670
18257,18257,6445800015,20150430T000000,490000.0,3.0,2.75,1990,31200,1.0,0,0,3,8,1990,0,1986,0,98029,47.5544,-122.035,3120,29625
18258,18258,1311800040,20141220T000000,260000.0,4.0,2.75,2240,7200,1.0,0,0,3,7,1140,1100,1967,0,98001,47.3357,-122.275,1580,7416
18259,18259,1473120730,20140627T000000,469900.0,4.0,2.5,2990,8913,2.0,0,0,4,9,2990,0,1991,0,98058,47.4353,-122.159,2740,8030
18260,18260,6820100035,20141112T000000,493000.0,6.0,1.75,2120,3801,1.5,0,0,4,7,1220,900,1925,0,98115,47.6832,-122.311,1850,4181
18261,18261,1824079107,20140528T000000,740000.0,4.0,2.25,2920,46355,2.0,0,0,4,9,2920,0,1998,0,98024,47.569,-121.962,2310,184694
18262,18262,2891000610,20141211T000000,148900.0,4.0,1.75,1700,6000,1.0,0,0,3,7,1700,0,1967,0,98002,47.3252,-122.208,1280,6000
18263,18263,6600220090,20141118T000000,475000.0,2.0,2.5,1620,14467,2.0,0,0,3,7,1620,0,1981,0,98074,47.6306,-122.035,1470,13615
18264,18264,4447300165,20141223T000000,415000.0,2.0,1.0,760,4000,1.0,0,0,3,7,760,0,1944,0,98117,47.6896,-122.396,1520,4000
18265,18265,2891000450,20140707T000000,229500.0,3.0,1.0,1230,6000,1.0,0,0,4,7,1230,0,1967,0,98002,47.3256,-122.209,1240,6000
18266,18266,9286000110,20140814T000000,1355000.0,5.0,3.75,4960,13990,2.0,0,2,3,11,3760,1200,2001,0,98006,47.5491,-122.137,5200,18116
18267,18267,2558160220,20141210T000000,385000.0,4.0,2.5,2030,11375,1.0,0,0,3,7,1330,700,1969,0,98028,47.7765,-122.261,1500,9160
18268,18268,2422000067,20150427T000000,230000.0,3.0,2.25,1830,11331,1.0,0,0,3,7,1250,580,1965,0,98001,47.2899,-122.287,2240,16433
18269,18269,2887701970,20140808T000000,425000.0,2.0,1.0,970,2700,1.0,0,0,4,7,770,200,1926,0,98115,47.6852,-122.312,1570,3348
18270,18270,8581400015,20140722T000000,189900.0,2.0,1.0,1000,4179,1.0,0,0,5,5,1000,0,1914,0,98002,47.297,-122.227,1010,6327
18271,18271,7972603950,20150102T000000,238000.0,2.0,1.0,750,6480,1.0,0,0,3,6,750,0,1943,0,98106,47.5195,-122.35,1050,6390
18272,18272,7882600332,20140819T000000,968060.0,4.0,2.5,2620,16200,1.0,0,2,4,7,1570,1050,1950,1993,98033,47.6623,-122.196,3050,11875
18273,18273,5078400210,20140616T000000,921000.0,4.0,1.5,2220,9496,1.0,0,0,4,7,1490,730,1954,0,98004,47.6233,-122.206,1800,8286
18274,18274,1180008355,20140507T000000,380000.0,5.0,1.75,3000,6000,1.0,0,0,5,7,1500,1500,1958,0,98178,47.492,-122.225,2230,7125
18275,18275,2781600195,20141117T000000,285000.0,1.0,1.0,1060,54846,1.0,1,4,3,5,1060,0,1935,0,98070,47.4716,-122.445,2258,31762
18276,18276,3342100995,20141022T000000,449000.0,4.0,2.5,1980,5400,2.0,0,0,3,8,1980,0,1998,0,98056,47.5182,-122.207,1980,5400
18277,18277,2818600115,20140709T000000,625000.0,4.0,1.0,1600,5500,1.5,0,0,4,7,1600,0,1946,0,98117,47.6983,-122.393,1900,5500
18278,18278,8732020720,20140521T000000,318989.0,4.0,2.25,2000,9000,1.0,0,0,4,8,2000,0,1978,0,98023,47.3125,-122.387,2190,8374
18279,18279,1563100557,20141010T000000,445000.0,3.0,1.5,1310,1266,2.0,0,0,3,8,1120,190,2002,0,98116,47.5663,-122.408,1310,1378
18280,18280,9533100145,20150205T000000,750000.0,3.0,1.0,1120,8549,1.0,0,0,3,7,1120,0,1952,0,98004,47.6294,-122.205,1440,8640
18281,18281,3761700067,20150306T000000,959000.0,3.0,2.5,3320,11875,1.0,0,0,5,10,3320,0,1979,0,98034,47.7212,-122.26,3730,11875
18282,18282,8029500360,20141202T000000,330000.0,3.0,2.5,2370,9102,2.0,0,0,3,9,2370,0,1990,0,98023,47.3067,-122.394,2530,9883
18283,18283,7011201106,20150216T000000,425000.0,2.0,1.5,830,1241,2.0,0,0,3,7,830,0,2005,0,98119,47.6363,-122.368,1610,2666
18284,18284,3235100110,20141202T000000,280000.0,3.0,1.0,940,7913,1.0,0,0,3,6,940,0,1948,0,98155,47.7657,-122.321,940,7913
18285,18285,2623089141,20141023T000000,476500.0,4.0,2.5,2250,50155,2.0,0,0,3,8,2250,0,1998,0,98045,47.449,-121.756,2040,57857
18286,18286,1241500147,20140521T000000,556000.0,3.0,2.25,2020,3600,2.0,0,0,3,8,2020,0,1998,0,98033,47.6678,-122.165,2070,3699
18287,18287,1524079188,20140729T000000,1862000.0,4.0,5.25,5240,320917,2.0,0,2,3,10,5240,0,2006,0,98024,47.5605,-121.905,1930,68824
18288,18288,9262800208,20140919T000000,637000.0,4.0,3.5,4083,68377,2.0,0,0,3,10,4083,0,2005,0,98001,47.3114,-122.262,2430,41382
18289,18289,1062100115,20141204T000000,405000.0,3.0,2.0,1450,6081,1.0,0,0,4,7,1450,0,1969,0,98155,47.7522,-122.278,1880,6000
18290,18290,6381500265,20140627T000000,397000.0,5.0,1.0,1170,6757,1.0,0,0,4,6,800,370,1944,0,98125,47.7332,-122.304,1590,6794
18291,18291,7203220300,20140724T000000,895990.0,4.0,2.75,3555,6565,2.0,0,0,3,9,3555,0,2014,0,98053,47.6847,-122.017,3625,5637
18292,18292,4027701220,20140828T000000,259000.0,3.0,2.0,1610,14046,2.0,0,0,3,7,1610,0,1933,1988,98028,47.7704,-122.264,2410,9000
18293,18293,114100758,20141022T000000,420000.0,2.0,1.0,960,112384,1.0,0,0,3,7,960,0,1955,0,98028,47.7642,-122.234,1210,24875
18294,18294,9376301110,20140519T000000,518000.0,3.0,2.5,1680,2096,2.0,0,0,3,8,1380,300,2008,0,98117,47.6904,-122.37,1360,2096
18295,18295,9371700085,20140722T000000,425000.0,3.0,1.75,1380,8182,1.0,0,0,5,7,1380,0,1942,0,98133,47.7513,-122.349,1300,8188
18296,18296,2122049096,20140808T000000,182500.0,2.0,1.0,1040,13920,1.0,0,0,3,6,1040,0,1973,0,98198,47.3756,-122.306,1100,7575
18297,18297,546000245,20140716T000000,549900.0,3.0,1.5,1380,3031,1.5,0,0,4,7,1380,0,1929,0,98117,47.6889,-122.38,1440,4005
18298,18298,2783600210,20140916T000000,445000.0,3.0,1.75,1850,16863,1.0,0,0,4,7,1280,570,1980,0,98034,47.7166,-122.225,1790,9000
18299,18299,5210200184,20140606T000000,452000.0,2.0,1.75,1740,5400,1.0,0,0,4,7,990,750,1946,0,98115,47.6971,-122.282,1980,5400
18300,18300,2125049133,20141104T000000,715000.0,5.0,1.75,1920,6500,1.0,0,0,3,7,1260,660,1951,0,98112,47.6394,-122.308,1970,5500
18301,18301,7940710100,20140911T000000,559000.0,3.0,2.5,2010,5200,2.0,0,0,3,8,2010,0,1989,0,98034,47.7142,-122.203,1860,4400
18302,18302,6072800246,20140702T000000,3300000.0,5.0,6.25,8020,21738,2.0,0,0,3,11,8020,0,2001,0,98006,47.5675,-122.189,4160,18969
18303,18303,5466700450,20141015T000000,250000.0,4.0,1.75,1860,7350,1.0,0,0,4,7,1090,770,1977,0,98031,47.3979,-122.174,1710,7350
18304,18304,1425039029,20140923T000000,1230000.0,5.0,4.0,4390,6656,2.0,0,0,3,9,2930,1460,2008,0,98199,47.648,-122.397,1560,6656
18305,18305,422069067,20150512T000000,276500.0,4.0,2.25,2380,128937,1.0,0,0,4,7,2380,0,1960,0,98038,47.4253,-122.043,1030,114998
18306,18306,2472920740,20141114T000000,440000.0,4.0,2.5,2880,7386,2.0,0,0,4,9,2880,0,1987,0,98058,47.4397,-122.15,2420,7663
18307,18307,2338800100,20140508T000000,543200.0,6.0,2.25,2820,15600,1.5,0,2,5,7,1970,850,1940,0,98166,47.4635,-122.362,2520,7797
18308,18308,3524039060,20140601T000000,250000.0,1.0,1.0,750,4000,1.0,0,0,3,6,750,0,1918,0,98136,47.5243,-122.39,1770,4850
18309,18309,7539900040,20140728T000000,625000.0,4.0,2.5,1750,9000,1.0,0,0,3,8,1410,340,1977,2003,98052,47.6403,-122.105,2120,9600
18310,18310,1646502055,20140613T000000,530100.0,3.0,1.0,1540,3399,1.5,0,0,3,7,1200,340,1926,0,98117,47.6853,-122.359,1500,3914
18311,18311,1025049268,20140721T000000,549900.0,2.0,1.75,1140,936,2.0,0,0,3,8,940,200,2014,0,98105,47.6647,-122.284,1160,1327
18312,18312,324059076,20150311T000000,430000.0,4.0,1.5,1560,6534,1.0,0,0,4,7,1560,0,1962,0,98007,47.6012,-122.152,1560,6969
18313,18313,1853080730,20141210T000000,835000.0,3.0,2.5,2960,6856,2.0,0,0,3,10,2960,0,2009,0,98074,47.5906,-122.057,3320,6856
18314,18314,6708200040,20140507T000000,409500.0,4.0,2.75,2140,13000,1.0,0,0,3,7,1320,820,1968,0,98028,47.7683,-122.252,2360,11000
18315,18315,3438501452,20140520T000000,329000.0,4.0,2.5,1600,6765,1.0,0,0,3,7,830,770,1947,2011,98106,47.5469,-122.365,1600,8942
18316,18316,9287802380,20140522T000000,940000.0,4.0,2.75,2080,4000,1.5,0,0,3,8,2080,0,1912,2000,98107,47.6737,-122.358,1730,5000
18317,18317,2652501513,20140813T000000,539950.0,3.0,2.0,1560,3200,1.5,0,0,3,7,1560,0,1910,2007,98109,47.6398,-122.356,1240,3600
18318,18318,2421059125,20150414T000000,579950.0,4.0,2.5,2880,213444,1.0,0,0,5,8,2140,740,1984,0,98092,47.2887,-122.109,2810,213444
18319,18319,1250202990,20140611T000000,881000.0,5.0,3.0,2510,4125,1.5,0,3,5,8,1590,920,1925,0,98144,47.5968,-122.29,2190,5415
18320,18320,6914700165,20140804T000000,362500.0,3.0,1.0,960,5424,1.5,0,0,3,6,960,0,1916,0,98115,47.6997,-122.32,1550,5687
18321,18321,920069052,20150421T000000,243950.0,2.0,1.0,1120,35500,1.0,0,0,5,6,1120,0,1961,0,98022,47.2411,-122.043,1680,66022
18322,18322,7853310590,20140529T000000,658000.0,4.0,2.75,3310,6166,2.0,0,0,3,9,3310,0,2008,0,98065,47.521,-121.877,3200,7027
18323,18323,1898600100,20141124T000000,218250.0,3.0,1.5,1080,9774,1.0,0,0,3,7,1080,0,1968,0,98023,47.3155,-122.401,1190,9611
18324,18324,5611500100,20140522T000000,655000.0,4.0,2.5,2860,12394,2.0,0,0,3,10,2860,0,1999,0,98075,47.5832,-122.026,3070,8515
18325,18325,1796370590,20150305T000000,255000.0,3.0,2.0,1490,7599,1.0,0,0,3,7,1490,0,1990,0,98042,47.3687,-122.088,1560,7710
18326,18326,7831800110,20150115T000000,215000.0,3.0,1.0,1210,7175,1.0,0,0,3,7,1210,0,1918,0,98106,47.5339,-122.356,1640,5850
18327,18327,4218400175,20150223T000000,1265000.0,3.0,1.75,2240,5657,1.5,0,2,4,8,1910,330,1941,0,98105,47.6621,-122.27,2970,5657
18328,18328,5317100750,20140711T000000,2920000.0,4.0,4.75,4575,24085,2.5,0,2,5,10,3905,670,1926,0,98112,47.6263,-122.284,3900,9687
18329,18329,3365900175,20150402T000000,424305.0,3.0,2.5,1600,5960,2.0,0,2,5,8,1600,0,1910,0,98168,47.4758,-122.265,1410,13056
18330,18330,7649900175,20140520T000000,494000.0,4.0,1.75,2090,4300,1.5,0,0,4,7,1250,840,1925,0,98136,47.5555,-122.397,1670,5000
18331,18331,8159600360,20140605T000000,560000.0,4.0,2.5,2260,3713,2.0,0,0,3,9,2260,0,2003,0,98034,47.7247,-122.165,2260,3713
18332,18332,9272202260,20140924T000000,130000.0,3.0,1.0,1200,7000,2.0,0,0,1,7,1200,0,1908,0,98116,47.5883,-122.384,3290,6000
18333,18333,2820069048,20150504T000000,468000.0,4.0,2.5,2480,176418,1.5,0,3,5,8,2480,0,1927,0,98022,47.1941,-122.038,1640,112384
18334,18334,6744700343,20141209T000000,480000.0,5.0,3.0,2240,15435,1.0,0,1,5,7,1390,850,1952,0,98155,47.7426,-122.288,2240,10750
18335,18335,925049318,20140811T000000,475000.0,3.0,1.75,1550,4054,1.5,0,0,4,7,1550,0,1926,0,98115,47.6743,-122.301,1510,3889
18336,18336,6648700150,20150225T000000,285000.0,4.0,1.75,2130,8151,1.0,0,0,4,7,1330,800,1967,0,98031,47.3932,-122.201,1600,8587
18337,18337,510001400,20140630T000000,765000.0,5.0,3.0,2870,5700,1.0,0,0,3,7,1950,920,1964,0,98103,47.6621,-122.33,1730,5529
18338,18338,7606200090,20150327T000000,208000.0,2.0,1.0,1160,5750,1.0,0,0,4,6,1160,0,1924,0,98065,47.5322,-121.829,1160,8250
18339,18339,8562890590,20141003T000000,372000.0,3.0,2.5,2430,5000,2.0,0,0,3,8,2430,0,2001,0,98042,47.3786,-122.127,2910,5620
18340,18340,441000115,20141209T000000,470000.0,2.0,1.0,900,5512,1.0,0,0,3,7,900,0,1947,0,98115,47.6877,-122.289,1270,5512
18341,18341,3876200330,20140626T000000,451000.0,5.0,2.75,2830,8925,1.5,0,0,3,7,2830,0,1967,0,98034,47.731,-122.179,1700,8539
18342,18342,1508210100,20140827T000000,442200.0,4.0,1.75,1620,8132,1.0,0,0,3,8,1620,0,1974,0,98052,47.6788,-122.11,1920,8400
18343,18343,2944500330,20140825T000000,330000.0,4.0,2.5,2510,8580,2.0,0,0,4,8,2510,0,1991,2012,98023,47.295,-122.37,2290,7809
18344,18344,4302200625,20140924T000000,335000.0,3.0,1.75,1790,5120,1.0,0,0,4,6,940,850,1949,0,98106,47.5277,-122.355,1160,5120
18345,18345,2722049246,20141114T000000,280000.0,3.0,2.0,1640,13249,1.0,0,0,3,7,1640,0,1995,0,98032,47.3589,-122.281,1640,9240
18346,18346,142000175,20140822T000000,625000.0,3.0,1.75,2240,6050,1.0,0,0,4,8,1250,990,1950,0,98116,47.5658,-122.4,1720,6050
18347,18347,9558041130,20140903T000000,345000.0,3.0,2.5,1870,3584,2.0,0,0,3,8,1870,0,2003,0,98058,47.4521,-122.121,1900,3920
18348,18348,5112800210,20141024T000000,255950.0,4.0,1.0,1500,11050,1.0,0,0,5,7,1500,0,1964,0,98058,47.4509,-122.088,1970,20800
18349,18349,2461900850,20150105T000000,570000.0,4.0,1.0,1490,6000,1.5,0,0,3,7,1490,0,1918,0,98136,47.5518,-122.385,1700,6000
18350,18350,647100096,20150331T000000,685000.0,3.0,1.5,2230,8558,2.0,0,0,3,8,2230,0,1960,0,98040,47.5833,-122.219,2200,8558
18351,18351,2787311110,20140902T000000,273148.0,3.0,1.75,1710,7210,1.0,0,0,4,7,1240,470,1974,0,98031,47.4094,-122.175,1840,7245
18352,18352,1545801500,20140625T000000,246500.0,3.0,2.5,1620,7686,2.0,0,0,3,7,1620,0,1989,0,98038,47.3613,-122.053,1370,7686
18353,18353,3811300110,20150406T000000,349950.0,5.0,2.5,2250,7176,1.0,0,0,3,7,1310,940,1983,0,98055,47.4486,-122.194,1550,9081
18354,18354,7519001321,20150210T000000,545000.0,4.0,2.0,1700,2350,1.0,0,0,3,6,850,850,1926,2014,98117,47.6865,-122.366,1600,4160
18355,18355,8641500252,20150227T000000,403000.0,3.0,2.5,1502,1400,3.0,0,0,3,7,1502,0,2005,0,98115,47.6951,-122.305,1377,1466
18356,18356,8562891240,20150211T000000,299950.0,4.0,2.5,1900,4054,2.0,0,0,3,7,1900,0,2003,0,98042,47.3767,-122.124,2520,4085
18357,18357,8644210110,20150501T000000,792000.0,3.0,2.5,3320,12840,1.0,0,0,3,10,2600,720,1990,0,98075,47.5783,-121.994,3230,14933
18358,18358,8024202380,20141002T000000,418000.0,5.0,2.5,1980,10205,1.0,0,0,4,7,1080,900,1929,0,98115,47.699,-122.307,1310,5413
18359,18359,5006000035,20150427T000000,332500.0,4.0,1.0,1670,8102,1.5,0,0,3,6,1670,0,1944,0,98166,47.4692,-122.355,1310,7906
18360,18360,421069081,20150127T000000,337000.0,3.0,2.5,2235,43560,1.0,0,0,5,7,990,1245,1975,0,98010,47.3326,-122.046,1460,29621
18361,18361,5053300015,20150121T000000,212000.0,2.0,1.0,1070,7386,1.0,0,0,3,6,1070,0,1949,0,98108,47.5434,-122.298,1330,6351
18362,18362,8857320120,20150310T000000,542000.0,2.0,2.25,1800,2819,2.0,0,2,4,9,1800,0,1979,0,98008,47.6104,-122.113,1800,2755
18363,18363,7852110690,20140522T000000,622500.0,4.0,2.5,2980,8107,2.0,0,0,3,9,2980,0,2000,0,98065,47.5389,-121.876,2750,7760
18364,18364,6084600330,20140829T000000,260000.0,3.0,1.75,1670,8511,1.0,0,0,3,7,1340,330,1985,0,98001,47.3257,-122.276,1580,7218
18365,18365,5561000330,20150505T000000,525000.0,3.0,1.75,2620,38350,1.0,0,0,4,8,1320,1300,1977,0,98027,47.4619,-121.991,2170,36962
18366,18366,2225059273,20141114T000000,975000.0,5.0,3.5,5470,35071,2.0,0,0,3,11,4590,880,1976,0,98005,47.6368,-122.159,3600,35074
18367,18367,1370803445,20140909T000000,1140000.0,4.0,1.75,3080,6500,1.0,0,0,4,9,1700,1380,1941,0,98199,47.6353,-122.402,2960,5711
18368,18368,1236300268,20150303T000000,500000.0,3.0,1.0,940,10360,1.0,0,0,4,7,940,0,1964,0,98033,47.688,-122.19,2019,10360
18369,18369,7752700110,20140618T000000,554000.0,5.0,2.25,1870,11411,1.0,0,0,4,8,1170,700,1961,0,98155,47.7445,-122.289,2420,10793
18370,18370,2781250230,20140605T000000,343000.0,4.0,2.5,2070,4500,2.0,0,0,3,7,2070,0,2004,0,98038,47.3497,-122.026,2760,5173
18371,18371,4027701055,20150424T000000,515000.0,2.0,1.75,950,15219,1.0,0,0,3,8,950,0,2009,0,98028,47.7723,-122.262,1560,12416
18372,18372,2755200040,20140712T000000,492000.0,2.0,1.0,1290,6272,1.0,0,0,4,6,890,400,1922,0,98115,47.6777,-122.305,1260,5376
18373,18373,2193320450,20150213T000000,655000.0,4.0,3.0,2570,8022,1.0,0,0,4,8,1370,1200,1984,0,98052,47.6956,-122.099,2090,8022
18374,18374,2895550330,20150506T000000,290000.0,3.0,2.5,1600,6848,2.0,0,0,3,7,1600,0,2000,0,98001,47.3303,-122.271,1700,7210
18375,18375,8712100790,20140701T000000,952500.0,4.0,1.5,2550,5055,2.0,0,0,4,10,2550,0,1910,0,98112,47.636,-122.301,1970,4431
18376,18376,7883603700,20140822T000000,235000.0,2.0,1.0,1010,7500,1.0,0,0,3,7,1010,0,1941,0,98108,47.5283,-122.32,1220,6000
18377,18377,3438502731,20150401T000000,323000.0,3.0,1.5,1720,7110,1.0,0,0,3,8,1720,0,1955,0,98106,47.5417,-122.355,1730,6840
18378,18378,2025049161,20140506T000000,1050000.0,3.0,2.5,2200,1970,2.0,0,0,3,9,1610,590,2008,0,98102,47.6426,-122.327,1890,3505
18379,18379,1222029077,20141029T000000,265000.0,3.37287037037037,0.75,384,213444,1.0,0,0,3,4,384,0,2003,0,98070,47.4177,-122.491,1920,224341
18380,18380,5706500385,20150129T000000,200000.0,2.0,1.0,1400,9600,1.5,0,0,4,6,1400,0,1941,0,98022,47.2113,-121.993,1230,9600
18381,18381,4024101254,20141204T000000,419995.0,3.0,2.25,1830,7500,1.0,0,0,4,7,1330,500,1968,0,98155,47.7574,-122.31,1830,8720
18382,18382,7923250090,20150310T000000,1500000.0,3.0,3.0,3110,9015,1.0,0,4,4,10,1590,1520,1980,0,98033,47.6624,-122.202,3150,11447
18383,18383,6675500082,20140812T000000,455000.0,3.0,2.5,1600,7829,2.0,0,0,3,7,1600,0,1987,0,98034,47.7288,-122.227,1580,9104
18384,18384,4046710180,20150325T000000,660000.0,3.0,3.5,3600,37982,2.0,0,0,4,8,3600,0,1996,0,98014,47.6982,-121.917,2050,18019
18385,18385,1771000760,20140513T000000,319000.0,3.0,1.0,1390,12823,1.0,0,0,4,7,1390,0,1968,0,98077,47.7438,-122.075,1390,10095
18386,18386,3421069044,20141223T000000,390000.0,3.0,1.75,2092,250905,1.0,0,0,3,7,2092,0,1981,0,98022,47.2664,-122.027,2092,217800
18387,18387,6600000330,20140627T000000,718500.0,3.0,1.5,1200,6240,1.0,0,0,3,8,1030,170,1952,0,98112,47.6222,-122.287,2810,6240
18388,18388,2041000025,20141203T000000,474000.0,2.0,1.0,1090,3160,1.0,0,0,3,7,840,250,1926,0,98109,47.6385,-122.344,1070,3160
18389,18389,2215500230,20140825T000000,615750.0,4.0,2.0,2140,6360,2.0,0,0,3,7,1840,300,1945,0,98115,47.687,-122.286,1690,6360
18390,18390,6639900176,20141114T000000,551000.0,3.0,2.5,2010,17362,2.0,0,0,3,8,2010,0,1994,0,98033,47.6904,-122.176,1920,7200
18391,18391,104510180,20150211T000000,230000.0,3.0,2.25,1500,7210,1.0,0,0,3,7,1150,350,1984,0,98023,47.3124,-122.352,1500,7210
18392,18392,7202360760,20140711T000000,790000.0,4.0,2.5,3500,9198,2.0,0,0,3,9,3500,0,2004,0,98053,47.6785,-122.025,3990,8598
18393,18393,3879901285,20150326T000000,1230000.0,3.0,2.5,2660,1967,3.0,0,3,3,9,1870,790,2007,0,98119,47.6264,-122.363,1640,1369
18394,18394,1559900110,20141223T000000,325000.0,3.0,2.25,1440,6443,2.0,0,0,3,7,1440,0,1995,0,98019,47.7471,-121.979,1700,6749
18395,18395,7202260040,20140801T000000,705000.0,4.0,2.75,2780,6207,2.0,0,0,3,8,2780,0,2001,0,98053,47.6867,-122.038,2660,5592
18396,18396,7334600730,20141211T000000,259000.0,4.0,1.75,1580,8856,2.0,0,0,3,7,1580,0,1979,0,98045,47.4694,-121.745,1390,9490
18397,18397,1723049419,20141204T000000,306000.0,3.0,1.5,1250,8700,1.0,0,0,4,7,1250,0,1959,0,98168,47.4744,-122.328,1300,8700
18398,18398,3438501081,20141215T000000,315000.0,3.0,1.0,970,6828,1.0,0,0,3,6,970,0,1928,0,98106,47.5476,-122.36,1160,11666
18399,18399,2916200054,20150413T000000,392500.0,3.0,1.0,1100,7650,1.0,0,0,3,7,1100,0,1952,0,98133,47.7219,-122.354,1430,7650
18400,18400,3024059149,20141112T000000,1065000.0,4.0,2.25,3240,12930,2.0,0,0,4,9,2730,510,1968,0,98040,47.5373,-122.22,2610,12884
18401,18401,1862400528,20140716T000000,350500.0,2.0,2.5,1290,1445,3.0,0,0,3,8,1290,0,1999,0,98117,47.6955,-122.376,1470,1503
18402,18402,6329000385,20140618T000000,825000.0,4.0,3.5,3810,9792,2.0,0,0,3,9,3810,0,1938,2013,98146,47.5018,-122.38,1950,9792
18403,18403,7812800215,20140808T000000,235000.0,4.0,1.0,1500,6360,1.5,0,0,3,6,1500,0,1944,0,98178,47.4979,-122.24,1190,6360
18404,18404,2324079057,20150302T000000,650000.0,3.0,2.0,2660,257875,1.0,0,2,4,8,1530,1130,1976,0,98024,47.553,-121.887,1710,64033
18405,18405,1982201485,20140512T000000,675000.0,4.0,3.0,2400,3340,1.0,0,0,4,7,1200,1200,1964,0,98107,47.6646,-122.365,1520,3758
18406,18406,740500040,20141001T000000,265000.0,4.0,1.0,1860,8505,1.0,0,0,4,7,1860,0,1955,0,98055,47.4406,-122.194,1560,8505
18407,18407,3025049052,20140812T000000,822500.0,2.0,1.0,1450,7098,1.0,0,4,3,7,1450,0,1924,0,98109,47.63,-122.349,2390,6098
18408,18408,5244801255,20150428T000000,705000.0,3.0,2.75,2260,4000,2.0,0,0,4,8,1540,720,1956,0,98109,47.6435,-122.353,2120,4000
18409,18409,2397101606,20141208T000000,2630000.0,6.0,4.75,5540,7200,2.5,0,2,4,11,3950,1590,1909,0,98119,47.6361,-122.366,2930,7200
18410,18410,7234601445,20140623T000000,685000.0,2.0,1.5,1300,1676,1.0,0,2,3,7,1300,0,1943,0,98122,47.6133,-122.308,1260,1740
18411,18411,3693901105,20141020T000000,630000.0,4.0,2.0,1610,5000,2.0,0,0,5,7,1610,0,1946,0,98117,47.6775,-122.398,1300,4950
18412,18412,3124059006,20140508T000000,1250000.0,4.0,3.25,3820,24166,2.0,0,1,4,11,3310,510,1990,0,98040,47.5263,-122.227,2900,18786
18413,18413,2523039310,20150112T000000,359000.0,4.0,2.5,1820,11325,1.0,0,0,3,8,1390,430,1976,0,98166,47.4574,-122.361,1990,10802
18414,18414,5469650040,20150316T000000,784500.0,4.0,5.0,5820,13906,2.0,0,0,3,11,3750,2070,1993,0,98042,47.3814,-122.164,2980,13000
18415,18415,5021900945,20140703T000000,850000.0,3.0,2.0,2470,8800,2.0,0,0,3,9,2470,0,1961,2004,98040,47.5753,-122.222,2340,10980
18416,18416,1152700220,20140903T000000,410000.0,3.0,2.5,3040,6054,2.0,0,0,3,9,3040,0,2005,0,98042,47.3508,-122.163,2650,6054
18417,18417,1423900220,20140709T000000,252000.0,4.0,1.75,1120,8250,1.0,0,0,4,7,1120,0,1966,0,98058,47.4555,-122.177,1330,7975
18418,18418,3425059066,20140812T000000,618000.0,5.0,1.75,1880,18295,1.0,0,0,4,7,1880,0,1955,0,98005,47.6059,-122.154,2180,20674
18419,18419,5347200165,20141002T000000,265000.0,3.0,1.0,1070,4800,1.0,0,0,3,6,970,100,1947,0,98126,47.5187,-122.377,1120,1198
18420,18420,5145100300,20140918T000000,465000.0,3.0,2.0,1560,8509,1.0,0,0,3,8,790,770,1969,0,98034,47.7261,-122.22,1410,7428
18421,18421,6141100395,20150204T000000,240000.0,2.0,1.0,870,6552,1.0,0,0,3,6,870,0,1947,0,98133,47.7188,-122.353,1500,6678
18422,18422,5153200506,20140731T000000,217000.0,3.0,1.0,1000,12000,1.0,0,0,3,7,1000,0,1959,0,98023,47.3321,-122.346,1490,14940
18423,18423,9122000385,20140806T000000,415000.0,4.0,2.25,2520,4200,1.5,0,0,4,7,1510,1010,1909,0,98144,47.5814,-122.312,1460,4200
18424,18424,3279000120,20141222T000000,274000.0,2.0,2.0,1700,7992,1.0,0,0,4,7,950,750,1980,0,98023,47.3031,-122.385,1700,8030
18425,18425,3438503223,20150223T000000,420000.0,5.0,3.0,2150,6117,1.0,0,0,3,7,1370,780,2003,0,98106,47.538,-122.356,1990,6064
18426,18426,6788201240,20150318T000000,1062500.0,4.0,2.75,1590,6000,1.5,0,0,4,8,1590,0,1925,0,98112,47.6401,-122.299,1590,4000
18427,18427,4139900120,20140605T000000,1415000.0,4.0,5.25,4670,43950,2.0,0,0,3,12,4670,0,1989,0,98006,47.5456,-122.126,4900,35000
18428,18428,1868900775,20140505T000000,618500.0,3.0,2.0,1800,5000,1.0,0,0,4,7,1080,720,1942,0,98115,47.6738,-122.297,1800,5000
18429,18429,764000180,20150109T000000,295000.0,3.0,1.5,1670,10800,1.0,0,0,4,8,1670,0,1956,0,98022,47.2004,-122.003,1670,9169
18430,18430,3578400910,20150316T000000,400000.0,3.0,2.0,1010,12252,1.0,0,0,3,8,1010,0,1980,0,98074,47.6224,-122.045,1840,11497
18431,18431,5631500191,20150326T000000,595000.0,3.0,2.5,2550,6677,2.0,0,0,3,8,2550,0,2002,0,98028,47.7336,-122.232,1930,7217
18432,18432,6448000100,20140617T000000,1728000.0,4.0,3.0,3700,20570,1.0,0,0,4,10,1850,1850,1976,0,98004,47.6212,-122.224,3080,17595
18433,18433,1545801340,20141231T000000,261000.0,3.0,1.75,1350,7686,1.0,0,0,3,7,1350,0,1987,0,98038,47.3617,-122.052,1370,7686
18434,18434,5244800915,20141016T000000,780000.0,5.0,2.5,1660,4000,1.5,0,0,5,8,1660,0,1929,0,98109,47.6452,-122.352,1210,4000
18435,18435,4217400590,20141118T000000,589000.0,3.0,1.5,1390,5040,1.0,0,0,3,7,1090,300,1947,0,98105,47.6611,-122.282,1910,4800
18436,18436,1683600110,20150305T000000,230000.0,3.0,1.75,1720,9125,1.0,0,0,4,7,1140,580,1981,0,98092,47.3173,-122.181,1120,7506
18437,18437,3630090110,20141018T000000,690000.0,4.0,3.5,2980,2147,2.5,0,0,3,10,2490,490,2006,0,98029,47.5463,-121.995,2880,2428
18438,18438,1785400210,20150129T000000,524000.0,4.0,2.25,2190,15491,2.0,0,0,3,8,2190,0,1981,0,98074,47.6299,-122.039,2090,15039
18439,18439,3319500317,20140522T000000,380000.0,2.0,2.5,1230,987,2.0,0,0,3,7,1060,170,2011,0,98144,47.6007,-122.305,1290,1328
18440,18440,2492200256,20141112T000000,357500.0,3.0,1.0,1000,4080,1.0,0,0,4,7,740,260,1945,0,98126,47.5351,-122.381,1480,4080
18441,18441,3797300110,20141027T000000,330000.0,3.0,2.0,2500,10697,1.0,0,0,3,8,2500,0,1994,0,98022,47.1927,-122.01,2560,9772
18442,18442,1870400615,20150309T000000,635000.0,5.0,1.75,2240,4750,1.0,0,0,4,7,1120,1120,1920,0,98115,47.6727,-122.293,1980,4750
18443,18443,8823901445,20150313T000000,934000.0,9.0,3.0,2820,4480,2.0,0,0,3,7,1880,940,1918,0,98105,47.6654,-122.307,2460,4400
18444,18444,3630000150,20150128T000000,358500.0,2.0,1.75,1400,865,2.0,0,0,3,8,1110,290,2005,0,98029,47.5478,-121.999,1380,1107
18445,18445,5727500301,20141006T000000,401000.0,3.0,1.5,1470,6867,1.0,0,0,3,8,1470,0,1955,0,98155,47.7495,-122.327,1470,6523
18446,18446,4167960330,20150109T000000,270000.0,3.0,2.0,1820,7750,1.0,0,0,3,8,1820,0,1992,0,98023,47.3169,-122.352,2080,8084
18447,18447,2484700155,20141014T000000,705000.0,4.0,2.0,2060,6000,1.0,0,1,4,8,1370,690,1954,0,98136,47.5237,-122.383,2060,6600
18448,18448,4046700300,20141030T000000,325000.0,3.0,2.0,1670,17071,1.0,0,0,3,7,1100,570,1988,0,98014,47.69,-121.913,1660,15593
18449,18449,4365200865,20140902T000000,384950.0,3.0,1.0,1540,7740,1.0,0,0,4,7,1540,0,1909,0,98126,47.522,-122.375,1220,7740
18450,18450,6713700205,20140715T000000,310000.0,3.0,1.0,1210,9730,1.0,0,0,4,7,1210,0,1953,0,98133,47.762,-122.355,1470,9730
18451,18451,293800900,20141006T000000,829950.0,4.0,2.5,3430,42775,2.0,0,0,3,10,3430,0,1992,0,98077,47.765,-122.045,3190,36820
18452,18452,3375800220,20150330T000000,353000.0,3.0,2.5,2550,6021,2.0,0,0,3,7,2550,0,2002,0,98030,47.3828,-122.211,2080,6021
18453,18453,8898700820,20140707T000000,170500.0,2.0,1.0,1060,7700,1.0,0,0,3,7,820,240,1981,0,98055,47.4599,-122.205,1370,8833
18454,18454,2725069156,20140716T000000,885250.0,4.0,2.5,3670,49658,2.0,0,0,3,10,3670,0,1999,0,98074,47.6219,-122.015,3040,49658
18455,18455,8043700300,20140608T000000,2700000.0,4.0,3.25,4420,7850,2.0,1,4,3,11,3150,1270,2001,0,98008,47.572,-122.102,2760,8525
18456,18456,2372800100,20140925T000000,245000.0,3.0,1.5,1550,9126,1.0,0,0,5,7,1550,0,1957,0,98022,47.2012,-122.0,1450,9282
18457,18457,7518501822,20141017T000000,469000.0,3.0,2.5,1190,1290,3.0,0,0,3,8,1190,0,2008,0,98107,47.6762,-122.378,1410,1923
18458,18458,1928300620,20140608T000000,455000.0,3.0,1.0,1300,3550,1.5,0,0,3,7,1300,0,1927,0,98105,47.6696,-122.32,1410,4080
18459,18459,1402950100,20141121T000000,305000.0,4.0,2.5,2430,5959,2.0,0,0,3,8,2430,0,2002,0,98092,47.3348,-122.19,2100,5414
18460,18460,2616800600,20140530T000000,840000.0,7.0,4.5,4290,37607,1.5,0,0,5,10,4290,0,1982,0,98027,47.4812,-122.033,2810,40510
18461,18461,2597530760,20140623T000000,905000.0,5.0,3.5,3500,10155,2.0,0,0,3,10,2570,930,1996,0,98006,47.5415,-122.133,2940,10753
18462,18462,7345200650,20141231T000000,219200.0,3.0,2.0,1680,7000,1.5,0,0,4,7,1680,0,1968,0,98002,47.2775,-122.203,1540,7480
18463,18463,259800750,20150223T000000,455000.0,3.0,1.5,1250,8004,1.0,0,0,3,7,1250,0,1965,0,98008,47.6285,-122.117,1450,7931
18464,18464,723049197,20140627T000000,195000.0,2.0,1.0,1020,8100,1.0,0,0,3,6,1020,0,1940,0,98168,47.4971,-122.334,1200,12500
18465,18465,2883200775,20141113T000000,799000.0,3.0,1.0,1510,4178,2.0,0,0,3,8,1510,0,1902,1979,98103,47.6849,-122.335,2140,4916
18466,18466,3995700245,20140627T000000,285000.0,2.0,1.0,910,8155,1.0,0,0,4,6,910,0,1948,0,98155,47.7399,-122.3,1240,8155
18467,18467,1775900220,20140922T000000,300000.0,3.0,1.5,1320,15053,1.0,0,0,3,7,1320,0,1979,0,98072,47.7405,-122.095,1250,13368
18468,18468,7999600180,20140529T000000,83000.0,2.0,1.0,900,8580,1.0,0,0,3,5,900,0,1918,0,98168,47.4727,-122.27,2060,6533
18469,18469,6145601745,20150414T000000,220000.0,2.0,1.0,890,4804,1.0,0,0,4,7,890,0,1928,0,98133,47.7027,-122.346,1010,3844
18470,18470,818500100,20140603T000000,174500.0,2.0,2.5,1240,2689,2.0,0,0,3,7,1240,0,1986,0,98003,47.3236,-122.323,1430,3609
18471,18471,3904920730,20150427T000000,695000.0,4.0,2.5,2960,10760,2.0,0,0,3,9,2960,0,1987,0,98029,47.5677,-122.013,2480,9528
18472,18472,3211000040,20141204T000000,255000.0,3.0,1.5,1020,11410,1.0,0,0,3,7,1020,0,1959,0,98059,47.4811,-122.162,1290,8400
18473,18473,9557300040,20150225T000000,539000.0,5.0,2.25,2590,7245,1.0,0,0,3,8,1510,1080,1973,0,98008,47.6398,-122.111,1930,7245
18474,18474,7011201482,20150317T000000,552700.0,2.0,1.0,1100,2800,1.0,0,0,3,7,1100,0,1925,0,98119,47.6361,-122.371,1110,1673
18475,18475,5315100667,20140603T000000,571500.0,3.0,1.0,1300,6710,1.0,0,0,4,6,1300,0,1952,0,98040,47.5851,-122.242,1630,9946
18476,18476,8598900157,20150313T000000,263700.0,3.0,1.0,1200,6561,1.0,0,0,3,6,1200,0,1950,1968,98177,47.7763,-122.36,1340,9450
18477,18477,1346300150,20141020T000000,3300000.0,8.0,4.0,7710,11750,3.5,0,0,5,12,6090,1620,1904,0,98112,47.6263,-122.314,4210,8325
18478,18478,9268710220,20140528T000000,186950.0,2.0,2.0,1390,1302,2.0,0,0,3,7,1390,0,1986,0,98003,47.3089,-122.33,1390,1302
18479,18479,2224079086,20141110T000000,520000.0,3.0,1.75,1430,53628,2.0,0,0,3,8,1430,0,1985,0,98024,47.5577,-121.891,2100,53628
18480,18480,1761600150,20140730T000000,358000.0,3.0,1.5,1250,7194,1.0,0,0,4,7,1250,0,1969,0,98034,47.7298,-122.231,1340,7242
18481,18481,2123049086,20140807T000000,210000.0,2.0,0.75,840,49658,1.0,0,0,2,6,840,0,1948,0,98168,47.4727,-122.292,1240,11000
18482,18482,4389201095,20150511T000000,3650000.0,5.0,3.75,5020,8694,2.0,0,1,3,12,3970,1050,2007,0,98004,47.6146,-122.213,4190,11275
18483,18483,2802200100,20140811T000000,543000.0,4.0,2.25,2060,8767,2.0,0,0,3,8,2060,0,1983,0,98052,47.7228,-122.103,1610,8062
18484,18484,6706000040,20150423T000000,330000.0,4.0,2.25,2000,10679,1.0,0,0,3,7,1350,650,1960,0,98148,47.4238,-122.329,1650,8875
18485,18485,9828701690,20140806T000000,529000.0,3.0,2.0,1530,3400,1.0,0,0,3,7,990,540,1907,2014,98112,47.6204,-122.296,1880,4212
18486,18486,7891600165,20140627T000000,295000.0,1.0,1.0,700,2500,1.0,0,0,4,7,700,0,1907,0,98106,47.5662,-122.364,1340,5000
18487,18487,1238500978,20140922T000000,365000.0,3.0,1.0,950,8450,1.0,0,0,3,7,950,0,1962,0,98033,47.6884,-122.186,1610,10080
18488,18488,8673400141,20141015T000000,473000.0,3.0,3.0,1380,1081,3.0,0,0,3,8,1380,0,2005,0,98107,47.6692,-122.39,1390,1140
18489,18489,9421500150,20140623T000000,403500.0,3.0,1.0,1830,8004,1.0,0,0,3,8,1200,630,1960,0,98125,47.7259,-122.297,1860,7971
18490,18490,148000035,20140602T000000,544000.0,3.0,1.5,1790,8203,1.5,0,1,3,7,1790,0,1910,0,98116,47.5768,-122.403,1960,6047
18491,18491,2436700395,20141023T000000,621000.0,3.0,1.0,1340,4000,1.5,0,0,4,7,1340,0,1927,0,98105,47.6652,-122.288,1510,4000
18492,18492,8010100040,20140801T000000,672600.0,3.0,2.25,1520,5750,2.0,0,0,3,8,1400,120,1908,2006,98116,47.5787,-122.388,1420,5650
18493,18493,1193000220,20150407T000000,689800.0,2.0,1.75,1370,3125,1.0,0,0,3,7,1090,280,1950,0,98199,47.6492,-122.391,1730,5966
18494,18494,8827901415,20150507T000000,613000.0,3.0,1.5,1470,4480,1.0,0,0,4,7,1130,340,1918,0,98105,47.6693,-122.291,2120,4480
18495,18495,7732410220,20140701T000000,808000.0,4.0,2.25,2500,8866,2.0,0,0,4,9,2500,0,1987,0,98007,47.6604,-122.146,2630,8847
18496,18496,415100015,20140725T000000,301000.0,3.0,1.0,1060,9241,1.0,0,0,4,7,1060,0,1956,0,98133,47.7465,-122.339,1900,6484
18497,18497,2130400150,20140925T000000,340000.0,3.0,1.75,1210,9635,1.0,0,0,4,7,1210,0,1987,0,98019,47.7382,-121.98,1550,10707
18498,18498,1555200590,20141223T000000,206000.0,3.0,1.0,920,8400,1.0,0,0,3,7,920,0,1963,0,98032,47.3771,-122.287,1260,8400
18499,18499,2174503500,20141103T000000,550000.0,3.0,1.5,1340,6000,1.0,0,0,4,7,1340,0,1960,0,98040,47.5866,-122.25,1590,9000
18500,18500,6371500120,20141224T000000,325000.0,2.0,1.0,960,4800,1.5,0,0,2,6,960,0,1912,0,98116,47.5752,-122.411,1440,4800
18501,18501,3904900610,20141012T000000,475000.0,3.0,2.5,1630,7586,2.0,0,0,3,8,1630,0,1986,0,98029,47.5689,-122.023,2090,7330
18502,18502,9527000490,20140730T000000,432100.0,3.0,1.75,1840,7350,1.0,0,0,3,8,1310,530,1976,0,98034,47.7089,-122.23,1860,7000
18503,18503,2457200120,20150303T000000,359000.0,3.0,2.0,3085,7280,1.0,0,0,4,7,1560,1525,1959,0,98056,47.4956,-122.181,1480,7900
18504,18504,3501600100,20150105T000000,490000.0,3.0,1.0,920,4800,1.0,0,0,4,6,780,140,1926,0,98117,47.6937,-122.362,1370,4800
18505,18505,1245001295,20140522T000000,648360.0,4.0,1.75,2260,7005,1.0,0,1,4,7,1130,1130,1947,0,98033,47.6895,-122.207,2330,9180
18506,18506,9536601295,20141007T000000,340000.0,3.0,1.75,1730,11986,1.0,0,3,5,6,1730,0,1918,0,98198,47.3595,-122.323,2490,9264
18507,18507,2205700180,20150403T000000,545000.0,3.0,2.0,1610,8069,1.0,0,0,5,7,1090,520,1955,0,98006,47.5754,-122.15,1510,8803
18508,18508,623049232,20140715T000000,115000.0,2.0,0.75,550,7980,1.0,0,0,3,5,550,0,1952,0,98146,47.511,-122.348,1330,7980
18509,18509,9413600100,20150219T000000,705640.0,3.0,2.25,2400,12350,1.0,0,0,4,8,1420,980,1968,0,98033,47.6533,-122.192,2615,12043
18510,18510,6064800410,20140730T000000,300000.0,3.0,2.25,1960,1585,2.0,0,0,3,7,1750,210,2003,0,98118,47.5414,-122.288,1760,1958
18511,18511,8964800975,20140731T000000,1650000.0,4.0,2.75,3190,14904,1.0,0,3,4,9,1940,1250,1949,1992,98004,47.6178,-122.214,2600,11195
18512,18512,4473400155,20150417T000000,1137500.0,4.0,3.5,3160,4200,2.0,0,4,3,8,2180,980,1999,0,98144,47.5963,-122.292,2180,5200
18513,18513,7657000210,20140818T000000,280000.0,3.0,1.75,1550,7410,1.5,0,0,5,7,1550,0,1944,0,98178,47.4951,-122.237,1250,7467
18514,18514,8732040180,20141219T000000,245000.0,4.0,1.75,1930,7650,1.0,0,0,4,8,1280,650,1981,0,98023,47.3078,-122.386,1860,8800
18515,18515,9547202950,20141030T000000,564000.0,4.0,1.0,1170,4590,1.5,0,0,4,7,1170,0,1925,0,98115,47.6804,-122.311,1430,4080
18516,18516,1370802770,20140919T000000,849000.0,3.0,1.75,2520,4534,1.0,0,0,5,9,1460,1060,1954,0,98199,47.6381,-122.401,1870,5023
18517,18517,3885803465,20150409T000000,698000.0,3.0,1.75,1220,7447,1.0,0,0,4,7,1220,0,1964,0,98033,47.6886,-122.211,1340,7200
18518,18518,2896610210,20140925T000000,319000.0,3.0,1.0,960,8556,1.0,0,0,3,7,960,0,1971,0,98034,47.7245,-122.22,1320,7528
18519,18519,3760500455,20150224T000000,1450000.0,3.0,3.5,4110,15720,1.0,0,1,3,10,2230,1880,2000,0,98034,47.6996,-122.229,2500,15400
18520,18520,3324069541,20140710T000000,695000.0,4.0,3.5,3310,21050,2.0,0,0,5,9,2400,910,1992,0,98027,47.5197,-122.041,2260,23400
18521,18521,3600072,20150330T000000,680000.0,4.0,2.75,2220,5310,1.0,0,0,5,7,1170,1050,1951,0,98144,47.5801,-122.294,1540,4200
18522,18522,2722049218,20141027T000000,287500.0,4.0,2.25,2250,12000,2.0,0,0,3,8,2250,0,1985,0,98032,47.3715,-122.274,2140,11871
18523,18523,1225039052,20141112T000000,465000.0,3.0,3.25,1510,1850,2.0,0,2,3,8,1230,280,2001,0,98107,47.6683,-122.362,1540,1840
18524,18524,8807810090,20140925T000000,335000.0,3.0,1.0,1350,14212,1.0,0,0,4,6,1350,0,1981,0,98053,47.6606,-122.06,1520,14404
18525,18525,9508850120,20140627T000000,602000.0,4.0,1.75,2420,37800,1.0,0,0,4,8,1880,540,1981,0,98053,47.6688,-122.024,2780,35532
18526,18526,5126300650,20150225T000000,482000.0,3.0,2.5,2950,6545,2.0,0,0,3,8,2950,0,2003,0,98059,47.4828,-122.139,2400,6550
18527,18527,6303400965,20140909T000000,220000.0,5.0,1.0,1260,8382,1.5,0,0,3,7,1260,0,1918,0,98146,47.5058,-122.355,910,8382
18528,18528,7116500925,20140520T000000,206000.0,4.0,2.0,1700,6025,1.0,0,0,3,6,1700,0,1978,0,98002,47.3029,-122.221,1320,5956
18529,18529,9241900115,20150324T000000,1100000.0,4.0,3.0,3320,5760,2.0,0,0,3,9,2120,1200,1954,2007,98199,47.6474,-122.389,2400,6144
18530,18530,7202330410,20150320T000000,491150.0,3.0,2.5,1470,3971,2.0,0,0,3,7,1470,0,2003,0,98053,47.6816,-122.035,1650,3148
18531,18531,5151600300,20140812T000000,390000.0,4.0,2.75,2500,12848,1.0,0,1,3,8,2120,380,1975,0,98003,47.3364,-122.321,2370,12497
18532,18532,1332200100,20150507T000000,393000.0,4.0,2.5,2641,8091,2.0,0,0,3,7,2641,0,1998,0,98031,47.4043,-122.213,2641,8535
18533,18533,1939130730,20140717T000000,635000.0,4.0,2.0,2260,8457,2.0,0,0,3,9,2260,0,1992,0,98074,47.6251,-122.03,2410,7713
18534,18534,472000015,20140516T000000,490000.0,2.0,1.0,1160,5000,1.0,0,0,4,8,1160,0,1937,0,98117,47.6865,-122.399,1750,5000
18535,18535,3667500015,20140925T000000,770000.0,4.0,3.5,3680,2242,2.5,0,0,3,9,2670,1010,1930,2007,98112,47.6192,-122.307,1350,1288
18536,18536,6430000945,20141204T000000,665000.0,2.0,2.0,1615,4590,1.5,0,0,5,8,1615,0,1906,0,98103,47.6886,-122.348,1470,4590
18537,18537,322059161,20141001T000000,287000.0,3.0,1.0,1250,26862,1.0,0,0,3,7,1250,0,1965,0,98058,47.426,-122.154,1530,24463
18538,18538,7905200205,20141021T000000,410000.0,3.0,1.0,1230,7020,1.0,0,0,3,7,1090,140,1924,0,98116,47.5719,-122.39,1390,5850
18539,18539,1772600665,20150225T000000,562000.0,3.0,2.0,2510,5200,1.0,0,0,5,8,1470,1040,1925,0,98106,47.5631,-122.366,990,5400
18540,18540,203101530,20140530T000000,475000.0,2.0,2.0,1540,54450,2.0,0,0,3,7,1540,0,1983,0,98053,47.638000000000005,-121.953,2280,29918
18541,18541,820000018,20141014T000000,387500.0,3.0,3.25,1860,2218,3.0,0,0,3,8,1860,0,2001,0,98125,47.7185,-122.313,1860,2218
18542,18542,1560800110,20140617T000000,580000.0,5.0,2.0,2700,10875,1.0,0,0,4,7,1540,1160,1962,0,98007,47.6163,-122.138,2040,7464
18543,18543,2869200110,20140621T000000,930000.0,3.0,2.5,3290,6830,2.0,0,0,3,10,3290,0,2000,0,98052,47.6702,-122.142,3200,6227
18544,18544,6151800300,20150213T000000,625000.0,3.0,1.75,2700,18893,1.0,0,0,4,7,2110,590,1948,1983,98010,47.3397,-122.048,2260,17494
18545,18545,4475000180,20141203T000000,325000.0,3.0,2.0,1570,5600,1.0,0,0,3,8,1570,0,1999,0,98058,47.4286,-122.185,2010,5600
18546,18546,3223059206,20140627T000000,235000.0,3.0,1.75,1950,8712,1.0,0,0,3,7,1950,0,1960,0,98055,47.4391,-122.189,1820,11520
18547,18547,5102400025,20140625T000000,450000.0,2.0,1.0,1380,4390,1.0,0,0,4,8,880,500,1931,0,98115,47.6947,-122.323,1390,5234
18548,18548,194000145,20150312T000000,745000.0,4.0,2.75,2410,5650,1.5,0,0,5,8,2070,340,1909,0,98116,47.5651,-122.391,1960,5650
18549,18549,5560000540,20140723T000000,223000.0,4.0,2.0,1200,8470,1.0,0,0,4,7,1200,0,1961,0,98023,47.3262,-122.338,1110,8400
18550,18550,3326049077,20140728T000000,630000.0,4.0,1.75,1770,12278,1.0,0,0,3,7,1350,420,1937,0,98115,47.7004,-122.295,1670,9336
18551,18551,3126049517,20140508T000000,413450.0,3.0,2.5,1540,1614,3.0,0,0,3,8,1470,70,2008,0,98103,47.6961,-122.341,1540,1418
18552,18552,2568200740,20140811T000000,720000.0,5.0,2.75,2860,5379,2.0,0,0,3,9,2860,0,2005,0,98052,47.7082,-122.104,2980,6018
18553,18553,2622059138,20150416T000000,339000.0,3.0,1.5,1740,21980,1.0,0,0,4,7,1740,0,1973,0,98042,47.3644,-122.132,1400,16100
18554,18554,6738700205,20150505T000000,1115500.0,4.0,3.5,2830,4000,1.5,0,0,3,7,1840,990,1919,2014,98144,47.5842,-122.292,2340,4000
18555,18555,1778350150,20140811T000000,839000.0,5.0,4.0,4280,11307,2.0,0,0,3,10,2710,1570,1996,0,98027,47.5503,-122.081,3080,11307
18556,18556,6613000930,20140902T000000,2950000.0,4.0,3.25,3890,25470,2.0,1,3,5,10,3030,860,1923,0,98105,47.6608,-122.269,4140,19281
18557,18557,324069058,20140530T000000,568000.0,4.0,2.0,2340,50233,1.0,0,0,4,7,1170,1170,1966,0,98075,47.5905,-122.022,2470,62290
18558,18558,4345300180,20150406T000000,269000.0,3.0,2.0,1410,10577,1.0,0,0,3,7,1410,0,1994,0,98030,47.3642,-122.187,1660,6757
18559,18559,7525100590,20150406T000000,382000.0,2.0,2.0,1350,2560,1.0,0,0,4,8,1350,0,1974,0,98052,47.6338,-122.106,1800,2560
18560,18560,955000453,20150413T000000,574000.0,2.0,2.25,1100,1114,2.0,0,0,3,8,900,200,2009,0,98122,47.6199,-122.304,1230,1800
18561,18561,7852150720,20140922T000000,405000.0,3.0,2.5,2070,4697,2.0,0,0,3,7,2070,0,2002,0,98065,47.5307,-121.875,2230,4437
18562,18562,9545220100,20140728T000000,572000.0,3.0,2.5,2360,9938,1.0,0,0,3,8,1690,670,1987,0,98027,47.5374,-122.053,2280,9626
18563,18563,7504000230,20141205T000000,675000.0,4.0,2.25,2760,12100,2.0,0,0,4,9,2760,0,1976,0,98074,47.6285,-122.058,2850,12410
18564,18564,7657000540,20140902T000000,165000.0,4.0,1.0,1220,7980,1.5,0,0,3,6,1220,0,1944,0,98178,47.4924,-122.237,1210,7920
18565,18565,7657000540,20150304T000000,260000.0,4.0,1.0,1220,7980,1.5,0,0,3,6,1220,0,1944,0,98178,47.4924,-122.237,1210,7920
18566,18566,7893203770,20150304T000000,196000.0,3.0,1.0,1220,6719,1.0,0,0,3,6,1220,0,1953,0,98198,47.4187,-122.329,1580,7200
18567,18567,8035350120,20150224T000000,515000.0,3.0,2.5,3020,12184,2.0,0,0,3,8,3020,0,2003,0,98019,47.744,-121.976,2980,10029
18568,18568,8820902350,20141203T000000,810000.0,4.0,3.5,3470,7396,2.0,0,3,3,8,2520,950,1979,0,98125,47.7146,-122.279,2360,10541
18569,18569,5089700300,20150311T000000,365650.0,4.0,2.25,2380,7700,2.0,0,0,4,8,2380,0,1977,0,98055,47.4391,-122.194,2100,7700
18570,18570,7234601541,20140728T000000,651000.0,3.0,3.0,2260,1834,2.0,0,0,3,8,1660,600,2002,0,98122,47.6111,-122.308,2260,1834
18571,18571,7972603931,20141009T000000,240000.0,2.0,1.0,720,6345,1.0,0,0,3,6,720,0,1943,0,98106,47.5201,-122.35,720,6345
18572,18572,318390180,20141029T000000,299000.0,3.0,2.0,1730,6007,1.0,0,0,3,8,1730,0,2004,0,98030,47.3573,-122.2,2000,6245
18573,18573,2597520900,20140804T000000,768000.0,3.0,2.5,2660,10928,2.0,0,0,3,9,1830,830,1988,0,98006,47.5442,-122.141,2800,10025
18574,18574,5652600556,20141028T000000,397380.0,2.0,1.0,1030,5072,1.0,0,0,3,6,1030,0,1924,1958,98115,47.6962,-122.294,1220,6781
18575,18575,8935100100,20140701T000000,476000.0,4.0,3.0,2890,6885,1.0,0,0,3,7,1590,1300,1945,2015,98115,47.6763,-122.282,2180,6885
18576,18576,4154301371,20150106T000000,315000.0,3.0,1.0,890,5200,1.0,0,0,3,7,890,0,1957,0,98118,47.559,-122.277,1420,6000
18577,18577,1105000787,20140926T000000,240000.0,3.0,2.25,1410,7290,1.0,0,0,3,7,940,470,1980,0,98118,47.5396,-122.274,1550,7375
18578,18578,2492201005,20140708T000000,325000.0,2.0,1.0,810,4080,1.0,0,0,4,6,810,0,1941,0,98126,47.5337,-122.379,1400,4080
18579,18579,9265410090,20141008T000000,160000.0,3.0,1.75,1370,8006,2.0,0,0,3,7,1370,0,1990,0,98001,47.258,-122.252,1530,8006
18580,18580,2619950740,20150109T000000,435000.0,3.0,2.5,2260,5100,2.0,0,0,3,8,2260,0,2007,0,98019,47.7341,-121.968,2260,5100
18581,18581,9412200330,20150410T000000,427500.0,3.0,1.75,1430,16200,1.0,0,0,4,7,1430,0,1967,0,98027,47.5223,-122.043,1690,13125
18582,18582,1079450410,20150417T000000,450000.0,5.0,2.5,2510,10240,1.0,0,0,4,8,1410,1100,1984,0,98059,47.4732,-122.141,2170,10500
18583,18583,9238900850,20140919T000000,688000.0,3.0,1.5,1760,4880,1.5,0,3,3,8,1290,470,1928,0,98136,47.5334,-122.388,1840,4998
18584,18584,2112701165,20150408T000000,285000.0,4.0,1.0,1430,3600,1.0,0,0,3,6,980,450,1947,0,98106,47.5343,-122.355,1170,4000
18585,18585,2767604067,20140820T000000,530000.0,3.0,3.25,1510,1125,3.0,0,0,3,8,1510,0,2006,0,98107,47.6711,-122.39,1390,1174
18586,18586,522049122,20150402T000000,195000.0,4.0,1.75,1320,7694,1.0,0,0,3,7,1320,0,1928,1972,98148,47.4297,-122.325,1620,8468
18587,18587,8857600360,20140828T000000,250200.0,3.0,1.5,1180,7384,1.0,0,0,5,7,1180,0,1959,0,98032,47.3838,-122.287,1150,7455
18588,18588,4389200761,20150128T000000,1100000.0,3.0,2.25,1560,8570,1.0,0,0,5,7,1080,480,1977,0,98004,47.6155,-122.21,2660,9621
18589,18589,6421000330,20141112T000000,732500.0,3.0,2.5,2470,10321,2.0,0,0,3,9,2470,0,1988,0,98052,47.6694,-122.141,2450,8440
18590,18590,2154900040,20141030T000000,194250.0,3.0,2.25,2190,8834,1.0,0,0,3,7,1390,800,1987,0,98001,47.2633,-122.244,1490,8766
18591,18591,259801030,20150309T000000,526000.0,4.0,2.0,1610,8000,1.0,0,0,3,7,1190,420,1966,0,98008,47.6301,-122.118,1560,7896
18592,18592,326049038,20150504T000000,520000.0,4.0,2.75,2700,9882,2.0,0,0,3,7,2700,0,1958,1989,98155,47.7671,-122.291,2250,10797
18593,18593,6384500590,20141113T000000,526000.0,3.0,1.75,1530,6125,1.0,0,0,3,7,1120,410,1958,0,98116,47.5687,-122.397,1360,6125
18594,18594,3023069166,20140708T000000,1135250.0,5.0,4.0,7320,217800,2.0,0,0,3,11,7320,0,1992,0,98058,47.4473,-122.086,3270,34500
18595,18595,3826000735,20140626T000000,202000.0,2.0,1.0,920,7569,1.0,0,0,4,6,920,0,1950,0,98168,47.4951,-122.302,1280,7627
18596,18596,7852110740,20141112T000000,645500.0,4.0,2.5,2990,8622,2.0,0,0,3,9,2990,0,2000,0,98065,47.5394,-121.875,2980,8622
18597,18597,3222049087,20150422T000000,570000.0,1.0,1.0,720,7540,1.0,1,4,4,6,720,0,1905,0,98198,47.3509,-122.323,1120,9736
18598,18598,726049131,20150320T000000,325000.0,3.0,2.0,1750,9000,1.5,0,0,4,5,1750,0,1936,0,98133,47.7489,-122.35,1830,8100
18599,18599,9424400110,20141216T000000,725000.0,2.0,1.0,2410,5930,2.0,0,0,3,9,1930,480,2007,0,98116,47.5657,-122.395,1540,5892
18600,18600,193300120,20141126T000000,192000.0,3.0,1.75,1240,10361,1.0,0,0,3,6,1240,0,1987,0,98042,47.37,-122.151,1240,8834
18601,18601,1245001751,20140709T000000,560000.0,2.0,1.0,1010,9219,1.0,0,0,4,7,1010,0,1960,0,98033,47.6886,-122.202,1610,9219
18602,18602,1386800054,20141201T000000,283450.0,5.0,2.75,2770,6116,1.0,0,0,3,7,1490,1280,1979,0,98168,47.4847,-122.291,1920,6486
18603,18603,6814600150,20140905T000000,863000.0,4.0,1.75,2800,5400,1.0,0,0,3,9,1400,1400,1924,2006,98115,47.6803,-122.313,1490,5400
18604,18604,9828200790,20141028T000000,815000.0,4.0,2.0,1400,4800,2.0,0,0,3,7,1400,0,1986,0,98122,47.6168,-122.298,1620,2595
18605,18605,9476200650,20150416T000000,245000.0,2.0,1.0,1020,7679,1.0,0,0,5,6,1020,0,1942,0,98056,47.4915,-122.188,1280,6497
18606,18606,9533600100,20141208T000000,1315000.0,4.0,3.0,2860,10292,1.0,0,0,4,8,2860,0,1953,1999,98004,47.6286,-122.206,1840,10273
18607,18607,4139430410,20141107T000000,1156000.0,4.0,3.5,4270,12305,2.0,0,2,3,10,4270,0,1994,0,98006,47.5489,-122.118,4190,13137
18608,18608,7852030330,20140903T000000,480000.0,3.0,2.5,2270,4488,2.0,0,0,3,7,2270,0,1999,0,98065,47.5329,-121.879,2360,4427
18609,18609,7202270930,20140606T000000,600000.0,4.0,2.5,2560,5593,2.0,0,0,3,7,2560,0,2001,0,98053,47.6886,-122.037,2800,5890
18610,18610,223039254,20140624T000000,329950.0,2.0,1.0,900,5220,1.0,0,0,4,6,900,0,1956,0,98146,47.5105,-122.387,1480,6660
18611,18611,7843500090,20140822T000000,299500.0,4.0,2.5,2010,12085,2.0,0,0,3,8,2010,0,1986,0,98042,47.3406,-122.057,1910,12133
18612,18612,2491200330,20140918T000000,460000.0,3.0,2.5,1690,5131,1.0,0,0,3,7,1690,0,1941,1998,98126,47.5234,-122.38,860,5137
18613,18613,8113101582,20150415T000000,515000.0,5.0,3.5,2310,5249,2.0,0,0,3,8,1560,750,2000,0,98118,47.5463,-122.272,1900,7296
18614,18614,993002225,20140623T000000,405000.0,3.0,2.25,1520,1245,3.0,0,0,3,8,1520,0,2004,0,98103,47.6907,-122.34,1520,1470
18615,18615,9530100921,20141027T000000,483000.0,4.0,1.5,1220,3780,1.5,0,0,3,7,1220,0,1927,0,98107,47.6667,-122.36,1400,3185
18616,18616,3235390100,20150203T000000,377000.0,4.0,2.5,2170,11511,2.0,0,0,3,8,2170,0,1992,0,98031,47.3886,-122.188,1900,8961
18617,18617,5122400025,20140708T000000,568000.0,4.0,1.75,2790,17476,1.0,0,2,3,7,1450,1340,1956,0,98166,47.4556,-122.369,2790,16401
18618,18618,9297300750,20141105T000000,355000.0,2.0,1.75,1760,4600,1.0,0,0,4,7,850,910,1926,0,98126,47.5654,-122.372,1150,4800
18619,18619,3856900590,20140806T000000,640000.0,4.0,1.75,2100,3000,1.5,0,0,4,7,1500,600,1911,0,98103,47.6721,-122.329,1690,4000
18620,18620,4024700100,20150121T000000,270000.0,4.0,1.0,1430,5909,1.0,0,0,3,6,1070,360,1947,0,98155,47.7623,-122.313,1460,8433
18621,18621,114100131,20150114T000000,559950.0,5.0,3.5,2450,8193,2.0,0,0,3,9,2450,0,2005,0,98028,47.7721,-122.241,2310,8193
18622,18622,2296700330,20141014T000000,515000.0,4.0,3.0,1820,8261,1.0,0,0,3,7,1420,400,1969,0,98034,47.7197,-122.219,1920,7961
18623,18623,1995200215,20140826T000000,352000.0,4.0,1.75,1850,5712,1.0,0,0,3,7,1850,0,1954,0,98115,47.6966,-122.324,1510,6038
18624,18624,2287600035,20140625T000000,595888.0,3.0,1.75,1870,9000,1.0,0,0,5,9,1870,0,1958,0,98177,47.7203,-122.361,2030,8160
18625,18625,2923501130,20140722T000000,588000.0,4.0,2.25,2580,7344,2.0,0,0,3,8,2580,0,1977,0,98027,47.5647,-122.09,2390,7507
18626,18626,2485000076,20150122T000000,1050000.0,4.0,3.25,3680,8580,1.0,0,3,5,10,1840,1840,1959,0,98136,47.5266,-122.387,2700,9100
18627,18627,9264921020,20140908T000000,260000.0,3.0,1.5,1750,7000,2.0,0,0,3,8,1750,0,1983,0,98023,47.3108,-122.346,1840,9305
18628,18628,5318100965,20150217T000000,1600000.0,4.0,3.5,3890,3600,2.0,0,0,3,9,2860,1030,2005,0,98112,47.6342,-122.282,2460,6050
18629,18629,3501600215,20150414T000000,380000.0,2.0,1.0,1000,4800,1.0,0,0,3,6,1000,0,1952,0,98117,47.6926,-122.362,1000,4800
18630,18630,8682230610,20140602T000000,802000.0,2.0,2.5,2210,6327,1.0,0,0,3,8,2210,0,2003,0,98053,47.7114,-122.03,2170,6327
18631,18631,1337800665,20140811T000000,1325000.0,4.0,3.25,2850,4800,2.5,0,0,5,10,2700,150,1905,0,98112,47.6292,-122.312,2850,4800
18632,18632,7960100220,20150416T000000,710000.0,4.0,2.75,2460,3600,2.0,0,0,3,8,1640,820,1907,2007,98122,47.6093,-122.297,1890,3600
18633,18633,1549500272,20140609T000000,600000.0,3.0,2.5,2630,77972,2.0,0,0,3,9,2630,0,2004,0,98019,47.745,-121.916,2250,75794
18634,18634,9547202380,20140902T000000,707900.0,3.0,1.0,1750,5355,2.0,0,0,4,7,1750,0,1929,0,98115,47.6792,-122.31,2240,4590
18635,18635,3518000180,20141120T000000,179950.0,2.0,1.0,1100,7323,1.0,0,0,3,7,780,320,1982,0,98023,47.2874,-122.37,1410,7227
18636,18636,6792100090,20140914T000000,683000.0,4.0,2.5,2620,10489,2.0,0,0,3,9,2620,0,1990,0,98052,47.6732,-122.143,2430,7701
18637,18637,5702330120,20140603T000000,222400.0,3.0,2.0,1200,9566,1.0,0,0,3,7,1200,0,1995,0,98001,47.2649,-122.252,1590,9518
18638,18638,1189000910,20140708T000000,517000.0,2.0,1.5,1920,3408,1.0,0,0,4,7,960,960,1912,0,98122,47.6118,-122.299,1130,3408
18639,18639,6204200590,20141029T000000,410000.0,3.0,2.75,1690,5763,1.0,0,0,5,7,1180,510,1985,0,98011,47.7336,-122.202,1560,7518
18640,18640,4443801340,20141006T000000,480000.0,3.0,1.75,1680,2552,1.0,0,0,4,7,840,840,1952,0,98117,47.6848,-122.391,1220,3880
18641,18641,2473370750,20150224T000000,430000.0,3.0,1.75,3440,10428,1.5,0,0,5,8,3440,0,1974,0,98058,47.449,-122.128,2160,8400
18642,18642,2644900109,20150427T000000,439950.0,5.0,1.75,2190,7500,1.0,0,0,3,7,1290,900,1979,0,98133,47.7766,-122.355,1790,8820
18643,18643,293620220,20150421T000000,797500.0,4.0,2.5,3270,8223,2.0,0,0,3,10,3270,0,1998,0,98075,47.6018,-122.073,3460,8872
18644,18644,2624049115,20140710T000000,379000.0,4.0,1.5,1280,5460,1.5,0,0,5,7,1080,200,1920,0,98118,47.5348,-122.268,1470,5934
18645,18645,7942600910,20141216T000000,575000.0,1.0,1.0,1310,8667,1.5,0,0,1,6,1310,0,1918,0,98122,47.6059,-122.313,1130,4800
18646,18646,643000110,20150325T000000,247500.0,3.0,1.0,1660,11060,1.0,0,0,4,7,1110,550,1962,0,98003,47.3311,-122.326,1890,11060
18647,18647,9485951460,20140623T000000,385000.0,4.0,2.75,2700,37011,2.0,0,0,3,9,2700,0,1984,0,98042,47.3496,-122.088,2700,37457
18648,18648,6378500230,20140520T000000,423000.0,4.0,1.75,1940,6909,1.0,0,0,4,7,970,970,1941,0,98133,47.7108,-122.352,1460,6906
18649,18649,430000175,20141215T000000,550000.0,3.0,1.75,1520,5618,1.0,0,0,3,7,1170,350,1953,0,98115,47.68,-122.284,1550,5618
18650,18650,1493300115,20140910T000000,415000.0,4.0,1.0,1620,4329,1.5,0,0,3,7,1620,0,1927,0,98116,47.5728,-122.388,1220,5520
18651,18651,2024059059,20141010T000000,693000.0,3.0,2.25,2090,45535,1.0,0,2,5,8,1280,810,1952,0,98006,47.5538,-122.191,3090,12889
18652,18652,2922701085,20150327T000000,543000.0,2.0,1.0,1070,4700,1.0,0,0,5,7,1070,0,1910,0,98117,47.6887,-122.368,1370,4700
18653,18653,4058801780,20150327T000000,465000.0,5.0,1.75,2000,10246,1.0,0,2,3,7,1200,800,1953,0,98178,47.5084,-122.246,2340,9030
18654,18654,2114700384,20150427T000000,280000.0,3.0,2.5,1020,2217,2.0,0,0,3,7,720,300,2004,0,98106,47.5343,-122.348,1060,1524
18655,18655,9829201020,20141118T000000,1388000.0,3.0,1.25,2400,6653,3.0,0,2,3,11,2400,0,1992,0,98122,47.6019,-122.29,1910,6653
18656,18656,6918720100,20150130T000000,665000.0,6.0,3.0,2480,9720,2.0,0,0,3,8,2480,0,1972,0,98007,47.6127,-122.145,2480,9200
18657,18657,1450100330,20150312T000000,237950.0,3.0,1.75,1310,7314,1.0,0,0,5,6,1310,0,1960,0,98002,47.2888,-122.221,1010,7314
18658,18658,518000040,20150102T000000,440000.0,4.0,2.75,2420,10200,1.0,0,0,3,8,1220,1200,1962,0,98034,47.72,-122.236,2240,9750
18659,18659,4242900245,20150112T000000,618000.0,2.0,1.0,1890,4700,1.0,0,0,4,7,1030,860,1928,0,98107,47.6747,-122.391,2150,4700
18660,18660,1231001130,20141113T000000,572000.0,3.0,2.25,1860,4000,1.5,0,0,5,7,1020,840,1920,0,98118,47.5539,-122.267,1180,4000
18661,18661,7445000115,20140527T000000,725000.0,3.0,1.5,2500,4774,1.5,0,2,3,7,1450,1050,1940,0,98107,47.6567,-122.358,1300,4000
18662,18662,7802900504,20140625T000000,454000.0,3.0,1.0,1970,22144,1.0,0,0,4,7,1970,0,1970,0,98065,47.5234,-121.841,1970,13500
18663,18663,4317700085,20150122T000000,535000.0,4.0,1.0,1660,10656,1.5,0,0,4,7,1180,480,1920,0,98136,47.5391,-122.385,1120,8816
18664,18664,8732040580,20141218T000000,249000.0,3.0,2.5,1850,7200,1.0,0,0,3,7,1500,350,1979,0,98023,47.3063,-122.384,2140,7500
18665,18665,3223039149,20140709T000000,395000.0,4.0,2.75,1970,37026,1.0,0,0,4,8,1970,0,1961,0,98070,47.4375,-122.446,1970,51836
18666,18666,4073200757,20141231T000000,690000.0,3.0,2.0,1890,6620,1.0,0,3,4,8,1890,0,1954,0,98125,47.7016,-122.274,2590,7188
18667,18667,3226049054,20141003T000000,526500.0,3.0,1.5,1310,7236,1.0,0,0,4,7,1170,140,1928,0,98103,47.6944,-122.333,1680,8431
18668,18668,5490700035,20140807T000000,325000.0,4.0,1.5,1870,7220,2.0,0,0,3,7,1870,0,1956,0,98155,47.77,-122.319,1550,7592
18669,18669,9834200975,20150210T000000,495000.0,3.0,3.0,1520,4080,2.0,0,0,5,7,1520,0,1948,0,98144,47.572,-122.29,1320,4080
18670,18670,3305100210,20141021T000000,825000.0,5.0,3.0,3070,8474,2.0,0,0,3,9,3070,0,2011,0,98033,47.6852,-122.184,3070,8527
18671,18671,3123039042,20141223T000000,383000.0,3.0,1.5,1400,14850,1.5,0,0,4,7,1400,0,1910,0,98070,47.4471,-122.464,1350,14850
18672,18672,1105000360,20150428T000000,320000.0,3.0,1.75,1960,11931,1.0,0,0,3,7,980,980,1954,0,98118,47.5432,-122.272,1460,4498
18673,18673,1724079048,20141208T000000,475000.0,3.0,2.5,2680,87117,1.0,0,0,3,7,1340,1340,1989,0,98024,47.5646,-121.935,2580,87117
18674,18674,7437100770,20140521T000000,275000.0,3.0,2.5,2030,6326,2.0,0,0,3,7,2030,0,1993,0,98038,47.3491,-122.029,1810,6825
18675,18675,8925100115,20141015T000000,1150000.0,2.0,2.25,2320,9300,1.5,0,4,5,9,1920,400,1937,0,98115,47.681,-122.273,2790,9300
18676,18676,4019300051,20141125T000000,455000.0,3.0,1.75,1760,11371,1.0,0,0,5,8,1760,0,1959,0,98155,47.7616,-122.273,2220,19884
18677,18677,5300200085,20140702T000000,262000.0,5.0,1.0,1870,7800,1.0,0,0,3,7,1580,290,1962,0,98168,47.5127,-122.321,1740,7808
18678,18678,9417400110,20140915T000000,390000.0,4.0,1.0,1280,4840,1.0,0,0,3,7,940,340,1950,0,98136,47.5477,-122.395,1360,4840
18679,18679,9264920870,20141023T000000,300000.0,3.0,2.25,1730,10030,1.0,0,0,4,8,1730,0,1985,0,98023,47.3108,-122.345,2090,8823
18680,18680,9169600209,20140820T000000,746300.0,3.0,1.75,2060,5721,1.0,0,2,3,9,1140,920,1964,0,98136,47.5268,-122.388,2060,8124
18681,18681,6123000090,20140908T000000,267000.0,3.0,1.5,1030,8223,1.0,0,0,4,7,1030,0,1952,0,98148,47.4282,-122.331,1460,9463
18682,18682,2592401080,20150402T000000,525000.0,3.0,2.5,1720,7950,1.5,0,0,4,7,1720,0,1972,0,98034,47.7178,-122.168,1790,7030
18683,18683,2423020090,20150424T000000,570000.0,3.0,1.75,1210,7350,1.0,0,0,3,7,1210,0,1977,0,98033,47.7,-122.172,1610,7313
18684,18684,2968801130,20141027T000000,360000.0,4.0,2.25,2620,8100,1.0,0,0,4,7,1550,1070,1964,0,98166,47.4564,-122.351,1650,8100
18685,18685,3325069064,20150326T000000,1052000.0,3.0,1.0,1860,44431,1.0,0,0,4,6,1860,0,1947,0,98074,47.6057,-122.038,2000,44431
18686,18686,3629910210,20141103T000000,699950.0,3.0,2.5,2510,4106,2.0,0,0,3,9,2510,0,2003,0,98029,47.5494,-121.994,2470,4106
18687,18687,622079089,20140616T000000,375000.0,4.0,2.5,2040,109336,1.5,0,0,4,8,2040,0,1973,0,98038,47.4193,-121.958,2370,133729
18688,18688,1919800090,20141215T000000,625000.0,4.0,1.75,2410,6770,1.0,0,0,4,7,1220,1190,1924,0,98103,47.6946,-122.336,1440,6770
18689,18689,9274200850,20141016T000000,464050.0,2.0,1.0,780,2750,1.0,0,0,4,7,780,0,1928,0,98116,47.5842,-122.388,1320,4440
18690,18690,1737320120,20140502T000000,470000.0,5.0,2.5,2210,9655,1.0,0,0,3,8,1460,750,1976,0,98011,47.7698,-122.222,2080,8633
18691,18691,2473100450,20140909T000000,330000.0,4.0,2.0,1590,9100,1.0,0,0,3,7,1040,550,1967,2014,98058,47.4465,-122.156,1670,9100
18692,18692,7923200150,20140915T000000,537000.0,4.0,1.75,2230,7957,1.0,0,0,4,7,2230,0,1967,0,98008,47.5859,-122.122,2230,8040
18693,18693,7524600120,20150305T000000,250000.0,3.0,2.0,1560,32137,1.0,0,0,5,7,910,650,1976,0,98092,47.3197,-122.117,1470,29150
18694,18694,424069206,20150112T000000,835000.0,4.0,2.5,2950,48351,2.0,0,0,3,10,2950,0,1986,0,98075,47.5938,-122.048,2870,34417
18695,18695,9523103590,20150316T000000,770000.0,4.0,1.0,1480,3750,1.5,0,0,4,7,1480,0,1912,0,98103,47.6737,-122.354,1570,3750
18696,18696,161000120,20141118T000000,650000.0,4.0,2.0,2850,4497,1.5,0,1,3,7,1730,1120,1910,0,98144,47.5876,-122.292,2450,6000
18697,18697,1623049241,20141107T000000,335000.0,3.0,1.75,2390,30409,1.0,0,0,3,7,1560,830,1953,0,98168,47.4789,-122.296,1750,13500
18698,18698,7229700165,20141202T000000,350000.0,3.0,1.75,1740,29597,1.0,0,0,4,7,1740,0,1965,0,98059,47.481,-122.115,1560,20741
18699,18699,3031200205,20140724T000000,415000.0,5.0,2.75,2060,8906,1.0,0,0,4,7,1220,840,1978,0,98118,47.5358,-122.289,1840,8906
18700,18700,2600100110,20141119T000000,788000.0,4.0,2.5,2680,8778,2.0,0,0,4,8,2680,0,1977,0,98006,47.5516,-122.161,2680,10020
18701,18701,5652601140,20141014T000000,640000.0,4.0,2.75,3150,7379,1.5,0,0,4,7,2430,720,1915,0,98115,47.6968,-122.3,1990,7379
18702,18702,2473530100,20140523T000000,388000.0,4.0,2.5,2440,7155,2.0,0,0,3,8,2440,0,1993,0,98058,47.4501,-122.126,2450,8109
18703,18703,3558900590,20141125T000000,360000.0,6.0,1.75,2230,10080,1.0,0,0,3,7,1390,840,1969,0,98034,47.7089,-122.201,2110,8475
18704,18704,3558900590,20150324T000000,692500.0,6.0,1.75,2230,10080,1.0,0,0,3,7,1390,840,1969,0,98034,47.7089,-122.201,2110,8475
18705,18705,8121100395,20140624T000000,425000.0,4.0,1.5,1600,6180,1.5,0,0,3,6,1600,0,1946,0,98118,47.5681,-122.285,1410,6180
18706,18706,8121100395,20150311T000000,645000.0,4.0,1.5,1600,6180,1.5,0,0,3,6,1600,0,1946,0,98118,47.5681,-122.285,1410,6180
18707,18707,7100000110,20150114T000000,340000.0,3.0,1.0,1580,8308,1.5,0,0,3,7,1580,0,1948,0,98146,47.5075,-122.379,1200,8308
18708,18708,925069042,20150105T000000,713000.0,4.0,3.25,2840,54400,1.0,0,0,4,8,2840,0,1984,0,98053,47.6707,-122.045,2550,43560
18709,18709,7568700740,20140521T000000,430000.0,3.0,2.75,2550,11160,2.0,0,0,3,8,2550,0,1994,0,98155,47.7351,-122.323,1020,7440
18710,18710,7205510230,20150306T000000,280000.0,3.0,2.25,1700,7210,1.0,0,0,4,7,1250,450,1974,0,98003,47.3546,-122.318,2070,7300
18711,18711,9268700040,20150226T000000,215000.0,3.0,2.0,1470,2052,1.5,0,0,3,7,1470,0,1986,0,98003,47.3084,-122.331,1390,2052
18712,18712,2473480210,20140528T000000,306000.0,3.0,2.5,1680,11193,2.0,0,0,3,8,1680,0,1984,0,98058,47.4482,-122.125,2080,8084
18713,18713,4024100120,20140625T000000,299900.0,3.0,1.0,1110,8593,1.0,0,0,3,7,1110,0,1979,0,98155,47.7595,-122.309,1780,8593
18714,18714,4038200120,20140825T000000,534000.0,5.0,1.75,2120,8625,1.0,0,0,3,7,1200,920,1959,0,98008,47.6118,-122.131,1930,8625
18715,18715,4218400395,20140728T000000,1160000.0,3.0,2.75,2380,5572,2.0,0,4,3,9,1930,450,1939,0,98105,47.6626,-122.271,3370,5500
18716,18716,669000210,20140716T000000,1165000.0,3.0,2.5,2670,5000,2.0,0,3,5,9,2000,670,1942,1995,98144,47.5855,-122.292,2320,5000
18717,18717,6018500015,20140711T000000,199990.0,2.0,1.0,890,6430,1.0,0,0,3,6,890,0,1935,1997,98022,47.2003,-121.996,1460,6430
18718,18718,2600140120,20140812T000000,946000.0,4.0,3.0,3140,9058,1.0,0,0,3,9,2140,1000,1989,0,98006,47.5462,-122.154,2760,10018
18719,18719,6381500090,20150220T000000,295000.0,4.0,1.0,1260,7800,1.5,0,0,3,7,1260,0,1947,2007,98125,47.7334,-122.307,1639,7492
18720,18720,4109600306,20150218T000000,475000.0,2.0,1.0,920,5157,1.0,0,0,3,6,920,0,1909,0,98118,47.5499,-122.269,1700,5150
18721,18721,2624079010,20150429T000000,750000.0,5.0,3.5,2990,212137,2.0,0,0,3,8,2450,540,1994,0,98024,47.5298,-121.887,1060,69260
18722,18722,7204200025,20141028T000000,1225000.0,4.0,2.5,3120,49456,2.0,1,4,4,9,2590,530,1974,1989,98198,47.3535,-122.323,2030,32181
18723,18723,8856003525,20150323T000000,183500.0,3.0,1.0,1010,7520,1.0,0,0,4,6,1010,0,1975,0,98001,47.2699,-122.255,1370,8469
18724,18724,1695900025,20150327T000000,450000.0,2.0,1.0,1010,3627,1.0,0,2,4,6,1010,0,1924,0,98144,47.5873,-122.294,1630,4040
18725,18725,3331001285,20150108T000000,180000.0,3.0,1.0,1020,5500,1.5,0,0,3,7,1020,0,1961,0,98118,47.5502,-122.286,1160,5500
18726,18726,239000155,20150105T000000,707000.0,5.0,4.5,3540,21217,2.0,0,0,4,8,2940,600,1926,0,98188,47.4274,-122.28,1290,12040
18727,18727,1721801280,20150304T000000,230000.0,2.0,0.75,900,3527,1.0,0,0,3,6,900,0,1939,0,98146,47.5083,-122.336,1220,4080
18728,18728,5557700210,20141209T000000,192500.0,3.0,1.0,1100,9750,1.0,0,0,4,7,1100,0,1966,0,98023,47.3248,-122.345,1190,9750
18729,18729,5416500040,20141017T000000,309000.0,3.0,2.5,1990,3614,2.0,0,0,3,7,1990,0,2005,0,98038,47.36,-122.039,1980,3800
18730,18730,3271300155,20141001T000000,759000.0,3.0,1.5,1980,5800,1.0,0,0,4,8,1520,460,1949,0,98199,47.6499,-122.413,2280,5800
18731,18731,3303980210,20150427T000000,1115000.0,4.0,3.75,4040,14212,2.0,0,0,3,11,4040,0,2002,0,98059,47.5189,-122.147,3940,14212
18732,18732,1944900090,20140519T000000,462000.0,5.0,1.75,1250,10530,1.0,0,0,4,7,1250,0,1966,0,98007,47.6101,-122.138,1560,8190
18733,18733,7663700401,20141220T000000,229000.0,4.0,1.5,1820,22814,1.5,0,0,3,7,1820,0,1920,0,98125,47.7321,-122.296,1770,9150
18734,18734,5694500386,20141020T000000,399950.0,2.0,2.25,1140,1184,2.0,0,0,3,8,1010,130,1999,0,98103,47.659,-122.346,1140,1339
18735,18735,7227800180,20150403T000000,325000.0,5.0,2.0,1730,10532,1.0,0,0,4,5,1730,0,1943,0,98056,47.5076,-122.178,1940,8501
18736,18736,2767604558,20140721T000000,512000.0,2.0,2.25,1170,1313,3.0,0,0,3,8,1170,0,2007,0,98107,47.6712,-122.378,1310,1304
18737,18737,5422950040,20140725T000000,410000.0,5.0,2.75,2910,5802,2.0,0,0,3,7,2910,0,2006,0,98038,47.3591,-122.036,2910,5000
18738,18738,2660500283,20140624T000000,210000.0,2.0,1.0,970,5500,1.0,0,0,3,7,970,0,1956,0,98118,47.556,-122.291,1180,6000
18739,18739,3308010040,20140925T000000,325000.0,4.0,2.25,2130,8499,1.0,0,0,4,7,1600,530,1975,0,98030,47.3657,-122.21,1890,11368
18740,18740,5423030040,20150406T000000,685000.0,3.0,2.5,2520,10175,1.0,0,0,3,8,1630,890,1979,0,98027,47.5652,-122.089,2220,8388
18741,18741,8604900245,20140518T000000,488000.0,2.0,2.0,1360,4688,1.0,0,0,3,7,780,580,1944,0,98115,47.6874,-122.315,1340,4750
18742,18742,7349650230,20150302T000000,247500.0,3.0,2.25,1620,6000,1.0,0,0,3,7,1280,340,1998,0,98002,47.2835,-122.2,1710,6318
18743,18743,8902000175,20140620T000000,489000.0,4.0,2.0,2120,11479,1.0,0,0,4,7,1060,1060,1940,0,98125,47.7084,-122.303,1540,11000
18744,18744,582000065,20141125T000000,725000.0,4.0,1.75,2700,6000,1.0,0,0,4,8,1450,1250,1953,0,98199,47.6539,-122.395,2080,6000
18745,18745,2123049194,20150409T000000,199950.0,3.0,1.5,1370,10317,1.5,0,0,3,6,1370,0,1958,0,98168,47.4731,-122.298,1370,9884
18746,18746,1830300090,20150401T000000,670000.0,5.0,3.0,2520,13001,2.0,0,1,3,8,2010,510,1973,0,98008,47.6385,-122.114,2170,8215
18747,18747,7522600110,20141229T000000,275000.0,3.0,2.0,1540,10410,1.0,0,0,4,7,1540,0,1967,0,98198,47.3662,-122.315,1590,7725
18748,18748,5457800740,20150407T000000,1000000.0,3.0,1.75,2610,6360,2.0,0,2,3,8,2130,480,1924,0,98109,47.6287,-122.351,3010,6000
18749,18749,5115000100,20140523T000000,255000.0,3.0,2.0,1490,8371,1.5,0,0,3,7,1490,0,1984,0,98031,47.3962,-122.189,1350,7846
18750,18750,4038400150,20141113T000000,465000.0,3.0,1.75,2760,9137,1.0,0,0,3,7,1380,1380,1960,0,98007,47.6079,-122.132,1980,9137
18751,18751,1796500100,20150211T000000,259000.0,3.0,1.75,1260,3604,1.0,0,0,3,7,1260,0,2012,0,98042,47.3612,-122.103,1430,3767
18752,18752,8956000100,20141121T000000,695000.0,3.0,3.5,2630,4713,2.0,0,2,3,9,2030,600,2008,0,98027,47.5473,-122.016,2450,4187
18753,18753,3876313120,20150501T000000,505000.0,3.0,1.75,1800,7210,1.0,0,0,3,7,1370,430,1976,0,98072,47.7346,-122.17,1820,8100
18754,18754,6819100040,20140624T000000,631500.0,2.0,1.0,1130,2640,1.0,0,0,4,8,1130,0,1927,0,98109,47.6438,-122.357,1680,3200
18755,18755,5318101185,20141016T000000,630500.0,3.0,1.0,1180,3600,1.5,0,0,3,7,1180,0,1926,0,98112,47.6337,-122.28,1900,3600
18756,18756,424069112,20140616T000000,999000.0,4.0,2.75,2800,19168,2.0,0,0,3,10,2800,0,1992,0,98075,47.5911,-122.037,2010,16020
18757,18757,2533300025,20140710T000000,740000.0,3.0,1.5,1830,4000,1.0,0,0,4,7,1350,480,1910,0,98119,47.6453,-122.371,1570,3672
18758,18758,5101404482,20140929T000000,650000.0,3.0,2.5,2220,6380,1.5,0,0,4,8,1660,560,1931,0,98115,47.6974,-122.313,950,6380
18759,18759,8682231210,20140805T000000,554000.0,2.0,2.0,1870,5580,1.0,0,0,3,8,1870,0,2004,0,98053,47.7101,-122.031,1670,4500
18760,18760,1525069021,20141201T000000,400000.0,3.0,2.5,2580,214315,1.5,0,0,3,8,2580,0,1946,1986,98053,47.6465,-122.024,2580,70131
18761,18761,5076700115,20150223T000000,529941.0,3.0,2.0,1660,10000,1.0,0,0,4,7,1010,650,1961,0,98005,47.5852,-122.174,2020,9720
18762,18762,3332000615,20141020T000000,310000.0,3.0,1.0,1330,3740,1.5,0,0,3,6,1330,0,1903,0,98118,47.5502,-122.274,1330,5053
18763,18763,3332000615,20150422T000000,389000.0,3.0,1.0,1330,3740,1.5,0,0,3,6,1330,0,1903,0,98118,47.5502,-122.274,1330,5053
18764,18764,5569620410,20140909T000000,731781.0,3.0,3.0,2630,4972,2.0,0,0,3,9,2630,0,2006,0,98052,47.693000000000005,-122.133,2880,4972
18765,18765,3009800015,20150422T000000,502501.0,2.0,1.0,1100,4750,1.0,0,0,3,7,1100,0,1946,0,98116,47.5772,-122.381,1830,4750
18766,18766,6189600040,20141117T000000,443000.0,3.0,1.75,1810,7950,1.0,0,0,4,7,1810,0,1968,0,98008,47.6236,-122.117,1680,7725
18767,18767,9834200365,20140815T000000,607000.0,3.0,2.0,2060,4080,1.0,0,0,5,7,1060,1000,1921,0,98144,47.574,-122.289,1400,4080
18768,18768,1959701800,20140702T000000,2147500.0,3.0,3.5,4660,5500,2.0,0,4,5,10,3040,1620,1909,0,98102,47.6465,-122.319,2980,5500
18769,18769,8917100153,20140910T000000,585000.0,4.0,2.5,2370,15200,1.0,0,0,3,8,1660,710,1975,0,98052,47.6295,-122.089,2360,13879
18770,18770,2344300180,20140619T000000,1027000.0,3.0,2.5,2430,10500,2.0,0,1,3,9,2430,0,1989,0,98004,47.5818,-122.198,3440,12842
18771,18771,3216900100,20140612T000000,315000.0,3.0,2.5,1880,7000,2.0,0,0,3,8,1880,0,1993,0,98031,47.4206,-122.184,1880,7000
18772,18772,425000065,20141021T000000,180000.0,2.0,1.0,1150,5695,1.0,0,0,4,6,1150,0,1958,0,98056,47.4989,-122.171,1150,5695
18773,18773,2426069085,20140513T000000,322500.0,3.0,2.0,1350,14200,1.0,0,0,3,7,1350,0,1989,0,98019,47.7315,-121.972,2100,15101
18774,18774,7199350600,20140602T000000,568500.0,3.0,2.75,2180,7519,1.0,0,0,4,7,1310,870,1981,0,98052,47.6959,-122.125,1510,7107
18775,18775,6909700040,20140611T000000,813000.0,4.0,2.75,3370,6675,1.0,0,3,4,8,1920,1450,1948,0,98144,47.5887,-122.291,2250,5550
18776,18776,4147200040,20150414T000000,1085000.0,5.0,2.25,3650,13068,1.0,0,0,4,10,1850,1800,1976,0,98040,47.5458,-122.231,2760,13927
18777,18777,1062100100,20140626T000000,424000.0,4.0,2.0,2100,4857,2.0,0,0,3,8,2100,0,1965,1984,98155,47.7521,-122.279,1450,5965
18778,18778,2124049254,20140717T000000,235000.0,2.0,1.0,670,5600,1.0,0,0,3,6,670,0,1903,0,98108,47.5498,-122.304,1960,7176
18779,18779,6841700100,20140929T000000,740000.0,3.0,3.5,2420,4000,2.0,0,0,5,9,1820,600,1907,0,98122,47.6054,-122.295,2030,4550
18780,18780,7544800195,20140813T000000,415000.0,1.0,1.0,760,3000,1.0,0,0,3,7,760,0,1900,0,98122,47.6059,-122.303,1270,3000
18781,18781,8807810110,20140522T000000,432000.0,3.0,2.75,2200,14925,1.0,0,0,3,6,1100,1100,1982,0,98053,47.6606,-122.059,1520,14212
18782,18782,1126059201,20150504T000000,1268890.0,5.0,3.25,4410,35192,2.0,0,2,3,12,3880,530,1990,0,98072,47.7522,-122.13,4410,59677
18783,18783,1422200090,20140915T000000,676500.0,3.0,1.75,1300,2446,1.0,0,3,3,8,880,420,1961,0,98122,47.6071,-122.285,2440,5051
18784,18784,871000065,20141120T000000,419000.0,2.0,1.0,720,4592,1.0,0,0,4,6,720,0,1943,0,98199,47.6534,-122.404,1030,5816
18785,18785,4054710090,20150320T000000,650000.0,3.0,2.5,2180,37042,2.0,0,0,3,9,2180,0,1998,0,98077,47.722,-122.026,2880,32688
18786,18786,8075400360,20140822T000000,239000.0,2.0,1.0,1130,15190,1.0,0,0,4,7,1130,0,1954,0,98032,47.3902,-122.283,1490,16920
18787,18787,9551202875,20140709T000000,900000.0,4.0,2.5,2230,4372,2.0,0,0,5,8,1540,690,1935,0,98103,47.6698,-122.334,2020,4372
18788,18788,4027700930,20150428T000000,330000.0,5.0,1.75,2100,7347,1.0,0,0,3,7,1070,1030,1981,0,98028,47.7751,-122.268,2170,9418
18789,18789,1535204165,20141204T000000,510000.0,3.0,1.75,2060,58341,1.0,0,4,3,8,1100,960,1982,0,98070,47.4193,-122.439,1230,14904
18790,18790,3303860590,20140627T000000,465000.0,4.0,2.5,3060,6000,2.0,0,0,3,9,3060,0,2012,0,98038,47.3689,-122.058,3040,6000
18791,18791,1925069066,20140623T000000,1700000.0,3.0,2.75,2810,18731,2.0,1,4,4,10,2810,0,1974,0,98052,47.6361,-122.093,3120,14810
18792,18792,6137610540,20140827T000000,490000.0,3.0,2.25,2550,8588,1.0,0,4,3,9,2550,0,1989,0,98011,47.7711,-122.195,3050,8588
18793,18793,2525049263,20140709T000000,2680000.0,5.0,3.0,4290,20445,2.0,0,0,4,11,4290,0,1985,0,98039,47.6217,-122.239,3620,22325
18794,18794,126059310,20141130T000000,1000000.0,3.0,2.25,3040,52302,1.0,0,0,3,9,3040,0,2005,0,98072,47.7635,-122.112,2070,38600
18795,18795,4254000540,20140708T000000,469950.0,4.0,2.75,2530,14178,2.0,0,0,3,8,2530,0,1997,0,98019,47.737,-121.955,2530,14055
18796,18796,5101405067,20140509T000000,536000.0,3.0,1.75,1300,5413,1.5,0,0,3,7,1300,0,1925,1992,98115,47.6988,-122.32,1590,6380
18797,18797,5468000180,20150305T000000,244950.0,4.0,2.5,1790,19177,1.0,0,0,4,7,1790,0,1966,0,98030,47.3617,-122.172,1760,11726
18798,18798,1930301220,20150417T000000,575000.0,3.0,1.0,1530,2400,1.0,0,0,4,7,890,640,1928,0,98103,47.6543,-122.354,1240,2400
18799,18799,9282801450,20150325T000000,361000.0,5.0,2.75,2380,7500,1.0,0,0,3,7,1300,1080,1984,0,98178,47.5009,-122.235,2400,6000
18800,18800,4037000925,20150327T000000,650000.0,5.0,2.25,2400,13450,1.0,0,0,5,7,1200,1200,1957,0,98008,47.6007,-122.117,1950,10361
18801,18801,3336000230,20150323T000000,230005.0,2.0,1.0,1030,6000,1.0,0,0,2,7,830,200,1951,0,98118,47.5291,-122.268,1770,5000
18802,18802,3621059043,20140527T000000,293000.0,4.0,2.5,3250,235063,1.0,0,2,3,9,3250,0,1973,0,98092,47.2582,-122.113,1600,44287
18803,18803,126049231,20140516T000000,445000.0,3.0,3.0,1970,24318,1.0,0,0,3,8,1970,0,2010,0,98028,47.7651,-122.246,2150,14695
18804,18804,3331000220,20140814T000000,280000.0,4.0,1.5,1940,6386,1.0,0,0,3,7,1140,800,1954,0,98118,47.5533,-122.285,1340,6165
18805,18805,3904900230,20140716T000000,520000.0,3.0,2.25,1850,10855,1.0,0,0,3,8,1370,480,1985,0,98029,47.5696,-122.02,1850,8209
18806,18806,525069133,20140805T000000,780000.0,4.0,3.25,3900,40962,2.0,0,0,3,10,3900,0,1991,0,98053,47.683,-122.063,1730,11775
18807,18807,2721049061,20140709T000000,625000.0,3.0,1.75,3160,76230,1.0,0,0,4,8,2160,1000,1978,0,98001,47.274,-122.287,1990,45789
18808,18808,5381000411,20150410T000000,239950.0,3.0,1.75,1440,7200,1.0,0,0,3,7,1440,0,1986,0,98188,47.4473,-122.284,1640,9167
18809,18809,603000150,20140616T000000,335000.0,3.0,1.5,2040,6000,1.0,0,0,3,7,1340,700,1957,0,98118,47.5218,-122.286,1190,6000
18810,18810,3904960690,20150417T000000,612000.0,3.0,2.5,2120,7401,2.0,0,0,3,8,2120,0,1989,0,98029,47.5781,-122.018,2010,7972
18811,18811,7686202730,20140804T000000,200000.0,2.0,1.0,830,8000,1.0,0,0,3,6,830,0,1954,0,98198,47.4215,-122.318,1300,8000
18812,18812,9264910300,20140710T000000,345000.0,3.0,1.75,3140,8571,1.0,0,0,4,8,1670,1470,1985,0,98023,47.3074,-122.337,2590,7949
18813,18813,1437910090,20150128T000000,520000.0,4.0,2.5,2410,6440,1.0,0,0,3,8,1550,860,1974,0,98034,47.7153,-122.191,2330,6938
18814,18814,2652500740,20140618T000000,855000.0,4.0,2.25,2190,4080,2.0,0,0,3,8,1800,390,1918,0,98119,47.6425,-122.358,2100,4080
18815,18815,9274200735,20150507T000000,567500.0,4.0,1.75,2190,5060,1.0,0,0,3,7,1190,1000,1950,0,98116,47.5846,-122.387,1510,4600
18816,18816,1745000090,20141110T000000,208000.0,3.0,1.5,1210,7247,1.0,0,0,4,7,1210,0,1967,0,98003,47.328,-122.321,1370,7869
18817,18817,5101405338,20140821T000000,452000.0,3.0,1.75,1880,16239,1.0,0,0,3,7,880,1000,1922,0,98115,47.7004,-122.304,1260,7528
18818,18818,9348500220,20140728T000000,555000.0,3.0,3.0,2410,12183,2.0,0,0,3,9,2410,0,1988,0,98011,47.747,-122.177,2540,9979
18819,18819,1066600090,20140905T000000,519000.0,5.0,2.75,2620,8861,1.0,0,0,5,8,1350,1270,1979,0,98056,47.5226,-122.183,1940,10800
18820,18820,3331500455,20141203T000000,474950.0,3.0,2.25,1850,2575,2.0,0,0,3,9,1850,0,2013,0,98118,47.5525,-122.273,1080,4120
18821,18821,1427300120,20150121T000000,419000.0,3.0,2.25,1760,16418,1.0,0,0,3,7,1190,570,1990,0,98053,47.6525,-121.985,2260,20747
18822,18822,1861400068,20140911T000000,390000.0,2.0,1.0,860,1800,1.0,0,0,3,7,860,0,1909,0,98119,47.6334,-122.371,2160,3120
18823,18823,4040500100,20141020T000000,539000.0,7.0,2.25,2620,6890,2.0,0,0,4,7,2620,0,1961,0,98007,47.6123,-122.134,2070,7910
18824,18824,6117501250,20140801T000000,569000.0,4.0,1.75,2400,21196,1.0,0,0,5,8,1590,810,1956,0,98166,47.4282,-122.347,2200,19134
18825,18825,9523103990,20141208T000000,611000.0,3.0,1.0,1850,5000,1.5,0,0,3,7,1850,0,1922,0,98103,47.6727,-122.351,1850,5000
18826,18826,3221069054,20141028T000000,760000.0,3.0,2.5,4040,147856,2.0,0,0,3,9,4040,0,2004,0,98092,47.2711,-122.067,3000,125452
18827,18827,8838900032,20140518T000000,732000.0,3.0,2.0,1940,55756,1.0,0,0,5,9,1940,0,1954,0,98007,47.5913,-122.149,2330,10018
18828,18828,1455100355,20140708T000000,1675000.0,3.0,2.5,3490,8343,2.0,1,4,4,9,2150,1340,1939,1991,98125,47.7265,-122.281,2990,13104
18829,18829,1853080120,20140903T000000,919950.0,5.0,2.75,3170,7062,2.0,0,0,3,9,3170,0,2014,0,98074,47.5937,-122.061,3210,6891
18830,18830,2806800120,20140610T000000,400000.0,4.0,2.5,2530,7563,1.0,0,0,3,7,1440,1090,1978,0,98011,47.7762,-122.21,1960,7811
18831,18831,3216000090,20140729T000000,785000.0,4.0,2.5,3230,21781,2.0,0,0,3,9,3230,0,1993,0,98053,47.6318,-122.01,3230,21780
18832,18832,1525059165,20140629T000000,835000.0,3.0,2.25,2120,54014,2.0,0,0,4,9,2120,0,1964,0,98005,47.6482,-122.159,3280,50690
18833,18833,8901000835,20150211T000000,640500.0,2.0,1.75,1640,6750,1.0,0,0,4,8,1340,300,1939,0,98125,47.7068,-122.308,1760,7490
18834,18834,8001400300,20150316T000000,310000.0,4.0,2.5,2130,9013,2.0,0,0,3,8,2130,0,1988,0,98001,47.3208,-122.273,2350,8982
18835,18835,1138000450,20141016T000000,355000.0,4.0,1.0,1440,7215,1.5,0,0,3,7,1440,0,1969,0,98034,47.7133,-122.212,1150,7215
18836,18836,2485000100,20140529T000000,685000.0,3.0,1.75,1940,7313,1.0,0,1,4,8,1440,500,1960,0,98136,47.5239,-122.387,2160,7200
18837,18837,7689600215,20141017T000000,202500.0,3.0,1.0,1120,8576,1.0,0,0,3,6,1120,0,1943,0,98178,47.4896,-122.248,1050,8812
18838,18838,7852010940,20150505T000000,540000.0,3.0,2.5,2400,5817,2.0,0,0,3,8,2400,0,1998,0,98065,47.5371,-121.87,2420,5817
18839,18839,739980360,20141117T000000,295000.0,4.0,2.5,1810,4871,2.0,0,0,3,8,1810,0,1999,0,98031,47.4088,-122.192,1850,5003
18840,18840,1102001055,20150424T000000,518000.0,3.0,1.0,1270,6612,1.5,0,3,3,7,1270,0,1927,0,98118,47.5433,-122.264,2100,7680
18841,18841,2781250970,20150501T000000,250000.0,2.0,1.75,1350,4023,1.0,0,0,3,7,1350,0,2005,0,98038,47.3493,-122.023,1370,3570
18842,18842,3624079067,20140508T000000,330000.0,2.0,2.0,1550,435600,1.5,0,0,2,7,1550,0,1972,0,98065,47.5145,-121.853,1600,217800
18843,18843,4443800785,20141121T000000,481000.0,2.0,1.0,1620,3880,1.0,0,0,4,7,920,700,1924,0,98117,47.6855,-122.391,1330,3880
18844,18844,3303900090,20141023T000000,898000.0,3.0,2.25,2650,12845,1.0,0,3,3,9,1770,880,1977,0,98034,47.7209,-122.256,2650,12902
18845,18845,686530530,20140804T000000,570000.0,5.0,1.75,2510,9750,1.5,0,0,3,8,2510,0,1969,0,98052,47.6635,-122.149,1900,9750
18846,18846,4254000220,20150307T000000,475000.0,4.0,2.5,2040,16200,2.0,0,0,3,8,2040,0,1997,0,98019,47.7366,-121.958,2530,15389
18847,18847,7575600610,20150209T000000,265000.0,3.0,2.5,1660,5250,2.0,0,0,4,8,1660,0,1988,0,98003,47.3541,-122.3,1630,5505
18848,18848,7631800110,20140918T000000,380000.0,3.0,2.5,1980,17342,2.0,1,4,3,10,1580,400,1984,0,98166,47.4551,-122.373,2060,17313
18849,18849,7732410120,20140819T000000,790000.0,4.0,2.5,2690,8036,2.0,0,0,4,9,2690,0,1987,0,98007,47.6596,-122.144,2420,8087
18850,18850,2493200040,20150312T000000,620000.0,2.0,2.25,2910,6110,2.0,0,2,4,9,2910,0,1985,0,98136,47.5279,-122.387,2090,5763
18851,18851,2568300040,20140819T000000,709050.0,4.0,3.5,2720,9000,2.0,0,0,3,8,2670,50,1997,0,98125,47.7034,-122.297,1960,7772
18852,18852,1781500385,20140806T000000,296500.0,3.0,1.0,1280,5100,1.0,0,0,3,7,1280,0,1948,0,98126,47.5259,-122.38,1380,7140
18853,18853,626710220,20140813T000000,475000.0,3.0,2.5,2160,35912,2.0,0,0,3,8,2160,0,1982,0,98077,47.7273,-122.083,2230,35244
18854,18854,9414500230,20141022T000000,440000.0,3.0,2.25,1760,10835,1.0,0,0,4,8,1290,470,1976,0,98027,47.522,-122.048,2050,10488
18855,18855,6638900405,20141208T000000,405000.0,2.0,1.0,800,6016,1.0,0,0,3,6,800,0,1942,0,98117,47.6913,-122.369,1470,3734
18856,18856,7327902612,20150513T000000,269500.0,2.0,1.0,930,4000,1.0,0,0,3,6,730,200,1943,0,98108,47.5321,-122.323,1100,5000
18857,18857,7923600330,20141119T000000,520000.0,5.0,1.75,2040,5280,1.0,0,0,4,7,1020,1020,1961,0,98007,47.5941,-122.144,1720,7344
18858,18858,2011400782,20140804T000000,229500.0,1.0,1.0,1180,22000,1.0,0,2,3,6,1180,0,1948,0,98198,47.4007,-122.323,1890,11761
18859,18859,821049149,20141009T000000,335000.0,4.0,1.75,2000,10890,1.0,0,0,4,7,1390,610,1961,0,98003,47.3203,-122.321,1520,9250
18860,18860,4054700300,20141021T000000,680000.0,4.0,2.75,3310,50951,2.0,0,0,3,9,3310,0,1998,0,98077,47.7249,-122.027,3230,39340
18861,18861,3931900580,20150313T000000,1389000.0,4.0,3.5,3130,3900,2.0,0,0,3,9,2550,580,2008,0,98115,47.6849,-122.327,1830,3900
18862,18862,2485000165,20141215T000000,740000.0,4.0,2.5,2300,9900,1.0,0,2,3,8,1600,700,1961,0,98136,47.5256,-122.385,2510,7500
18863,18863,1117000150,20150317T000000,270000.0,3.0,2.25,2140,9990,1.0,0,0,4,8,2140,0,1962,0,98003,47.3484,-122.298,2060,9990
18864,18864,4321200600,20150504T000000,510000.0,4.0,2.0,2210,5572,1.5,0,3,3,7,1760,450,1911,0,98126,47.5727,-122.376,1760,4713
18865,18865,123039364,20140521T000000,300000.0,2.0,1.0,970,13700,1.0,0,0,3,6,970,0,1949,0,98106,47.515,-122.362,1570,10880
18866,18866,2175100205,20150323T000000,1298890.0,5.0,2.25,2690,10800,1.0,0,3,4,8,2020,670,1956,0,98040,47.5821,-122.247,3380,9134
18867,18867,8813400165,20140819T000000,675000.0,4.0,2.0,1890,5188,1.5,0,0,4,7,1670,220,1940,0,98105,47.6633,-122.287,1800,4848
18868,18868,2597531020,20141104T000000,925850.0,6.0,3.25,3140,14923,2.0,0,0,3,10,3140,0,1991,0,98006,47.5411,-122.133,2980,10758
18869,18869,723069013,20140718T000000,255500.0,2.0,1.0,1440,43560,1.0,0,0,4,7,1150,290,1965,0,98027,47.4916,-122.082,1870,56628
18870,18870,1137800230,20140514T000000,450000.0,3.0,2.5,2910,17172,2.0,0,0,3,10,2910,0,1989,0,98003,47.2789,-122.331,2910,20048
18871,18871,3221069057,20141105T000000,280000.0,3.0,1.0,1310,22652,1.0,0,0,3,7,1310,0,1968,0,98092,47.2574,-122.072,1600,103672
18872,18872,3832500230,20150105T000000,245000.0,4.0,2.25,2140,8800,2.0,0,0,4,7,2140,0,1963,0,98032,47.3655,-122.291,2060,9790
18873,18873,1138010220,20150317T000000,344950.0,3.0,1.0,1090,6712,1.0,0,0,4,7,1090,0,1972,0,98034,47.7155,-122.211,1440,7350
18874,18874,3205500230,20140811T000000,381000.0,3.0,1.75,1330,7216,1.0,0,0,3,7,1330,0,1969,0,98034,47.7199,-122.18,1500,8000
18875,18875,4389201241,20141230T000000,1945000.0,4.0,4.0,4690,6900,2.0,0,0,3,11,3480,1210,2001,0,98004,47.6165,-122.216,2800,11240
18876,18876,9808700025,20150211T000000,1500000.0,3.0,1.5,1910,21374,1.0,0,0,1,8,1910,0,1955,0,98004,47.6453,-122.214,2850,16167
18877,18877,4399210110,20140619T000000,232603.0,3.0,1.75,1750,11461,2.0,0,0,4,7,1750,0,1976,0,98002,47.3173,-122.21,2140,11276
18878,18878,7972602490,20141212T000000,220000.0,5.0,2.5,1760,10200,1.5,0,0,3,6,1760,0,1925,0,98106,47.5271,-122.351,1370,7620
18879,18879,2128000180,20140811T000000,600000.0,4.0,1.75,1810,7700,1.0,0,0,5,8,1390,420,1977,0,98033,47.6976,-122.169,2080,7700
18880,18880,4345000090,20141105T000000,239000.0,3.0,2.5,1360,5754,2.0,0,0,3,7,1360,0,1994,0,98030,47.3645,-122.183,1360,7050
18881,18881,6413100242,20140826T000000,400000.0,3.0,1.75,1730,9211,1.0,0,0,3,8,1730,0,1961,0,98125,47.7149,-122.322,1440,9211
18882,18882,4218400455,20140708T000000,2180000.0,6.0,2.75,4710,11000,2.0,0,3,3,10,3690,1020,1931,0,98105,47.6622,-122.272,2950,5300
18883,18883,1568100220,20140908T000000,350000.0,3.0,1.0,1010,8551,1.0,0,0,5,7,1010,0,1953,0,98155,47.7351,-122.295,1310,8504
18884,18884,1626069220,20140905T000000,562000.0,3.0,2.5,2400,97138,2.0,0,0,5,8,2400,0,1983,0,98077,47.7361,-122.046,2230,54450
18885,18885,3342103149,20140910T000000,380000.0,3.0,1.5,1540,8400,1.0,0,0,5,7,1540,0,1968,0,98056,47.5237,-122.199,1690,7689
18886,18886,8127700410,20141015T000000,511200.0,4.0,1.75,1480,7875,1.0,0,0,3,7,740,740,1927,0,98199,47.643,-122.397,1680,5851
18887,18887,3629970090,20141014T000000,680000.0,4.0,2.5,2520,5000,2.0,0,0,3,9,2520,0,2004,0,98029,47.5524,-121.992,2910,5001
18888,18888,8910500237,20140726T000000,350000.0,3.0,3.25,1210,941,2.0,0,0,3,8,1000,210,2002,0,98133,47.7114,-122.356,1650,1493
18889,18889,621069218,20150219T000000,410000.0,5.0,2.5,2670,184140,1.0,0,0,3,8,1410,1260,1980,0,98042,47.3429,-122.097,1860,35719
18890,18890,3394100230,20140522T000000,1050000.0,4.0,2.5,3030,12590,1.5,0,0,4,10,3030,0,1988,0,98004,47.5806,-122.193,2980,11635
18891,18891,8682211030,20141028T000000,391265.0,3.0,2.0,1440,3900,1.0,0,0,3,8,1440,0,2002,0,98053,47.7022,-122.021,1350,3900
18892,18892,5427100150,20140626T000000,1410000.0,4.0,2.25,3250,16684,2.0,0,0,3,9,3250,0,1979,0,98039,47.6334,-122.229,2890,16927
18893,18893,7579200600,20150428T000000,575000.0,3.0,2.0,1750,5750,1.0,0,2,5,7,870,880,1956,0,98116,47.5579,-122.384,1750,5750
18894,18894,7302000610,20150508T000000,316000.0,4.0,1.5,2120,46173,2.0,0,0,3,7,2120,0,1974,0,98053,47.6503,-121.968,2000,46173
18895,18895,3004800175,20150416T000000,165000.0,3.0,1.0,1050,5156,1.5,0,0,3,7,1050,0,1919,0,98106,47.5169,-122.358,1050,5502
18896,18896,2397101055,20140812T000000,850000.0,3.0,2.25,1950,3600,1.5,0,0,5,8,1430,520,1911,0,98119,47.637,-122.363,1950,3600
18897,18897,2354300845,20140804T000000,210000.0,3.0,1.0,1020,6000,1.0,0,0,3,5,1020,0,1900,0,98027,47.5281,-122.031,2070,7200
18898,18898,984220330,20140824T000000,325000.0,4.0,2.5,1820,9161,1.0,0,0,4,7,1220,600,1975,0,98058,47.4333,-122.168,1860,7650
18899,18899,7273100026,20150407T000000,682000.0,4.0,2.5,2390,53941,2.0,0,0,3,8,2390,0,1989,0,98053,47.7066,-122.08,2610,104108
18900,18900,6386200100,20140718T000000,430000.0,3.0,2.5,1400,7508,2.0,0,0,4,7,1400,0,1987,0,98034,47.7233,-122.167,1710,7700
18901,18901,9324800025,20141125T000000,325500.0,3.0,1.5,1540,8110,1.0,0,0,4,7,1190,350,1959,0,98125,47.7329,-122.291,1290,8110
18902,18902,4058800930,20140720T000000,385000.0,3.0,1.75,2370,6360,1.0,0,3,3,7,1280,1090,1954,0,98178,47.5039,-122.24,1990,6360
18903,18903,1972201161,20150323T000000,435000.0,1.0,1.0,670,1800,1.0,0,0,5,6,670,0,1905,0,98103,47.654,-122.35,1330,3360
18904,18904,2202500025,20140721T000000,550000.0,4.0,1.0,2420,15520,2.0,0,0,4,7,2420,0,1945,0,98006,47.5744,-122.137,1630,9965
18905,18905,4077800258,20141009T000000,400000.0,3.0,1.0,1000,7800,1.0,0,0,4,6,860,140,1930,0,98125,47.7098,-122.283,1700,7800
18906,18906,2558700220,20140721T000000,503000.0,4.0,2.75,2100,7350,1.0,0,0,5,7,1240,860,1978,0,98034,47.7194,-122.172,2490,7350
18907,18907,290200230,20140819T000000,676000.0,4.0,2.5,2800,5368,2.0,0,0,3,8,2800,0,2003,0,98074,47.6076,-122.053,2790,5368
18908,18908,1951100100,20141113T000000,180000.0,3.0,1.0,940,11055,1.5,0,0,4,7,940,0,1959,0,98032,47.3732,-122.295,1420,9100
18909,18909,9499200220,20140611T000000,234000.0,3.0,2.0,1640,5280,1.5,0,0,5,6,1640,0,1910,0,98002,47.3089,-122.213,1160,7875
18910,18910,999000215,20140512T000000,734200.0,4.0,2.5,2760,5000,1.5,0,0,5,7,1680,1080,1928,0,98107,47.6726,-122.371,1850,5000
18911,18911,822069118,20140729T000000,920000.0,3.0,3.25,3660,66211,2.0,0,0,3,10,3660,0,2003,0,98038,47.4087,-122.062,3660,107153
18912,18912,2425049066,20140616T000000,1920000.0,4.0,2.5,3070,34412,1.0,0,3,4,9,2070,1000,1950,0,98039,47.64,-122.24,3780,27940
18913,18913,7950700110,20141209T000000,224000.0,3.0,1.75,1100,10125,1.0,0,0,4,7,1100,0,1969,0,98092,47.3232,-122.103,1520,10125
18914,18914,9253900408,20150408T000000,1400000.0,3.0,2.75,3130,19530,1.0,1,4,3,8,1690,1440,1947,1984,98008,47.5895,-122.111,2980,18782
18915,18915,3313600077,20140919T000000,185000.0,3.0,1.0,1320,7155,1.0,0,0,4,6,1320,0,1961,0,98002,47.2857,-122.22,1070,8100
18916,18916,452001540,20140818T000000,554600.0,3.0,1.75,1470,5000,1.5,0,0,5,7,1470,0,1900,0,98107,47.6755,-122.369,1530,5000
18917,18917,3832710210,20140825T000000,268000.0,3.0,1.75,1480,8009,1.0,0,0,3,7,980,500,1980,0,98032,47.3657,-122.28,1790,7678
18918,18918,8563000300,20140915T000000,675000.0,4.0,2.25,2260,8715,1.0,0,0,4,8,1530,730,1976,0,98008,47.6237,-122.106,2220,8650
18919,18919,1313000650,20140711T000000,620000.0,4.0,2.25,2210,10039,1.0,0,0,4,8,1710,500,1967,0,98052,47.63399999999999,-122.101,2070,10965
18920,18920,3424069066,20140521T000000,396450.0,3.0,1.75,1540,12446,1.0,0,0,5,8,1540,0,1967,0,98027,47.5172,-122.027,1330,11508
18921,18921,2206500300,20140820T000000,565000.0,5.0,1.75,1910,9720,1.0,0,0,4,7,1390,520,1955,0,98006,47.5772,-122.159,1750,9720
18922,18922,3083001095,20140824T000000,410000.0,3.0,1.75,1760,3520,1.0,0,0,3,7,1160,600,1966,0,98144,47.5773,-122.303,1840,5000
18923,18923,809002290,20140519T000000,1190000.0,4.0,3.0,2240,6000,1.5,0,0,4,8,1270,970,1914,0,98109,47.6369,-122.35,2240,4250
18924,18924,6669070220,20140821T000000,716125.0,3.0,2.25,2110,7279,1.0,0,0,4,9,2110,0,1984,0,98033,47.6669,-122.17,2130,7279
18925,18925,2325069054,20140521T000000,225000.0,2.0,1.0,1396,111949,1.0,0,0,3,7,1396,0,1940,1997,98053,47.6374,-122.007,2020,111949
18926,18926,8820901792,20140711T000000,640000.0,4.0,2.75,3040,7274,2.0,0,3,3,9,2320,720,1986,0,98125,47.7184,-122.28,2830,10080
18927,18927,3488300110,20140910T000000,374000.0,2.0,1.0,1140,5650,1.0,0,1,3,6,980,160,1920,0,98116,47.5634,-122.391,1220,5700
18928,18928,3971700330,20150415T000000,415000.0,4.0,2.0,1780,12161,1.0,0,0,5,7,1160,620,1950,0,98155,47.7746,-122.323,1780,8170
18929,18929,5561400220,20140819T000000,592500.0,4.0,2.5,3370,35150,1.0,0,0,5,8,1770,1600,1993,0,98027,47.461000000000006,-122.002,2920,41241
18930,18930,2979800762,20140904T000000,365000.0,3.0,2.5,1484,1761,3.0,0,0,3,7,1484,0,2003,0,98115,47.6844,-122.317,1484,4320
18931,18931,6600220300,20140914T000000,600000.0,4.0,2.5,2230,12753,1.0,0,0,4,7,1180,1050,1981,0,98074,47.6297,-122.033,1860,12753
18932,18932,2817910220,20141216T000000,465000.0,4.0,2.5,2820,39413,2.0,0,0,4,9,2820,0,1989,0,98092,47.3064,-122.1,2910,39413
18933,18933,7696620100,20150422T000000,254999.0,3.0,1.0,1580,7560,1.0,0,0,4,7,1000,580,1976,0,98001,47.3318,-122.277,1580,7560
18934,18934,7760400900,20140916T000000,279000.0,4.0,2.5,2040,8076,2.0,0,0,3,7,2040,0,1994,0,98042,47.3691,-122.074,2040,8408
18935,18935,3353404265,20141231T000000,460000.0,3.0,2.5,2720,40813,2.0,0,0,3,8,2720,0,2001,0,98001,47.2619,-122.271,2250,40511
18936,18936,9828702666,20140728T000000,507000.0,4.0,2.25,1490,956,2.0,0,0,3,7,1020,470,2005,0,98122,47.6184,-122.301,1510,1350
18937,18937,1823059223,20140520T000000,291000.0,3.0,1.75,1560,9788,1.0,0,0,3,7,1560,0,1964,0,98178,47.4876,-122.226,1840,11180
18938,18938,2197600388,20141202T000000,350000.0,2.0,1.5,830,1077,2.0,0,0,3,7,830,0,2006,0,98122,47.6058,-122.319,830,1366
18939,18939,4239400300,20141129T000000,90000.0,3.0,1.0,980,2490,2.0,0,0,4,6,980,0,1969,0,98092,47.317,-122.182,980,3154
18940,18940,1328300820,20140806T000000,329000.0,3.0,1.75,1980,7000,1.0,0,0,4,8,1360,620,1977,0,98058,47.4442,-122.129,1880,7200
18941,18941,7805450870,20140814T000000,909000.0,4.0,2.5,3680,11648,2.0,0,0,3,10,3680,0,1986,0,98006,47.5604,-122.107,2830,11251
18942,18942,419000035,20141015T000000,187000.0,2.0,1.0,860,5400,1.0,0,0,4,5,860,0,1953,0,98056,47.492,-122.171,960,5400
18943,18943,3131201105,20140709T000000,580000.0,3.0,1.75,1850,5100,1.0,0,0,3,7,1020,830,1909,0,98105,47.6605,-122.326,1850,5100
18944,18944,112900110,20140903T000000,345000.0,3.0,2.5,1620,5992,2.0,0,0,3,7,1620,0,2001,0,98019,47.736,-121.965,1620,4644
18945,18945,5249802240,20140515T000000,497000.0,4.0,2.5,2240,7200,2.0,0,0,3,8,2240,0,1995,0,98118,47.5636,-122.275,1860,6600
18946,18946,7950302345,20140815T000000,345000.0,3.0,1.0,1010,3060,1.5,0,0,3,6,1010,0,1904,0,98118,47.5657,-122.285,1330,4590
18947,18947,2473371570,20141119T000000,313500.0,3.0,1.75,1610,7350,1.0,0,0,3,8,1610,0,1974,0,98058,47.4503,-122.131,2120,7350
18948,18948,3982700088,20150402T000000,910000.0,3.0,2.5,2720,7250,2.0,0,0,3,9,2720,0,1990,0,98033,47.6894,-122.195,2870,7250
18949,18949,3448000755,20140604T000000,399950.0,3.0,1.5,2080,5244,1.0,0,0,3,7,1190,890,1959,0,98125,47.7144,-122.293,1850,6982
18950,18950,1446400615,20140527T000000,268000.0,4.0,2.0,1930,6600,1.0,0,0,4,7,1030,900,1967,0,98168,47.482,-122.332,1220,6600
18951,18951,2484700145,20141229T000000,559000.0,4.0,1.75,2250,8458,1.0,0,0,3,8,1450,800,1954,0,98136,47.5235,-122.383,1950,7198
18952,18952,1753500100,20140709T000000,309000.0,3.0,2.25,1980,8755,1.0,0,0,4,7,1300,680,1963,0,98198,47.3922,-122.321,2030,8671
18953,18953,7853300770,20140609T000000,410000.0,3.0,2.5,1960,4400,2.0,0,0,3,7,1960,0,2006,0,98065,47.5384,-121.889,2060,4400
18954,18954,7236100015,20140520T000000,259000.0,3.0,1.0,1320,8625,1.0,0,0,4,7,1320,0,1957,0,98056,47.4902,-122.179,1370,8295
18955,18955,1959701695,20141124T000000,950000.0,5.0,2.0,2940,5500,2.0,0,0,4,9,2340,600,1909,0,98102,47.6466,-122.321,2940,5500
18956,18956,4024101421,20141202T000000,320000.0,4.0,1.0,1460,7200,1.5,0,0,4,7,1460,0,1955,0,98155,47.7602,-122.306,1690,7357
18957,18957,327000165,20150413T000000,1150000.0,4.0,2.5,2330,30122,1.0,0,1,3,8,1490,840,1951,0,98115,47.6843,-122.267,2430,6726
18958,18958,7893800534,20141124T000000,394250.0,3.0,2.0,2620,10107,1.0,0,3,3,7,2620,0,1982,0,98198,47.4096,-122.329,1730,7812
18959,18959,6430500191,20141106T000000,315000.0,1.0,1.0,700,3876,1.0,0,0,3,6,700,0,1910,0,98103,47.6886,-122.352,1150,3952
18960,18960,2354300835,20141224T000000,480000.0,2.0,2.0,1140,12000,1.0,0,0,3,6,1140,0,1943,0,98027,47.5277,-122.031,1880,6125
18961,18961,9510300220,20140804T000000,556000.0,3.0,2.5,2750,35440,2.0,0,0,3,9,2750,0,1994,0,98045,47.4745,-121.723,2710,35440
18962,18962,7852130410,20141027T000000,450000.0,3.0,2.5,2480,5647,2.0,0,0,3,7,2480,0,2002,0,98065,47.5355,-121.88,2510,5018
18963,18963,5101406522,20141001T000000,420000.0,3.0,1.5,1130,5413,1.0,0,0,3,7,940,190,1946,0,98125,47.7021,-122.32,1400,7168
18964,18964,2768200090,20150317T000000,890000.0,6.0,3.75,2770,5000,1.0,0,0,3,8,1870,900,1969,0,98107,47.669,-122.365,1570,2108
18965,18965,1761300650,20141006T000000,295000.0,4.0,2.0,1710,8814,1.0,0,0,5,7,1030,680,1975,0,98031,47.395,-122.174,1710,7272
18966,18966,1081330210,20140911T000000,410000.0,4.0,2.25,2150,27345,2.0,0,0,5,8,2150,0,1976,0,98059,47.469,-122.121,2200,11923
18967,18967,4137070090,20140611T000000,308900.0,3.0,2.5,2250,7294,2.0,0,0,3,8,2250,0,1994,0,98092,47.2636,-122.212,2140,7363
18968,18968,327000100,20141022T000000,1161000.0,4.0,2.5,2960,26742,1.0,0,3,3,8,1480,1480,1949,1996,98115,47.6846,-122.268,2500,9460
18969,18969,8682281510,20150128T000000,665000.0,2.0,2.5,2300,6984,1.0,0,0,3,8,2300,0,2006,0,98053,47.7087,-122.015,1820,4950
18970,18970,3297700100,20140903T000000,577000.0,3.0,1.75,1740,5500,1.0,0,0,5,7,970,770,1953,0,98116,47.577,-122.395,1740,7250
18971,18971,7518506717,20140917T000000,959000.0,3.0,2.5,2830,3750,3.0,0,0,3,10,2830,0,2014,0,98117,47.6799,-122.385,1780,5000
18972,18972,65000210,20140626T000000,471000.0,2.0,1.75,1240,6417,1.0,0,0,5,7,1240,0,1924,0,98126,47.5439,-122.379,1800,6417
18973,18973,3905040590,20150421T000000,560000.0,3.0,2.5,2180,7169,2.0,0,0,3,8,2180,0,1990,0,98029,47.5714,-122.002,2150,5914
18974,18974,5451210150,20140514T000000,955000.0,5.0,2.25,2510,9887,2.0,0,0,3,8,2510,0,1972,0,98040,47.5339,-122.223,2510,10006
18975,18975,1778360150,20140620T000000,1240000.0,7.0,5.5,6630,13782,2.0,0,0,3,10,4930,1700,2004,0,98006,47.5399,-122.118,4470,8639
18976,18976,6649900301,20141231T000000,579000.0,3.0,2.5,2300,18540,1.0,0,0,3,8,1800,500,1961,0,98177,47.7767,-122.369,2460,18540
18977,18977,9264901490,20150428T000000,335000.0,4.0,2.25,3220,7889,2.0,0,0,3,8,3220,0,1978,0,98023,47.3112,-122.339,2120,7651
18978,18978,7853220910,20140915T000000,485000.0,3.0,2.5,2270,7887,2.0,0,2,3,8,2270,0,2004,0,98065,47.5326,-121.855,2550,7133
18979,18979,9346700150,20140702T000000,552000.0,3.0,2.5,1840,9900,1.0,0,0,3,9,1840,0,1978,0,98007,47.6131,-122.151,2730,9900
18980,18980,2327000110,20140714T000000,950000.0,4.0,3.25,3820,15293,2.0,0,0,3,10,3820,0,2003,0,98074,47.6097,-122.017,2790,7142
18981,18981,7137900490,20150316T000000,203700.0,3.0,2.0,1660,7958,1.0,0,0,3,7,1130,530,1983,0,98092,47.3187,-122.171,1550,7647
18982,18982,9264960850,20140709T000000,412000.0,4.0,3.5,3360,9767,2.0,0,0,3,9,2450,910,1990,0,98023,47.3047,-122.347,2580,8757
18983,18983,1545808960,20150106T000000,237500.0,3.0,2.0,1350,8960,1.0,0,0,4,7,1350,0,1986,0,98038,47.3614,-122.045,1470,8288
18984,18984,486000085,20140815T000000,866800.0,4.0,3.5,2970,5000,2.0,0,2,3,9,2200,770,2001,0,98117,47.6772,-122.399,1470,4560
18985,18985,7977200945,20150310T000000,425000.0,3.0,1.0,1000,5100,1.0,0,0,3,7,860,140,1946,0,98115,47.6857,-122.293,1000,5100
18986,18986,3056700150,20140625T000000,200000.0,3.0,2.0,1190,6833,1.0,0,0,3,7,1190,0,1995,0,98092,47.3191,-122.18,1540,8000
18987,18987,7896300150,20140929T000000,280000.0,3.0,1.75,1670,6034,1.0,0,0,3,7,990,680,1957,0,98118,47.5209,-122.286,1230,6034
18988,18988,7399100210,20141126T000000,140000.0,3.0,1.5,1200,2002,2.0,0,0,3,8,1200,0,1966,0,98055,47.4659,-122.189,1270,1848
18989,18989,2473370110,20141114T000000,370000.0,5.0,2.5,2250,10400,1.0,0,0,3,8,1280,970,1973,0,98058,47.4501,-122.139,2140,9592
18990,18990,2770605420,20140916T000000,550000.0,2.0,0.75,1040,4000,1.0,0,0,3,7,930,110,1909,0,98119,47.6489,-122.372,1700,4800
18991,18991,7856400300,20140702T000000,1411600.0,2.0,2.5,3180,9400,2.0,0,4,5,10,2610,570,1985,0,98006,47.5617,-122.158,3760,9450
18992,18992,7856400300,20150322T000000,1505000.0,2.0,2.5,3180,9400,2.0,0,4,5,10,2610,570,1985,0,98006,47.5617,-122.158,3760,9450
18993,18993,7923700330,20140528T000000,510000.0,4.0,1.5,2040,8800,1.0,0,0,4,7,1020,1020,1961,0,98007,47.5965,-122.139,1490,8800
18994,18994,5632500110,20140716T000000,351000.0,3.0,1.0,1160,10518,1.0,0,0,3,7,1160,0,1960,0,98028,47.7343,-122.22,1670,9380
18995,18995,723049219,20150325T000000,210000.0,3.0,1.0,880,10800,1.0,0,0,3,6,880,0,1942,0,98146,47.4949,-122.338,1100,8820
18996,18996,2320069111,20150507T000000,449999.0,4.0,1.75,2290,36900,1.5,0,2,5,7,1690,600,1938,0,98022,47.2034,-122.003,2170,12434
18997,18997,7972604345,20140519T000000,137000.0,3.0,1.0,950,7620,1.0,0,0,3,6,950,0,1954,0,98106,47.5178,-122.346,1260,7620
18998,18998,3222069156,20141217T000000,270000.0,3.0,1.0,1010,14510,1.0,0,0,5,7,1010,0,1974,0,98042,47.3437,-122.078,2020,44866
18999,18999,1722069097,20141229T000000,540000.0,3.0,2.5,3100,100188,1.0,0,0,4,7,1820,1280,1981,0,98038,47.3928,-122.066,2430,104979
19000,19000,4022905473,20141205T000000,565000.0,5.0,3.0,2560,12480,1.0,0,0,3,8,1590,970,2012,0,98155,47.7657,-122.284,2500,17299
19001,19001,5318101695,20150409T000000,940000.0,4.0,1.5,2430,3600,2.5,0,0,3,8,2430,0,1980,0,98112,47.6351,-122.285,2020,4800
19002,19002,5216200090,20140616T000000,385000.0,2.0,1.0,830,26329,1.0,1,3,4,6,830,0,1928,0,98070,47.4012,-122.425,2030,27338
19003,19003,9526500090,20140822T000000,400000.0,3.0,3.0,2090,7634,1.0,0,0,3,8,1450,640,2001,0,98019,47.7408,-121.974,2090,9600
19004,19004,423059039,20150321T000000,365000.0,3.0,2.0,2030,8649,1.0,0,0,3,7,2030,0,1998,0,98056,47.5082,-122.166,1760,7200
19005,19005,6909700437,20140522T000000,353250.0,2.0,1.0,1060,1600,2.0,0,0,3,7,1060,0,1979,0,98144,47.5888,-122.294,1360,3360
19006,19006,1205000215,20150429T000000,455000.0,2.0,1.5,1090,6750,1.0,0,0,3,7,950,140,1942,0,98117,47.6836,-122.397,1640,6750
19007,19007,3223039229,20140527T000000,475000.0,4.0,3.5,3400,234352,2.0,0,0,3,8,2500,900,1991,0,98070,47.4335,-122.449,1300,39639
19008,19008,4077800474,20141124T000000,571500.0,4.0,1.75,1920,7455,1.0,0,0,4,7,960,960,1939,1964,98125,47.7106,-122.286,1920,7455
19009,19009,1604600227,20150328T000000,441000.0,2.0,1.0,1150,3000,1.0,0,0,3,6,780,370,1915,0,98118,47.5624,-122.291,1150,5000
19010,19010,9542200220,20150213T000000,810000.0,6.0,2.75,3970,9500,1.0,0,0,4,10,2180,1790,1970,0,98005,47.5956,-122.178,2490,9775
19011,19011,6600220490,20150409T000000,550000.0,3.0,2.25,1880,11556,2.0,0,0,3,8,1880,0,1987,0,98074,47.6283,-122.032,1880,12000
19012,19012,2138700141,20140702T000000,736000.0,2.0,1.0,1500,4000,1.0,0,0,3,8,1100,400,1933,0,98109,47.6409,-122.353,1980,4000
19013,19013,4046600820,20150224T000000,375000.0,3.0,1.75,2190,17550,1.0,0,0,3,7,2190,0,1989,0,98014,47.6984,-121.912,1700,17550
19014,19014,9430100360,20150205T000000,717500.0,3.0,2.5,2530,9932,2.0,0,0,3,8,2530,0,1995,0,98052,47.6853,-122.16,2140,7950
19015,19015,2447500015,20141121T000000,581000.0,2.0,1.75,1930,11200,1.0,0,2,3,8,1430,500,1951,0,98177,47.7576,-122.37,2840,12408
19016,19016,1524039043,20140725T000000,629000.0,3.0,2.0,1510,4560,2.0,0,0,4,7,1510,0,1909,1995,98116,47.5689,-122.408,1990,5000
19017,19017,2303900100,20140911T000000,3800000.0,3.0,4.25,5510,35000,2.0,0,4,3,13,4910,600,1997,0,98177,47.7296,-122.37,3430,45302
19018,19018,8651400230,20141208T000000,225000.0,3.0,2.0,1100,5200,1.0,0,0,3,6,1100,0,1969,2014,98042,47.3606,-122.083,1050,5330
19019,19019,7437100210,20140618T000000,315000.0,3.0,2.5,1730,6368,2.0,0,0,3,7,1730,0,1993,0,98038,47.3505,-122.032,1780,6597
19020,19020,3630020150,20150310T000000,425000.0,3.0,2.5,1480,1386,3.0,0,0,3,8,1480,0,2005,0,98029,47.5468,-121.998,1470,1593
19021,19021,1773600691,20140625T000000,346500.0,3.0,1.0,1150,11802,1.0,0,0,4,7,1150,0,1932,1958,98106,47.5624,-122.361,1880,6082
19022,19022,5448300150,20150105T000000,550000.0,3.0,2.25,1950,26500,1.0,0,0,4,8,1570,380,1965,0,98006,47.5784,-122.179,2160,12751
19023,19023,2260000210,20150209T000000,565000.0,3.0,1.75,2380,10450,1.0,0,0,3,8,1400,980,1977,0,98052,47.6409,-122.111,2150,9600
19024,19024,6815100085,20141224T000000,1001000.0,4.0,2.0,3100,8000,1.5,0,0,5,7,2040,1060,1939,0,98103,47.6852,-122.329,1650,4000
19025,19025,5141000720,20140805T000000,400000.0,2.0,2.0,2010,3797,1.5,0,0,3,7,1450,560,1922,2004,98108,47.5596,-122.315,1660,4650
19026,19026,9276200455,20141121T000000,724950.0,4.0,2.0,2270,5760,2.0,0,0,4,8,2270,0,1909,0,98116,47.5809,-122.39,1420,5760
19027,19027,5459500165,20140708T000000,623000.0,3.0,1.75,2050,16313,1.0,0,0,2,8,2050,0,1973,0,98040,47.5743,-122.212,3180,10264
19028,19028,9828701295,20140624T000000,295000.0,2.0,1.0,650,5400,1.0,0,0,3,6,650,0,1950,0,98122,47.6185,-122.295,1310,4906
19029,19029,164000261,20140521T000000,700000.0,4.0,3.25,2780,7875,2.0,0,0,3,9,2780,0,2006,0,98133,47.7294,-122.352,1000,7500
19030,19030,2767704682,20150408T000000,482000.0,2.0,1.5,1300,1229,2.0,0,0,3,8,1160,140,2000,0,98107,47.6727,-122.375,1430,1255
19031,19031,6791050450,20140821T000000,770000.0,3.0,2.5,2730,11380,2.0,0,0,3,10,2730,0,1995,0,98075,47.58,-122.057,2800,10070
19032,19032,1221039066,20141017T000000,310000.0,4.0,2.5,3140,22100,1.0,0,0,4,8,1820,1320,1960,0,98023,47.319,-122.362,2700,25500
19033,19033,686300450,20140708T000000,720000.0,4.0,2.25,2410,8400,2.0,0,0,5,8,2410,0,1965,0,98008,47.626000000000005,-122.119,1910,8056
19034,19034,3822200087,20150319T000000,355000.0,3.0,1.0,1180,5965,1.5,0,0,4,6,1180,0,1928,0,98125,47.7281,-122.299,1270,7710
19035,19035,6669250100,20140729T000000,512000.0,4.0,2.5,2600,4506,2.0,0,0,3,9,2600,0,2005,0,98056,47.5146,-122.188,2470,6041
19036,19036,1453602310,20141216T000000,303000.0,2.0,1.5,1400,1650,3.0,0,0,3,7,1400,0,1999,0,98125,47.7222,-122.29,1430,1650
19037,19037,984200690,20140618T000000,299000.0,5.0,2.5,2220,9360,1.0,0,0,4,7,1110,1110,1968,0,98058,47.4341,-122.169,1780,7704
19038,19038,5468770180,20140623T000000,285000.0,3.0,2.5,1660,6263,2.0,0,0,3,8,1660,0,2003,0,98042,47.3507,-122.141,2190,6192
19039,19039,5459500100,20140924T000000,680000.0,3.0,1.75,2330,9652,1.0,0,0,4,8,1590,740,1968,0,98040,47.5714,-122.211,2420,9631
19040,19040,2968801605,20140902T000000,285000.0,4.0,1.75,1440,6720,1.0,0,0,5,6,720,720,1954,0,98166,47.4571,-122.345,1820,6784
19041,19041,2141310580,20141125T000000,707000.0,4.0,2.25,2920,17023,1.0,0,0,4,9,1690,1230,1977,0,98006,47.5585,-122.134,2710,10681
19042,19042,2325039067,20140507T000000,690000.0,3.0,2.0,1760,6428,1.0,0,0,4,7,980,780,1942,0,98199,47.6388,-122.397,1760,6004
19043,19043,2426059103,20150422T000000,872000.0,4.0,2.25,2860,40284,2.0,0,0,3,10,2860,0,1983,0,98072,47.7308,-122.115,2670,92782
19044,19044,3541600450,20141104T000000,290000.0,4.0,1.75,2090,12750,1.0,0,0,3,8,1360,730,1967,0,98166,47.4792,-122.357,2040,12300
19045,19045,5631501161,20150417T000000,425000.0,4.0,1.75,1910,16785,1.0,0,0,4,7,1110,800,1981,0,98028,47.7474,-122.235,1590,9900
19046,19046,3224510300,20150126T000000,925000.0,3.0,2.75,3280,10558,1.0,0,2,4,9,2040,1240,1979,0,98006,47.5606,-122.133,3150,9998
19047,19047,4027700466,20141219T000000,340500.0,3.0,1.0,1770,12458,1.0,0,0,3,7,1770,0,1957,0,98155,47.7715,-122.27,2000,8225
19048,19048,1702901500,20141121T000000,365000.0,2.0,1.0,920,6600,1.0,0,0,4,6,920,0,1910,0,98118,47.5572,-122.282,1370,5500
19049,19049,8146300205,20140710T000000,725000.0,3.0,1.75,1690,8489,1.0,0,0,4,7,1690,0,1959,0,98004,47.6079,-122.192,1850,8536
19050,19050,3526039019,20140702T000000,811000.0,3.0,3.0,2470,7410,2.0,0,0,5,8,1860,610,1977,0,98117,47.6937,-122.392,2390,7800
19051,19051,5230300210,20141210T000000,299000.0,3.0,1.0,1040,9514,1.0,0,0,4,7,1040,0,1969,0,98059,47.4936,-122.102,1040,9514
19052,19052,7907600100,20150421T000000,287500.0,4.0,2.0,1220,9147,1.0,0,0,5,7,1220,0,1953,0,98146,47.5011,-122.336,1220,8576
19053,19053,9322800210,20140520T000000,879950.0,4.0,2.25,3500,13875,1.0,0,4,4,9,1830,1670,1938,0,98146,47.5083,-122.388,2960,15000
19054,19054,3352400661,20141110T000000,135900.0,2.0,1.0,760,3800,1.0,0,0,3,6,760,0,1950,0,98178,47.5019,-122.269,1220,7410
19055,19055,3625710100,20140512T000000,1225000.0,4.0,2.25,3070,16028,1.0,0,3,3,9,1870,1200,1976,0,98040,47.5271,-122.228,3070,19822
19056,19056,3626039207,20141017T000000,522500.0,4.0,1.75,2100,6480,1.0,0,0,5,7,1300,800,1947,0,98177,47.7049,-122.359,1840,7500
19057,19057,7568700215,20150312T000000,399500.0,4.0,1.5,1660,6617,1.0,0,0,5,7,1660,0,1947,0,98155,47.739,-122.323,950,7440
19058,19058,1604600540,20150504T000000,450000.0,3.0,1.0,1430,5960,1.5,0,0,4,7,1430,0,1917,0,98118,47.562,-122.289,1140,3960
19059,19059,1421039067,20141027T000000,218000.0,4.0,1.0,1620,17500,1.0,0,0,3,7,1620,0,1962,0,98023,47.3021,-122.388,2400,17394
19060,19060,7137970210,20150327T000000,289999.0,3.0,2.0,1490,9285,1.0,0,0,3,8,1490,0,1995,0,98092,47.3248,-122.169,2040,6681
19061,19061,2767603255,20150224T000000,540000.0,2.0,1.0,1170,4750,1.0,0,0,3,6,1170,0,1903,0,98107,47.6729,-122.378,1170,2023
19062,19062,3575303700,20140725T000000,324950.0,3.0,1.0,1240,7500,1.0,0,0,4,7,1240,0,1976,0,98074,47.6199,-122.062,1240,9750
19063,19063,1702901340,20140613T000000,718500.0,3.0,2.0,2910,6600,2.0,0,0,4,7,1920,990,1900,1988,98118,47.5576,-122.281,1370,5500
19064,19064,2320069014,20140709T000000,495000.0,3.0,2.0,2660,192099,1.0,0,0,4,9,2660,0,1964,0,98022,47.2098,-122.016,2570,43561
19065,19065,3141600600,20140521T000000,260000.0,6.0,2.0,2220,8797,1.0,0,0,3,7,2220,0,1977,0,98002,47.2977,-122.227,1170,5123
19066,19066,2201501015,20140502T000000,430000.0,4.0,1.5,1920,10000,1.0,0,0,4,7,1070,850,1954,0,98006,47.5725,-122.133,1450,10836
19067,19067,3782760040,20140603T000000,402500.0,3.0,3.25,2780,4002,2.0,0,0,3,8,2780,0,2009,0,98019,47.7348,-121.966,1890,4090
19068,19068,6613001241,20140811T000000,1415000.0,4.0,3.0,3110,4408,2.5,0,3,4,10,2510,600,1931,0,98105,47.6583,-122.27,3250,5669
19069,19069,3276980120,20141028T000000,275000.0,3.0,2.25,1820,9766,1.0,0,0,4,7,1450,370,1987,0,98031,47.397,-122.203,1860,8236
19070,19070,1321400650,20140603T000000,250000.0,3.0,2.25,1765,7652,2.0,0,0,3,7,1765,0,1996,0,98003,47.3072,-122.328,1765,7719
19071,19071,643300180,20140523T000000,665000.0,3.0,2.75,1800,9550,1.0,0,0,4,7,1320,480,1966,0,98006,47.5679,-122.178,1890,9902
19072,19072,322059210,20150203T000000,425000.0,3.0,2.5,2650,144183,1.0,0,0,3,8,2650,0,1967,0,98042,47.4212,-122.144,1940,41210
19073,19073,9551201560,20140722T000000,760000.0,2.0,1.0,1410,3600,1.5,0,0,4,7,1310,100,1925,0,98103,47.6695,-122.338,1740,4200
19074,19074,7202330330,20140814T000000,447000.0,3.0,2.5,1650,3076,2.0,0,0,3,7,1650,0,2003,0,98053,47.682,-122.035,1560,3064
19075,19075,5153900150,20140708T000000,205000.0,3.0,1.0,1180,8240,1.0,0,0,4,7,1180,0,1967,0,98003,47.3325,-122.321,1180,7840
19076,19076,1788700230,20140506T000000,191000.0,3.0,1.5,800,8850,1.0,0,0,4,6,800,0,1959,0,98023,47.3266,-122.348,820,8775
19077,19077,49000051,20150316T000000,350000.0,2.0,1.75,1430,7921,1.0,0,0,3,7,1430,0,1983,0,98146,47.5088,-122.371,1290,8040
19078,19078,3343301393,20150330T000000,789888.0,5.0,3.5,3300,7860,2.0,0,0,3,9,2410,890,2001,0,98006,47.5463,-122.192,2540,9920
19079,19079,2832100215,20150323T000000,443000.0,2.0,1.0,1220,10170,1.0,0,0,3,7,980,240,1948,0,98125,47.7297,-122.327,1990,9064
19080,19080,1980200015,20140929T000000,695000.0,4.0,3.5,3530,7202,2.0,0,0,3,9,2660,870,2000,0,98177,47.7339,-122.36,2810,8100
19081,19081,1825049013,20150213T000000,560000.0,4.0,2.0,1380,4048,1.5,0,0,4,7,1380,0,1906,0,98103,47.6583,-122.344,1440,3956
19082,19082,7550800015,20140714T000000,550000.0,3.0,1.75,1410,5000,1.0,0,0,4,7,810,600,1923,0,98107,47.6727,-122.395,1760,5000
19083,19083,8682230760,20140724T000000,850000.0,2.0,2.5,3360,6750,2.0,0,0,3,9,3360,0,2004,0,98053,47.7112,-122.033,2510,6750
19084,19084,8645511500,20150420T000000,352750.0,4.0,2.75,2270,24237,1.0,0,0,4,7,1360,910,1977,0,98058,47.4672,-122.175,2050,8016
19085,19085,8567450220,20140818T000000,550000.0,4.0,2.5,2890,9045,2.0,0,0,3,8,2890,0,2001,0,98019,47.7385,-121.965,2840,10114
19086,19086,1556200205,20141118T000000,774900.0,5.0,1.0,1750,3861,1.5,0,0,3,7,1750,0,1903,0,98122,47.6075,-122.295,1700,4255
19087,19087,9476200580,20140710T000000,250000.0,3.0,1.0,1010,8711,1.0,0,0,5,6,1010,0,1944,0,98056,47.4914,-122.186,1250,8053
19088,19088,8965410150,20140825T000000,962800.0,4.0,2.5,3780,23623,2.0,0,0,3,9,3780,0,1997,0,98006,47.559,-122.118,3370,10210
19089,19089,5031300011,20141104T000000,299500.0,3.0,1.75,1880,11700,1.0,0,0,4,7,1880,0,1968,0,98092,47.3213,-122.187,2230,35200
19090,19090,5101408735,20141103T000000,250000.0,2.0,1.0,800,5220,1.0,0,0,3,6,800,0,1943,0,98125,47.7037,-122.32,1910,5376
19091,19091,2623069010,20150116T000000,745000.0,5.0,4.0,4720,493534,2.0,0,0,5,9,3960,760,1975,0,98027,47.4536,-122.009,2160,219542
19092,19092,2624089040,20150217T000000,279475.0,2.0,1.0,1060,10600,1.5,0,0,3,6,1060,0,1968,0,98065,47.5375,-121.742,1560,21344
19093,19093,3345700165,20141202T000000,450000.0,3.0,2.25,2530,27227,2.0,0,0,3,8,2530,0,1987,0,98056,47.527,-122.193,2160,30192
19094,19094,379000051,20140826T000000,307700.0,5.0,2.25,1980,13132,1.0,0,0,4,7,1260,720,1962,0,98198,47.3984,-122.301,1880,11325
19095,19095,871000155,20141211T000000,665000.0,3.0,1.0,1650,5102,1.0,0,0,4,8,1300,350,1953,0,98199,47.6524,-122.404,1440,5102
19096,19096,7852020580,20140724T000000,375000.0,3.0,2.75,1890,3930,2.0,0,0,3,8,1890,0,1999,0,98065,47.5337,-121.867,2100,4259
19097,19097,7298050110,20150303T000000,420000.0,4.0,2.5,3360,11637,2.0,0,0,3,11,3360,0,1990,0,98023,47.3018,-122.342,3530,11205
19098,19098,2114700615,20140708T000000,148000.0,2.0,1.0,630,4200,1.0,0,0,3,6,630,0,1930,0,98106,47.5329,-122.348,970,4200
19099,19099,809001965,20140729T000000,707000.0,3.0,1.5,1980,4000,2.0,0,0,3,8,1980,0,1919,0,98109,47.6364,-122.351,1980,3600
19100,19100,9557200090,20141112T000000,399000.0,3.0,1.0,990,4250,1.0,0,0,4,7,840,150,1924,0,98136,47.5392,-122.39,990,4500
19101,19101,5126210360,20141022T000000,570000.0,4.0,2.5,3420,115434,2.0,0,0,3,9,3420,0,1989,0,98038,47.3932,-121.988,3250,111513
19102,19102,3528000210,20150323T000000,853000.0,4.0,2.25,3440,35025,2.0,0,0,3,10,3440,0,1988,0,98053,47.6674,-122.055,3210,35005
19103,19103,424059052,20141222T000000,400000.0,3.0,1.0,1300,14138,1.0,0,0,4,7,1300,0,1943,0,98005,47.593,-122.165,2440,12196
19104,19104,594000115,20140512T000000,615000.0,2.0,1.75,2040,28593,1.5,1,3,4,7,2040,0,1919,1990,98070,47.3979,-122.465,2040,35124
19105,19105,2207100740,20150106T000000,463000.0,3.0,1.0,1250,7700,1.0,0,0,4,7,1250,0,1955,0,98007,47.5974,-122.149,1520,7700
19106,19106,7784000100,20140603T000000,600000.0,4.0,2.5,1960,14242,1.0,0,1,4,8,1290,670,1958,0,98146,47.4947,-122.369,2490,10907
19107,19107,3732800495,20141028T000000,429000.0,5.0,2.5,2720,8120,1.0,0,0,3,7,1360,1360,1970,0,98108,47.557,-122.308,2020,8120
19108,19108,2025059131,20140904T000000,980000.0,4.0,4.25,3250,11780,2.0,0,0,3,8,2360,890,1944,2001,98004,47.6322,-122.203,1800,9000
19109,19109,6699000740,20150421T000000,359500.0,6.0,3.75,3190,4700,2.0,0,0,3,8,3190,0,2003,0,98042,47.3724,-122.105,2680,5640
19110,19110,8651610580,20141107T000000,715000.0,4.0,2.5,2570,7980,2.0,0,0,3,9,2570,0,1998,0,98074,47.6378,-122.065,2760,6866
19111,19111,5412300100,20150325T000000,240000.0,3.0,1.75,1420,6984,1.0,0,0,4,7,980,440,1980,0,98030,47.3748,-122.18,1430,7875
19112,19112,8096600100,20141215T000000,455000.0,4.0,2.0,2120,9442,1.0,0,0,5,7,1060,1060,1968,0,98011,47.7675,-122.226,1290,9600
19113,19113,722079015,20141017T000000,610000.0,3.0,2.5,2080,167270,1.0,0,0,3,7,2080,0,2000,0,98038,47.4032,-121.963,2080,55321
19114,19114,339350150,20150311T000000,675000.0,3.0,2.75,2740,5735,2.0,0,0,3,9,2740,0,2004,0,98052,47.6862,-122.093,2210,5026
19115,19115,2560805440,20150129T000000,283500.0,3.0,1.75,1250,5375,1.0,0,0,3,7,1250,0,1985,0,98198,47.3787,-122.323,1320,6258
19116,19116,7131300047,20140826T000000,235000.0,2.0,1.0,2150,4500,1.5,0,0,3,7,1260,890,1917,0,98118,47.5158,-122.267,1590,5010
19117,19117,3459600180,20140626T000000,827000.0,4.0,2.5,3230,12100,1.0,0,0,3,9,1870,1360,1977,0,98006,47.562,-122.146,2670,10200
19118,19118,7663700663,20140910T000000,353000.0,2.0,1.0,860,8511,1.0,0,0,3,7,860,0,1949,0,98125,47.7312,-122.3,1554,8499
19119,19119,5415350770,20140923T000000,747500.0,4.0,2.5,2810,11902,2.0,0,0,4,9,2810,0,1993,0,98059,47.5303,-122.143,2990,10754
19120,19120,3083000940,20150412T000000,341000.0,2.0,1.0,1040,4000,1.0,0,0,3,6,1040,0,1914,0,98144,47.5753,-122.303,1740,4000
19121,19121,1670400090,20141124T000000,182000.0,3.0,1.0,1160,18055,1.0,0,0,2,5,1160,0,1950,0,98168,47.4772,-122.269,1340,10324
19122,19122,2781250610,20141202T000000,250000.0,3.0,2.0,1470,2781,2.0,0,0,3,6,1470,0,2003,0,98038,47.349,-122.024,1360,3008
19123,19123,3764500090,20140521T000000,655000.0,4.0,3.5,2350,13402,2.0,0,3,3,8,1670,680,1994,0,98033,47.6947,-122.19,2250,9474
19124,19124,7401000040,20140507T000000,405000.0,3.0,2.25,1660,8307,1.0,0,0,4,8,1660,0,1961,0,98133,47.7575,-122.352,2510,7800
19125,19125,4323700230,20140818T000000,390000.0,4.0,1.75,2020,9750,1.0,0,0,3,7,1100,920,1975,0,98074,47.6192,-122.055,1670,9600
19126,19126,3500100047,20141008T000000,275400.0,2.0,1.0,890,8180,1.0,0,0,3,7,890,0,1947,0,98155,47.737,-122.3,1130,8180
19127,19127,3885807362,20140604T000000,791000.0,3.0,2.25,2430,5500,2.0,0,0,3,8,1810,620,1989,0,98033,47.6812,-122.196,2040,5500
19128,19128,7199340650,20140508T000000,424500.0,3.0,1.75,1460,7700,1.0,0,0,3,7,1460,0,1979,0,98052,47.6981,-122.127,1720,7280
19129,19129,5014000120,20140617T000000,430000.0,3.0,1.0,980,7200,1.0,0,0,4,7,980,0,1950,0,98116,47.5718,-122.395,1180,6572
19130,19130,3758900037,20150505T000000,865000.0,4.0,2.5,2580,10631,2.0,0,2,4,9,2580,0,1992,0,98033,47.6993,-122.206,4220,10631
19131,19131,2724201202,20150304T000000,163000.0,2.0,2.0,1250,7543,1.0,0,0,3,7,1250,0,1962,0,98198,47.4051,-122.296,1250,7506
19132,19132,7855600730,20140908T000000,920000.0,4.0,2.75,3140,9085,1.0,0,2,5,8,1570,1570,1961,0,98006,47.5675,-122.16,2430,9350
19133,19133,7151700360,20141211T000000,1028950.0,5.0,3.25,2680,3011,2.0,0,0,3,9,1870,810,1910,2014,98122,47.6115,-122.287,3440,5165
19134,19134,3811300090,20140724T000000,325000.0,3.0,1.75,1810,8048,1.0,0,0,4,7,1290,520,1983,0,98055,47.4484,-122.194,1550,9081
19135,19135,538000450,20140603T000000,315000.0,5.0,2.5,2090,4698,2.0,0,0,3,7,2090,0,1998,0,98038,47.3538,-122.025,2070,4698
19136,19136,6303400475,20140911T000000,227000.0,4.0,1.0,1120,8763,1.0,0,0,3,6,1120,0,1971,0,98146,47.508,-122.358,1120,8636
19137,19137,3388110230,20140729T000000,179000.0,4.0,1.75,1790,7175,1.5,0,0,3,6,1410,380,1900,0,98168,47.4963,-122.318,1790,8417
19138,19138,9834201215,20141009T000000,276000.0,2.0,1.0,870,2676,1.0,0,0,3,7,820,50,2004,0,98144,47.5702,-122.287,1500,1719
19139,19139,844000375,20150303T000000,335000.0,4.0,1.5,3160,19745,1.5,0,0,4,6,1840,1320,1968,0,98010,47.3103,-122.006,1540,8611
19140,19140,3816700150,20141114T000000,430000.0,3.0,2.0,2350,12480,1.0,0,0,3,7,1600,750,1981,0,98028,47.7661,-122.262,2160,12000
19141,19141,7237301210,20141118T000000,266490.0,3.0,2.5,1810,4113,2.0,0,0,3,7,1810,0,2004,0,98042,47.3715,-122.126,1880,4465
19142,19142,130000175,20140806T000000,655000.0,4.0,2.75,3160,8197,1.0,0,0,3,8,1580,1580,1962,0,98115,47.7004,-122.287,2050,8197
19143,19143,9468200175,20141114T000000,635500.0,3.0,2.0,1660,3600,1.0,0,0,3,7,1000,660,1939,2006,98103,47.6789,-122.351,1700,4356
19144,19144,8643200061,20140626T000000,235000.0,5.0,2.5,2500,9583,1.0,0,0,3,7,1300,1200,1979,0,98198,47.3946,-122.312,2120,19352
19145,19145,7805460760,20150427T000000,885000.0,3.0,2.5,2880,11443,2.0,0,0,4,9,2880,0,1986,0,98006,47.5633,-122.111,2840,12530
19146,19146,6713700155,20140818T000000,352500.0,3.0,1.0,1470,8400,1.0,0,0,4,7,1470,0,1953,0,98133,47.7628,-122.354,1470,8400
19147,19147,3236500220,20140709T000000,450000.0,3.0,2.5,1460,7573,2.0,0,0,3,8,1460,0,1983,0,98007,47.6012,-122.141,1910,7668
19148,19148,3625049042,20141011T000000,3635000.0,5.0,6.0,5490,19897,2.0,0,0,3,12,5490,0,2005,0,98039,47.6165,-122.236,2910,17600
19149,19149,7935000450,20140919T000000,1050000.0,3.0,2.25,2480,15022,1.0,0,4,3,9,1330,1150,1967,2003,98136,47.5497,-122.396,2500,8178
19150,19150,1324300018,20141121T000000,476000.0,2.0,2.25,1140,1332,3.0,0,0,3,8,1140,0,1999,0,98103,47.6543,-122.356,1140,1267
19151,19151,4123820450,20140507T000000,375000.0,3.0,2.5,1830,13042,2.0,0,0,3,8,1830,0,1990,0,98038,47.3738,-122.042,1940,6996
19152,19152,9325200120,20140909T000000,600600.0,4.0,3.5,3110,6829,2.0,0,0,3,8,3110,0,2014,0,98148,47.4349,-122.328,2910,7425
19153,19153,3918400097,20141117T000000,567000.0,4.0,1.75,2630,11213,1.0,0,2,4,8,1430,1200,1948,0,98177,47.7158,-122.366,2240,15186
19154,19154,8126300410,20140725T000000,650000.0,4.0,1.75,2390,12000,1.0,0,0,3,8,1470,920,1979,0,98052,47.7061,-122.163,2110,12000
19155,19155,7227800040,20140604T000000,190000.0,5.0,2.0,1750,10284,1.0,0,0,4,5,1750,0,1943,0,98056,47.5094,-122.182,1560,9010
19156,19156,1020069042,20141001T000000,858000.0,4.0,3.5,4370,422967,1.0,0,2,4,10,2580,1790,1978,0,98022,47.2332,-122.029,3260,422967
19157,19157,3213200245,20150115T000000,435500.0,1.0,1.75,1020,4512,1.0,0,0,3,7,770,250,1937,0,98115,47.6724,-122.266,1230,5029
19158,19158,455000760,20150311T000000,685000.0,3.0,2.0,2500,6733,1.0,0,0,3,8,1770,730,1979,0,98107,47.6691,-122.36,1770,6343
19159,19159,104510230,20141119T000000,252000.0,3.0,2.0,1540,7210,2.0,0,0,4,7,1540,0,1984,0,98023,47.3128,-122.351,1500,7210
19160,19160,4140090110,20140912T000000,512500.0,4.0,2.25,2200,6900,2.0,0,0,4,8,2200,0,1975,0,98028,47.7682,-122.261,2400,6900
19161,19161,6072500490,20140801T000000,423800.0,3.0,2.5,1940,7415,2.0,0,0,3,8,1940,0,1965,0,98006,47.542,-122.176,1940,8425
19162,19162,6705120100,20150504T000000,460000.0,3.0,2.25,1453,2225,2.0,0,0,4,8,1453,0,1986,0,98006,47.5429,-122.188,1860,2526
19163,19163,3764390100,20140722T000000,434000.0,3.0,2.75,1830,3200,2.0,0,0,3,8,1830,0,1991,0,98034,47.7155,-122.218,2030,3331
19164,19164,2988800011,20150414T000000,244000.0,3.0,1.0,2000,15900,1.0,0,0,3,6,1000,1000,1948,0,98178,47.4816,-122.233,1760,10500
19165,19165,1073100065,20150217T000000,348125.0,3.0,1.0,1400,8451,1.5,0,0,3,7,1400,0,1953,0,98133,47.7719,-122.337,1590,8433
19166,19166,1136100062,20140509T000000,585000.0,4.0,3.25,2400,29252,2.0,0,0,4,8,2400,0,1982,0,98072,47.743,-122.131,2280,45000
19167,19167,3356402020,20140508T000000,230000.0,3.0,1.0,1390,16000,1.0,0,0,4,6,1390,0,1960,0,98001,47.2898,-122.251,1420,10000
19168,19168,8039900180,20140805T000000,450000.0,3.0,2.0,1680,11250,1.0,0,0,4,8,1680,0,1967,0,98045,47.4861,-121.786,1760,12160
19169,19169,4174600391,20150323T000000,393000.0,5.0,2.0,1820,5054,1.0,0,0,4,7,910,910,1970,0,98108,47.5547,-122.299,1180,5628
19170,19170,6865200981,20141221T000000,517000.0,2.0,1.0,1140,3750,1.0,0,0,4,7,1140,0,1925,0,98103,47.6619,-122.343,1660,4000
19171,19171,1236900090,20140915T000000,400000.0,3.0,1.0,1060,12690,1.0,0,0,3,7,1060,0,1969,0,98033,47.6736,-122.167,1920,10200
19172,19172,925069152,20150304T000000,890000.0,2.0,1.75,3050,50965,2.0,0,0,3,10,3050,0,1991,0,98053,47.6744,-122.05,3050,40107
19173,19173,9456200405,20150310T000000,205950.0,3.0,1.0,970,11963,1.0,0,0,4,6,970,0,1970,0,98198,47.3776,-122.315,1210,11963
19174,19174,2420069220,20141203T000000,209000.0,3.0,1.0,1320,3954,1.5,0,0,3,6,1320,0,1912,2014,98022,47.202,-121.994,1270,5184
19175,19175,6381501965,20140612T000000,430000.0,4.0,1.75,1890,6000,1.0,0,0,4,6,1110,780,1947,0,98125,47.7274,-122.305,1560,6356
19176,19176,9191201325,20150301T000000,534000.0,4.0,1.75,2040,2750,1.5,0,0,4,6,1260,780,1926,0,98105,47.6698,-122.3,1940,3750
19177,19177,9547202245,20140627T000000,735000.0,4.0,3.0,2370,3672,1.5,0,0,5,7,1650,720,1916,0,98115,47.678,-122.311,2140,4182
19178,19178,1924069115,20150224T000000,873000.0,3.0,2.25,2720,54450,2.0,0,0,3,11,2720,0,1997,0,98027,47.5473,-122.092,3170,60548
19179,19179,8121200970,20141118T000000,475000.0,4.0,2.25,1970,7532,1.0,0,0,3,8,1390,580,1983,0,98052,47.7219,-122.109,1970,8248
19180,19180,323049176,20140530T000000,325000.0,3.0,1.75,2180,10230,1.0,0,0,4,7,1090,1090,1961,0,98118,47.5158,-122.281,2130,7200
19181,19181,826079047,20140814T000000,500000.0,3.0,2.25,2990,216057,2.0,0,0,3,9,2990,0,1994,0,98019,47.754,-121.942,2840,215622
19182,19182,8078550610,20150120T000000,279000.0,4.0,2.75,2180,8475,1.0,0,0,4,7,1330,850,1987,0,98031,47.4045,-122.174,1500,7140
19183,19183,3904930530,20150414T000000,350000.0,3.0,2.0,1440,5469,1.0,0,0,3,8,1440,0,1988,0,98029,47.5753,-122.017,1980,6198
19184,19184,7504020970,20150421T000000,660000.0,4.0,2.25,3180,13653,2.0,0,0,3,9,3180,0,1978,0,98074,47.6316,-122.05,2910,12350
19185,19185,8642600090,20150218T000000,324950.0,2.0,1.5,1643,14616,1.0,0,1,4,7,1643,0,1954,0,98198,47.3973,-122.312,2270,9940
19186,19186,2239000011,20150127T000000,500000.0,4.0,2.0,1530,7816,1.0,0,0,3,7,1530,0,1955,0,98133,47.7309,-122.332,1480,7816
19187,19187,9382200121,20140718T000000,187300.0,2.0,1.0,1310,7697,1.0,0,0,3,6,850,460,1950,0,98146,47.4982,-122.348,1270,6410
19188,19188,7942601475,20140520T000000,345600.0,5.0,3.5,2800,5120,2.5,0,0,3,9,2800,0,1903,2005,98122,47.6059,-122.31,1780,5120
19189,19189,7375300100,20141124T000000,400000.0,3.0,1.5,1510,7642,1.0,0,0,3,7,1510,0,1959,0,98008,47.5978,-122.116,2180,8357
19190,19190,7974200457,20150122T000000,935000.0,5.0,3.0,2700,5001,2.0,0,0,3,10,2700,0,2009,0,98115,47.6811,-122.288,1610,5191
19191,19191,923059206,20140715T000000,374000.0,4.0,1.75,2220,15600,1.0,0,0,5,7,1140,1080,1963,0,98056,47.492,-122.166,1670,4800
19192,19192,782700150,20140609T000000,328000.0,3.0,1.75,1440,45302,2.0,0,0,3,7,1440,0,1977,0,98019,47.7078,-121.915,2080,49658
19193,19193,2144800146,20140826T000000,257500.0,3.0,2.0,1300,9334,1.0,0,0,5,7,1300,0,1981,0,98178,47.4865,-122.238,2210,9636
19194,19194,1337800220,20140908T000000,1003000.0,4.0,2.5,2230,3600,2.0,0,0,5,8,1630,600,1906,0,98112,47.6304,-122.309,2410,4800
19195,19195,3530410081,20140626T000000,216500.0,2.0,1.75,1390,4482,1.0,0,0,4,8,1390,0,1980,0,98198,47.3785,-122.32,1390,4680
19196,19196,1525059198,20140521T000000,1185000.0,3.0,2.25,2760,40946,2.0,0,0,5,10,2760,0,1978,0,98005,47.6501,-122.164,3030,42253
19197,19197,8665000040,20140730T000000,360000.0,4.0,2.5,3200,7282,2.0,0,0,3,9,3200,0,2007,0,98188,47.4318,-122.286,3030,7290
19198,19198,5016001619,20150122T000000,699999.0,3.0,0.75,1240,4000,1.0,0,0,4,7,1240,0,1968,0,98112,47.6239,-122.297,1460,4000
19199,19199,826069184,20141002T000000,535000.0,3.0,2.5,1960,47044,2.0,0,0,4,8,1960,0,1978,0,98077,47.7573,-122.07,2020,29004
19200,19200,123039147,20150319T000000,464950.0,3.0,2.0,2190,19800,1.0,0,0,3,7,2190,0,1994,0,98146,47.5106,-122.365,1640,9719
19201,19201,8089510150,20141202T000000,925000.0,4.0,2.5,3540,18168,2.0,0,0,3,10,3540,0,1996,0,98006,47.5441,-122.131,4130,11180
19202,19202,8818400450,20140508T000000,930000.0,3.0,3.25,2640,4080,2.0,0,0,3,9,1840,800,1912,2000,98105,47.6636,-122.326,1990,4080
19203,19203,6324000115,20140922T000000,727500.0,3.0,2.0,2660,5000,1.5,0,3,3,8,1940,720,1910,0,98116,47.5829,-122.382,2270,5000
19204,19204,1133000694,20150312T000000,325000.0,4.0,1.75,1670,9500,1.0,0,0,3,7,1670,0,1976,0,98125,47.7254,-122.31,1620,9500
19205,19205,4441300325,20140905T000000,695000.0,3.0,3.25,3080,12100,2.0,0,0,3,8,2080,1000,1984,0,98117,47.695,-122.399,2100,6581
19206,19206,3288301010,20140625T000000,585000.0,4.0,2.75,2890,6825,1.0,0,0,3,8,1560,1330,1973,0,98034,47.734,-122.182,1900,10120
19207,19207,8125200481,20140926T000000,319000.0,3.0,2.25,1800,9597,1.0,0,2,3,7,1200,600,1963,0,98188,47.4516,-122.267,1700,13502
19208,19208,8857600540,20150106T000000,265000.0,6.0,2.5,2000,7650,1.5,0,0,4,7,1790,210,1960,0,98032,47.3841,-122.288,1710,7650
19209,19209,1901600090,20140626T000000,359000.0,5.0,1.75,1940,6654,1.5,0,0,4,7,1940,0,1953,0,98166,47.4663,-122.359,2300,9500
19210,19210,1901600090,20150426T000000,390000.0,5.0,1.75,1940,6654,1.5,0,0,4,7,1940,0,1953,0,98166,47.4663,-122.359,2300,9500
19211,19211,9144300120,20150128T000000,374500.0,3.0,1.0,960,9531,1.0,0,0,5,7,960,0,1969,0,98072,47.7619,-122.162,1670,9250
19212,19212,3401700031,20140822T000000,661000.0,2.0,1.5,1750,46173,2.0,0,0,4,8,1750,0,1964,0,98072,47.7397,-122.126,2220,42224
19213,19213,5332200375,20141203T000000,900000.0,3.0,2.5,2320,5000,2.0,0,0,3,8,1620,700,1907,1993,98112,47.6278,-122.292,2160,5000
19214,19214,8582400015,20150413T000000,600000.0,5.0,2.5,2380,8204,1.0,0,0,3,8,1540,840,1957,0,98115,47.7,-122.287,2270,8204
19215,19215,4131900042,20140516T000000,2000000.0,5.0,4.25,6490,10862,2.0,0,3,4,11,3940,2550,1991,0,98040,47.5728,-122.205,3290,14080
19216,19216,3964400120,20150508T000000,512500.0,4.0,1.75,1620,4240,1.5,0,0,5,7,1620,0,1916,0,98144,47.5746,-122.311,1450,4240
19217,19217,2212600040,20140604T000000,229500.0,3.0,1.75,1770,33224,1.0,0,0,4,8,1770,0,1968,0,98092,47.3377,-122.194,1690,22069
19218,19218,8562750300,20140731T000000,589000.0,3.0,2.5,2320,5663,2.0,0,0,3,8,2320,0,2003,0,98027,47.539,-122.07,2500,4500
19219,19219,2705600067,20150323T000000,539950.0,3.0,2.5,1330,2183,3.0,0,0,3,8,1330,0,2014,0,98117,47.6987,-122.365,1310,5000
19220,19220,3023049143,20141020T000000,640000.0,4.0,2.5,3420,21344,2.0,0,0,3,9,3420,0,2002,0,98166,47.45,-122.334,2110,21344
19221,19221,8944300110,20150108T000000,218250.0,3.0,1.0,1270,7344,1.0,0,0,3,7,970,300,1967,0,98023,47.305,-122.371,1290,7300
19222,19222,7277100395,20150225T000000,675000.0,4.0,3.5,2550,3600,2.0,0,2,3,8,1880,670,1997,0,98177,47.7709,-122.39,2090,6000
19223,19223,9407001830,20140717T000000,338000.0,5.0,2.0,1860,9000,2.0,0,0,3,7,1860,0,1980,0,98045,47.4484,-121.772,1390,9752
19224,19224,4406000620,20150331T000000,231750.0,3.0,1.0,1020,7615,1.0,0,0,3,7,1020,0,1981,0,98058,47.4292,-122.152,1470,9515
19225,19225,2414600366,20141114T000000,199900.0,1.0,1.0,720,7140,1.0,0,0,3,6,720,0,1930,0,98146,47.5119,-122.339,1140,7577
19226,19226,98000870,20141001T000000,1059000.0,4.0,3.5,4460,16271,2.0,0,2,3,11,4460,0,2001,0,98075,47.5862,-121.97,4540,17122
19227,19227,9211500230,20141002T000000,263000.0,4.0,2.75,1830,7315,1.0,0,0,5,7,1250,580,1979,0,98023,47.2989,-122.38,1730,7208
19228,19228,3600600065,20140820T000000,279950.0,3.0,1.5,1520,7200,1.0,0,0,4,7,1160,360,1990,0,98198,47.3855,-122.302,1460,7200
19229,19229,7177300090,20140520T000000,395000.0,3.0,1.5,1080,2940,1.5,0,0,4,7,1080,0,1920,0,98115,47.6832,-122.304,1400,4930
19230,19230,6664900410,20140626T000000,252500.0,3.0,2.0,1900,8002,1.0,0,0,3,7,1900,0,1991,0,98023,47.2909,-122.352,1900,6086
19231,19231,1853000530,20150312T000000,1150000.0,4.0,3.75,5300,37034,2.0,0,0,3,11,5300,0,1989,0,98077,47.7283,-122.076,3730,37034
19232,19232,3751604653,20140826T000000,205000.0,3.0,1.0,1370,10708,1.0,0,0,3,7,1370,0,1969,0,98001,47.2769,-122.264,1770,14482
19233,19233,8563001130,20140828T000000,654000.0,5.0,2.5,2960,8968,1.0,0,0,4,8,1640,1320,1965,0,98008,47.6233,-122.102,1890,9077
19234,19234,1324079029,20150317T000000,200000.0,3.0,1.0,960,213008,1.0,0,0,2,6,960,0,1933,0,98024,47.5621,-121.862,1520,57499
19235,19235,1236300214,20140722T000000,700000.0,3.0,2.5,2190,7982,2.0,0,0,3,8,2190,0,2004,0,98033,47.6869,-122.187,2090,8888
19236,19236,2525049086,20141003T000000,2720000.0,4.0,3.25,3990,18115,2.0,0,0,4,11,3990,0,1989,0,98039,47.6177,-122.229,3450,16087
19237,19237,8822900115,20141209T000000,306000.0,2.0,1.75,1200,2622,1.0,0,0,5,7,800,400,1956,0,98125,47.7175,-122.292,1310,1926
19238,19238,3832080610,20150406T000000,270000.0,3.0,2.5,1780,5015,2.0,0,0,3,7,1780,0,2010,0,98042,47.3352,-122.052,2010,5250
19239,19239,1657300450,20141029T000000,340000.0,3.0,2.25,2630,9916,2.0,0,0,4,9,2630,0,1988,0,98092,47.3314,-122.202,2470,10810
19240,19240,1151100035,20140611T000000,450000.0,4.0,2.5,2300,19250,1.0,0,0,4,7,2300,0,1955,0,98045,47.4793,-121.776,1460,19250
19241,19241,3876311490,20140724T000000,580000.0,4.0,2.75,3210,6825,1.0,0,0,5,7,1810,1400,1975,0,98034,47.7338,-122.169,1840,8000
19242,19242,9297300590,20141103T000000,435000.0,4.0,1.75,2290,4400,1.0,0,3,3,7,1290,1000,1959,0,98126,47.5698,-122.375,1820,4000
19243,19243,3260350100,20140818T000000,690000.0,4.0,2.5,2780,4688,2.0,0,0,3,9,2780,0,2003,0,98059,47.5225,-122.156,3000,6029
19244,19244,3886902615,20140617T000000,720000.0,4.0,2.5,2650,11520,2.0,0,0,3,8,2110,540,1988,0,98033,47.683,-122.187,2000,7680
19245,19245,2193300620,20150217T000000,403000.0,3.0,2.25,1840,13020,1.0,0,0,3,8,1390,450,1980,0,98052,47.6923,-122.095,2210,13020
19246,19246,7016100120,20140612T000000,440000.0,3.0,2.75,1560,7392,1.0,0,0,5,7,1030,530,1972,0,98011,47.7382,-122.182,1870,7520
19247,19247,8857600220,20141023T000000,178500.0,3.0,1.0,1200,8470,1.0,0,0,5,7,1200,0,1961,0,98032,47.3864,-122.287,1200,7952
19248,19248,1645000580,20141002T000000,270000.0,4.0,2.5,1900,8282,1.0,0,0,3,7,1900,0,1968,1997,98022,47.2089,-122.003,1420,8350
19249,19249,4337600205,20141112T000000,129888.0,2.0,1.0,710,9900,1.0,0,0,3,6,710,0,1943,0,98166,47.479,-122.339,1070,9900
19250,19250,1545805730,20150218T000000,260000.0,3.0,1.75,1360,15210,1.0,0,0,3,7,1360,0,1987,0,98038,47.3657,-122.047,1610,7800
19251,19251,8650100120,20140829T000000,339950.0,5.0,2.5,2990,7292,2.0,0,0,4,8,2990,0,1990,0,98042,47.3604,-122.091,2150,8190
19252,19252,4047200820,20140822T000000,250000.0,3.0,1.0,1640,26127,2.0,0,0,3,6,1640,0,1975,0,98019,47.7656,-121.905,1620,25788
19253,19253,1822059156,20150114T000000,680000.0,3.0,3.5,3650,103672,1.0,0,0,3,10,2050,1600,2011,0,98031,47.4002,-122.217,2550,16140
19254,19254,8812401450,20141229T000000,660000.0,10.0,3.0,2920,3745,2.0,0,0,4,7,1860,1060,1913,0,98105,47.6635,-122.32,1810,3745
19255,19255,1854750090,20140716T000000,1225000.0,3.0,3.5,3680,11491,2.0,0,2,3,11,3680,0,1999,0,98007,47.5647,-122.128,3710,10030
19256,19256,6071200455,20140523T000000,550000.0,3.0,2.0,1830,9152,1.0,0,0,5,8,1830,0,1959,0,98006,47.5531,-122.181,1770,9220
19257,19257,6790200110,20150102T000000,675000.0,5.0,2.75,2570,12906,2.0,0,0,3,8,2570,0,1987,0,98075,47.5814,-122.05,2580,12927
19258,19258,6710100131,20150410T000000,981000.0,3.0,3.25,2730,9588,2.0,0,1,3,10,1900,830,1984,0,98052,47.6339,-122.09,2730,12736
19259,19259,8856004415,20150325T000000,168000.0,3.0,1.0,1150,8000,1.5,0,0,4,6,1150,0,1913,1957,98001,47.2749,-122.252,1170,9600
19260,19260,3276940100,20140522T000000,1000000.0,4.0,3.0,4260,18687,2.0,0,0,3,11,4260,0,1996,0,98075,47.5874,-121.982,3490,16772
19261,19261,9407100300,20150401T000000,320000.0,3.0,1.0,1260,9600,1.0,0,0,3,7,1260,0,1970,1995,98045,47.4444,-121.762,1530,9790
19262,19262,1224049095,20150204T000000,959000.0,6.0,3.25,4440,17424,1.0,0,1,4,9,2220,2220,1959,0,98040,47.5791,-122.23,2660,10768
19263,19263,7899800586,20150409T000000,372000.0,4.0,1.0,2300,7680,1.0,0,0,3,7,1270,1030,1959,0,98106,47.524,-122.359,1840,5120
19264,19264,2607730110,20140707T000000,391500.0,3.0,2.5,1920,9625,2.0,0,0,3,8,1920,0,1993,0,98045,47.4876,-121.8,1920,10343
19265,19265,1781500180,20150327T000000,390000.0,2.0,1.0,1080,4725,1.5,0,0,3,7,1080,0,1944,0,98126,47.5275,-122.381,1520,4961
19266,19266,2341800195,20141106T000000,302000.0,2.0,1.0,890,5000,1.0,0,0,4,6,890,0,1947,0,98118,47.5526,-122.287,1160,5000
19267,19267,52000067,20141103T000000,495000.0,3.0,3.5,1650,1577,2.0,0,0,3,7,1100,550,2012,0,98109,47.6302,-122.344,1580,1280
19268,19268,1972202023,20140904T000000,504500.0,3.0,2.5,1820,1545,3.0,0,2,3,8,1640,180,1998,0,98103,47.6523,-122.346,1440,1290
19269,19269,2919700540,20150318T000000,555000.0,4.0,1.75,2320,4800,1.5,0,0,3,7,2170,150,1918,0,98117,47.6893,-122.365,1390,4800
19270,19270,6613000375,20150317T000000,1550000.0,4.0,3.5,3260,5000,2.0,0,0,5,9,2630,630,1937,0,98105,47.6598,-122.273,2600,5000
19271,19271,2391600735,20140909T000000,550000.0,3.0,1.5,1730,5750,1.0,0,0,3,7,1250,480,1947,0,98116,47.5645,-122.397,1370,5750
19272,19272,1337300145,20140721T000000,1800000.0,4.0,2.5,3320,8325,2.5,0,0,5,10,3320,0,1905,0,98112,47.6263,-122.314,3680,6050
19273,19273,9164100035,20150429T000000,655000.0,1.0,1.0,1660,5422,1.0,0,0,4,7,830,830,1908,0,98117,47.6821,-122.388,1100,5356
19274,19274,821069025,20150213T000000,685000.0,3.0,2.5,3290,90796,2.0,0,0,4,10,3290,0,1992,0,98042,47.3154,-122.079,2700,55023
19275,19275,1566100555,20150501T000000,721000.0,4.0,2.0,2280,8339,1.0,0,0,4,7,1220,1060,1954,0,98115,47.6986,-122.297,1970,8340
19276,19276,2397100705,20140714T000000,1518630.0,4.0,4.25,3650,5328,1.5,0,0,3,9,2330,1320,1907,2014,98119,47.638000000000005,-122.362,1710,3600
19277,19277,822069066,20150223T000000,365000.0,4.0,2.5,1620,219542,2.0,0,0,3,7,1620,0,1980,0,98038,47.4014,-122.069,2240,217800
19278,19278,3834000820,20140613T000000,458000.0,3.0,2.0,2020,8555,1.0,0,0,4,7,1220,800,1957,0,98125,47.7278,-122.287,1600,8148
19279,19279,1432700880,20150409T000000,280000.0,2.0,1.0,1150,12861,1.0,0,0,3,6,1150,0,1959,0,98058,47.4493,-122.171,1170,7574
19280,19280,3658700395,20150409T000000,628000.0,4.0,1.75,1940,3060,1.0,0,0,4,7,1000,940,1911,0,98115,47.6786,-122.317,1320,3060
19281,19281,1564000410,20150218T000000,781500.0,4.0,2.5,3440,6332,2.0,0,0,3,10,3440,0,2001,0,98059,47.5347,-122.155,3310,6528
19282,19282,984100450,20140624T000000,295000.0,3.0,1.75,2000,7560,1.0,0,0,4,7,1300,700,1968,0,98058,47.4346,-122.171,1900,8301
19283,19283,4449800063,20150403T000000,435000.0,2.0,1.0,750,2786,1.0,0,0,5,7,750,0,1947,0,98117,47.6892,-122.393,1700,4653
19284,19284,7694600201,20150322T000000,300000.0,3.0,1.75,1420,7200,1.0,0,0,3,7,1000,420,1979,0,98146,47.5069,-122.367,1550,8640
19285,19285,844001145,20150326T000000,208500.0,2.0,1.0,880,4814,1.0,0,0,4,5,880,0,1906,0,98010,47.3107,-121.999,1010,6160
19286,19286,8682281960,20140603T000000,930000.0,2.0,2.5,2680,11214,1.0,0,0,3,9,2680,0,2006,0,98053,47.7078,-122.019,2305,6908
19287,19287,1604600790,20150211T000000,316000.0,2.0,2.0,860,3000,1.0,0,0,3,6,860,0,1906,0,98118,47.5633,-122.288,1290,3500
19288,19288,1796380330,20140623T000000,249900.0,3.0,2.0,1310,6738,1.0,0,0,4,7,1310,0,1990,0,98042,47.3694,-122.083,1290,8067
19289,19289,3416600490,20140731T000000,675000.0,3.0,2.25,1780,4252,2.0,0,0,4,8,1540,240,1989,0,98144,47.6004,-122.292,2220,4000
19290,19290,3904901520,20141030T000000,447000.0,3.0,2.25,1440,4667,2.0,0,0,3,7,1440,0,1985,0,98029,47.5662,-122.017,1610,4756
19291,19291,1556200155,20150417T000000,675000.0,3.0,2.0,1510,3817,1.5,0,0,3,8,1510,0,1905,1994,98122,47.6088,-122.294,1510,3817
19292,19292,567000401,20150421T000000,546000.0,4.0,2.5,2100,1397,3.0,0,0,3,8,1580,520,2008,0,98144,47.5928,-122.295,1490,1201
19293,19293,6450300673,20141231T000000,310000.0,3.0,2.0,1310,1361,3.0,0,0,3,7,1310,0,2003,0,98133,47.7337,-122.343,1370,1608
19294,19294,4440400155,20150106T000000,190000.0,3.0,1.0,1280,5100,1.0,0,0,3,7,880,400,1961,0,98178,47.5035,-122.259,1360,6120
19295,19295,2450000165,20140618T000000,650000.0,3.0,1.5,1320,8114,1.0,0,0,3,8,1320,0,1951,0,98004,47.5827,-122.195,2110,8114
19296,19296,9828701605,20141002T000000,585000.0,3.0,2.5,1740,2350,2.0,0,0,3,8,1130,610,1995,0,98112,47.6207,-122.297,1740,3201
19297,19297,856000985,20141106T000000,1430800.0,4.0,2.5,2910,7364,2.0,0,0,3,10,2910,0,2003,0,98033,47.6906,-122.213,2480,8400
19298,19298,7504100360,20150112T000000,565000.0,4.0,2.5,2500,12090,1.0,0,0,3,9,2500,0,1983,0,98074,47.6346,-122.045,3380,12760
19299,19299,7883606725,20141111T000000,174900.0,3.0,1.0,1100,6000,1.5,0,0,2,6,1100,0,1926,0,98108,47.5279,-122.318,960,5880
19300,19300,2926049564,20140924T000000,360000.0,3.0,2.25,1381,1180,3.0,0,0,3,8,1381,0,2007,0,98125,47.711000000000006,-122.32,1381,1180
19301,19301,7418700040,20150429T000000,234000.0,3.0,1.0,960,9624,1.0,0,0,3,7,960,0,1953,0,98155,47.7758,-122.301,1540,9624
19302,19302,3756900027,20141125T000000,575000.0,8.0,3.0,3840,15990,1.0,0,0,3,7,2530,1310,1961,0,98034,47.7111,-122.211,1380,8172
19303,19303,7237300610,20150303T000000,315000.0,3.0,2.5,2200,5954,2.0,0,0,3,7,2200,0,2004,0,98042,47.3709,-122.125,2200,5046
19304,19304,1312900180,20150325T000000,225000.0,3.0,1.0,1250,7820,1.0,0,0,3,7,1250,0,1967,0,98001,47.3397,-122.291,1300,7920
19305,19305,3824100211,20140626T000000,370000.0,3.0,1.5,2380,14500,1.0,0,0,4,7,1850,530,1961,0,98028,47.7714,-122.256,1830,13600
19306,19306,455000395,20140523T000000,606000.0,3.0,1.0,1500,3920,1.0,0,0,3,7,1000,500,1947,0,98107,47.6718,-122.359,1640,4017
19307,19307,2472950120,20140603T000000,272500.0,3.0,2.0,1410,7622,1.0,0,0,4,7,1410,0,1983,0,98058,47.4273,-122.147,1830,8330
19308,19308,7977201709,20150323T000000,475000.0,3.0,1.75,1680,3420,1.0,0,0,3,7,960,720,1992,0,98115,47.6855,-122.291,1680,4080
19309,19309,5095400040,20140605T000000,270000.0,3.0,1.0,1500,13500,1.0,0,0,4,7,1500,0,1968,0,98059,47.4666,-122.072,1350,13680
19310,19310,2324039152,20140818T000000,624000.0,4.0,1.75,2710,9216,1.0,0,0,3,8,1440,1270,1961,0,98126,47.5523,-122.379,1960,6350
19311,19311,1442300035,20140702T000000,355000.0,3.0,1.75,1730,7416,1.5,0,0,3,7,1730,0,1954,0,98133,47.76,-122.349,1390,6490
19312,19312,6145601725,20141104T000000,345000.0,3.0,1.0,960,3844,1.0,0,0,3,7,960,0,1972,0,98133,47.7027,-122.346,1020,3844
19313,19313,7137950210,20141120T000000,342000.0,4.0,2.5,2380,7792,2.0,0,0,3,8,2380,0,1993,0,98092,47.3273,-122.173,2260,7378
19314,19314,2720069019,20141103T000000,316000.0,3.0,1.75,1120,98445,1.5,0,2,4,7,1120,0,1917,0,98022,47.1853,-122.017,1620,34200
19315,19315,1560920040,20140731T000000,539950.0,4.0,2.5,2960,37430,2.0,0,0,3,9,2960,0,1990,0,98038,47.3988,-122.023,2800,36384
19316,19316,7812801785,20150218T000000,221347.0,3.0,2.0,1580,6655,1.0,0,0,3,6,790,790,1944,0,98178,47.4927,-122.248,1090,6655
19317,19317,8860500300,20140718T000000,330000.0,3.0,2.5,1870,4657,2.0,0,0,3,8,1870,0,2000,0,98055,47.4615,-122.214,2290,4795
19318,19318,6142100090,20140718T000000,279000.0,4.0,2.5,1810,13000,1.0,0,0,4,8,1470,340,1977,0,98022,47.2202,-121.993,1850,13000
19319,19319,4083302225,20141014T000000,850000.0,4.0,3.0,2550,3784,1.5,0,0,4,8,1750,800,1900,0,98103,47.6559,-122.338,2100,4560
19320,19320,2591700037,20150212T000000,746000.0,3.0,1.75,1910,12321,1.0,0,0,4,7,1100,810,1952,0,98004,47.5995,-122.198,1910,11761
19321,19321,5458300580,20141001T000000,478000.0,2.0,2.0,1200,1867,1.0,0,0,3,7,600,600,1924,1998,98109,47.627,-122.345,1790,2221
19322,19322,3362400650,20150116T000000,820000.0,4.0,2.75,2420,4635,1.5,0,0,5,7,2420,0,1905,0,98103,47.682,-122.347,1590,3150
19323,19323,5553300375,20140820T000000,2160000.0,3.0,3.5,3080,6495,2.0,0,3,3,11,2530,550,1996,2006,98199,47.6321,-122.393,4120,8620
19324,19324,2024059111,20141023T000000,820000.0,3.0,3.0,3850,38830,2.0,0,1,3,10,3850,0,2000,0,98006,47.5535,-122.191,2970,14050
19325,19325,6649900090,20150418T000000,887000.0,3.0,2.0,3000,22040,2.0,0,2,4,8,2470,530,1942,0,98177,47.7745,-122.368,2600,7947
19326,19326,3356403400,20140724T000000,159000.0,3.0,1.0,1360,20000,1.0,0,0,4,7,1360,0,1953,0,98001,47.2861,-122.253,1530,9997
19327,19327,2771604190,20140617T000000,824000.0,7.0,4.25,3670,4000,2.0,0,1,3,8,2800,870,1964,0,98199,47.6375,-122.388,2010,4000
19328,19328,6638900265,20140925T000000,812000.0,4.0,2.5,2270,5000,2.0,0,0,3,9,2270,0,2014,0,98117,47.6916,-122.37,1210,5000
19329,19329,8731960540,20141215T000000,242000.0,4.0,2.5,1750,11400,2.0,0,0,4,7,1750,0,1975,0,98023,47.3149,-122.386,1890,9024
19330,19330,7853301400,20140520T000000,625000.0,4.0,2.5,3550,8048,2.0,0,0,3,9,3550,0,2007,0,98065,47.5422,-121.888,3920,7871
19331,19331,123039176,20141212T000000,399888.0,4.0,1.0,2370,30200,1.5,0,0,4,7,1570,800,1948,0,98146,47.5108,-122.366,1640,9719
19332,19332,4178500150,20140922T000000,289000.0,3.0,2.25,1670,6600,2.0,0,0,4,7,1670,0,1990,0,98042,47.3604,-122.089,1670,6801
19333,19333,7702600930,20140804T000000,400000.0,3.0,2.0,1860,12944,1.0,0,0,3,9,1860,0,2002,0,98058,47.4298,-122.102,2500,29279
19334,19334,3892500150,20140521T000000,1550000.0,3.0,2.5,4460,26027,2.0,0,0,3,12,4460,0,1992,0,98033,47.6573,-122.173,3770,26027
19335,19335,6021500970,20140528T000000,345000.0,2.0,1.0,1080,4000,1.0,0,0,3,7,1080,0,1940,0,98117,47.6902,-122.387,1530,4240
19336,19336,6021500970,20150407T000000,874950.0,2.0,1.0,1080,4000,1.0,0,0,3,7,1080,0,1940,0,98117,47.6902,-122.387,1530,4240
19337,19337,9136100056,20140528T000000,875000.0,3.0,2.75,2280,4280,1.0,0,0,5,7,1280,1000,1917,0,98103,47.6685,-122.335,1650,4280
19338,19338,205000120,20150310T000000,628990.0,4.0,2.5,2540,32647,2.0,0,0,3,9,2540,0,1996,0,98053,47.6324,-121.988,2740,32647
19339,19339,3019300090,20140723T000000,535000.0,2.0,3.5,2560,5000,1.0,0,0,4,6,1280,1280,1944,0,98107,47.6681,-122.368,1390,4000
19340,19340,5492200090,20141007T000000,770126.0,4.0,2.75,2390,9300,1.0,0,0,3,8,1430,960,1979,0,98004,47.6035,-122.206,1910,9348
19341,19341,1777600900,20140710T000000,710000.0,4.0,2.5,2870,8995,1.0,0,0,5,8,1870,1000,1968,0,98006,47.5678,-122.128,2670,9672
19342,19342,9297301050,20140618T000000,465000.0,3.0,1.75,1510,4800,1.0,0,2,3,7,860,650,1925,2011,98126,47.5667,-122.372,1510,4800
19343,19343,5745600040,20140814T000000,359000.0,3.0,1.75,2200,11520,1.0,0,0,4,7,2200,0,1952,0,98133,47.7659,-122.341,1690,8038
19344,19344,2114700090,20150301T000000,151000.0,2.0,0.75,720,5040,1.0,0,0,3,4,720,0,1949,0,98106,47.5323,-122.347,1290,4120
19345,19345,2597530650,20140815T000000,820000.0,3.0,2.5,2970,9600,2.0,0,0,3,9,2970,0,1994,0,98006,47.5422,-122.132,2970,9707
19346,19346,1099600620,20150326T000000,160000.0,3.0,1.5,960,6497,1.0,0,0,4,7,960,0,1970,0,98023,47.3018,-122.378,1160,7080
19347,19347,3693901720,20140701T000000,535000.0,4.0,1.75,1420,5000,1.5,0,0,4,7,1420,0,1945,0,98117,47.6771,-122.397,1490,5000
19348,19348,7417100123,20150423T000000,365000.0,3.0,2.25,1800,9010,1.0,0,0,3,7,1300,500,1975,0,98155,47.7722,-122.312,1950,10240
19349,19349,8691410730,20150220T000000,708000.0,4.0,2.5,3090,5600,2.0,0,0,3,9,3090,0,2005,0,98075,47.597,-121.979,3080,5788
19350,19350,3832300090,20140709T000000,215000.0,3.0,1.0,1200,7280,1.0,0,0,4,7,1200,0,1967,0,98032,47.3724,-122.277,1200,8400
19351,19351,2525049113,20140725T000000,1950000.0,4.0,3.5,4065,18713,2.0,0,0,4,10,4065,0,1987,0,98039,47.6209,-122.237,3070,18713
19352,19352,1523059103,20140926T000000,390000.0,4.0,2.5,2570,22215,2.0,0,0,5,7,2570,0,1958,0,98059,47.4833,-122.157,2460,6533
19353,19353,3187600100,20140513T000000,570000.0,3.0,2.0,1530,5401,1.0,0,0,4,7,1530,0,1937,0,98115,47.68600000000001,-122.304,1640,5467
19354,19354,1628700107,20140625T000000,383000.0,3.0,1.75,1500,13430,1.0,0,0,3,7,1500,0,1977,0,98072,47.7527,-122.082,1500,13430
19355,19355,1152700120,20150409T000000,370000.0,4.0,3.0,2490,5706,2.0,0,0,3,9,2490,0,2005,0,98042,47.3509,-122.165,2650,5880
19356,19356,808300180,20150211T000000,454000.0,4.0,2.5,3040,12522,2.0,0,0,3,7,3040,0,2000,0,98019,47.7247,-121.959,2490,9742
19357,19357,3585300194,20150324T000000,1400000.0,5.0,3.25,4140,32700,1.0,0,4,3,10,2190,1950,1973,0,98177,47.7633,-122.369,3220,22077
19358,19358,3342700610,20140728T000000,371000.0,4.0,1.75,1690,10854,1.0,0,0,3,7,1690,0,1977,0,98056,47.5241,-122.199,2390,7000
19359,19359,7376300085,20150505T000000,530000.0,3.0,1.75,1430,10350,1.0,0,0,3,7,1430,0,1959,0,98008,47.6353,-122.123,1890,10350
19360,19360,6204000040,20140610T000000,608000.0,4.0,2.75,2490,9714,1.0,0,0,4,8,1400,1090,1983,0,98011,47.7496,-122.201,2060,15300
19361,19361,3992700475,20141111T000000,450000.0,3.0,1.75,1350,7200,1.0,0,0,5,7,1350,0,1954,0,98125,47.713,-122.284,1100,7200
19362,19362,9510920120,20140730T000000,780000.0,4.0,2.5,3140,14421,2.0,0,0,3,10,3140,0,1994,0,98075,47.5943,-122.018,3140,17417
19363,19363,9485920120,20140829T000000,290000.0,4.0,2.5,2340,52272,2.0,0,0,2,8,2340,0,1978,0,98042,47.3468,-122.091,2480,40500
19364,19364,1685200110,20140916T000000,225000.0,3.0,1.75,1610,14182,1.0,0,0,4,7,1100,510,1978,0,98092,47.3174,-122.18,1510,8400
19365,19365,7574910650,20140911T000000,805000.0,4.0,2.5,3320,38032,2.0,0,0,4,10,3320,0,1991,0,98077,47.7478,-122.036,3270,37804
19366,19366,4178600040,20150407T000000,660000.0,3.0,2.5,2390,15669,2.0,0,0,3,9,2390,0,1991,0,98011,47.7446,-122.193,2640,12500
19367,19367,3793700210,20140613T000000,299000.0,3.0,1.75,1180,13927,1.0,0,0,5,7,1180,0,1962,0,98059,47.4818,-122.094,1400,13173
19368,19368,1972200325,20140919T000000,530000.0,2.0,2.25,1260,1312,3.0,0,0,3,8,1260,0,2007,0,98103,47.6538,-122.356,1300,1312
19369,19369,7010701383,20141017T000000,680000.0,3.0,2.5,1800,4400,1.0,0,0,5,7,1350,450,1970,0,98199,47.6599,-122.396,1920,4400
19370,19370,3353401340,20150216T000000,199900.0,4.0,1.75,1790,12000,1.0,0,0,5,6,1790,0,1944,0,98001,47.2664,-122.256,1550,9840
19371,19371,3352401037,20150108T000000,224000.0,3.0,1.75,1760,6300,1.0,0,0,3,7,1060,700,1963,0,98178,47.5003,-122.26,1340,7300
19372,19372,8802400906,20140829T000000,244000.0,3.0,1.75,1540,8885,1.0,0,0,4,7,1440,100,1980,0,98031,47.4031,-122.201,1540,12734
19373,19373,4443800940,20150408T000000,485000.0,4.0,1.75,1260,3880,1.0,0,0,5,7,860,400,1918,0,98117,47.687,-122.391,1000,3880
19374,19374,2215450100,20150112T000000,330000.0,4.0,2.5,2240,7589,2.0,0,0,3,8,2240,0,1994,0,98030,47.3824,-122.207,2250,7300
19375,19375,8900000100,20141231T000000,509000.0,4.0,2.0,1630,1724,1.5,0,0,3,6,1030,600,1915,1970,98119,47.6472,-122.362,1780,3810
19376,19376,8079010220,20141117T000000,440000.0,4.0,2.5,2350,7203,2.0,0,0,3,8,2350,0,1989,0,98059,47.5123,-122.151,2260,7274
19377,19377,8078050120,20141210T000000,244000.0,3.0,2.0,1350,8587,1.0,0,0,3,7,1350,0,1998,0,98022,47.2073,-122.012,1350,8587
19378,19378,1773101215,20140717T000000,399700.0,4.0,1.75,1320,4800,1.0,0,0,4,7,870,450,1930,0,98106,47.5534,-122.365,940,4800
19379,19379,2768100205,20140625T000000,519000.0,4.0,2.5,1950,2617,1.5,0,0,4,7,1250,700,1910,0,98107,47.6696,-122.372,1520,1438
19380,19380,5537200043,20140508T000000,211000.0,4.0,1.0,2100,9200,1.0,0,0,3,7,1050,1050,1959,0,98168,47.476000000000006,-122.292,1540,10033
19381,19381,868000905,20140708T000000,950000.0,3.0,2.5,3480,7800,1.0,0,0,4,7,1750,1730,1941,1998,98177,47.7047,-122.378,3010,9918
19382,19382,8635760490,20140902T000000,410000.0,3.0,2.5,1830,2839,2.0,0,0,3,8,1830,0,1999,0,98074,47.6022,-122.021,1830,3011
19383,19383,3052700245,20150325T000000,750000.0,4.0,2.0,2640,5000,2.0,0,0,3,7,2040,600,1949,0,98117,47.678,-122.375,1330,5000
19384,19384,9320901250,20140910T000000,133400.0,3.0,1.0,900,2550,1.0,0,0,4,6,900,0,1978,0,98023,47.3036,-122.363,1120,2550
19385,19385,2420069042,20150424T000000,240000.0,3.0,2.0,1553,6550,1.0,0,0,3,7,1553,0,1900,2001,98022,47.2056,-121.994,1010,10546
19386,19386,6870300090,20140604T000000,539000.0,3.0,2.5,1710,2300,2.0,0,0,3,8,1570,140,2005,0,98052,47.6743,-122.142,2120,2856
19387,19387,1223089066,20140814T000000,688000.0,4.0,3.0,3400,292723,2.0,0,0,3,10,3400,0,1998,0,98045,47.4883,-121.725,1760,69696
19388,19388,7974200937,20140513T000000,465000.0,3.0,1.5,1270,5112,1.0,0,0,3,7,1270,0,1950,0,98115,47.676,-122.288,1580,5080
19389,19389,2998300146,20140617T000000,936000.0,3.0,1.75,2960,12420,1.0,0,2,4,8,1480,1480,1952,0,98116,47.5739,-122.406,2700,9106
19390,19390,7202290650,20141230T000000,620000.0,4.0,2.5,3040,9606,2.0,0,0,3,7,3040,0,2003,0,98053,47.6884,-122.044,1690,3849
19391,19391,1326039061,20141020T000000,429950.0,3.0,1.75,1430,9750,1.0,0,0,5,7,1430,0,1962,0,98133,47.7441,-122.357,1630,9282
19392,19392,4142450330,20140707T000000,296475.0,3.0,2.5,1520,4170,2.0,0,0,3,7,1520,0,2004,0,98038,47.3842,-122.04,1560,4237
19393,19393,6139100076,20150427T000000,330000.0,4.0,2.0,1820,9450,1.0,0,0,3,7,1100,720,1962,0,98155,47.7607,-122.329,1540,9450
19394,19394,8126300360,20140730T000000,445000.0,3.0,2.25,1800,11200,1.0,0,0,3,8,1270,530,1979,0,98052,47.7072,-122.164,1940,11250
19395,19395,1231000645,20140801T000000,846000.0,4.0,3.25,2720,4000,2.0,0,1,3,10,2070,650,2014,0,98118,47.5554,-122.267,1450,4000
19396,19396,8149600265,20150514T000000,725000.0,4.0,1.75,1980,5850,1.0,0,1,4,8,1380,600,1960,0,98116,47.5607,-122.391,1810,5850
19397,19397,9264950410,20150504T000000,369000.0,4.0,2.5,2550,7349,2.0,0,0,3,9,2550,0,1989,0,98023,47.3059,-122.349,2400,8508
19398,19398,9541800065,20140609T000000,625000.0,3.0,1.75,2210,16200,1.0,0,0,3,8,1390,820,1958,0,98005,47.5924,-122.175,2050,16200
19399,19399,7202330790,20140618T000000,535000.0,3.0,2.0,2120,4080,2.0,0,0,3,7,2120,0,2003,0,98053,47.682,-122.037,2280,4080
19400,19400,7335400065,20141218T000000,229950.0,4.0,1.5,1570,6717,1.0,0,0,5,6,1570,0,1911,0,98002,47.307,-122.217,1140,6716
19401,19401,1313500090,20150423T000000,229999.0,3.0,1.75,1310,6960,1.0,0,0,4,7,1310,0,1974,0,98092,47.2761,-122.153,1580,7200
19402,19402,1797500600,20140825T000000,850000.0,5.0,3.5,3150,4120,2.0,0,0,3,8,2460,690,1911,2007,98115,47.6754,-122.315,2080,4160
19403,19403,5561301220,20140610T000000,589900.0,4.0,4.5,3870,35889,2.0,0,0,3,10,2530,1340,2001,0,98027,47.4677,-122.01,3020,35366
19404,19404,5700002165,20141030T000000,513000.0,2.0,1.0,1840,4322,1.0,0,0,4,7,1160,680,1914,0,98144,47.5764,-122.289,1750,4322
19405,19405,9202650040,20140926T000000,401000.0,3.0,1.0,1120,8321,1.0,0,0,4,6,1120,0,1941,1987,98027,47.5631,-122.091,1980,8671
19406,19406,7211401975,20140905T000000,260000.0,3.0,2.5,1440,2500,2.0,0,0,3,7,1440,0,2006,0,98146,47.511,-122.359,1440,5000
19407,19407,126039394,20150508T000000,525000.0,4.0,2.75,2300,26650,1.0,0,0,4,8,2300,0,1950,0,98177,47.7771,-122.362,2000,9879
19408,19408,3204800150,20150320T000000,470000.0,3.0,3.5,2070,11658,1.0,0,0,4,8,1370,700,1977,0,98056,47.537,-122.178,1930,8744
19409,19409,7686204750,20150121T000000,205000.0,4.0,1.5,1420,8063,1.0,0,0,3,7,940,480,1962,0,98198,47.4174,-122.316,1330,7515
19410,19410,7524950900,20150210T000000,620000.0,3.0,2.25,2010,7495,1.0,0,0,4,8,1570,440,1979,0,98027,47.5613,-122.083,2050,8402
19411,19411,7211400850,20140811T000000,229000.0,3.0,1.5,1200,5000,1.0,0,0,3,6,1200,0,1979,0,98146,47.5122,-122.357,1440,2500
19412,19412,8024202520,20140509T000000,445000.0,2.0,2.0,1150,6634,1.0,0,0,3,7,860,290,1940,0,98115,47.7001,-122.309,1680,6892
19413,19413,7340600068,20140514T000000,215000.0,2.0,1.0,1240,7200,1.0,0,0,3,7,1240,0,1967,0,98168,47.4971,-122.282,1130,9200
19414,19414,8682260850,20140729T000000,504975.0,2.0,2.5,1900,4871,2.0,0,0,3,8,1900,0,2005,0,98053,47.7132,-122.034,1640,4780
19415,19415,6804600720,20140801T000000,495000.0,4.0,2.25,2350,10072,2.0,0,0,3,8,2350,0,1980,0,98011,47.7628,-122.168,2210,9687
19416,19416,1865820300,20150311T000000,205000.0,3.0,1.0,1120,8342,1.0,0,0,4,7,1120,0,1976,0,98042,47.3732,-122.116,1190,6660
19417,19417,3163600076,20140730T000000,152275.0,1.0,1.0,1020,6871,1.0,0,0,3,6,1020,0,1937,1946,98146,47.5051,-122.338,1260,6933
19418,19418,5418500650,20150325T000000,586000.0,4.0,2.25,1930,8338,1.0,0,0,3,8,1930,0,1968,0,98125,47.7026,-122.285,2280,7616
19419,19419,8682220230,20141017T000000,779950.0,2.0,2.5,2680,7625,1.0,0,0,3,9,2680,0,2002,0,98053,47.7094,-122.024,2310,7395
19420,19420,3578401210,20141218T000000,557000.0,4.0,1.75,2660,11315,2.0,0,0,4,8,2660,0,1983,0,98074,47.6204,-122.044,1980,11315
19421,19421,9122001225,20141029T000000,610000.0,4.0,2.25,2200,7200,1.0,0,2,4,8,1220,980,1958,0,98144,47.5818,-122.296,1940,6000
19422,19422,5667100025,20140708T000000,405000.0,3.0,1.5,1010,7683,1.5,0,0,5,7,1010,0,1953,0,98125,47.72,-122.318,1550,7271
19423,19423,5089700750,20140509T000000,320000.0,4.0,2.25,2310,7490,2.0,0,0,3,8,2310,0,1980,0,98055,47.4379,-122.192,2310,8480
19424,19424,3331500650,20140919T000000,356000.0,3.0,1.0,920,3863,1.0,0,0,3,6,920,0,1970,0,98118,47.5524,-122.27,1080,5150
19425,19425,9528102865,20150226T000000,794500.0,5.0,3.0,3030,4120,1.5,0,0,4,7,1930,1100,1913,0,98115,47.6771,-122.319,1280,3090
19426,19426,6928000590,20140508T000000,349000.0,3.0,1.75,1590,9620,1.0,0,0,3,7,1590,0,1988,0,98059,47.4815,-122.152,2980,9398
19427,19427,1423069162,20140604T000000,549000.0,4.0,2.25,2740,88426,2.0,0,0,3,7,2740,0,1991,0,98027,47.4734,-122.006,2740,62726
19428,19428,7877400245,20140718T000000,193000.0,3.0,1.0,960,10761,1.0,0,0,4,6,960,0,1962,0,98002,47.2819,-122.224,960,10761
19429,19429,7430500301,20141016T000000,700000.0,3.0,1.5,2240,7227,2.0,0,1,3,9,1440,800,1977,0,98008,47.6208,-122.093,3150,16150
19430,19430,7852010900,20150324T000000,523000.0,3.0,2.5,2400,6182,2.0,0,0,3,8,2400,0,1998,0,98065,47.5363,-121.87,2420,5829
19431,19431,4022900652,20141118T000000,565000.0,5.0,3.25,2860,20790,1.0,0,0,4,7,1800,1060,1965,0,98155,47.7757,-122.295,1920,9612
19432,19432,7852030790,20150505T000000,500000.0,4.0,2.5,2960,5027,2.0,0,0,3,7,2960,0,2000,0,98065,47.5328,-121.881,2760,5500
19433,19433,3528900330,20140707T000000,1450000.0,4.0,3.25,3770,4103,2.0,0,0,5,9,2710,1060,1925,0,98109,47.641000000000005,-122.349,2560,4160
19434,19434,2623069106,20150219T000000,710000.0,6.0,3.5,3830,68825,2.0,0,0,3,9,3830,0,1995,0,98027,47.4574,-122.003,2410,68825
19435,19435,88000173,20141015T000000,333000.0,4.0,2.0,2750,9001,1.0,0,0,3,8,2750,0,2008,0,98055,47.457,-122.189,1340,11050
19436,19436,3179102305,20140717T000000,580000.0,3.0,1.75,2100,6874,1.0,0,0,3,7,1300,800,1943,0,98115,47.6724,-122.279,2220,5912
19437,19437,5379803386,20140801T000000,289950.0,4.0,1.75,1500,8400,1.0,0,0,3,7,1200,300,1956,0,98188,47.4531,-122.273,1780,9913
19438,19438,8127700845,20150219T000000,375000.0,2.0,1.0,710,4618,1.0,0,1,3,5,710,0,1925,0,98199,47.64,-122.394,1810,4988
19439,19439,8562901010,20140926T000000,505000.0,2.0,3.0,2770,10800,1.5,0,0,5,8,1910,860,1984,0,98074,47.6082,-122.057,2140,10800
19440,19440,4058200915,20140721T000000,324950.0,3.0,1.75,2050,6720,1.0,0,2,3,7,1050,1000,1939,0,98178,47.5058,-122.235,2380,7260
19441,19441,8861700110,20140714T000000,490000.0,4.0,2.25,1960,10275,2.0,0,0,3,7,1960,0,1965,0,98052,47.6887,-122.124,1560,10275
19442,19442,6822100155,20140512T000000,630000.0,4.0,2.0,1770,6000,2.0,0,0,5,7,1770,0,1911,1981,98199,47.6493,-122.401,1340,6000
19443,19443,3345700215,20140620T000000,595000.0,3.0,2.75,3290,22649,2.0,0,0,4,8,3290,0,1993,0,98056,47.5241,-122.193,2750,6119
19444,19444,582000644,20150501T000000,872500.0,4.0,2.0,1990,6000,1.0,0,0,3,9,1260,730,1956,2015,98199,47.6515,-122.397,1770,6000
19445,19445,6126601380,20150222T000000,490000.0,2.0,1.0,1760,5250,1.0,0,2,4,7,1000,760,1951,0,98126,47.5577,-122.379,1760,5400
19446,19446,3303850330,20141216T000000,1900000.0,4.0,3.25,5080,27755,2.0,0,0,3,11,5080,0,2001,0,98006,47.5423,-122.111,4730,22326
19447,19447,3343902281,20150505T000000,310000.0,2.0,1.0,1020,8102,1.0,0,0,3,7,1020,0,1956,0,98056,47.5135,-122.193,1770,7291
19448,19448,2023059052,20150504T000000,450000.0,3.0,1.0,1350,92721,1.0,0,0,2,6,1200,150,1946,0,98055,47.4657,-122.198,1860,8096
19449,19449,7504001430,20141023T000000,539000.0,3.0,1.5,1740,12000,2.0,0,0,3,9,1740,0,1974,0,98074,47.6276,-122.053,2580,12224
19450,19450,9290850330,20140707T000000,888550.0,3.0,2.5,3540,38322,2.0,0,0,3,10,3540,0,1989,0,98053,47.6892,-122.048,3540,35926
19451,19451,7955080300,20140714T000000,269950.0,3.0,2.5,1520,8720,1.0,0,0,3,7,1080,440,1981,0,98058,47.4267,-122.157,1720,7551
19452,19452,3980300371,20140926T000000,142000.0,3.37287037037037,2.1157362403369904,290,20875,1.0,0,0,1,1,290,0,1963,0,98024,47.5308,-121.888,1620,22850
19453,19453,3755100220,20140819T000000,300000.0,3.0,1.75,1310,9761,1.0,0,0,3,7,1310,0,1967,0,98034,47.721,-122.228,1490,9600
19454,19454,3425059076,20140922T000000,780000.0,2.0,3.25,3000,24004,1.0,0,0,3,10,2410,590,1952,0,98005,47.611,-122.157,4270,24506
19455,19455,8728550150,20140715T000000,545000.0,3.0,2.5,2660,20369,2.0,0,0,3,8,2660,0,1992,0,98027,47.5234,-122.055,2720,12927
19456,19456,2108500110,20150415T000000,278000.0,3.0,2.25,2120,9804,2.0,0,0,3,7,2120,0,1994,0,98042,47.3596,-122.16,2120,7200
19457,19457,7941130110,20141201T000000,342000.0,3.0,2.25,1200,2845,2.0,0,0,3,7,1200,0,1986,0,98034,47.7151,-122.203,1220,2140
19458,19458,1545807180,20150506T000000,190000.0,4.0,1.75,1900,9861,1.0,0,0,4,7,1900,0,1967,0,98038,47.3615,-122.057,1720,7967
19459,19459,1972200382,20141121T000000,387000.0,2.0,1.5,1010,948,3.0,0,0,3,8,1010,0,1999,0,98103,47.6529,-122.355,1330,1318
19460,19460,2473420100,20150304T000000,279950.0,3.0,2.25,1850,7480,2.0,0,0,3,7,1850,0,1978,0,98058,47.452,-122.159,1870,7480
19461,19461,722059020,20150318T000000,550000.0,6.0,4.5,4520,40164,2.0,0,0,3,9,3580,940,1953,2008,98031,47.407,-122.216,2870,13068
19462,19462,1626079154,20140520T000000,439000.0,3.0,2.0,2010,251341,2.0,0,0,3,8,1510,500,2003,0,98019,47.7416,-121.91,1780,108900
19463,19463,1152000040,20141010T000000,774888.0,3.0,2.25,2420,23507,1.0,0,0,4,8,2420,0,1969,0,98027,47.5107,-122.027,2540,22257
19464,19464,5152960330,20140610T000000,480000.0,5.0,2.5,2732,9500,1.0,0,2,4,8,1870,862,1975,0,98003,47.3436,-122.323,2720,10000
19465,19465,6431000206,20140508T000000,835000.0,4.0,2.0,1910,6960,1.5,0,0,5,8,1910,0,1941,0,98103,47.6893,-122.348,1360,3300
19466,19466,2397101185,20150303T000000,1500000.0,5.0,3.5,3520,5400,2.0,0,0,3,9,2400,1120,2008,0,98119,47.6364,-122.363,1360,3600
19467,19467,2922700865,20150326T000000,771000.0,4.0,2.0,2220,3760,1.5,0,0,4,7,1370,850,1929,0,98117,47.6876,-122.368,1620,3760
19468,19468,3271800870,20140807T000000,1225000.0,4.0,2.25,2020,5800,1.0,0,3,4,9,1760,260,1941,0,98199,47.6471,-122.412,3100,5800
19469,19469,1562200090,20141017T000000,600000.0,4.0,2.5,2090,7290,1.0,0,0,5,8,1420,670,1966,0,98007,47.624,-122.142,2110,8436
19470,19470,1431700210,20140702T000000,305000.0,3.0,1.0,1580,7424,1.0,0,0,3,7,1010,570,1962,0,98058,47.4607,-122.171,1710,7772
19471,19471,2566300100,20150327T000000,1388000.0,5.0,1.75,2650,11340,1.0,0,0,3,8,2650,0,1955,0,98004,47.626000000000005,-122.213,2780,13204
19472,19472,5379806155,20140910T000000,216500.0,3.0,1.0,1020,11652,1.0,0,0,4,6,1020,0,1971,0,98188,47.4459,-122.278,1690,11652
19473,19473,952006857,20150122T000000,370000.0,3.0,2.5,1070,1219,2.0,0,0,3,7,720,350,2004,0,98116,47.5618,-122.384,1070,1254
19474,19474,3792400110,20140630T000000,492650.0,4.0,1.75,2120,9786,1.0,0,0,3,8,1640,480,1967,0,98177,47.7753,-122.365,2310,8787
19475,19475,3755100540,20140725T000000,431200.0,5.0,1.75,1360,10609,1.0,0,0,3,7,1060,300,1966,0,98034,47.7203,-122.229,1490,9935
19476,19476,2122059014,20150409T000000,277500.0,4.0,2.0,1700,12048,2.0,0,0,3,7,1700,0,1990,0,98030,47.3748,-122.186,1960,7650
19477,19477,110000040,20150317T000000,278000.0,5.0,1.5,1820,8712,1.0,0,0,5,7,1090,730,1960,0,98032,47.3712,-122.289,1820,8712
19478,19478,3876800580,20140902T000000,351000.0,4.0,1.0,1430,8400,1.0,0,0,3,6,730,700,1969,0,98072,47.7417,-122.172,1310,8240
19479,19479,3127200021,20140616T000000,850000.0,4.0,3.5,4140,7089,2.0,0,0,3,10,3160,980,2003,0,98034,47.7059,-122.2,2640,8896
19480,19480,2397101460,20140811T000000,885000.0,2.0,2.0,1313,3600,1.0,0,0,3,8,1313,0,1904,2012,98119,47.6369,-122.365,1080,3600
19481,19481,1720069146,20140715T000000,399950.0,3.0,2.0,1590,87120,1.0,0,3,3,8,1590,0,1998,0,98022,47.2241,-122.072,2780,183161
19482,19482,7878400043,20140805T000000,185000.0,3.0,1.75,1080,9262,1.0,0,0,3,7,1080,0,1968,0,98178,47.4883,-122.248,1090,9262
19483,19483,9282801030,20140925T000000,440000.0,5.0,3.0,2730,6000,1.0,0,0,3,8,1470,1260,1979,0,98178,47.4994,-122.234,2590,6000
19484,19484,6072800265,20140813T000000,2395000.0,4.0,3.25,3800,19798,2.0,0,0,3,10,3800,0,1969,2009,98006,47.5684,-122.19,3940,18975
19485,19485,5267000180,20140821T000000,299000.0,3.0,2.25,2540,9961,1.0,0,0,4,8,1320,1220,1969,0,98031,47.41,-122.208,1870,10251
19486,19486,2722049077,20140828T000000,299500.0,3.0,1.75,1810,34500,1.0,0,0,3,8,1230,580,1980,0,98032,47.3707,-122.275,2090,9735
19487,19487,1115100278,20150317T000000,420000.0,3.0,1.5,1540,7506,1.0,0,0,5,7,1540,0,1961,0,98155,47.7565,-122.325,2180,7653
19488,19488,8075400530,20140627T000000,234000.0,4.0,1.0,1390,18000,1.0,0,0,3,7,1390,0,1955,2013,98032,47.3885,-122.284,1390,18000
19489,19489,1997200245,20140714T000000,540000.0,2.0,1.75,1460,4800,1.0,0,0,5,7,850,610,1950,0,98103,47.6928,-122.339,2050,5592
19490,19490,926069009,20140609T000000,649950.0,4.0,2.5,2350,63162,2.0,0,0,4,8,2350,0,1994,0,98077,47.7545,-122.047,2370,63162
19491,19491,6381500110,20150108T000000,330000.0,3.0,1.0,1160,7912,1.0,0,0,4,7,1160,0,1956,0,98125,47.7336,-122.306,1190,7482
19492,19492,7203100850,20150427T000000,840000.0,4.0,3.25,3500,5960,2.0,0,0,3,9,3500,0,2010,0,98053,47.6944,-122.022,3390,6856
19493,19493,3529300330,20141107T000000,370000.0,3.0,2.5,1980,6922,2.0,0,0,5,8,1980,0,1991,0,98031,47.396,-122.184,2090,7697
19494,19494,3204800330,20140625T000000,410000.0,3.0,1.5,1250,7700,1.0,0,0,5,7,1250,0,1968,0,98056,47.5383,-122.178,1430,7700
19495,19495,6411600411,20141209T000000,257000.0,2.0,1.0,770,7200,1.0,0,0,3,7,770,0,1951,0,98125,47.7143,-122.325,1320,7139
19496,19496,8685500145,20141230T000000,350000.0,3.0,1.0,1920,6710,1.0,0,0,3,7,1320,600,1959,0,98118,47.5346,-122.286,1810,5600
19497,19497,7277100610,20140825T000000,380000.0,2.0,1.0,1120,7560,1.0,0,1,3,6,1120,0,1947,0,98177,47.77,-122.39,1120,7200
19498,19498,1775800750,20150310T000000,344000.0,3.0,1.0,1150,12402,1.0,0,0,4,6,1150,0,1969,0,98072,47.7422,-122.099,1400,13600
19499,19499,2856101105,20140527T000000,488000.0,3.0,2.5,1590,2550,3.0,0,0,3,7,1590,0,1985,0,98117,47.6772,-122.393,1260,5100
19500,19500,4443800705,20141008T000000,465000.0,3.0,1.0,910,3880,1.0,0,0,3,7,780,130,1942,0,98117,47.6862,-122.392,1220,3880
19501,19501,3878900464,20150504T000000,229500.0,2.0,1.75,1870,6625,1.0,0,0,3,7,960,910,1948,0,98178,47.5071,-122.249,1680,6000
19502,19502,8151600900,20141112T000000,445000.0,5.0,3.0,2420,11250,2.0,0,0,3,8,2420,0,2013,0,98146,47.5082,-122.362,1510,9950
19503,19503,1612500155,20150317T000000,246000.0,4.0,1.5,2120,7110,1.5,0,0,3,6,2120,0,1919,0,98030,47.3846,-122.227,1540,7110
19504,19504,4140500180,20140604T000000,545000.0,5.0,2.5,2730,17240,1.0,0,0,5,7,1660,1070,1958,0,98028,47.7646,-122.267,2250,13200
19505,19505,3342103174,20140813T000000,518000.0,4.0,2.5,2560,5672,2.0,0,1,3,8,2560,0,2005,0,98056,47.5222,-122.201,2190,6788
19506,19506,2078500210,20141031T000000,565000.0,4.0,2.5,2620,10016,2.0,0,0,3,8,2620,0,1996,0,98056,47.5295,-122.179,2620,10016
19507,19507,3955900910,20150410T000000,445000.0,4.0,2.5,2760,8558,2.0,0,0,3,7,2760,0,2001,0,98056,47.4802,-122.189,2760,7703
19508,19508,3472800068,20140717T000000,968000.0,5.0,2.5,2900,9799,1.0,0,0,3,8,1450,1450,1959,0,98004,47.6255,-122.208,2810,9687
19509,19509,8928100205,20150331T000000,725000.0,3.0,2.0,1820,6324,1.0,0,0,5,7,910,910,1945,0,98115,47.6823,-122.27,1850,6440
19510,19510,2473400110,20140826T000000,315500.0,3.0,1.75,1870,8400,1.0,0,0,3,7,990,880,1977,0,98058,47.45399999999999,-122.164,1750,8400
19511,19511,2558720120,20140505T000000,487585.0,4.0,1.75,2010,9211,1.0,0,0,3,7,1470,540,1977,0,98034,47.7206,-122.171,1840,8500
19512,19512,2023049361,20150323T000000,246500.0,2.0,1.0,940,6000,1.0,0,0,2,7,940,0,1954,0,98148,47.4631,-122.329,1890,8547
19513,19513,6821101285,20140814T000000,819000.0,3.0,1.75,1850,6000,1.5,0,0,3,8,1650,200,1913,1999,98199,47.6528,-122.401,1540,6000
19514,19514,2780910100,20141218T000000,349900.0,5.0,2.5,2530,4229,2.0,0,0,3,7,2530,0,2004,0,98038,47.3531,-122.021,2070,4879
19515,19515,9357000230,20140822T000000,267000.0,3.0,1.0,940,4700,1.0,0,0,4,6,940,0,1942,0,98146,47.5117,-122.378,1020,5700
19516,19516,3649100015,20150513T000000,480000.0,3.0,2.25,1820,15000,1.0,0,0,3,7,1480,340,1978,0,98028,47.7401,-122.249,1930,13600
19517,19517,1189000180,20140910T000000,525000.0,2.0,1.0,1510,3360,1.0,0,0,3,7,880,630,1924,0,98122,47.6135,-122.297,1330,3360
19518,19518,3905120610,20140625T000000,578000.0,4.0,2.5,2070,5415,2.0,0,0,3,8,2070,0,1996,0,98029,47.5706,-122.006,2120,5331
19519,19519,993002177,20150506T000000,345000.0,3.0,2.5,1380,1547,3.0,0,0,3,8,1380,0,2000,0,98103,47.6908,-122.341,1380,1465
19520,19520,6384500535,20150326T000000,499000.0,3.0,1.0,1270,6250,1.0,0,0,3,7,910,360,1955,0,98116,47.5694,-122.397,2000,6250
19521,19521,7751800115,20140826T000000,425000.0,3.0,1.5,1390,9680,1.0,0,0,4,7,1390,0,1956,0,98008,47.63399999999999,-122.125,1460,10050
19522,19522,4137020820,20141027T000000,268000.0,4.0,3.0,1840,7510,2.0,0,0,5,8,1840,0,1988,2013,98092,47.2595,-122.218,1650,7957
19523,19523,9407000230,20141204T000000,240000.0,3.0,1.0,1600,12566,1.0,0,0,4,7,1600,0,1971,0,98045,47.4431,-121.765,1600,10650
19524,19524,3306200230,20150303T000000,147000.0,3.0,1.5,1480,9606,1.0,0,0,4,7,1100,380,1964,0,98023,47.2978,-122.363,1600,9619
19525,19525,3888100176,20150306T000000,500000.0,4.0,2.0,2120,7806,1.0,0,0,4,6,1770,350,1949,0,98033,47.6859,-122.166,1560,9920
19526,19526,7011201325,20141028T000000,1010000.0,4.0,2.75,2940,5400,1.5,0,2,5,8,1940,1000,1910,0,98119,47.6366,-122.369,1970,2008
19527,19527,1424130220,20150309T000000,991500.0,4.0,3.0,3820,26895,2.0,0,2,3,11,3820,0,1995,0,98072,47.7253,-122.092,3820,24751
19528,19528,9165100375,20141118T000000,510000.0,5.0,2.0,2740,3838,1.0,0,0,4,7,1370,1370,1959,0,98117,47.6819,-122.393,1660,4040
19529,19529,1651500040,20140801T000000,1980000.0,4.0,4.0,4360,12081,2.0,0,0,3,10,4360,0,2007,0,98004,47.6377,-122.219,2180,10800
19530,19530,8929000090,20140702T000000,484998.0,4.0,2.5,1540,1870,2.0,0,0,3,8,1540,0,2014,0,98029,47.5524,-121.999,1540,1619
19531,19531,3303850360,20140625T000000,1280000.0,4.0,3.5,4660,17398,2.0,0,2,3,11,4660,0,2003,0,98006,47.5422,-122.112,5080,24913
19532,19532,2011000120,20140529T000000,210000.0,3.0,1.75,1590,7617,2.0,0,0,3,7,1590,0,1986,0,98198,47.3819,-122.312,1490,7450
19533,19533,6751100205,20140804T000000,450000.0,2.0,1.0,1180,10720,1.0,0,0,4,7,1180,0,1955,0,98007,47.5893,-122.135,1420,10750
19534,19534,5078400035,20150402T000000,875000.0,4.0,1.75,2360,8286,1.0,0,0,3,7,1320,1040,1952,0,98004,47.6226,-122.205,1680,7630
19535,19535,6073300530,20150428T000000,529950.0,4.0,2.75,1860,7500,1.0,0,0,5,8,1220,640,1967,0,98056,47.5398,-122.173,2020,8137
19536,19536,9818700645,20140723T000000,415000.0,3.0,1.75,1470,4000,1.0,0,0,3,7,1070,400,1979,0,98122,47.6067,-122.298,1280,3500
19537,19537,6181700625,20150220T000000,590000.0,4.0,2.0,2990,12970,1.5,0,2,4,7,1960,1030,1948,0,98028,47.7605,-122.258,2500,10680
19538,19538,8718500610,20140526T000000,379950.0,3.0,1.5,1690,9144,1.0,0,0,4,7,1140,550,1956,0,98028,47.739,-122.253,1840,10600
19539,19539,7950302150,20150410T000000,385000.0,1.0,1.0,660,3570,1.0,0,0,3,6,660,0,1906,0,98118,47.5659,-122.284,1520,4080
19540,19540,923000115,20141029T000000,588000.0,3.0,1.75,2310,7620,2.0,0,0,3,8,2310,0,1942,1988,98177,47.7266,-122.363,2200,7672
19541,19541,1722800835,20140811T000000,252500.0,2.0,1.0,770,2191,1.0,0,0,3,6,770,0,1937,0,98108,47.5512,-122.323,940,5000
19542,19542,7436300180,20140519T000000,530000.0,3.0,3.5,2320,3174,2.0,0,0,3,9,2060,260,1997,0,98033,47.6897,-122.175,2320,3187
19543,19543,1630700276,20150105T000000,385000.0,2.0,1.5,1370,159865,1.0,0,0,3,7,1370,0,1960,0,98072,47.7592,-122.092,1370,16217
19544,19544,2558670110,20140829T000000,419000.0,3.0,2.25,1700,7650,1.0,0,0,4,7,1340,360,1975,0,98034,47.7214,-122.166,1980,7200
19545,19545,402000110,20141017T000000,175000.0,2.0,1.0,960,5508,1.0,0,0,3,6,770,190,1951,0,98118,47.5307,-122.277,1280,5304
19546,19546,442000175,20150331T000000,515000.0,2.0,1.0,1150,5664,1.0,0,0,3,7,870,280,1948,0,98115,47.6894,-122.284,1380,5664
19547,19547,8825900410,20150218T000000,945000.0,4.0,2.5,2910,4680,1.5,0,0,5,9,1850,1060,1937,0,98115,47.6745,-122.31,1960,4120
19548,19548,984210120,20140620T000000,359900.0,5.0,2.25,2290,7420,1.0,0,0,3,7,1290,1000,1973,0,98058,47.4375,-122.166,1660,7526
19549,19549,8044050040,20140807T000000,419950.0,4.0,2.5,2260,5164,2.0,0,0,3,8,2260,0,1996,0,98056,47.50899999999999,-122.166,2260,5866
19550,19550,2771604370,20140926T000000,460000.0,3.0,1.75,1300,4000,1.0,0,0,3,7,900,400,1953,0,98199,47.6368,-122.388,1750,4000
19551,19551,5028602020,20150305T000000,255000.0,3.0,2.25,1850,7151,2.0,0,0,3,7,1850,0,1989,0,98023,47.2843,-122.352,1710,6827
19552,19552,643300040,20141104T000000,481000.0,4.0,1.75,1920,9500,1.0,0,0,4,7,1470,450,1966,0,98006,47.5683,-122.177,1820,10091
19553,19553,643300040,20150313T000000,719521.0,4.0,1.75,1920,9500,1.0,0,0,4,7,1470,450,1966,0,98006,47.5683,-122.177,1820,10091
19554,19554,224059025,20140620T000000,1080000.0,3.0,3.0,4910,43560,2.0,0,0,4,10,4000,910,1989,0,98007,47.5911,-122.131,3540,12288
19555,19555,3379200100,20140523T000000,334000.0,4.0,2.5,2210,6080,1.0,0,2,4,8,1410,800,1965,0,98178,47.4915,-122.228,2210,6175
19556,19556,6338000493,20140912T000000,675000.0,4.0,2.75,2280,3200,1.5,0,0,5,8,1520,760,1931,0,98105,47.6709,-122.282,1970,4687
19557,19557,293000068,20140613T000000,556000.0,3.0,1.75,1640,7437,1.0,0,0,3,7,1090,550,1948,0,98126,47.5324,-122.38,1640,7436
19558,19558,6169901095,20140815T000000,900000.0,4.0,2.0,1980,7200,2.0,0,3,3,8,1700,280,1910,0,98119,47.6318,-122.369,2490,4200
19559,19559,4443800375,20141002T000000,400000.0,3.0,1.0,900,4084,1.5,0,0,3,7,900,0,1910,0,98117,47.684,-122.393,1280,4080
19560,19560,9376301800,20150324T000000,724950.0,4.0,1.75,1960,4340,1.0,0,0,5,8,980,980,1912,0,98117,47.6847,-122.37,1630,4360
19561,19561,6799300150,20140903T000000,321000.0,4.0,2.25,1800,4500,2.0,0,0,4,8,1800,0,2004,0,98031,47.394,-122.183,2010,5050
19562,19562,3271800910,20140701T000000,1356920.0,4.0,3.5,4270,5800,2.0,0,3,5,10,3170,1100,1937,0,98199,47.6474,-122.411,3100,5800
19563,19563,42000245,20140613T000000,171000.0,4.0,2.0,1520,19672,1.0,0,0,3,6,1020,500,1920,0,98188,47.4683,-122.281,1810,7840
19564,19564,1625069101,20140707T000000,1360000.0,4.0,3.0,5430,108900,2.0,0,0,4,10,5430,0,1987,0,98053,47.6582,-122.038,3170,107076
19565,19565,4046700110,20150224T000000,323000.0,3.0,1.75,1950,15037,1.0,0,0,3,7,1950,0,1989,0,98014,47.6892,-121.913,1760,15181
19566,19566,2423600100,20140502T000000,491500.0,4.0,1.75,2190,125452,1.0,0,2,3,9,2190,0,1968,0,98092,47.2703,-122.069,3000,125017
19567,19567,621069154,20140721T000000,226000.0,4.0,1.5,1200,10890,1.0,0,0,5,7,1200,0,1972,0,98042,47.3423,-122.088,1250,10139
19568,19568,2436200025,20141009T000000,580000.0,6.0,1.75,2180,4000,1.5,0,0,4,7,1380,800,1926,0,98105,47.6643,-122.29,1720,4000
19569,19569,9808610410,20140822T000000,640000.0,4.0,2.5,2320,11259,2.0,0,0,3,9,2320,0,1982,0,98004,47.6443,-122.194,2820,11770
19570,19570,1370803640,20140820T000000,619790.0,3.0,1.75,1040,5097,1.0,0,0,4,7,800,240,1944,0,98199,47.6385,-122.401,1630,5097
19571,19571,3779300210,20140630T000000,383962.0,4.0,2.5,2700,6998,2.0,0,0,3,8,2700,0,2001,0,98188,47.4694,-122.263,2350,10550
19572,19572,424049059,20140815T000000,373000.0,3.0,2.0,1400,2445,1.0,0,0,3,7,840,560,2002,0,98144,47.5926,-122.299,1400,3200
19573,19573,5422560850,20141210T000000,541338.0,3.0,2.5,2060,8123,2.0,0,0,3,8,1010,1050,1977,0,98052,47.6642,-122.13,1760,6170
19574,19574,558100065,20141003T000000,254922.0,2.0,1.0,780,8160,1.0,0,0,4,6,780,0,1953,0,98133,47.7356,-122.34,1310,8160
19575,19575,4442800040,20140624T000000,575000.0,3.0,2.25,2400,5000,1.5,0,0,4,7,1440,960,1926,0,98117,47.6897,-122.393,1630,5000
19576,19576,4038600300,20140902T000000,650000.0,4.0,3.0,2900,15535,1.0,0,2,4,7,1870,1030,1961,0,98008,47.612,-122.119,2330,10217
19577,19577,5070000120,20140813T000000,269950.0,3.0,1.5,1740,9547,1.0,0,0,4,7,1740,0,1962,0,98055,47.4475,-122.213,1780,9936
19578,19578,795002450,20150430T000000,270950.0,2.0,1.0,780,6250,1.0,0,0,3,6,780,0,1942,0,98168,47.5099,-122.33,1280,7100
19579,19579,3579000180,20141229T000000,495000.0,3.0,2.75,2430,14861,1.0,0,0,3,9,1530,900,1988,0,98028,47.7461,-122.247,2230,10300
19580,19580,6821102170,20140507T000000,794154.0,4.0,2.0,2210,8556,1.0,0,1,4,8,1210,1000,1954,0,98199,47.6498,-122.396,2190,7975
19581,19581,5151900110,20141219T000000,340768.0,3.0,1.5,1510,11200,1.0,0,0,4,8,1510,0,1960,0,98003,47.3347,-122.325,2110,12070
19582,19582,5101407790,20140801T000000,375000.0,2.0,1.0,900,5413,1.0,0,0,3,7,900,0,1947,0,98125,47.7047,-122.307,1280,6380
19583,19583,2538400040,20140524T000000,820000.0,4.0,2.5,3670,7000,2.0,0,0,3,10,3670,0,2005,0,98075,47.5854,-122.08,3680,7437
19584,19584,1025049266,20140930T000000,555000.0,2.0,2.25,1160,954,2.0,0,0,3,8,960,200,2014,0,98105,47.6647,-122.284,1160,1327
19585,19585,4340610040,20140612T000000,312500.0,2.0,1.5,1070,1200,2.0,0,0,3,7,1070,0,1999,0,98103,47.697,-122.347,1070,1200
19586,19586,3204300610,20141202T000000,450000.0,2.0,1.0,950,4560,1.5,0,0,3,7,950,0,1925,0,98112,47.6288,-122.3,2040,4560
19587,19587,6793300220,20150105T000000,739000.0,3.0,2.75,2950,6667,2.0,0,0,3,9,2950,0,2003,0,98029,47.5577,-122.026,3340,6667
19588,19588,1568100087,20150413T000000,320000.0,3.0,2.0,1420,1716,2.0,0,0,3,7,1050,370,2003,0,98155,47.7364,-122.295,1420,8150
19589,19589,4338800600,20140609T000000,235000.0,3.0,1.0,1590,13000,1.5,0,0,3,6,1590,0,1944,0,98166,47.4789,-122.346,1460,8400
19590,19590,7211400535,20150323T000000,275500.0,4.0,1.0,1290,5000,1.5,0,0,3,7,1290,0,1957,0,98146,47.5128,-122.358,1440,2500
19591,19591,8682261140,20140618T000000,564000.0,2.0,2.0,1690,4500,1.0,0,0,3,8,1690,0,2004,0,98053,47.7133,-122.031,1640,4500
19592,19592,4435000145,20150501T000000,263000.0,4.0,1.75,1340,8700,1.5,0,0,3,6,1340,0,1958,0,98188,47.4514,-122.287,1240,8700
19593,19593,421059018,20141104T000000,257000.0,3.0,1.75,1397,18000,1.0,0,0,3,7,1397,0,1965,2014,98092,47.3388,-122.166,1950,31294
19594,19594,1321059013,20150319T000000,725000.0,4.0,2.5,3750,218506,2.0,0,0,3,10,3750,0,1991,0,98092,47.3045,-122.103,2540,39413
19595,19595,2143700406,20141211T000000,300000.0,3.0,2.25,2000,7560,1.0,0,0,3,7,1400,600,1979,0,98055,47.4798,-122.228,2040,6949
19596,19596,8961950410,20140707T000000,328000.0,3.0,2.0,2250,7904,1.5,0,0,3,8,2250,0,1998,0,98001,47.3165,-122.252,2460,8622
19597,19597,1788800770,20140728T000000,187500.0,3.0,1.0,840,8400,1.0,0,0,3,6,840,0,1959,0,98023,47.3281,-122.344,1030,8640
19598,19598,7518507685,20150223T000000,400000.0,3.0,1.0,1100,5100,2.0,0,0,4,7,1100,0,1900,0,98117,47.679,-122.386,1540,5100
19599,19599,2490200220,20150302T000000,515000.0,3.0,1.5,1660,5100,1.0,0,0,4,7,1210,450,1954,0,98136,47.5345,-122.383,1440,5100
19600,19600,284000025,20150420T000000,1410000.0,2.0,2.0,2180,18525,1.0,1,4,5,9,1580,600,1952,0,98146,47.5036,-122.387,2480,21503
19601,19601,522059189,20150417T000000,235000.0,3.0,1.0,1460,8400,1.0,0,0,3,7,1460,0,1958,0,98055,47.4243,-122.198,1460,9600
19602,19602,7203150330,20140717T000000,669000.0,4.0,2.5,2470,4945,2.0,0,0,3,8,2470,0,2012,0,98053,47.6898,-122.015,2510,4988
19603,19603,3124089060,20150424T000000,282000.0,3.0,1.0,1250,13503,1.5,0,0,4,6,1250,0,1931,0,98065,47.526,-121.829,1450,13503
19604,19604,7518504130,20140626T000000,663000.0,3.0,2.0,1480,3876,1.0,0,0,5,7,860,620,1928,0,98117,47.6808,-122.382,1660,3774
19605,19605,7893802670,20150424T000000,279900.0,3.0,3.25,2240,5000,2.0,0,0,3,9,1540,700,1989,0,98198,47.4114,-122.334,1800,7500
19606,19606,2548100180,20140507T000000,335000.0,3.0,2.0,1570,7200,1.0,0,0,4,7,1570,0,1952,0,98155,47.7501,-122.314,1410,7434
19607,19607,4024100915,20141231T000000,689000.0,4.0,2.75,3250,10000,2.0,0,0,3,9,3250,0,2014,0,98155,47.7557,-122.309,1620,10089
19608,19608,1026069106,20150421T000000,413100.0,3.0,2.25,1790,231303,1.0,0,0,3,7,1250,540,1980,0,98077,47.7558,-122.027,2090,93654
19609,19609,7852020720,20150327T000000,506950.0,3.0,2.5,2080,4931,2.0,0,0,3,8,2080,0,2000,0,98065,47.5342,-121.868,1890,4229
19610,19610,9828702265,20140506T000000,500000.0,3.0,2.5,1480,1171,3.0,0,0,3,8,1480,0,2006,0,98112,47.62,-122.3,1480,1231
19611,19611,5104511250,20140613T000000,540000.0,5.0,3.0,3610,9775,2.0,0,0,3,8,3610,0,2003,0,98038,47.3545,-122.011,2800,8582
19612,19612,9828201885,20140822T000000,812000.0,3.0,2.5,2040,4559,2.0,0,0,3,9,2040,0,1998,0,98122,47.6156,-122.295,1500,4500
19613,19613,7525950110,20140828T000000,1200000.0,4.0,3.25,3850,19842,2.0,0,3,3,11,3180,670,1989,0,98074,47.6239,-122.065,4320,19500
19614,19614,3211260120,20141215T000000,370000.0,3.0,2.25,3230,35306,2.0,0,0,3,9,3230,0,1987,0,98092,47.3065,-122.113,2760,35285
19615,19615,7250000065,20140825T000000,338000.0,3.0,2.0,2440,23512,1.0,0,0,3,6,1640,800,1933,0,98148,47.4594,-122.326,1630,19613
19616,19616,1446400564,20140507T000000,185000.0,4.0,1.0,1490,6600,1.0,0,0,3,7,1490,0,1969,0,98168,47.4835,-122.332,1280,6600
19617,19617,224059021,20141219T000000,450000.0,3.0,1.0,1150,35415,1.0,0,0,4,7,1010,140,1950,0,98008,47.5974,-122.129,2460,11781
19618,19618,6392000625,20140712T000000,451000.0,2.0,1.0,900,6000,1.0,0,0,3,7,900,0,1944,2004,98115,47.6855,-122.289,1460,4800
19619,19619,6817850110,20150421T000000,785000.0,4.0,2.5,3210,24527,1.5,0,0,3,11,3210,0,1984,0,98074,47.6399,-122.052,3280,24527
19620,19620,3902100175,20140728T000000,850000.0,5.0,3.0,3900,5250,1.5,0,1,5,8,2620,1280,1931,0,98116,47.5577,-122.389,1950,5700
19621,19621,7205400180,20141223T000000,235000.0,3.0,1.0,1240,18000,1.0,0,0,2,7,1240,0,1943,0,98198,47.3514,-122.315,1240,18000
19622,19622,7351200295,20150114T000000,1150000.0,3.0,1.75,1760,6788,2.0,1,4,3,7,1760,0,1940,1960,98125,47.7336,-122.284,1630,7588
19623,19623,291310260,20140516T000000,377500.0,3.0,2.25,1410,1377,2.0,0,0,3,7,1290,120,2005,0,98027,47.5342,-122.067,1445,1370
19624,19624,3026059204,20140530T000000,825500.0,3.0,2.5,2780,11964,2.0,0,0,3,9,2780,0,2009,0,98034,47.7127,-122.216,1760,9640
19625,19625,2856102105,20140610T000000,1059500.0,5.0,3.25,3230,3825,2.0,0,0,3,9,2480,750,2014,0,98117,47.6785,-122.392,1480,5100
19626,19626,3343301343,20141120T000000,880000.0,5.0,3.5,4600,8764,2.0,0,0,3,10,3180,1420,2007,0,98006,47.5491,-122.19,3210,9431
19627,19627,8682302030,20140521T000000,413800.0,3.0,2.0,1440,4421,1.0,0,0,3,8,1440,0,2007,0,98053,47.7188,-122.024,1440,4157
19628,19628,1048000160,20140627T000000,504200.0,2.0,1.5,1200,1687,3.0,0,0,3,8,1200,0,2008,0,98103,47.6491,-122.334,1240,1296
19629,19629,5714200140,20150422T000000,421500.0,4.0,3.0,2793,5703,2.0,0,0,3,9,2793,0,2009,0,98030,47.3682,-122.178,2793,5704
19630,19630,1152200030,20150305T000000,855169.0,4.0,2.5,2970,5050,2.0,0,0,3,8,2970,0,2014,0,98052,47.7043,-122.122,2810,4998
19631,19631,3157600075,20150207T000000,380000.0,3.0,2.0,1440,3218,1.0,0,0,3,7,850,590,2008,0,98106,47.5655,-122.36,1170,5000
19632,19632,1972200554,20140804T000000,580000.0,3.0,2.25,1480,1026,3.0,0,0,3,8,1480,0,2014,0,98103,47.6536,-122.354,1570,1283
19633,19633,9429400060,20150409T000000,377000.0,3.0,2.5,1870,5333,2.0,0,0,3,8,1870,0,2012,0,98019,47.7447,-121.984,2100,3730
19634,19634,301401610,20140930T000000,329900.0,4.0,2.75,2475,4000,2.0,0,0,3,7,2475,0,2014,0,98002,47.3452,-122.209,2475,4000
19635,19635,1025039326,20140828T000000,921800.0,4.0,2.5,2950,7024,2.0,0,0,3,10,2950,0,2012,0,98199,47.6651,-122.403,2950,6339
19636,19636,9385200041,20150304T000000,529500.0,3.0,2.25,1410,905,3.0,0,0,3,9,1410,0,2014,0,98116,47.5818,-122.402,1510,1352
19637,19637,7237450550,20140603T000000,363990.0,4.0,2.5,2240,3712,2.0,0,0,3,8,2240,0,2014,0,98038,47.3551,-122.061,2530,4315
19638,19638,2862500060,20150115T000000,834950.0,5.0,2.75,3230,6500,2.0,0,0,3,9,3230,0,2014,0,98074,47.6237,-122.023,3180,7624
19639,19639,4046500270,20140819T000000,399000.0,3.0,2.0,2100,31550,1.0,0,0,3,8,2100,0,2010,0,98014,47.6907,-121.917,1860,18452
19640,19640,2161400060,20141114T000000,338900.0,3.0,2.25,1936,9495,1.0,0,0,3,8,1936,0,2013,0,98030,47.3714,-122.197,1410,12770
19641,19641,2781230070,20150311T000000,419950.0,3.0,2.5,3120,6000,2.0,0,0,3,9,3120,0,2007,0,98038,47.3473,-122.03,2670,6000
19642,19642,4019500160,20150413T000000,493000.0,4.0,2.5,2070,4270,2.0,0,0,3,8,2070,0,2010,0,98028,47.773,-122.265,2070,4610
19643,19643,6980500030,20141211T000000,650000.0,4.0,2.5,3700,4500,2.0,0,0,3,9,3700,0,2007,0,98028,47.7473,-122.23,3050,5047
19644,19644,1442880260,20140909T000000,456000.0,3.0,2.5,2130,5205,2.0,0,0,3,8,2130,0,2013,0,98045,47.4832,-121.774,2250,5462
19645,19645,9268851860,20140918T000000,425000.0,3.0,2.25,1620,997,2.5,0,0,3,8,1540,80,2010,0,98027,47.54,-122.026,1620,1068
19646,19646,832700320,20150209T000000,348000.0,3.0,2.5,1490,2478,3.0,0,0,3,8,1490,0,2009,0,98133,47.7236,-122.353,1270,1156
19647,19647,2937300550,20141029T000000,1040890.0,5.0,4.0,4180,7232,2.0,0,0,3,9,4180,0,2014,0,98052,47.7049,-122.125,3570,6054
19648,19648,2114700368,20141118T000000,299000.0,2.0,2.5,1400,1262,2.0,0,0,3,8,1160,240,2008,0,98106,47.5342,-122.349,1060,1524
19649,19649,2213000030,20140512T000000,1264000.0,4.0,3.75,3490,9170,2.0,0,0,3,9,3490,0,2012,0,98004,47.5991,-122.2,1810,8470
19650,19650,2626119062,20141112T000000,155000.0,3.0,1.0,1300,6098,1.0,0,0,3,7,1300,0,2013,0,98014,47.7074,-121.364,1300,6849
19651,19651,7338220160,20150225T000000,319500.0,4.0,2.5,2730,4962,2.0,0,0,3,8,2730,0,2006,0,98002,47.3363,-122.216,2150,3802
19652,19652,2781280310,20141222T000000,274000.0,3.0,2.5,1830,2517,2.0,0,0,3,8,1830,0,2005,0,98055,47.4496,-122.189,1610,2762
19653,19653,3448740070,20140616T000000,429000.0,5.0,2.5,2340,4500,2.0,0,0,3,7,2340,0,2009,0,98059,47.4911,-122.154,2190,4500
19654,19654,2895800710,20141202T000000,267800.0,3.0,1.75,1410,1899,2.0,0,0,3,8,1410,0,2014,0,98106,47.5171,-122.347,1410,1811
19655,19655,723049434,20150408T000000,369950.0,3.0,2.5,1930,8254,2.0,0,0,3,7,1930,0,2014,0,98146,47.4973,-122.346,1540,8849
19656,19656,2922059212,20150109T000000,480000.0,6.0,5.0,3028,18055,2.0,0,0,3,7,3028,0,2005,0,98030,47.3651,-122.197,1400,34575
19657,19657,1441000350,20140915T000000,440000.0,4.0,3.5,3180,4869,2.0,0,0,3,8,2390,790,2007,0,98055,47.4482,-122.206,2850,4500
19658,19658,8562790310,20150324T000000,839704.0,4.0,3.25,2950,4161,2.0,0,0,3,10,2210,740,2014,0,98027,47.5297,-122.073,2790,3693
19659,19659,2767604425,20150129T000000,535000.0,3.0,3.25,1430,1276,3.0,0,0,3,8,1430,0,2007,0,98107,47.6712,-122.38,1430,1243
19660,19660,306000565,20140825T000000,290000.0,2.0,1.5,1020,1275,3.0,0,0,3,8,1020,0,2008,0,98103,47.7003,-122.346,980,1415
19661,19661,6130500060,20140721T000000,370000.0,3.0,2.5,1650,1793,3.0,0,0,3,8,1650,0,2007,0,98133,47.7107,-122.332,1650,1863
19662,19662,3362400125,20150303T000000,405000.0,3.0,2.0,1060,651,3.0,0,0,3,7,1060,0,2007,0,98103,47.6828,-122.345,1440,1501
19663,19663,1442880510,20140530T000000,499431.0,4.0,2.75,2620,6019,2.0,0,0,3,8,2620,0,2013,0,98045,47.484,-121.771,2790,6716
19664,19664,9188200505,20140710T000000,275000.0,4.0,2.5,1830,3868,2.0,0,0,3,7,1830,0,2007,0,98118,47.5186,-122.276,2330,3868
19665,19665,1865400075,20140522T000000,320000.0,3.0,2.25,998,844,2.0,0,0,3,7,798,200,2007,0,98117,47.6983,-122.367,998,1110
19666,19666,7853320550,20140805T000000,425000.0,4.0,2.5,2070,4427,2.0,0,0,3,7,2070,0,2007,0,98065,47.5208,-121.869,2070,4556
19667,19667,9831200172,20150227T000000,1450000.0,4.0,3.5,2860,2199,3.0,0,0,3,10,2860,0,2013,0,98102,47.6262,-122.323,1990,1378
19668,19668,8141300030,20150210T000000,340000.0,3.0,2.0,1920,5688,1.0,0,3,3,9,1920,0,2007,0,98022,47.1952,-121.976,2384,4802
19669,19669,7899800863,20141001T000000,299900.0,3.0,2.5,1210,2046,2.0,0,0,3,9,920,290,2008,0,98106,47.5212,-122.357,1070,651
19670,19670,745530240,20141226T000000,865950.0,5.0,3.5,4890,12039,2.0,0,0,3,9,3590,1300,2014,0,98011,47.7338,-122.208,4590,10079
19671,19671,4055700784,20140815T000000,720000.0,4.0,2.5,3420,17038,2.0,0,0,3,9,3420,0,2007,0,98034,47.718,-122.241,2520,14190
19672,19672,1180000830,20141002T000000,460000.0,4.0,3.5,2870,3225,2.0,0,3,3,9,2070,800,2006,0,98178,47.5009,-122.225,1770,6450
19673,19673,291310270,20141119T000000,375000.0,3.0,2.5,1600,2042,2.0,0,0,3,8,1600,0,2005,0,98027,47.5341,-122.067,1445,1370
19674,19674,1934800162,20150511T000000,386180.0,2.0,1.5,960,1829,2.0,0,0,3,7,960,0,2005,0,98122,47.6032,-122.308,1470,1829
19675,19675,2309710070,20150114T000000,280000.0,3.0,2.75,1740,5639,1.0,0,3,3,7,1740,0,2010,0,98022,47.1942,-121.977,2380,5331
19676,19676,6181500340,20140808T000000,359000.0,4.0,2.5,2575,4725,2.0,0,0,3,8,2575,0,2011,0,98001,47.3058,-122.277,2575,5323
19677,19677,7853220390,20140502T000000,785000.0,5.0,3.25,3660,11995,2.0,0,2,3,10,3660,0,2006,0,98065,47.5337,-121.86,3320,11241
19678,19678,9834201375,20150206T000000,425000.0,3.0,2.25,1420,1230,2.0,0,0,3,8,940,480,2009,0,98144,47.5703,-122.288,1400,1230
19679,19679,5214510060,20150504T000000,575000.0,5.0,2.5,3070,7200,2.0,0,0,3,8,3070,0,2005,0,98059,47.4939,-122.137,2590,7200
19680,19680,3221079050,20150303T000000,465000.0,3.0,2.5,1920,144619,1.0,0,0,3,8,1920,0,2014,0,98022,47.2683,-121.946,2010,48787
19681,19681,1266200140,20150506T000000,1850000.0,4.0,3.25,4160,10335,2.0,0,0,3,10,4160,0,2014,0,98004,47.6235,-122.192,1840,10333
19682,19682,2523039346,20150218T000000,720000.0,4.0,3.25,3276,10801,2.0,0,0,3,9,3276,0,2008,0,98166,47.4585,-122.361,2010,11656
19683,19683,1624049293,20140506T000000,390000.0,5.0,3.75,2890,5000,1.0,0,0,3,7,1310,1580,2006,0,98108,47.5701,-122.296,1930,5117
19684,19684,1973700030,20150429T000000,2205000.0,3.0,2.5,3430,10177,2.0,0,0,3,10,3430,0,2014,0,98034,47.7159,-122.251,3110,12339
19685,19685,1070000390,20140702T000000,1054690.0,4.0,3.5,3390,3979,2.0,0,0,3,9,2610,780,2014,0,98199,47.6482,-122.408,3350,4165
19686,19686,2524059269,20140610T000000,915000.0,6.0,3.75,2930,14980,2.0,0,3,3,9,2930,0,2013,0,98006,47.5441,-122.117,3210,10787
19687,19687,1972200326,20150422T000000,562000.0,2.0,2.25,1300,1314,3.0,0,0,3,8,1300,0,2008,0,98103,47.6536,-122.356,1300,1312
19688,19688,3796000400,20141120T000000,349000.0,2.0,1.75,1250,1208,2.0,0,0,3,7,1040,210,2007,0,98144,47.6004,-122.299,1250,1656
19689,19689,321030070,20140814T000000,375000.0,4.0,2.5,2310,7800,2.0,0,0,3,8,2310,0,2011,0,98042,47.3737,-122.164,2310,7140
19690,19690,476000118,20141212T000000,479950.0,2.0,2.25,1360,1336,3.0,0,0,3,8,1360,0,2008,0,98107,47.6714,-122.392,1280,1295
19691,19691,2909310060,20150109T000000,319000.0,4.0,2.5,2020,5100,2.0,0,0,3,7,2020,0,2010,0,98023,47.2822,-122.357,2300,5685
19692,19692,832700240,20141003T000000,325000.0,3.0,1.5,1270,1067,3.0,0,0,3,8,1270,0,2009,0,98133,47.7236,-122.353,1090,1118
19693,19693,1442880570,20140821T000000,505657.0,4.0,2.75,2790,8092,2.0,0,0,3,8,2790,0,2013,0,98045,47.4834,-121.773,2790,6154
19694,19694,9542840060,20150305T000000,340000.0,4.0,2.5,2320,4142,2.0,0,0,3,7,2320,0,2010,0,98038,47.3662,-122.019,2150,4140
19695,19695,629650370,20150123T000000,250000.0,3.0,2.5,1750,6351,2.0,0,0,3,7,1750,0,2012,0,98001,47.2589,-122.256,1398,6092
19696,19696,7967000060,20140926T000000,349500.0,4.0,2.5,2030,4596,2.0,0,0,3,8,2030,0,2014,0,98001,47.3515,-122.275,2040,4705
19697,19697,3904100041,20150424T000000,290750.0,3.0,2.5,1270,865,2.0,0,0,3,7,1080,190,2008,0,98118,47.5351,-122.279,1630,7752
19698,19698,9268850860,20150505T000000,715000.0,5.0,3.25,2710,2356,2.0,0,0,3,8,2230,480,2013,0,98027,47.5394,-122.028,2160,2108
19699,19699,1454100127,20140811T000000,689950.0,4.0,2.75,2520,8433,2.0,0,0,3,8,2520,0,2014,0,98125,47.7214,-122.289,1890,7772
19700,19700,2856101290,20140924T000000,425000.0,2.0,2.5,1340,1263,3.0,0,0,3,8,1340,0,2008,0,98117,47.6788,-122.388,1510,1260
19701,19701,2767601872,20150119T000000,657000.0,2.0,3.0,1570,1281,3.0,0,0,3,8,1570,0,2014,0,98107,47.6741,-122.384,1570,2500
19702,19702,255370570,20141120T000000,359950.0,4.0,3.5,2690,5564,2.0,0,0,3,7,2690,0,2007,0,98038,47.3537,-122.018,2210,4046
19703,19703,301401370,20140731T000000,319900.0,4.0,2.75,2475,4276,2.0,0,0,3,7,2475,0,2014,0,98002,47.345,-122.21,2475,4000
19704,19704,1604601804,20150416T000000,532000.0,3.0,3.75,2260,2050,2.0,0,0,3,9,1170,1090,2010,0,98118,47.566,-122.29,2130,3082
19705,19705,6749700004,20150330T000000,291000.0,2.0,1.0,840,863,3.0,0,0,3,8,840,0,2008,0,98103,47.6974,-122.349,1110,1190
19706,19706,1806900499,20140721T000000,675000.0,3.0,3.25,1720,1330,2.0,0,0,3,8,1030,690,2004,0,98112,47.62,-122.309,1720,1520
19707,19707,7625703435,20150121T000000,885000.0,3.0,2.25,2940,6500,3.0,0,0,3,9,2940,0,2014,0,98136,47.5482,-122.388,1680,6500
19708,19708,7324900016,20141021T000000,1450000.0,5.0,3.5,4170,9090,2.0,0,0,3,10,4170,0,2008,0,98004,47.5918,-122.196,1930,13635
19709,19709,3575303430,20141016T000000,780000.0,6.0,4.25,4310,10000,2.0,0,0,3,8,2950,1360,2008,0,98074,47.6214,-122.062,2100,10000
19710,19710,9492500140,20140712T000000,839950.0,4.0,2.75,3010,7200,2.0,0,0,3,9,3010,0,2014,0,98033,47.6948,-122.179,3010,7203
19711,19711,9268851670,20150424T000000,645000.0,3.0,2.5,2170,1984,2.5,0,0,3,8,2170,0,2008,0,98027,47.5401,-122.027,2150,1984
19712,19712,301400830,20141223T000000,263000.0,3.0,2.5,1584,3200,2.0,0,0,3,7,1584,0,2011,0,98002,47.3451,-122.215,1584,2800
19713,19713,4310702918,20141030T000000,345000.0,2.0,2.25,1110,1290,3.0,0,0,3,8,1110,0,2006,0,98103,47.6968,-122.34,1360,1251
19714,19714,4305600240,20141125T000000,505000.0,4.0,2.5,2420,5006,2.0,0,0,3,8,2420,0,2013,0,98059,47.4795,-122.126,2750,5471
19715,19715,7169500200,20140903T000000,522500.0,2.0,2.25,1430,1210,2.0,0,0,3,8,1340,90,2005,0,98115,47.6765,-122.301,1430,1016
19716,19716,3943600070,20140811T000000,400000.0,3.0,2.5,2393,4788,2.0,0,0,3,8,2393,0,2012,0,98055,47.4517,-122.204,2439,5477
19717,19717,1048000060,20140619T000000,543000.0,3.0,2.25,1240,949,3.0,0,0,3,8,1240,0,2008,0,98103,47.6488,-122.334,1310,1140
19718,19718,3449500045,20141013T000000,495000.0,4.0,2.5,2980,12075,1.0,0,0,3,8,1910,1070,2007,0,98056,47.5074,-122.172,2240,12075
19719,19719,1438000200,20140911T000000,549995.0,4.0,3.5,2970,6587,2.0,0,0,3,8,2260,710,2014,0,98059,47.4776,-122.122,2970,5690
19720,19720,5424100030,20150211T000000,327555.0,3.0,2.5,2329,5720,2.0,0,0,3,8,2329,0,2010,0,98030,47.362,-122.2,2197,5720
19721,19721,7853270710,20150409T000000,690000.0,5.0,3.25,3340,9075,2.0,0,0,3,8,2600,740,2005,0,98065,47.5446,-121.88,2770,6646
19722,19722,9161100075,20150318T000000,673000.0,4.0,2.25,2580,2875,2.0,0,0,3,9,2580,0,2015,0,98116,47.5674,-122.392,1290,5750
19723,19723,1085622860,20140721T000000,384435.0,3.0,2.5,2029,3906,2.0,0,0,3,9,2029,0,2014,0,98003,47.341,-122.18,2029,3920
19724,19724,9578090240,20140815T000000,780000.0,4.0,2.75,3430,6500,2.0,0,0,3,9,3050,380,2006,0,98052,47.7079,-122.106,3070,6802
19725,19725,4083306045,20141029T000000,1375000.0,5.0,3.75,3330,5042,2.0,0,2,3,9,2470,860,2014,0,98103,47.6497,-122.339,1780,3990
19726,19726,6666830320,20150324T000000,950968.0,5.0,3.5,3220,5081,2.0,0,0,3,8,3220,0,2013,0,98052,47.7048,-122.111,2970,5753
19727,19727,8562780160,20150329T000000,334950.0,2.0,2.25,1240,750,2.0,0,0,3,7,1150,90,2008,0,98027,47.5322,-122.073,1240,750
19728,19728,2767704603,20140609T000000,489000.0,3.0,3.5,1500,1249,2.0,0,0,3,8,1240,260,2004,0,98107,47.6727,-122.373,1440,1850
19729,19729,5631500292,20150420T000000,600000.0,3.0,3.0,3530,8345,2.0,0,0,3,10,3530,0,2006,0,98028,47.7338,-122.234,1940,9600
19730,19730,2424039036,20140822T000000,282000.0,3.0,2.25,1260,915,2.0,0,0,3,8,1020,240,2007,0,98106,47.555,-122.363,1260,1056
19731,19731,2867300030,20140801T000000,442000.0,4.0,4.0,4168,8485,2.0,0,0,3,10,3222,946,2007,0,98023,47.3029,-122.387,4362,8100
19732,19732,6661200260,20150512T000000,220000.0,2.0,1.5,1030,2850,2.0,0,0,3,7,1030,0,1995,0,98038,47.3845,-122.039,1030,3000
19733,19733,7238000240,20150218T000000,489000.0,3.0,2.5,3080,5598,2.0,0,0,3,8,3080,0,2006,0,98055,47.4372,-122.206,3080,5303
19734,19734,4051150070,20141223T000000,250000.0,3.0,1.5,1072,4339,2.0,0,0,3,7,1072,0,2009,0,98042,47.386,-122.162,1443,4341
19735,19735,1442880320,20140724T000000,484259.0,4.0,2.75,2790,5000,2.0,0,0,3,8,2790,0,2014,0,98045,47.4831,-121.773,2620,5527
19736,19736,3616600003,20150302T000000,1680000.0,3.0,2.5,4090,16972,2.0,0,2,3,11,3590,500,2007,0,98177,47.7258,-122.37,3740,16972
19737,19737,3862710030,20150424T000000,450000.0,3.0,2.5,1800,4357,2.0,0,0,3,8,1800,0,2013,0,98065,47.5337,-121.841,1800,3663
19738,19738,9828201361,20141114T000000,299000.0,2.0,1.5,830,1276,2.0,0,0,3,7,830,0,2005,0,98122,47.6175,-122.297,1540,1484
19739,19739,4019500030,20141029T000000,450000.0,3.0,2.5,2280,4557,2.0,0,0,3,8,2280,0,2010,0,98028,47.7733,-122.266,2070,4610
19740,19740,3630240140,20150123T000000,585000.0,4.0,3.0,2110,1286,2.0,0,0,3,9,1710,400,2007,0,98029,47.5444,-122.014,2000,1286
19741,19741,5695000270,20141103T000000,660000.0,3.0,2.25,1570,1680,3.0,0,0,3,8,1570,0,2014,0,98103,47.6585,-122.348,1290,1870
19742,19742,2349300069,20140512T000000,301500.0,2.0,1.5,830,1333,2.0,0,0,3,7,830,0,2005,0,98136,47.5506,-122.381,1120,4822
19743,19743,6790830060,20140915T000000,949950.0,4.0,3.75,4120,8258,2.0,0,0,3,10,4120,0,2012,0,98075,47.5872,-122.055,3730,8332
19744,19744,3630200640,20141030T000000,759990.0,4.0,2.5,2540,5760,2.0,0,0,3,9,2540,0,2009,0,98029,47.5405,-121.993,2580,3600
19745,19745,7967000160,20150316T000000,355000.0,4.0,2.75,2050,4000,2.0,0,0,3,8,2050,0,2014,0,98001,47.3522,-122.275,2050,4000
19746,19746,9492500160,20140723T000000,889950.0,4.0,2.75,3080,7242,2.0,0,0,3,9,3080,0,2014,0,98033,47.6948,-122.178,3010,7205
19747,19747,9268851740,20140701T000000,629800.0,3.0,2.5,2390,1984,2.0,0,0,3,8,2220,170,2008,0,98027,47.5405,-122.027,2150,1984
19748,19748,3342100421,20150424T000000,745000.0,4.0,2.5,3170,5100,2.0,0,0,3,9,3170,0,2012,0,98056,47.5187,-122.208,1580,5100
19749,19749,6362900138,20141103T000000,379900.0,2.0,1.5,1240,1331,2.0,0,0,3,7,1050,190,2007,0,98144,47.5959,-122.298,1250,1431
19750,19750,9358001422,20141114T000000,335000.0,3.0,2.5,1090,1139,2.0,0,0,3,8,960,130,2009,0,98126,47.5664,-122.369,1400,1348
19751,19751,7853280350,20140512T000000,809000.0,5.0,4.5,4630,6324,2.0,0,0,3,9,3210,1420,2006,0,98065,47.5382,-121.86,4420,6790
19752,19752,7853361420,20140826T000000,569950.0,4.0,2.5,3230,5899,2.0,0,0,3,8,3230,0,2012,0,98065,47.515,-121.869,2720,5899
19753,19753,7852120030,20140808T000000,723000.0,4.0,3.5,3510,9263,2.0,0,0,3,10,3510,0,2001,0,98065,47.5413,-121.877,3690,10417
19754,19754,731500320,20141110T000000,282000.0,4.0,2.5,1785,2552,2.0,0,0,3,8,1785,0,2009,0,98030,47.3582,-122.2,1691,2700
19755,19755,6056100102,20141030T000000,569900.0,5.0,3.25,2360,3873,2.0,0,0,3,8,1990,370,2006,0,98108,47.5635,-122.299,1720,3071
19756,19756,1823049179,20150121T000000,385000.0,4.0,2.0,2340,9716,1.0,0,0,3,7,2340,0,2009,0,98146,47.4842,-122.347,1180,13500
19757,19757,9268850030,20140707T000000,420000.0,3.0,2.25,1620,1075,3.0,0,0,3,8,1540,80,2009,0,98027,47.5405,-122.026,1620,1237
19758,19758,9831200159,20140806T000000,2250000.0,3.0,3.25,3890,3452,2.0,0,0,3,12,2890,1000,2006,0,98102,47.626000000000005,-122.323,2860,2199
19759,19759,8924100370,20140915T000000,1205000.0,4.0,3.5,3590,5335,2.0,0,2,3,9,3140,450,2006,0,98115,47.6762,-122.267,2100,6250
19760,19760,8669150700,20141208T000000,292000.0,4.0,3.0,1984,4460,2.0,0,0,3,7,1984,0,2012,0,98002,47.3532,-122.211,2095,3402
19761,19761,889000024,20150316T000000,645000.0,3.0,2.25,1640,1023,3.0,0,0,3,8,1640,0,2014,0,98105,47.6636,-122.319,1720,1960
19762,19762,9268850350,20150319T000000,304500.0,4.0,2.0,1350,942,3.0,0,0,3,7,1350,0,2008,0,98027,47.5394,-122.026,1390,942
19763,19763,2619950310,20150507T000000,489500.0,4.0,3.5,2730,5707,2.0,0,0,3,8,2000,730,2011,0,98019,47.7327,-121.965,2430,5899
19764,19764,7430200060,20150424T000000,1583000.0,4.0,4.0,5610,11063,3.0,0,0,3,11,4750,860,2006,0,98074,47.65,-122.065,4560,11063
19765,19765,5100400251,20150106T000000,390000.0,2.0,1.0,962,1992,2.0,0,0,3,7,962,0,2012,0,98115,47.6911,-122.313,1130,1992
19766,19766,2597490030,20141002T000000,815000.0,4.0,3.5,3040,4006,2.0,0,0,3,8,2350,690,2013,0,98029,47.5439,-122.011,2050,4000
19767,19767,3655500030,20150403T000000,719000.0,3.0,3.5,2540,10578,2.0,0,1,3,9,2010,530,2014,0,98006,47.547,-122.192,3240,9831
19768,19768,3751600784,20150403T000000,331210.0,4.0,2.5,2240,4800,2.0,0,0,3,8,2240,0,2014,0,98001,47.2911,-122.266,2240,5040
19769,19769,6781200013,20140507T000000,245000.0,3.0,1.5,1260,1270,2.0,0,0,3,7,1040,220,2005,0,98133,47.7111,-122.331,1260,1472
19770,19770,2619950060,20140909T000000,465000.0,5.0,4.0,3210,7200,2.0,0,0,3,8,2410,800,2011,0,98019,47.7329,-121.966,2750,7200
19771,19771,9523100731,20140930T000000,580000.0,3.0,2.5,1620,1171,3.0,0,4,3,8,1470,150,2008,0,98103,47.6681,-122.355,1620,1505
19772,19772,9272201318,20150414T000000,540000.0,3.0,2.0,1580,1972,2.5,0,2,3,8,1180,400,2007,0,98116,47.5903,-122.386,1500,1908
19773,19773,5676000004,20141118T000000,399000.0,3.0,2.5,1430,1250,3.0,0,0,3,7,1430,0,2007,0,98103,47.6904,-122.342,1360,1269
19774,19774,8091670070,20140804T000000,328000.0,4.0,2.5,1850,5388,2.0,0,0,3,8,1850,0,2009,0,98038,47.3494,-122.041,2140,5086
19775,19775,7853380570,20150511T000000,701000.0,4.0,2.5,3340,5314,2.0,0,0,3,10,3340,0,2010,0,98065,47.5167,-121.885,3220,5500
19776,19776,8091670200,20141022T000000,408000.0,3.0,2.75,2670,4800,2.0,0,0,3,8,2670,0,2014,0,98038,47.3483,-122.042,2340,5000
19777,19777,8084900160,20150212T000000,2641100.0,5.0,4.25,4660,16200,2.0,0,2,3,11,4660,0,2005,0,98004,47.6326,-122.216,3340,16200
19778,19778,1498300875,20140814T000000,445000.0,3.0,2.5,1550,930,2.0,0,0,3,8,1060,490,2006,0,98144,47.5857,-122.314,1550,1301
19779,19779,7853270200,20141021T000000,672500.0,4.0,2.5,3470,6651,2.0,0,0,3,9,3470,0,2005,0,98065,47.5426,-121.879,2730,6179
19780,19780,9211010320,20140709T000000,538000.0,3.0,2.5,3010,7014,2.0,0,0,3,8,3010,0,2009,0,98059,47.4949,-122.149,3030,6180
19781,19781,2867300160,20140904T000000,450000.0,5.0,3.5,3931,9497,2.0,0,0,3,10,2650,1281,2014,0,98023,47.3008,-122.386,3510,9497
19782,19782,3278605570,20140619T000000,362500.0,3.0,2.5,1800,2700,2.0,0,0,3,8,1800,0,2011,0,98126,47.5458,-122.369,1380,1200
19783,19783,4310702858,20141015T000000,414950.0,3.0,2.5,1570,1551,3.0,0,0,3,8,1570,0,2008,0,98103,47.6961,-122.341,1570,1705
19784,19784,2838000030,20150127T000000,679950.0,3.0,2.5,2230,3939,2.0,0,0,3,8,2230,0,2014,0,98133,47.73,-122.335,2230,4200
19785,19785,1673000240,20141112T000000,290000.0,4.0,2.5,2423,7292,2.0,0,0,3,8,2423,0,2005,0,98023,47.3227,-122.37,2495,7489
19786,19786,7899800791,20141023T000000,230000.0,3.0,2.0,1160,1174,2.0,0,0,3,7,790,370,2007,0,98106,47.5225,-122.357,1160,994
19787,19787,8682320160,20150220T000000,439950.0,2.0,2.0,1440,4666,1.0,0,0,3,8,1440,0,2010,0,98053,47.709,-122.019,1510,4595
19788,19788,8155870200,20140522T000000,349900.0,4.0,2.5,2052,3723,2.0,0,0,3,8,2052,0,2014,0,98003,47.2824,-122.295,2052,5250
19789,19789,2858600083,20141222T000000,550000.0,5.0,2.5,2780,9272,2.0,0,0,3,8,2780,0,2014,0,98126,47.5168,-122.378,1150,8460
19790,19790,2391601195,20150430T000000,1050000.0,4.0,4.25,3720,5750,2.0,0,2,3,9,2960,760,2006,0,98116,47.5632,-122.399,2550,5750
19791,19791,976000903,20150319T000000,655000.0,2.0,2.25,1460,1851,2.0,0,0,3,9,1180,280,2014,0,98119,47.6461,-122.362,1800,4269
19792,19792,7904700128,20141110T000000,385000.0,3.0,3.5,1370,1540,2.0,0,0,3,8,1100,270,2006,0,98116,47.5638,-122.388,1370,915
19793,19793,5609000311,20150410T000000,729999.0,6.0,4.5,3600,6110,2.0,0,0,3,9,2510,1090,2012,0,98118,47.5687,-122.291,1360,5800
19794,19794,1972201963,20140616T000000,523950.0,3.0,2.25,1420,1282,3.0,0,0,3,8,1420,0,2006,0,98103,47.6533,-122.346,1530,1280
19795,19795,9272201704,20140512T000000,369000.0,2.0,2.5,980,895,2.0,0,0,3,8,670,310,2009,0,98116,47.5874,-122.386,980,899
19796,19796,8648900060,20140505T000000,509900.0,3.0,2.5,1790,2700,2.0,0,0,3,8,1790,0,2010,0,98027,47.56399999999999,-122.093,1890,3078
19797,19797,3832050890,20140715T000000,282000.0,3.0,2.5,2010,5399,2.0,0,0,3,7,2010,0,2006,0,98042,47.3338,-122.052,2280,5141
19798,19798,255450340,20140827T000000,387865.0,3.0,2.5,2370,4200,2.0,0,0,3,8,2370,0,2014,0,98038,47.3696,-122.018,2370,4200
19799,19799,2172000890,20141120T000000,385000.0,4.0,2.5,2560,6238,2.0,0,0,3,8,2560,0,2007,0,98178,47.4899,-122.255,2560,6240
19800,19800,6127010320,20140609T000000,536000.0,3.0,2.5,1900,6224,2.0,0,0,3,7,1900,0,2005,0,98075,47.5941,-122.004,2260,5450
19801,19801,2810100023,20140625T000000,395000.0,2.0,2.25,1350,1493,2.0,0,0,3,8,1050,300,2007,0,98136,47.5421,-122.388,1250,1202
19802,19802,8011100125,20141117T000000,545000.0,4.0,2.75,2650,6717,2.0,0,0,3,10,2650,0,2014,0,98056,47.4947,-122.171,2740,7923
19803,19803,7852090390,20150413T000000,715000.0,4.0,2.5,3020,7035,2.0,0,4,3,9,3020,0,2001,0,98065,47.5344,-121.874,3020,6771
19804,19804,3630080070,20140710T000000,348000.0,3.0,2.5,1500,2255,2.0,0,0,3,7,1500,0,2005,0,98029,47.5538,-121.997,1440,2040
19805,19805,9126100765,20140801T000000,455000.0,3.0,1.75,1320,1014,3.0,0,0,3,9,1320,0,2015,0,98122,47.6047,-122.305,1380,1495
19806,19806,7853380510,20140603T000000,575000.0,4.0,2.75,3120,7644,2.0,0,0,3,10,3120,0,2010,0,98065,47.5156,-121.884,2980,6050
19807,19807,993000136,20141007T000000,449950.0,3.0,2.25,1540,1270,3.0,0,0,3,7,1540,0,2014,0,98103,47.6935,-122.341,1230,1454
19808,19808,3278604510,20140625T000000,364000.0,3.0,2.5,1800,2790,2.0,0,0,3,8,1800,0,2011,0,98126,47.5455,-122.371,1580,2036
19809,19809,2937300060,20141201T000000,932990.0,4.0,2.5,3640,6389,2.0,0,0,3,9,3640,0,2014,0,98052,47.7049,-122.123,3570,6303
19810,19810,9510860060,20140627T000000,710000.0,3.0,2.5,2440,4153,2.0,0,0,3,9,2440,0,2003,0,98052,47.665,-122.087,2030,4143
19811,19811,293070310,20150213T000000,949990.0,4.0,4.0,3970,7314,2.0,0,0,3,9,3970,0,2014,0,98074,47.6173,-122.056,3560,5258
19812,19812,255450400,20140731T000000,326989.0,3.0,2.5,2060,4200,2.0,0,0,3,8,2060,0,2014,0,98038,47.3706,-122.017,2370,4200
19813,19813,3845100140,20140708T000000,335606.0,3.0,2.5,2538,4600,2.0,0,0,3,8,2538,0,2013,0,98092,47.2584,-122.196,2570,4800
19814,19814,3758900075,20140507T000000,1532500.0,5.0,4.5,4270,8076,2.0,0,0,3,11,3400,870,2007,0,98033,47.699,-122.206,4100,10631
19815,19815,3395071610,20141126T000000,299950.0,3.0,2.5,1320,3150,2.0,0,0,3,7,1320,0,2005,0,98118,47.5328,-122.282,1390,1725
19816,19816,9477580030,20141014T000000,962000.0,4.0,2.75,3340,5700,2.0,0,0,3,11,3340,0,2013,0,98059,47.5059,-122.146,3340,6940
19817,19817,8138870060,20140813T000000,395825.0,2.0,2.5,1590,1679,2.0,0,0,3,8,1590,0,2012,0,98029,47.5449,-122.011,1590,1680
19818,19818,7237450030,20141014T000000,419354.0,5.0,2.75,2710,4500,2.0,0,0,3,8,2710,0,2014,0,98038,47.3547,-122.062,2710,4626
19819,19819,3767300041,20140826T000000,920000.0,4.0,2.75,3140,7258,2.0,0,1,3,10,3140,0,2006,0,98034,47.7064,-122.232,2990,13600
19820,19820,291310370,20140829T000000,366000.0,3.0,2.25,1445,1028,2.0,0,0,3,7,1300,145,2005,0,98027,47.5339,-122.067,1445,1377
19821,19821,7853361230,20140516T000000,480000.0,4.0,2.5,2430,5000,2.0,0,0,3,7,2430,0,2009,0,98065,47.515,-121.873,2430,5441
19822,19822,7904700126,20141120T000000,388000.0,3.0,3.25,1370,915,2.0,0,0,3,8,1100,270,2006,0,98116,47.5639,-122.388,1370,1146
19823,19823,8085400376,20150421T000000,2320000.0,4.0,3.5,5050,9520,2.0,0,0,3,11,3610,1440,2007,0,98004,47.6364,-122.209,2430,9248
19824,19824,9828702851,20150121T000000,730000.0,3.0,2.5,1860,1290,2.0,0,0,3,9,1240,620,2010,0,98122,47.6179,-122.301,1710,1525
19825,19825,8562710550,20140521T000000,950000.0,5.0,3.75,5330,6000,2.0,0,2,3,10,3570,1760,2006,0,98027,47.5401,-122.073,4420,5797
19826,19826,3278613210,20140728T000000,358990.0,3.0,3.25,1710,2171,2.0,0,0,3,7,1400,310,2014,0,98106,47.5434,-122.368,1380,1300
19827,19827,7694200340,20141016T000000,398651.0,4.0,2.5,2650,4120,2.0,0,0,3,8,2650,0,2014,0,98146,47.5019,-122.34,2030,3768
19828,19828,1839500055,20141114T000000,530000.0,4.0,2.5,2590,7891,2.0,0,0,3,9,2590,0,2006,0,98056,47.5055,-122.194,1400,7891
19829,19829,3448900320,20140723T000000,610360.0,4.0,2.5,2610,5562,2.0,0,0,3,9,2610,0,2013,0,98056,47.5137,-122.169,2720,7400
19830,19830,9267200226,20140502T000000,436110.0,3.0,2.5,1770,1235,3.0,0,0,3,8,1600,170,2007,0,98103,47.6965,-122.342,1680,1203
19831,19831,2895730070,20140620T000000,925000.0,4.0,2.75,3730,8014,2.0,0,0,3,10,3730,0,2012,0,98074,47.6036,-122.059,3670,8279
19832,19832,2970800105,20150313T000000,449950.0,4.0,2.5,2420,5244,2.0,0,0,3,9,2420,0,2007,0,98166,47.4729,-122.35,1400,5250
19833,19833,325059277,20140527T000000,760000.0,4.0,2.5,3330,7399,2.0,0,0,3,9,3330,0,2009,0,98052,47.679,-122.153,2640,8601
19834,19834,6817750140,20140708T000000,293000.0,3.0,2.25,1910,3481,2.0,0,0,3,8,1910,0,2009,0,98055,47.4293,-122.188,1714,3177
19835,19835,8682320640,20150212T000000,695000.0,2.0,2.5,2170,7665,1.0,0,2,3,8,2170,0,2013,0,98053,47.7112,-122.019,2300,7100
19836,19836,8669180390,20140604T000000,285000.0,3.0,2.5,2437,5136,2.0,0,0,3,7,2437,0,2011,0,98002,47.3517,-122.21,2437,4614
19837,19837,4233600260,20141230T000000,1255780.0,5.0,4.0,4180,12042,2.0,0,0,3,10,4180,0,2014,0,98075,47.5959,-122.014,1800,6052
19838,19838,3278611600,20140714T000000,379900.0,3.0,2.5,1800,2791,2.0,0,0,3,8,1800,0,2011,0,98126,47.5442,-122.371,1580,2617
19839,19839,7787920160,20150427T000000,472000.0,5.0,2.5,2570,7412,2.0,0,0,3,8,2570,0,2006,0,98019,47.7265,-121.957,2890,8056
19840,19840,2517101200,20140707T000000,300000.0,4.0,2.5,2090,5195,2.0,0,0,3,7,2090,0,2007,0,98031,47.3986,-122.166,2090,5236
19841,19841,6181420200,20141120T000000,272000.0,4.0,2.5,2789,3960,2.0,0,0,3,7,2789,0,2007,0,98001,47.3059,-122.28,2547,3960
19842,19842,3845100550,20141120T000000,418395.0,4.0,2.5,2906,5893,2.0,0,0,3,9,2906,0,2014,0,98092,47.2599,-122.192,2680,4950
19843,19843,7853321180,20141222T000000,465000.0,5.0,2.5,2550,6405,2.0,0,0,3,7,2550,0,2008,0,98065,47.5191,-121.869,2190,5900
19844,19844,7502800030,20140716T000000,659950.0,4.0,2.75,3550,9400,2.0,0,0,3,9,3550,0,2014,0,98059,47.4827,-122.131,3550,9421
19845,19845,3869900139,20150107T000000,484950.0,3.0,2.25,1590,926,3.0,0,0,3,8,1590,0,2014,0,98136,47.5402,-122.387,1640,1321
19846,19846,1332700200,20150426T000000,359000.0,3.0,2.25,1950,1968,2.0,0,0,4,7,1160,790,1979,0,98056,47.5179,-122.195,1950,1968
19847,19847,9211010260,20140617T000000,519000.0,4.0,2.5,3250,4500,2.0,0,0,3,8,3250,0,2009,0,98059,47.4944,-122.149,3030,4518
19848,19848,4100500070,20140527T000000,1710000.0,5.0,4.5,4590,14685,2.0,0,0,3,10,4590,0,2009,0,98033,47.664,-122.2,3030,9486
19849,19849,7708210070,20140617T000000,535000.0,4.0,2.75,3070,7201,2.0,0,0,3,9,3070,0,2006,0,98059,47.4897,-122.147,2880,8364
19850,19850,7853270520,20150409T000000,622950.0,4.0,3.25,3030,7644,2.0,0,0,3,8,2830,200,2006,0,98065,47.5457,-121.881,3400,6908
19851,19851,5126300060,20140811T000000,515000.0,3.0,2.5,2610,5845,2.0,0,0,3,8,2610,0,2005,0,98059,47.4821,-122.142,2810,5000
19852,19852,2517000260,20140522T000000,330000.0,4.0,3.5,3150,6202,2.0,0,0,3,7,3150,0,2005,0,98042,47.3993,-122.162,2950,5940
19853,19853,832700270,20150213T000000,318000.0,3.0,1.5,1240,983,3.0,0,0,3,8,1240,0,2009,0,98133,47.7235,-122.353,1240,1026
19854,19854,3022800260,20141007T000000,439000.0,3.0,2.5,1680,2801,2.0,0,0,3,7,1680,0,2011,0,98011,47.745,-122.181,1920,2723
19855,19855,254000241,20150324T000000,540000.0,3.0,2.5,2220,5279,2.0,0,0,3,8,2220,0,2006,0,98146,47.5132,-122.387,1610,5297
19856,19856,7237501370,20140717T000000,1079000.0,4.0,3.25,4800,12727,2.0,0,0,3,10,4800,0,2011,0,98059,47.5311,-122.134,4750,13602
19857,19857,662440030,20150326T000000,435000.0,4.0,2.5,3100,4699,2.0,0,0,3,9,3100,0,2010,0,98038,47.3785,-122.023,2450,5130
19858,19858,2524069078,20150122T000000,2700000.0,4.0,4.0,7850,89651,2.0,0,0,3,12,7850,0,2006,0,98027,47.5406,-121.982,6210,95832
19859,19859,8895800200,20141017T000000,1100000.0,4.0,2.75,3590,5625,2.0,0,0,3,10,3590,0,2012,0,98052,47.6959,-122.133,3590,5625
19860,19860,9268850160,20150206T000000,293467.0,4.0,2.0,1590,942,3.0,0,0,3,7,1590,0,2008,0,98027,47.54,-122.026,1390,942
19861,19861,7299600700,20150512T000000,328000.0,3.0,2.5,2242,4800,2.0,0,0,3,8,2242,0,2013,0,98092,47.2581,-122.2,2009,4800
19862,19862,291310340,20140708T000000,550000.0,3.0,3.5,2490,3582,2.0,0,0,3,8,1720,770,2005,0,98027,47.5338,-122.067,1445,1590
19863,19863,2768100510,20150402T000000,649000.0,3.0,2.0,1530,1442,3.0,0,0,3,9,1530,0,2015,0,98107,47.6692,-122.372,1620,1456
19864,19864,1776230060,20140708T000000,435000.0,4.0,2.5,2150,3143,2.0,0,0,3,7,2150,0,2010,0,98059,47.5048,-122.154,2640,3200
19865,19865,1772600510,20140620T000000,625000.0,3.0,2.5,2440,4800,2.0,0,0,3,10,2440,0,2014,0,98106,47.5595,-122.365,1180,5480
19866,19866,8024200677,20150429T000000,415000.0,3.0,1.5,1270,1483,3.0,0,0,3,8,1270,0,2007,0,98115,47.6987,-122.317,1270,1413
19867,19867,982850060,20140603T000000,400000.0,3.0,2.25,1450,4706,2.0,0,0,3,7,1450,0,2009,0,98028,47.761,-122.232,1490,4667
19868,19868,7518506715,20140506T000000,979000.0,3.0,2.5,2690,4047,3.0,0,0,3,10,2690,0,2014,0,98117,47.6797,-122.385,2040,5000
19869,19869,7202280390,20150220T000000,625250.0,4.0,2.5,2755,4831,2.0,0,0,3,7,2755,0,2003,0,98053,47.685,-122.039,2510,4831
19870,19870,710600160,20140909T000000,665000.0,4.0,3.5,2650,3474,2.0,0,0,3,8,2230,420,2011,0,98027,47.5377,-122.046,2330,3474
19871,19871,952005525,20140627T000000,589500.0,3.0,3.25,2310,3075,2.0,0,0,3,8,1730,580,2005,0,98116,47.5644,-122.383,2310,3075
19872,19872,2487700274,20150309T000000,437000.0,2.0,3.0,1460,1452,2.0,0,0,3,8,1140,320,2007,0,98136,47.5224,-122.39,1460,1452
19873,19873,3449000060,20141001T000000,320000.0,3.0,1.0,1400,9000,1.0,0,0,5,7,1400,0,1959,0,98059,47.5022,-122.145,1440,8400
19874,19874,7830800473,20150114T000000,333500.0,3.0,2.5,2196,7475,2.0,0,0,3,8,2196,0,2006,0,98030,47.3803,-122.204,1860,6755
19875,19875,6056100370,20141124T000000,430000.0,3.0,2.25,2020,2750,2.0,0,0,3,8,1680,340,2008,0,98108,47.5633,-122.297,1720,1546
19876,19876,2126059295,20140805T000000,995500.0,5.0,4.5,4280,8465,2.0,0,0,3,10,4280,0,2014,0,98034,47.7325,-122.165,2990,11067
19877,19877,1442880340,20140603T000000,427874.0,3.0,3.0,2340,5002,2.0,0,0,3,8,2340,0,2013,0,98045,47.4831,-121.773,2790,5375
19878,19878,7694200070,20140521T000000,334990.0,4.0,2.5,2220,4228,2.0,0,0,3,8,2220,0,2014,0,98146,47.5014,-122.341,2220,4157
19879,19879,8562710640,20150211T000000,909500.0,4.0,4.0,4420,5940,2.0,0,0,3,10,3410,1010,2006,0,98027,47.5397,-122.072,4510,5797
19880,19880,3832050860,20150319T000000,210000.0,3.0,2.0,1580,4961,2.0,0,0,3,7,1580,0,2006,0,98042,47.3338,-122.053,2280,5000
19881,19881,2526059225,20150123T000000,952990.0,4.0,2.75,3550,6558,2.0,0,0,3,9,3550,0,2013,0,98052,47.7076,-122.115,3140,5617
19882,19882,1972200139,20150218T000000,622500.0,2.0,1.75,1510,851,3.0,0,0,3,8,1420,90,2013,0,98107,47.6536,-122.358,1300,1338
19883,19883,2768100186,20140618T000000,515000.0,3.0,3.5,1360,1419,2.0,0,0,3,8,1040,320,2007,0,98107,47.6697,-122.371,1560,1977
19884,19884,6791400070,20150126T000000,350000.0,3.0,2.5,2040,13590,2.0,0,0,3,8,2040,0,2009,0,98042,47.3122,-122.04,1850,12485
19885,19885,424049284,20141016T000000,310000.0,1.0,1.5,1120,912,3.0,0,0,3,7,1120,0,2011,0,98144,47.5924,-122.299,1380,3200
19886,19886,7853280550,20140528T000000,700000.0,4.0,3.5,4490,5099,2.0,0,0,3,9,3390,1100,2006,0,98065,47.5394,-121.861,4290,5537
19887,19887,7768800270,20140715T000000,907687.0,4.0,2.5,3560,6786,2.0,0,0,3,9,2930,630,2014,0,98075,47.5756,-122.071,3560,5886
19888,19888,8682320350,20140709T000000,741500.0,2.0,2.5,2150,5760,1.0,0,0,3,8,2150,0,2010,0,98053,47.7094,-122.018,1640,4680
19889,19889,1776460140,20140724T000000,395000.0,3.0,2.5,2130,5088,2.0,0,0,3,8,1840,290,2011,0,98019,47.7329,-121.976,2130,5762
19890,19890,5045700400,20150223T000000,559950.0,5.0,2.75,2990,6370,2.0,0,0,3,8,2990,0,2014,0,98059,47.4853,-122.154,2730,5740
19891,19891,3356402702,20140725T000000,215000.0,4.0,2.5,1847,8000,2.0,0,0,3,7,1847,0,2008,0,98001,47.2872,-122.257,1847,8000
19892,19892,2140950160,20150222T000000,390000.0,4.0,2.5,2610,7227,2.0,0,0,3,9,2610,0,2011,0,98010,47.31399999999999,-122.023,2630,7421
19893,19893,2621069017,20150303T000000,425000.0,3.0,2.25,1670,107157,1.0,0,0,3,7,1670,0,2007,0,98022,47.2743,-122.009,3310,108900
19894,19894,1422069070,20150507T000000,472000.0,3.0,2.5,1860,415126,2.0,0,0,3,7,1860,0,2006,0,98038,47.3974,-122.005,2070,54014
19895,19895,2579500181,20150407T000000,1330000.0,4.0,3.5,3440,9776,2.0,0,0,3,10,3440,0,2006,0,98040,47.5374,-122.216,2400,11000
19896,19896,7852120140,20140610T000000,695000.0,4.0,3.5,3510,9364,2.0,0,0,3,10,3510,0,2001,0,98065,47.54,-121.876,3510,9161
19897,19897,9274200324,20150120T000000,545000.0,3.0,2.5,1740,1279,3.0,0,0,3,8,1740,0,2008,0,98116,47.589,-122.387,1740,1280
19898,19898,422000075,20140711T000000,389950.0,4.0,2.5,2240,5500,2.0,0,0,3,8,2240,0,2013,0,98056,47.496,-122.169,700,5500
19899,19899,263000253,20150330T000000,380000.0,3.0,2.25,1550,1485,3.0,0,0,3,8,1550,0,2011,0,98103,47.6989,-122.346,1550,1480
19900,19900,9268850140,20141117T000000,288790.0,4.0,2.0,1390,745,3.0,0,0,3,7,1390,0,2008,0,98027,47.5401,-122.026,1390,942
19901,19901,9306500200,20150401T000000,432500.0,3.0,3.0,2500,6000,2.0,0,0,3,8,2500,0,2012,0,98058,47.4408,-122.161,2130,6000
19902,19902,8562770350,20141206T000000,615000.0,3.0,3.5,2710,3326,2.0,0,0,3,8,1650,1060,2005,0,98027,47.5371,-122.073,2280,2738
19903,19903,2026049326,20140707T000000,500000.0,3.0,2.5,1720,3012,2.0,0,0,3,9,1720,0,2011,0,98133,47.7312,-122.334,1720,7658
19904,19904,9126101090,20140531T000000,615000.0,3.0,2.25,1760,1146,3.0,0,0,3,9,1760,0,2014,0,98122,47.6073,-122.304,1346,3472
19905,19905,2888000030,20140926T000000,500000.0,4.0,2.25,2270,8196,1.0,0,0,5,7,1150,1120,1963,0,98034,47.7214,-122.227,1920,10122
19906,19906,8032700075,20141015T000000,622000.0,3.0,3.5,1690,1765,2.0,0,0,3,8,1370,320,2006,0,98103,47.6536,-122.34,1690,1694
19907,19907,7853440140,20150409T000000,802945.0,5.0,3.5,4000,9234,2.0,0,0,3,9,4000,0,2015,0,98024,47.5265,-121.887,3690,6600
19908,19908,1245003330,20140731T000000,1260000.0,4.0,2.5,2880,9003,2.0,0,0,3,10,2880,0,2008,0,98033,47.6844,-122.199,2640,8126
19909,19909,1176001124,20150224T000000,598950.0,3.0,2.5,1480,1531,3.0,0,0,3,8,1480,0,2014,0,98107,47.669,-122.402,1530,1321
19910,19910,7853360990,20150102T000000,430000.0,3.0,2.5,1950,4949,2.0,0,0,3,7,1950,0,2009,0,98065,47.5155,-121.87,2200,5740
19911,19911,7853320030,20141124T000000,515000.0,4.0,2.75,2700,5150,2.0,0,0,3,9,2700,0,2009,0,98065,47.5209,-121.874,2700,5747
19912,19912,7576200012,20140717T000000,1262000.0,2.0,3.0,2210,3917,2.0,0,0,3,10,1500,710,2008,0,98122,47.6166,-122.291,1720,3933
19913,19913,7207900030,20140609T000000,400000.0,4.0,3.5,2370,3692,2.5,0,0,3,8,2370,0,2013,0,98056,47.5044,-122.17,2520,5425
19914,19914,952006827,20150422T000000,390000.0,3.0,2.5,1310,1254,2.0,0,0,3,7,850,460,2007,0,98116,47.5622,-122.384,1310,1372
19915,19915,7853321090,20141001T000000,450000.0,3.0,2.5,2410,4293,2.0,0,0,3,7,2410,0,2007,0,98065,47.5196,-121.869,2190,5900
19916,19916,1042700060,20140516T000000,804995.0,5.0,1.5,3360,5402,2.0,0,0,3,9,3360,0,2014,0,98074,47.6067,-122.053,3360,5415
19917,19917,2597490140,20150326T000000,825000.0,4.0,3.25,3040,4155,2.0,0,0,3,8,2350,690,2013,0,98029,47.5429,-122.012,2680,4000
19918,19918,7852130800,20140513T000000,435000.0,4.0,2.25,2140,6355,2.0,0,0,3,7,2140,0,2002,0,98065,47.5367,-121.88,2480,5746
19919,19919,7625702967,20140609T000000,398000.0,3.0,2.5,1720,1715,2.0,0,0,3,7,1240,480,2004,0,98136,47.5481,-122.384,1610,1626
19920,19920,3845100640,20140605T000000,411605.0,4.0,2.5,2658,3960,2.0,0,0,3,9,2658,0,2014,0,98092,47.2603,-122.194,2578,4200
19921,19921,1773100922,20141208T000000,315000.0,3.0,3.25,1480,983,2.0,0,0,3,8,1180,300,2013,0,98106,47.5555,-122.363,1330,1062
19922,19922,2770602493,20141120T000000,455000.0,2.0,2.0,1350,1209,3.0,0,0,3,8,1350,0,2013,0,98199,47.649,-122.383,1310,982
19923,19923,475000187,20150501T000000,452950.0,3.0,2.5,1150,1194,2.0,0,0,3,8,1020,130,2006,0,98107,47.6684,-122.365,1450,1714
19924,19924,6056100383,20140520T000000,380000.0,3.0,1.75,1690,1468,2.0,0,0,3,8,1380,310,2008,0,98108,47.563,-122.297,1690,1936
19925,19925,6056111370,20141124T000000,340000.0,2.0,1.75,1270,1916,2.0,0,0,3,8,1270,0,2012,0,98108,47.5648,-122.294,1140,1916
19926,19926,9578500510,20141103T000000,409950.0,3.0,2.5,2655,5080,2.0,0,0,3,8,2655,0,2013,0,98023,47.2972,-122.348,2879,5232
19927,19927,9828701488,20150504T000000,360000.0,2.0,1.0,880,1165,2.0,0,0,3,8,880,0,2005,0,98122,47.6192,-122.297,1640,3825
19928,19928,6600000217,20150403T000000,1595000.0,4.0,4.25,4645,7757,2.0,0,0,3,10,3855,790,2006,0,98112,47.6248,-122.29,2150,6970
19929,19929,8024200685,20140520T000000,440000.0,3.0,1.5,1270,1443,3.0,0,0,3,8,1270,0,2007,0,98115,47.699,-122.317,1270,1413
19930,19930,2923039264,20140910T000000,730000.0,2.0,1.75,1728,95950,1.0,0,3,3,9,1728,0,2012,0,98070,47.4579,-122.443,1720,35735
19931,19931,8073900070,20140522T000000,408000.0,3.0,2.25,1950,7221,1.0,0,0,4,8,1950,0,2006,0,98188,47.431,-122.285,2310,8125
19932,19932,2419700030,20140825T000000,820000.0,4.0,2.5,3170,3862,3.0,0,0,3,8,3170,0,2008,0,98034,47.6705,-122.145,2840,4181
19933,19933,9396700024,20140731T000000,360000.0,2.0,2.5,1233,1244,2.0,0,0,3,7,963,270,2007,0,98136,47.5533,-122.381,1230,1300
19934,19934,3845100160,20140620T000000,339990.0,3.0,2.5,2570,4600,2.0,0,0,3,8,2570,0,2014,0,98092,47.2582,-122.196,2570,5000
19935,19935,9126100814,20141008T000000,515000.0,3.0,2.0,1560,1020,3.0,0,0,3,8,1560,0,2014,0,98122,47.605,-122.304,1560,1728
19936,19936,1982201595,20150121T000000,541000.0,3.0,1.75,1630,1166,2.0,0,0,3,8,1020,610,2013,0,98107,47.6646,-122.367,1420,1670
19937,19937,8151600973,20150406T000000,375000.0,4.0,2.5,2510,7245,2.0,0,0,3,9,2510,0,2007,0,98146,47.5096,-122.363,1830,8900
19938,19938,2722059322,20141020T000000,320000.0,4.0,2.5,2223,5780,2.0,0,0,3,8,2223,0,2010,0,98042,47.3586,-122.157,1690,7766
19939,19939,8562780090,20150227T000000,325000.0,2.0,2.25,1230,1058,2.0,0,0,3,7,1160,70,2008,0,98027,47.5325,-122.073,1240,817
19940,19940,3346300356,20150318T000000,740000.0,5.0,2.75,3050,7520,2.0,0,0,3,8,3050,0,2014,0,98056,47.5245,-122.184,2180,10800
19941,19941,7237450600,20141030T000000,450000.0,5.0,2.75,2710,6220,2.0,0,0,3,8,2710,0,2014,0,98038,47.3555,-122.061,2530,4759
19942,19942,8944550100,20140723T000000,455000.0,4.0,2.5,2090,4400,2.0,0,0,3,8,2090,0,2011,0,98118,47.5403,-122.286,2090,3430
19943,19943,3438502437,20150203T000000,292500.0,3.0,2.5,1440,1068,2.0,0,0,3,8,1160,280,2006,0,98106,47.5393,-122.361,1580,1483
19944,19944,2423069039,20140806T000000,650000.0,3.0,2.5,2500,51836,1.0,0,0,3,9,1510,990,2013,0,98027,47.4694,-121.989,2270,54450
19945,19945,8011100047,20150306T000000,530000.0,4.0,2.75,2740,7872,2.0,0,0,3,10,2740,0,2015,0,98056,47.4954,-122.172,1220,6300
19946,19946,1042700300,20140804T000000,829995.0,5.0,3.25,3360,6120,2.0,0,0,3,9,3360,0,2014,0,98074,47.607,-122.053,3230,5398
19947,19947,1776460110,20141223T000000,395000.0,4.0,2.75,2280,5013,2.0,0,0,3,8,2280,0,2009,0,98019,47.7333,-121.976,2130,5121
19948,19948,293070090,20140711T000000,859990.0,4.0,2.75,3520,5500,2.0,0,0,3,9,3520,0,2014,0,98074,47.6181,-122.056,3340,5500
19949,19949,7548301044,20140710T000000,342500.0,2.0,1.5,1320,826,2.0,0,0,3,8,1100,220,2008,0,98144,47.5879,-122.304,1340,1213
19950,19950,7203160090,20141205T000000,743000.0,4.0,2.75,3410,5838,2.0,0,0,3,9,3410,0,2012,0,98053,47.6931,-122.022,3420,7048
19951,19951,8096800110,20141215T000000,345000.0,3.0,2.25,2730,9388,1.0,0,0,3,7,1390,1340,1975,0,98030,47.3785,-122.185,2255,5701
19952,19952,3278600900,20141231T000000,443000.0,3.0,2.5,1780,2778,2.0,0,0,3,8,1530,250,2007,0,98126,47.5487,-122.372,1380,1998
19953,19953,4051150100,20140929T000000,260000.0,3.0,2.5,1427,4337,2.0,0,0,3,7,1427,0,2009,0,98042,47.3857,-122.162,1443,4347
19954,19954,925059311,20140722T000000,810000.0,4.0,2.5,2910,6555,2.0,0,0,3,9,2910,0,2005,0,98033,47.6659,-122.172,2910,10419
19955,19955,4305600100,20141222T000000,570000.0,4.0,2.75,3250,5600,2.0,0,0,3,8,3250,0,2011,0,98059,47.4806,-122.125,2730,5667
19956,19956,2311400195,20150303T000000,1563100.0,5.0,3.5,3630,8100,2.0,0,0,3,10,3630,0,2008,0,98004,47.5951,-122.2,1730,8246
19957,19957,1732800194,20141113T000000,840000.0,2.0,2.5,1680,975,3.0,0,0,3,9,1680,0,2009,0,98119,47.6321,-122.361,1680,977
19958,19958,5015001452,20150414T000000,950000.0,3.0,2.5,2280,2296,3.0,0,0,3,9,1890,390,2013,0,98112,47.6256,-122.299,1390,4000
19959,19959,7853430690,20150127T000000,572800.0,3.0,2.5,3310,4682,2.0,0,0,3,9,2380,930,2015,0,98065,47.5201,-121.885,2660,5166
19960,19960,3821700038,20141001T000000,305000.0,3.0,3.0,1290,1112,3.0,0,0,3,7,1290,0,2008,0,98125,47.7282,-122.296,1230,9000
19961,19961,5078400215,20140730T000000,1695000.0,5.0,4.75,3940,7067,2.0,0,0,3,10,3230,710,2008,0,98004,47.6232,-122.205,1910,7735
19962,19962,1773100315,20140827T000000,445000.0,4.0,2.5,2170,6000,2.0,0,0,3,7,1630,540,2008,0,98106,47.5589,-122.365,1720,5668
19963,19963,2224069165,20140902T000000,801000.0,4.0,3.5,3290,8059,2.0,0,0,3,9,3290,0,2012,0,98029,47.5573,-122.02,3290,10758
19964,19964,9510861140,20140714T000000,711000.0,3.0,2.5,2550,5376,2.0,0,0,3,9,2550,0,2004,0,98052,47.6647,-122.083,2250,4050
19965,19965,3277801431,20140827T000000,268500.0,3.0,2.25,1140,977,2.0,0,0,3,7,850,290,2008,0,98126,47.5439,-122.375,1140,976
19966,19966,1760650750,20141006T000000,320000.0,4.0,2.5,2300,3825,2.0,0,0,3,7,2300,0,2012,0,98042,47.3594,-122.082,2110,3825
19967,19967,1607100038,20140921T000000,500000.0,4.0,3.25,2670,5001,1.0,0,0,3,9,1640,1030,2013,0,98108,47.5666,-122.293,1610,5001
19968,19968,1862400176,20140505T000000,631625.0,4.0,2.5,2440,6651,2.0,0,0,3,9,2440,0,2014,0,98117,47.6971,-122.371,1350,7653
19969,19969,5457801833,20150127T000000,850000.0,2.0,2.5,1611,2210,2.0,0,2,3,10,1611,0,2005,0,98109,47.6291,-122.347,2070,2182
19970,19970,8562770110,20141027T000000,600000.0,3.0,3.5,2710,3290,2.0,0,0,3,8,1650,1060,2006,0,98027,47.5367,-122.072,2440,3290
19971,19971,2623039019,20140508T000000,988500.0,3.0,2.75,2015,16807,2.0,1,4,3,9,2015,0,2007,0,98166,47.45,-122.377,1780,12310
19972,19972,9578500690,20150327T000000,430236.0,4.0,3.25,3444,5166,2.0,0,0,3,8,2714,730,2014,0,98023,47.2966,-122.348,2848,5182
19973,19973,711000110,20140915T000000,1266520.0,3.0,2.5,3060,9576,2.0,0,0,3,10,3060,0,2005,0,98004,47.5928,-122.199,3060,9579
19974,19974,2597490750,20150428T000000,689500.0,4.0,2.5,2050,2772,2.0,0,0,3,8,2050,0,2013,0,98029,47.5431,-122.011,1800,2886
19975,19975,6056100165,20141201T000000,175003.0,3.0,1.5,1390,1882,2.0,0,0,3,7,1390,0,2014,0,98108,47.5667,-122.297,1490,2175
19976,19976,2767603824,20140915T000000,459000.0,2.0,2.5,1240,1249,3.0,0,0,3,8,1240,0,2006,0,98107,47.6718,-122.386,1240,2500
19977,19977,7237550110,20150424T000000,1180000.0,4.0,3.25,3750,74052,2.0,0,0,3,10,3750,0,2013,0,98053,47.658,-122.006,4920,74052
19978,19978,2325300037,20140902T000000,358000.0,3.0,3.25,1410,1442,3.0,0,0,3,8,1360,50,2006,0,98125,47.7183,-122.317,1500,1200
19979,19979,1085623710,20140714T000000,447055.0,4.0,2.5,2448,4949,2.0,0,0,3,9,2448,0,2014,0,98030,47.3428,-122.179,2815,5446
19980,19980,774100475,20140627T000000,415000.0,3.0,2.75,2600,64626,1.5,0,0,3,8,2600,0,2009,0,98014,47.7185,-121.405,1740,64626
19981,19981,1489300215,20141013T000000,1210000.0,4.0,3.25,3330,9000,2.0,0,0,3,9,2870,460,2004,0,98033,47.6836,-122.208,2550,6349
19982,19982,9828702902,20141021T000000,495000.0,2.0,2.25,1160,1010,2.0,0,0,3,8,1000,160,2006,0,98112,47.6207,-122.301,1200,1170
19983,19983,6371000100,20141120T000000,479000.0,2.0,2.25,1330,1380,2.0,0,0,3,8,1060,270,2005,0,98116,47.577,-122.41,1580,4802
19984,19984,2025069140,20150317T000000,1898000.0,3.0,2.5,2830,4334,3.0,1,4,3,10,2830,0,2006,0,98074,47.6318,-122.071,2830,38211
19985,19985,2781280300,20141016T000000,249900.0,3.0,2.5,1610,3517,2.0,0,0,3,8,1610,0,2005,0,98055,47.4496,-122.189,1830,2889
19986,19986,9551201240,20141030T000000,1465000.0,4.0,2.5,2800,4000,2.0,0,0,3,9,2800,0,2011,0,98103,47.6695,-122.339,1770,4200
19987,19987,2726059144,20150410T000000,1037000.0,5.0,3.75,4570,10194,2.0,0,0,3,11,4570,0,2006,0,98034,47.718,-122.161,2040,7560
19988,19988,5363200100,20141020T000000,897000.0,4.0,2.5,2820,6120,2.0,0,0,3,9,2820,0,2014,0,98115,47.6911,-122.293,1510,6120
19989,19989,1725059330,20150327T000000,1100000.0,4.0,2.5,2570,9470,2.0,0,0,3,9,2570,0,2006,0,98033,47.6548,-122.19,2570,10663
19990,19990,7234601140,20141113T000000,685000.0,3.0,2.25,1710,1193,2.0,0,0,3,9,1140,570,2014,0,98122,47.6173,-122.31,1510,1193
19991,19991,3057000300,20140930T000000,295000.0,3.0,1.5,1220,3286,2.0,0,0,3,7,1220,0,1982,0,98033,47.7168,-122.189,1220,2640
19992,19992,1972200553,20140804T000000,619000.0,3.0,2.25,1650,946,3.0,0,0,3,8,1650,0,2014,0,98103,47.6536,-122.354,1570,1283
19993,19993,6371000148,20141125T000000,439108.0,2.0,1.5,1130,1340,2.0,0,0,3,8,910,220,2008,0,98116,47.5761,-122.41,1310,1340
19994,19994,301400850,20150220T000000,260000.0,3.0,2.25,1489,2800,2.0,0,0,3,7,1489,0,2011,0,98002,47.3452,-122.215,1584,3200
19995,19995,1123049232,20140606T000000,279000.0,5.0,2.5,2690,5557,2.0,0,0,3,7,2690,0,2012,0,98178,47.4914,-122.253,2090,10500
19996,19996,3654200037,20150330T000000,380000.0,3.0,2.25,1530,1305,2.0,0,0,3,7,1116,414,2007,0,98177,47.7034,-122.357,1320,1427
19997,19997,7299601790,20141107T000000,287000.0,3.0,2.5,1600,6315,2.0,0,0,3,8,1600,0,2013,0,98092,47.2611,-122.198,1608,4300
19998,19998,2771101921,20141211T000000,377000.0,2.0,1.5,1000,1251,2.0,0,0,3,7,930,70,2006,0,98199,47.6529,-122.384,1420,1187
19999,19999,3566800485,20150223T000000,649950.0,4.0,3.5,2440,3012,3.0,0,1,3,8,2440,0,2005,0,98117,47.6923,-122.392,1860,4650
20000,20000,2767601311,20141024T000000,445000.0,3.0,2.5,1260,1102,3.0,0,0,3,8,1260,0,2007,0,98107,47.675,-122.387,1320,2500
20001,20001,9137101696,20150504T000000,605000.0,3.0,2.5,1660,1692,3.0,0,0,3,7,1610,50,2005,0,98115,47.6801,-122.322,1210,1230
20002,20002,9528104345,20140923T000000,475000.0,3.0,2.25,1190,1137,2.0,0,0,3,7,960,230,1999,0,98115,47.677,-122.325,1190,1080
20003,20003,3753000100,20140828T000000,399000.0,3.0,3.0,1520,1884,3.0,0,0,3,8,1520,0,2009,0,98125,47.7176,-122.284,1360,1939
20004,20004,6798100690,20150420T000000,718000.0,5.0,2.75,3250,8100,2.0,0,0,3,8,3250,0,2014,0,98125,47.7133,-122.311,1270,8100
20005,20005,148000475,20140528T000000,1400000.0,4.0,3.25,4700,9160,1.0,0,4,3,11,2520,2180,2005,0,98116,47.5744,-122.406,2240,8700
20006,20006,3277801417,20140516T000000,341000.0,3.0,2.5,1480,1663,2.0,0,0,3,9,1180,300,2012,0,98126,47.5443,-122.375,1380,1537
20007,20007,8682320090,20140519T000000,818000.0,2.0,2.5,2380,9374,1.0,0,2,3,8,2380,0,2011,0,98053,47.7095,-122.019,1610,5000
20008,20008,9828701507,20141202T000000,759000.0,3.0,2.25,1640,1873,3.0,0,0,3,8,1640,0,2014,0,98112,47.6196,-122.297,1640,3920
20009,20009,3362400432,20140611T000000,547500.0,3.0,3.5,1650,2262,3.0,0,0,3,8,1650,0,2010,0,98103,47.6823,-122.347,1620,3166
20010,20010,856000195,20140521T000000,2700000.0,5.0,4.75,5305,8401,2.0,0,2,3,11,3745,1560,2005,0,98033,47.6864,-122.215,2960,7200
20011,20011,9396700028,20140722T000000,358000.0,2.0,2.5,1278,987,2.0,0,0,3,7,1002,276,2007,0,98136,47.5532,-122.381,1220,1287
20012,20012,8850000018,20141001T000000,412000.0,3.0,2.5,1200,813,3.0,0,0,3,9,1200,0,2010,0,98144,47.5894,-122.315,1750,4365
20013,20013,9524100207,20150130T000000,245000.0,2.0,1.5,690,1058,2.0,0,0,3,7,690,0,2005,0,98103,47.6951,-122.343,690,1058
20014,20014,1085623350,20141007T000000,460940.0,4.0,2.5,3202,4964,2.0,0,0,3,9,3202,0,2014,0,98030,47.3412,-122.179,2425,4886
20015,20015,7663700973,20140522T000000,321000.0,3.0,2.25,1347,1292,3.0,0,0,3,7,1347,0,2010,0,98125,47.7306,-122.291,1480,1865
20016,20016,7853420100,20140623T000000,633634.0,4.0,3.5,2960,6000,2.0,0,0,3,9,2960,0,2014,0,98065,47.5183,-121.886,2960,6000
20017,20017,1025039168,20140923T000000,290000.0,1.0,0.75,740,1284,1.0,0,0,4,6,740,0,1928,0,98107,47.6741,-122.406,1430,3988
20018,20018,476000110,20150401T000000,445000.0,2.0,2.25,1200,1137,3.0,0,0,3,7,1200,0,2007,0,98107,47.6715,-122.392,1280,1295
20019,20019,2254100090,20150407T000000,887250.0,5.0,3.5,4320,7502,2.0,0,0,3,9,3500,820,2012,0,98056,47.5235,-122.168,3250,7538
20020,20020,8682320600,20140911T000000,739000.0,3.0,2.5,2310,7348,1.0,0,3,3,8,2310,0,2010,0,98053,47.7116,-122.019,2310,7153
20021,20021,9834201366,20141216T000000,429900.0,3.0,2.0,1490,1286,3.0,0,0,3,8,1490,0,2014,0,98144,47.57,-122.288,1420,1230
20022,20022,7625702451,20150106T000000,459000.0,3.0,2.0,1480,800,2.0,0,0,3,8,1000,480,2014,0,98136,47.5492,-122.387,1480,886
20023,20023,301402120,20140625T000000,240000.0,3.0,2.25,1481,2820,2.0,0,0,3,7,1481,0,2012,0,98002,47.3457,-122.217,1481,3028
20024,20024,6382500076,20140910T000000,566950.0,3.0,3.0,1730,1902,3.0,0,0,3,8,1730,0,2014,0,98117,47.6944,-122.377,1830,1804
20025,20025,3758900259,20140507T000000,1040000.0,4.0,3.5,3900,8391,2.0,0,0,3,10,3900,0,2006,0,98033,47.6979,-122.205,3820,12268
20026,20026,3126049446,20150310T000000,343000.0,3.0,3.5,1130,1449,3.0,0,0,3,7,1130,0,2005,0,98103,47.6968,-122.348,1130,1200
20027,20027,3744000100,20141111T000000,572115.0,4.0,3.25,3230,4838,2.0,0,0,3,9,3230,0,2014,0,98038,47.3559,-122.023,2980,5094
20028,20028,9510860750,20150108T000000,918000.0,5.0,3.5,3920,5150,2.0,0,0,3,9,2820,1100,2004,0,98052,47.6638,-122.084,3170,5530
20029,20029,7228500037,20150505T000000,555000.0,2.0,1.5,1190,1361,2.0,0,0,3,8,1190,0,2007,0,98122,47.6161,-122.302,1280,3360
20030,20030,3814900750,20140716T000000,399440.0,4.0,2.5,2311,4396,2.0,0,0,3,9,2311,0,2014,0,98092,47.3276,-122.163,2458,4616
20031,20031,1294300038,20140711T000000,450000.0,3.0,2.5,1810,914,3.0,0,0,3,8,1380,430,2008,0,98116,47.5732,-122.387,1810,914
20032,20032,7853350090,20140604T000000,648000.0,4.0,2.5,3290,6203,2.0,0,0,3,9,3290,0,2008,0,98065,47.5441,-121.86,2990,6835
20033,20033,9211010900,20140618T000000,580000.0,4.0,2.5,3250,5000,2.0,0,0,3,8,3250,0,2008,0,98059,47.4988,-122.148,3230,5507
20034,20034,1085623250,20150331T000000,415000.0,4.0,2.5,2544,4071,2.0,0,0,3,9,2544,0,2013,0,98030,47.341,-122.179,2358,4179
20035,20035,2025049192,20141021T000000,527500.0,3.0,2.5,1380,1389,3.0,0,0,3,8,1380,0,2008,0,98102,47.6427,-122.327,1380,1249
20036,20036,7625703354,20140730T000000,384000.0,3.0,2.25,1430,800,2.0,0,0,3,8,1140,290,2011,0,98136,47.5477,-122.388,1430,1387
20037,20037,2051200436,20140820T000000,692000.0,3.0,2.5,3490,28213,1.5,0,2,3,9,2242,1248,2009,0,98070,47.365,-122.456,2120,56628
20038,20038,3880900236,20140822T000000,455000.0,2.0,1.5,910,966,2.0,0,0,3,8,820,90,2006,0,98119,47.627,-122.361,2740,6400
20039,20039,1646502355,20150403T000000,1280000.0,4.0,3.25,3080,4120,2.0,0,0,3,9,2380,700,2014,0,98117,47.6845,-122.359,1410,4120
20040,20040,2619950110,20140624T000000,415000.0,3.0,2.5,2280,6031,2.0,0,0,3,8,2280,0,2011,0,98019,47.7322,-121.966,2430,7200
20041,20041,1964700054,20141222T000000,975000.0,3.0,2.5,1660,1344,3.0,0,0,3,8,1660,0,2008,0,98102,47.644,-122.327,1750,2040
20042,20042,1926059039,20141006T000000,799950.0,4.0,2.5,3320,7429,2.0,0,0,3,9,3320,0,2014,0,98034,47.7189,-122.225,1840,7429
20043,20043,3438500037,20150405T000000,545000.0,5.0,4.0,1680,7268,1.0,0,0,3,8,1370,310,2008,0,98106,47.5571,-122.356,2040,8259
20044,20044,9578501110,20141003T000000,429900.0,4.0,3.5,2584,5005,2.0,0,0,3,8,2584,0,2014,0,98023,47.29600000000001,-122.35,2767,5201
20045,20045,8856004786,20140729T000000,275000.0,3.0,2.5,2217,8019,2.0,0,0,3,7,2217,0,2009,0,98001,47.2776,-122.251,1470,8037
20046,20046,7708200600,20140718T000000,498000.0,3.0,2.5,2480,4136,2.0,0,0,3,8,2480,0,2009,0,98059,47.493,-122.147,2510,4314
20047,20047,9492500090,20140527T000000,754950.0,3.0,2.5,2610,7256,2.0,0,0,3,9,2610,0,2014,0,98033,47.695,-122.18,2610,7206
20048,20048,8691440100,20140606T000000,895000.0,4.0,3.0,3240,5562,2.0,0,0,3,10,3240,0,2013,0,98075,47.5919,-121.975,3380,5562
20049,20049,7222000090,20140506T000000,580000.0,4.0,3.25,3569,8327,2.0,0,0,3,10,3569,0,2013,0,98055,47.4595,-122.208,2550,5251
20050,20050,3321049112,20150222T000000,379900.0,4.0,2.5,3181,5831,2.0,0,0,3,8,3181,0,2014,0,98003,47.2716,-122.297,2056,24393
20051,20051,2911000100,20150310T000000,245000.0,4.0,2.5,1921,4888,2.0,0,0,3,7,1921,0,2009,0,98001,47.2689,-122.24,1921,9140
20052,20052,3862710090,20140826T000000,417000.0,3.0,2.5,1570,4926,2.0,0,0,3,8,1570,0,2014,0,98065,47.5342,-121.842,1800,3202
20053,20053,8648900110,20140505T000000,555000.0,3.0,2.5,1940,3211,2.0,0,0,3,8,1940,0,2009,0,98027,47.5644,-122.093,1880,3078
20054,20054,8648900110,20140826T000000,555000.0,3.0,2.5,1940,3211,2.0,0,0,3,8,1940,0,2009,0,98027,47.5644,-122.093,1880,3078
20055,20055,6791400100,20140910T000000,353000.0,4.0,2.5,2210,13721,2.0,0,0,3,8,2210,0,2009,0,98042,47.3122,-122.039,1850,12951
20056,20056,2768301477,20150425T000000,539000.0,3.0,2.25,1280,1187,2.0,0,0,3,8,1080,200,2008,0,98107,47.6651,-122.368,1280,1681
20057,20057,126039256,20140904T000000,434900.0,3.0,2.0,1520,5040,2.0,0,0,3,7,1520,0,1977,2006,98177,47.777,-122.362,1860,8710
20058,20058,8562780110,20141202T000000,325000.0,2.0,2.25,1230,1078,2.0,0,0,3,7,1160,70,2008,0,98027,47.5324,-122.073,1240,817
20059,20059,8032700110,20150409T000000,650000.0,3.0,2.5,1480,2159,3.0,0,0,3,8,1480,0,2007,0,98103,47.6533,-122.341,1480,1554
20060,20060,5635100090,20150225T000000,379950.0,4.0,2.5,2612,5850,2.0,0,0,3,8,2612,0,2014,0,98030,47.3751,-122.189,2419,8984
20061,20061,2597490300,20141119T000000,700000.0,3.0,2.5,2350,4975,2.0,0,0,3,8,2350,0,2012,0,98029,47.5418,-122.01,2350,3951
20062,20062,9301300805,20141215T000000,675000.0,3.0,2.5,1300,1590,2.0,0,0,3,8,1100,200,2014,0,98109,47.6384,-122.343,1070,1223
20063,20063,3449000300,20140609T000000,379000.0,4.0,1.5,2020,7560,1.0,0,0,4,7,2020,0,1960,0,98059,47.502,-122.146,1410,8080
20064,20064,8562770490,20150330T000000,571000.0,3.0,2.5,2140,2867,2.0,0,0,3,8,1960,180,2005,0,98027,47.5357,-122.073,2280,2836
20065,20065,3052700464,20141024T000000,475000.0,3.0,2.25,1380,1621,2.0,0,0,3,8,1140,240,2007,0,98117,47.678,-122.375,1460,1403
20066,20066,9276200569,20140509T000000,769900.0,4.0,3.5,2730,3047,2.0,0,0,3,8,2400,330,2006,0,98116,47.5797,-122.391,1980,4600
20067,20067,7853280490,20141222T000000,633000.0,4.0,3.5,4220,5817,2.0,0,0,3,9,2910,1310,2006,0,98065,47.5392,-121.862,4290,6637
20068,20068,2883200524,20140512T000000,635000.0,3.0,2.5,1570,1433,3.0,0,0,3,8,1570,0,2010,0,98103,47.6858,-122.336,1570,2652
20069,20069,3630200300,20140725T000000,1238000.0,4.0,3.5,4670,6000,2.0,0,3,3,11,3820,850,2007,0,98027,47.5414,-121.994,4310,6000
20070,20070,1383800015,20150108T000000,524000.0,3.0,2.25,1370,1007,3.0,0,0,3,8,1330,40,2009,0,98107,47.6682,-122.361,1570,1635
20071,20071,1441000090,20141126T000000,485000.0,4.0,3.5,3273,5115,2.0,0,0,3,8,2671,602,2014,0,98055,47.4477,-122.204,2996,5100
20072,20072,3760500407,20140521T000000,1030000.0,3.0,4.0,3880,13095,2.0,0,3,3,11,3700,180,2009,0,98034,47.6996,-122.233,3880,10830
20073,20073,9528101214,20141024T000000,650000.0,3.0,3.5,1494,1262,3.0,0,0,3,8,1494,0,2011,0,98115,47.6826,-122.324,1494,1264
20074,20074,2801910100,20141001T000000,754842.0,3.0,2.5,2930,5641,2.0,0,0,3,8,2930,0,2013,0,98052,47.71,-122.113,3300,5641
20075,20075,1085623640,20140924T000000,428900.0,4.0,2.5,2598,5553,2.0,0,0,3,9,2598,0,2014,0,98092,47.3412,-122.178,2502,4900
20076,20076,7299601460,20140623T000000,329900.0,3.0,2.5,2242,4995,2.0,0,0,3,8,2242,0,2011,0,98092,47.2595,-122.202,1798,4942
20077,20077,1070000110,20141218T000000,1035290.0,4.0,2.5,2830,5932,2.0,0,0,3,9,2830,0,2014,0,98199,47.6479,-122.408,2840,5593
20078,20078,7853360820,20140909T000000,544999.0,4.0,2.5,2710,6937,2.0,0,0,3,7,2710,0,2009,0,98065,47.5153,-121.871,2380,5866
20079,20079,7436700090,20140529T000000,449950.0,4.0,2.75,2320,4344,2.0,0,0,3,8,2320,0,2012,0,98059,47.4862,-122.163,2310,3770
20080,20080,3034200399,20150113T000000,635000.0,4.0,2.5,2720,7991,2.0,0,0,3,9,2720,0,2006,0,98133,47.7168,-122.331,1590,8611
20081,20081,889000015,20141103T000000,599000.0,3.0,1.75,1650,1180,3.0,0,0,3,8,1650,0,2014,0,98105,47.6638,-122.319,1650,1960
20082,20082,2767704252,20141103T000000,478000.0,3.0,3.25,1430,1348,2.0,0,0,3,8,1160,270,2008,0,98107,47.6743,-122.374,1160,1265
20083,20083,2143700756,20140929T000000,388000.0,4.0,2.5,2090,5040,2.0,0,0,3,9,2090,0,2014,0,98055,47.4797,-122.23,1430,12000
20084,20084,8946780110,20140804T000000,809950.0,4.0,3.5,3660,4903,2.0,0,0,3,9,2760,900,2014,0,98034,47.7184,-122.156,3630,4992
20085,20085,6790830090,20150415T000000,1060000.0,4.0,3.5,4220,8417,3.0,0,0,3,10,4220,0,2012,0,98075,47.5869,-122.054,3730,8435
20086,20086,2768100512,20150422T000000,659000.0,2.0,2.5,1450,1213,2.0,0,0,3,9,1110,340,2015,0,98107,47.6692,-122.372,1620,1456
20087,20087,9477580110,20140626T000000,971971.0,4.0,3.75,3460,6738,2.0,0,0,3,11,3460,0,2013,0,98059,47.506,-122.145,3340,6120
20088,20088,7625702437,20150115T000000,389000.0,3.0,2.5,1350,874,3.0,0,0,3,8,1270,80,2006,0,98136,47.5491,-122.387,1350,886
20089,20089,5416510490,20140708T000000,355000.0,4.0,2.75,3000,5470,2.0,0,0,3,8,3000,0,2005,0,98038,47.3613,-122.038,2420,4891
20090,20090,1123059125,20141208T000000,551500.0,4.0,2.5,2950,10003,2.0,0,0,3,9,2950,0,2006,0,98059,47.489,-122.14,2790,9323
20091,20091,7237450110,20140701T000000,417838.0,4.0,2.5,2530,5048,2.0,0,0,3,8,2530,0,2014,0,98038,47.3559,-122.063,2530,4359
20092,20092,250000090,20140714T000000,1750000.0,4.0,4.5,4650,7660,2.0,0,0,3,11,3640,1010,2008,0,98004,47.6349,-122.198,1710,8400
20093,20093,2025049206,20140611T000000,399950.0,2.0,1.0,710,1131,2.0,0,0,4,7,710,0,1943,0,98102,47.6413,-122.329,1370,1173
20094,20094,5631500941,20140715T000000,740000.0,4.0,2.5,3050,8000,2.0,0,0,3,9,3050,0,2007,0,98028,47.7465,-122.231,1910,8000
20095,20095,8562780490,20150223T000000,335000.0,3.0,2.5,1150,683,2.0,0,0,3,7,1150,0,2013,0,98027,47.5323,-122.071,1150,755
20096,20096,3262300485,20150421T000000,2250000.0,5.0,5.25,3410,8118,2.0,0,0,3,11,3410,0,2006,0,98039,47.6295,-122.236,3410,16236
20097,20097,5693500846,20150420T000000,667000.0,3.0,1.75,1370,1921,3.0,0,0,3,8,1370,0,2007,0,98103,47.6595,-122.351,1370,4000
20098,20098,925059313,20150312T000000,920000.0,4.0,2.5,3540,7009,2.0,0,0,3,9,3540,0,2007,0,98033,47.6749,-122.176,2150,10290
20099,20099,2461900492,20140511T000000,368000.0,3.0,2.5,1370,1350,2.0,0,0,3,7,1010,360,2007,0,98136,47.5534,-122.382,1450,6000
20100,20100,6817750110,20140710T000000,307000.0,4.0,2.5,1714,3080,2.0,0,0,3,8,1714,0,2009,0,98055,47.429,-122.188,1714,3250
20101,20101,3574770100,20150116T000000,550000.0,4.0,2.75,3650,4534,2.0,0,0,3,7,2940,710,2014,0,98028,47.7397,-122.224,2400,7682
20102,20102,8564860110,20150113T000000,594491.0,4.0,2.5,2990,6037,2.0,0,0,3,9,2990,0,2013,0,98045,47.4766,-121.735,2990,5992
20103,20103,1085622460,20140929T000000,460458.0,4.0,2.5,3284,6516,2.0,0,0,3,8,3284,0,2014,0,98092,47.3393,-122.181,2555,5008
20104,20104,1777600850,20140624T000000,859000.0,4.0,2.25,3550,13900,1.0,0,0,3,8,1830,1720,2010,0,98006,47.5681,-122.127,2770,12200
20105,20105,9284801500,20141211T000000,399950.0,3.0,3.0,1860,2875,2.0,0,0,3,8,1710,150,2009,0,98126,47.5511,-122.373,1350,4830
20106,20106,7217400389,20150401T000000,547500.0,3.0,3.25,1720,1977,2.0,0,0,3,8,1360,360,2007,0,98122,47.6127,-122.299,1720,3420
20107,20107,3832051140,20140623T000000,310000.0,3.0,2.5,2540,4775,2.0,0,0,3,7,2540,0,2006,0,98042,47.3341,-122.052,2270,5000
20108,20108,925059137,20140602T000000,939000.0,4.0,2.75,3270,12880,2.0,0,0,3,9,3270,0,2014,0,98033,47.6679,-122.172,2420,7505
20109,20109,6021503706,20141014T000000,329900.0,2.0,2.5,980,1021,3.0,0,0,3,8,980,0,2008,0,98117,47.6844,-122.387,980,1023
20110,20110,475000176,20141222T000000,436000.0,3.0,2.5,1150,1193,2.0,0,0,3,8,1020,130,2006,0,98107,47.6684,-122.365,1450,1640
20111,20111,1220000367,20140716T000000,320000.0,3.0,2.5,1820,1855,2.0,0,0,3,8,1570,250,2008,0,98166,47.4643,-122.346,1470,6900
20112,20112,3278605590,20140926T000000,375000.0,3.0,2.5,1580,3825,2.0,0,0,3,8,1580,0,2011,0,98126,47.5458,-122.369,1380,1500
20113,20113,7203140110,20150324T000000,392137.0,3.0,2.0,1460,3696,2.0,0,0,3,7,1460,0,2010,0,98053,47.6861,-122.013,1720,3631
20114,20114,3818400110,20140826T000000,520000.0,4.0,2.5,2900,4950,2.0,0,0,3,8,2900,0,2004,0,98028,47.7717,-122.236,2590,4950
20115,20115,7702080110,20141016T000000,535000.0,5.0,2.75,2620,6389,2.0,0,0,3,9,2620,0,2007,0,98028,47.77,-122.236,2620,4504
20116,20116,952002250,20150324T000000,407000.0,2.0,2.5,1340,999,2.0,0,0,3,8,940,400,2008,0,98116,47.5655,-122.386,1470,1436
20117,20117,9578500820,20141125T000000,424950.0,4.0,3.25,3266,5398,2.0,0,0,3,8,3266,0,2014,0,98023,47.2975,-122.35,3087,5152
20118,20118,3448000542,20140811T000000,290000.0,2.0,1.5,1076,1060,3.0,0,0,3,7,1076,0,2006,0,98125,47.7167,-122.298,1076,1060
20119,20119,9358000552,20141029T000000,399000.0,3.0,3.25,1680,1478,2.0,0,0,3,8,1360,320,2009,0,98126,47.5674,-122.369,1530,2753
20120,20120,2770601696,20140703T000000,439990.0,3.0,2.5,1930,1348,2.0,0,0,3,8,1300,630,2005,0,98199,47.6513,-122.384,1630,6000
20121,20121,9834201145,20150222T000000,635000.0,4.0,2.5,2880,3091,2.0,0,0,3,9,1940,940,2014,0,98144,47.5711,-122.286,1560,4080
20122,20122,3575305452,20140717T000000,635000.0,4.0,2.25,2240,5000,2.0,0,0,3,8,2240,0,2013,0,98074,47.6212,-122.058,1760,7500
20123,20123,6181500100,20150429T000000,351000.0,3.0,2.5,2594,4455,2.0,0,0,3,8,2594,0,2012,0,98001,47.3054,-122.276,2981,4950
20124,20124,2767604074,20140822T000000,437500.0,2.0,1.5,1210,1232,3.0,0,0,3,8,1210,0,2007,0,98107,47.6712,-122.39,1330,1174
20125,20125,2872100345,20140530T000000,919204.0,4.0,3.5,3760,5000,2.0,0,0,3,9,2860,900,2014,0,98117,47.6826,-122.394,1340,5000
20126,20126,2937300440,20140908T000000,923990.0,4.0,2.5,3600,6055,2.0,0,0,3,9,3600,0,2014,0,98052,47.7053,-122.126,3590,6050
20127,20127,2597490660,20140624T000000,639888.0,4.0,2.5,2050,2772,2.0,0,0,3,8,2050,0,2012,0,98029,47.5421,-122.011,2050,2934
20128,20128,3528900768,20150114T000000,675000.0,3.0,3.25,1510,2064,2.0,0,0,3,8,1220,290,2008,0,98109,47.6398,-122.345,1670,2594
20129,20129,3885802135,20140610T000000,899900.0,4.0,2.5,2580,3909,2.0,0,0,3,8,2580,0,2013,0,98033,47.6852,-122.21,1820,5772
20130,20130,3336500190,20150130T000000,252000.0,3.0,2.5,1670,4020,2.0,0,0,3,7,1670,0,2009,0,98118,47.53,-122.268,1670,4020
20131,20131,2425059174,20150317T000000,925000.0,4.0,2.5,3190,10034,2.0,0,0,3,9,3190,0,2007,0,98052,47.6379,-122.111,2110,9300
20132,20132,1890000170,20141029T000000,552000.0,3.0,2.5,1280,1920,3.0,0,0,3,8,1280,0,2009,0,98105,47.6621,-122.324,1450,1900
20133,20133,5137800130,20150407T000000,388500.0,4.0,2.5,2718,6197,2.0,0,0,3,8,2718,0,2006,0,98092,47.3255,-122.164,2667,5000
20134,20134,2767603753,20140829T000000,548000.0,2.0,2.0,1370,1878,3.0,0,0,3,8,1370,0,2004,0,98107,47.6721,-122.387,1280,1878
20135,20135,6181410950,20140922T000000,254950.0,3.0,2.5,1794,4769,2.0,0,0,3,7,1794,0,2005,0,98001,47.3052,-122.283,3557,4807
20136,20136,3226069049,20141208T000000,1237500.0,4.0,4.5,5120,41327,2.0,0,0,3,10,3290,1830,2008,0,98053,47.7009,-122.059,3360,82764
20137,20137,6056110430,20140930T000000,629000.0,3.0,2.5,2160,1912,2.0,0,0,3,9,1970,190,2014,0,98118,47.5642,-122.292,1810,2653
20138,20138,2916200091,20150303T000000,734000.0,4.0,2.5,2180,7204,2.0,0,0,3,8,2180,0,2014,0,98133,47.7221,-122.352,1500,7650
20139,20139,1773100980,20140618T000000,309000.0,3.0,2.25,1490,1294,2.0,0,0,3,7,1220,270,2010,0,98106,47.5569,-122.363,1490,1283
20140,20140,1123059126,20140703T000000,554950.0,3.0,2.5,2950,10254,2.0,0,0,3,9,2950,0,2006,0,98059,47.4888,-122.14,2800,9323
20141,20141,825079024,20150506T000000,785000.0,3.0,2.75,2990,207781,2.0,0,0,3,9,2990,0,2000,0,98014,47.662,-121.944,2590,218671
20142,20142,8029770470,20140605T000000,550000.0,4.0,2.5,2700,5150,2.0,0,0,3,9,2700,0,2007,0,98059,47.5071,-122.148,3160,7620
20143,20143,1563102965,20140811T000000,1010000.0,4.0,3.5,3130,5000,3.0,0,0,3,10,3130,0,2014,0,98116,47.5656,-122.403,1950,5152
20144,20144,5021900635,20141028T000000,1575000.0,3.0,2.0,3620,14250,2.0,0,0,3,8,3220,400,2007,0,98040,47.5767,-122.225,2370,14250
20145,20145,9264450460,20140603T000000,309000.0,5.0,2.75,2481,4045,2.0,0,0,3,8,2481,0,2014,0,98001,47.2602,-122.284,2363,4175
20146,20146,7694200430,20140625T000000,328423.0,3.0,2.5,1730,3600,2.0,0,0,3,8,1730,0,2014,0,98146,47.5019,-122.34,2030,3600
20147,20147,7548301041,20140623T000000,345000.0,3.0,1.5,1420,1192,2.0,0,0,3,8,1140,280,2008,0,98144,47.5881,-122.304,1340,1213
20148,20148,726059483,20141121T000000,660000.0,5.0,3.5,3160,5175,2.0,0,0,3,9,3160,0,2014,0,98011,47.755,-122.216,2100,9351
20149,20149,2771102144,20140502T000000,385000.0,3.0,3.25,1320,1327,2.0,0,0,3,8,1040,280,2008,0,98199,47.6506,-122.383,1440,1263
20150,20150,7011201476,20150318T000000,459000.0,2.0,2.25,1010,1107,2.0,0,0,3,8,710,300,2006,0,98119,47.6363,-122.371,1140,1531
20151,20151,53500020,20150114T000000,248000.0,3.0,2.5,1870,4046,2.0,0,0,3,7,1870,0,2007,0,98042,47.342,-122.059,2130,4800
20152,20152,8920100066,20140820T000000,1481000.0,4.0,3.5,5220,15411,2.0,0,3,3,11,3550,1670,2006,0,98075,47.592,-122.085,3110,14124
20153,20153,8091670020,20140801T000000,379000.0,4.0,2.5,2260,5824,2.0,0,0,3,8,2260,0,2011,0,98038,47.3496,-122.042,2240,5561
20154,20154,1176001310,20150304T000000,2945000.0,5.0,4.5,4340,5722,3.0,0,4,3,10,4340,0,2010,0,98107,47.6715,-122.406,1770,5250
20155,20155,3629960680,20140926T000000,395000.0,2.0,2.25,1620,1841,2.0,0,0,3,8,1540,80,2004,0,98029,47.5483,-122.004,1530,1831
20156,20156,8562770250,20140507T000000,535000.0,3.0,2.5,2280,2289,2.0,0,0,3,8,1880,400,2006,0,98027,47.5375,-122.073,2280,2425
20157,20157,1102000514,20141022T000000,970000.0,5.0,3.5,3400,9804,2.0,0,0,3,9,2550,850,2008,0,98118,47.543,-122.266,2380,7440
20158,20158,1773100275,20150201T000000,205000.0,2.0,1.5,830,1020,2.0,0,0,3,7,830,0,2006,0,98106,47.5604,-122.363,830,1379
20159,20159,321030010,20141015T000000,310000.0,4.0,2.5,2310,7384,2.0,0,0,3,8,2310,0,2010,0,98042,47.3737,-122.165,2310,7800
20160,20160,5393600509,20140702T000000,334500.0,2.0,1.5,830,1858,2.0,0,0,3,7,830,0,2005,0,98144,47.5828,-122.314,1480,3030
20161,20161,2895730280,20140828T000000,995000.0,5.0,3.25,4130,7197,2.0,0,0,3,10,4130,0,2012,0,98074,47.6022,-122.06,3730,7202
20162,20162,7967000130,20150401T000000,370228.0,4.0,3.0,2050,4000,2.0,0,0,3,8,2050,0,2014,0,98001,47.3525,-122.275,2050,4000
20163,20163,7570060290,20150304T000000,383000.0,4.0,2.5,2050,4953,2.0,0,0,3,9,2050,0,2014,0,98038,47.3448,-122.024,2340,6175
20164,20164,291310170,20140804T000000,384500.0,3.0,2.5,1600,2610,2.0,0,0,3,8,1600,0,2005,0,98027,47.5344,-122.068,1445,1288
20165,20165,923000425,20140718T000000,865000.0,5.0,2.5,3190,8160,2.0,0,0,3,9,3190,0,2014,0,98177,47.7246,-122.363,1650,8160
20166,20166,3630200780,20140522T000000,1051000.0,4.0,3.75,3860,5474,2.5,0,0,3,10,3860,0,2007,0,98029,47.5396,-121.995,3040,5474
20167,20167,9578060660,20140513T000000,502000.0,4.0,2.5,2040,5616,2.0,0,0,3,8,2040,0,2012,0,98028,47.7737,-122.238,2380,4737
20168,20168,250000010,20140924T000000,1750000.0,4.0,3.5,3845,8400,2.0,0,0,3,10,3845,0,2013,0,98004,47.6354,-122.198,1710,8400
20169,20169,1438000010,20140912T000000,569995.0,4.0,2.5,2650,6875,2.0,0,0,3,8,2650,0,2014,0,98059,47.479,-122.124,2650,5831
20170,20170,6626300095,20140519T000000,749950.0,4.0,2.5,3430,64441,2.0,0,0,3,8,3430,0,2013,0,98077,47.7694,-122.064,3580,64441
20171,20171,8562901100,20141230T000000,550000.0,3.0,2.5,2430,5400,2.0,0,0,3,8,2430,0,2007,0,98074,47.6062,-122.057,2640,11990
20172,20172,6979970080,20140513T000000,525000.0,3.0,3.5,2876,5086,2.0,0,0,3,8,2360,516,2007,0,98072,47.7511,-122.173,2390,4419
20173,20173,7853320470,20140611T000000,516000.0,4.0,3.5,2550,8698,2.0,0,0,3,7,2550,0,2007,0,98065,47.5216,-121.869,2430,5519
20174,20174,1424069056,20140805T000000,1350000.0,4.0,3.75,4100,61419,2.0,0,0,3,9,4100,0,2014,0,98029,47.5626,-122.005,2010,32362
20175,20175,3448740250,20150428T000000,440000.0,4.0,2.5,2730,4526,2.0,0,0,3,7,2730,0,2009,0,98059,47.49100000000001,-122.153,2190,4572
20176,20176,8129700728,20150414T000000,660000.0,3.0,2.5,1780,1729,2.0,0,0,3,8,1080,700,2008,0,98103,47.6594,-122.355,1780,1741
20177,20177,3832080440,20141209T000000,261950.0,3.0,2.5,1880,5000,2.0,0,0,3,7,1880,0,2010,0,98042,47.3359,-122.054,2260,5000
20178,20178,9512200050,20140827T000000,551000.0,5.0,3.75,3090,4943,2.0,0,0,3,10,3090,0,2010,0,98058,47.4594,-122.133,3191,5561
20179,20179,4027700014,20150225T000000,665000.0,3.0,3.5,2460,14155,2.0,0,0,3,8,1900,560,2014,0,98155,47.7743,-122.279,2440,14080
20180,20180,7853400250,20140604T000000,610000.0,4.0,3.5,2910,5260,2.0,0,0,3,9,2910,0,2012,0,98065,47.5168,-121.883,2910,5260
20181,20181,7853400250,20150219T000000,645000.0,4.0,3.5,2910,5260,2.0,0,0,3,9,2910,0,2012,0,98065,47.5168,-121.883,2910,5260
20182,20182,7853420480,20140618T000000,536751.0,3.0,1.75,1930,6360,1.0,0,0,3,9,1930,0,2013,0,98065,47.5181,-121.885,2770,6373
20183,20183,8943600020,20150426T000000,260000.0,3.0,2.25,1413,3403,2.0,0,0,3,8,1413,0,2009,0,98031,47.4196,-122.193,1763,3719
20184,20184,4221900305,20150121T000000,1312000.0,3.0,3.25,4030,6300,2.0,0,0,3,10,3630,400,2006,0,98105,47.6664,-122.276,1660,6300
20185,20185,1112630130,20150220T000000,429900.0,4.0,3.25,2880,5929,2.5,0,0,3,8,2880,0,2014,0,98023,47.2752,-122.349,2880,5846
20186,20186,123039376,20140820T000000,535000.0,4.0,2.75,2360,15100,1.0,0,0,3,8,2360,0,2014,0,98146,47.5117,-122.365,1440,13346
20187,20187,2767603962,20150414T000000,462550.0,2.0,1.75,1070,1276,3.0,0,0,3,8,1070,0,2006,0,98107,47.6719,-122.39,1290,2057
20188,20188,4083306552,20150310T000000,602000.0,3.0,3.25,1460,1367,3.0,0,0,3,8,1460,0,2008,0,98103,47.6485,-122.334,1310,1191
20189,20189,745500010,20141208T000000,730000.0,4.0,2.75,3800,9606,2.0,0,0,3,9,3800,0,2008,0,98011,47.7368,-122.208,3400,9677
20190,20190,7899800851,20150423T000000,300500.0,2.0,1.5,1190,801,3.0,0,0,3,8,1190,0,2010,0,98106,47.5212,-122.358,1190,810
20191,20191,7853350170,20140516T000000,675000.0,5.0,2.5,3200,6455,2.0,0,0,3,9,3200,0,2009,0,98065,47.5446,-121.862,3290,7924
20192,20192,6056100380,20140520T000000,415000.0,3.0,2.25,1970,2377,2.0,0,0,3,8,1680,290,2008,0,98108,47.5631,-122.297,1690,1936
20193,20193,626059127,20141117T000000,614000.0,3.0,2.5,2830,5831,2.0,0,0,3,9,2830,0,2010,0,98011,47.7744,-122.224,2830,6064
20194,20194,1459920190,20141204T000000,385000.0,4.0,2.5,2630,5701,2.0,0,0,3,7,2630,0,2010,0,98042,47.375,-122.16,2770,5939
20195,20195,3574750020,20140625T000000,594000.0,4.0,2.75,2720,4613,2.0,0,0,3,9,2720,0,2005,0,98028,47.7352,-122.223,2830,4836
20196,20196,2547200190,20140520T000000,860000.0,4.0,2.75,3160,8097,2.0,0,0,3,9,3160,0,2014,0,98033,47.6709,-122.166,2200,8097
20197,20197,9206500250,20140909T000000,1104500.0,4.0,4.0,3770,8899,2.0,0,0,3,10,2940,830,2006,0,98074,47.6476,-122.079,3300,8308
20198,20198,7202300480,20141024T000000,775000.0,4.0,2.75,3500,6226,2.0,0,0,3,9,3500,0,2004,0,98053,47.6846,-122.045,3480,7222
20199,20199,7237450190,20140806T000000,430760.0,5.0,2.75,2710,4685,2.0,0,0,3,8,2710,0,2014,0,98038,47.3555,-122.062,2710,4449
20200,20200,8682320420,20150427T000000,755000.0,2.0,2.5,2170,6361,1.0,0,2,3,8,2170,0,2009,0,98053,47.7109,-122.017,2310,7419
20201,20201,6003500743,20140519T000000,640000.0,2.0,2.25,1540,958,3.0,0,0,3,9,1540,0,2007,0,98122,47.6179,-122.318,1410,958
20202,20202,328000182,20150501T000000,613500.0,3.0,3.25,1876,1531,3.0,0,0,3,9,1876,0,2009,0,98115,47.6864,-122.265,1876,1533
20203,20203,821079102,20141017T000000,780000.0,4.0,3.5,3720,213073,1.0,0,2,3,10,3720,0,2007,0,98010,47.3216,-121.94,2190,59241
20204,20204,1622049242,20150304T000000,550000.0,4.0,2.5,3148,9612,2.0,0,3,3,9,3148,0,2014,0,98198,47.3994,-122.311,3000,11475
20205,20205,7203120050,20141008T000000,789500.0,4.0,3.25,3240,4852,2.0,0,0,3,9,3240,0,2010,0,98053,47.695,-122.022,3320,5318
20206,20206,7853360250,20140710T000000,592000.0,5.0,3.5,3340,5000,2.0,0,0,3,8,2580,760,2012,0,98065,47.5168,-121.871,3420,5000
20207,20207,1327600190,20150410T000000,454950.0,4.0,2.5,2413,5701,2.0,0,0,3,8,2413,0,2014,0,98042,47.3731,-122.159,2380,5725
20208,20208,4187000250,20150413T000000,475000.0,4.0,2.5,2500,4500,2.0,0,0,3,7,2500,0,2010,0,98059,47.4928,-122.149,2230,4500
20209,20209,2902201300,20141229T000000,659000.0,2.0,1.75,1180,904,2.0,0,0,3,10,780,400,2014,0,98102,47.6396,-122.329,1380,3610
20210,20210,1635500250,20141124T000000,570000.0,4.0,2.5,2890,5801,2.0,0,0,3,9,2890,0,2005,0,98028,47.7349,-122.238,2890,6286
20211,20211,6031400094,20150226T000000,347500.0,5.0,3.0,2230,6551,1.0,0,0,3,7,1330,900,2014,0,98168,47.487,-122.32,2230,9476
20212,20212,6601200250,20150402T000000,205000.0,4.0,2.5,1767,4500,2.0,0,0,3,8,1767,0,2006,0,98001,47.2607,-122.25,1949,4636
20213,20213,9358001403,20140903T000000,380000.0,3.0,3.25,1450,1468,2.0,0,0,3,8,1100,350,2009,0,98126,47.5664,-122.37,1450,1478
20214,20214,4216500020,20141003T000000,718000.0,5.0,2.75,2930,7663,2.0,0,0,3,9,2930,0,2013,0,98056,47.5308,-122.184,2750,10335
20215,20215,1438000440,20140724T000000,515805.0,5.0,2.75,2710,4136,2.0,0,0,3,8,2710,0,2014,0,98059,47.4786,-122.123,2590,4136
20216,20216,6061500130,20140714T000000,1029280.0,4.0,3.25,3600,18645,2.0,0,1,3,10,3000,600,2013,0,98059,47.5294,-122.154,3970,10957
20217,20217,3862710050,20141113T000000,437718.0,3.0,2.5,1800,3265,2.0,0,0,3,8,1800,0,2014,0,98065,47.5338,-121.841,1800,3663
20218,20218,7604400114,20140814T000000,450000.0,4.0,2.5,2290,5515,2.0,0,0,3,8,2290,0,2006,0,98106,47.5518,-122.357,1380,5515
20219,20219,9828702649,20141028T000000,515000.0,3.0,2.5,1510,1178,2.0,0,0,3,8,1060,450,2007,0,98122,47.6181,-122.301,1510,1210
20220,20220,2946003947,20150302T000000,204000.0,2.0,2.5,1090,13444,2.0,0,0,3,7,1090,0,2007,0,98198,47.4166,-122.319,1380,6000
20221,20221,993000307,20140523T000000,360000.0,3.0,2.0,1270,1323,3.0,0,0,3,8,1270,0,2006,0,98103,47.6934,-122.342,1330,1323
20222,20222,3362400094,20141203T000000,550000.0,3.0,2.25,1540,1005,3.0,0,0,3,8,1540,0,2008,0,98103,47.6827,-122.346,1510,1501
20223,20223,7853380480,20140529T000000,650880.0,3.0,2.5,2930,6050,2.0,0,0,3,9,2930,0,2008,0,98065,47.5151,-121.883,2760,5765
20224,20224,3893100462,20150225T000000,1789950.0,5.0,3.75,4360,8504,2.0,0,4,3,10,3530,830,2014,0,98033,47.6936,-122.19,2680,9000
20225,20225,2326600130,20150225T000000,895900.0,4.0,3.5,3640,4983,2.0,0,3,3,9,2790,850,2014,0,98075,47.5619,-122.027,3270,14700
20226,20226,3424069008,20140606T000000,585000.0,4.0,2.5,2430,4747,2.0,0,0,3,8,2430,0,2008,0,98027,47.5285,-122.031,1930,7200
20227,20227,3277801586,20150508T000000,380000.0,3.0,2.25,1520,1464,2.0,0,0,3,8,1240,280,2010,0,98126,47.543,-122.375,1710,1464
20228,20228,5045700250,20141118T000000,565997.0,5.0,2.75,2730,5820,2.0,0,0,3,8,2730,0,2014,0,98059,47.4856,-122.154,2730,5700
20229,20229,3278603000,20150504T000000,459000.0,3.0,3.0,2440,2076,2.0,0,0,3,8,1930,510,2006,0,98126,47.5476,-122.37,2440,2310
20230,20230,7548800050,20150421T000000,550000.0,3.0,3.75,1580,1303,2.0,0,0,3,8,1340,240,2010,0,98144,47.5875,-122.315,1560,1294
20231,20231,1972201964,20140725T000000,500000.0,3.0,2.25,1420,983,3.0,0,0,3,8,1420,0,2006,0,98103,47.6533,-122.346,1530,1280
20232,20232,3395070980,20150327T000000,461500.0,5.0,3.25,2820,3275,2.0,0,0,3,8,2230,590,2006,0,98118,47.5339,-122.284,2610,3275
20233,20233,5710000005,20140522T000000,2150000.0,4.0,5.5,5060,10320,2.0,0,0,3,11,5060,0,2008,0,98004,47.6245,-122.21,3010,10080
20234,20234,9319800050,20150421T000000,790000.0,4.0,2.5,2650,5000,2.0,0,0,3,8,2650,0,2007,0,98116,47.5605,-122.396,1110,6250
20235,20235,3303700221,20140627T000000,735000.0,3.0,2.25,1490,1212,2.0,0,0,3,9,1040,450,2011,0,98112,47.6226,-122.313,1490,1337
20236,20236,3304300080,20150330T000000,588000.0,4.0,2.5,3060,7710,2.0,0,0,3,9,3060,0,2009,0,98059,47.4828,-122.136,3040,7840
20237,20237,642800130,20150513T000000,724500.0,3.0,3.25,3240,4185,2.0,0,0,3,8,2770,470,2011,0,98075,47.5794,-122.03,2660,4692
20238,20238,6192410480,20140709T000000,749000.0,3.0,2.75,2820,5348,2.0,0,0,3,9,2820,0,2008,0,98052,47.7073,-122.118,3140,5640
20239,20239,6127000480,20140918T000000,720000.0,5.0,3.5,4140,7642,2.0,0,0,3,8,4140,0,2003,0,98075,47.591,-122.008,3330,6953
20240,20240,6145601599,20140611T000000,250000.0,2.0,1.5,982,846,2.0,0,0,3,8,806,176,2006,0,98133,47.7034,-122.345,1010,3844
20241,20241,3630200460,20150327T000000,790000.0,3.0,2.75,2460,3600,2.0,0,0,3,9,2460,0,2007,0,98029,47.5409,-121.994,2570,3600
20242,20242,3845101100,20150121T000000,392440.0,4.0,2.5,2547,4800,2.0,0,0,3,9,2547,0,2014,0,98092,47.2592,-122.194,2598,4800
20243,20243,6792200066,20140725T000000,280000.0,4.0,2.25,1834,7460,2.0,0,0,3,8,1834,0,2012,0,98042,47.3568,-122.163,1979,9008
20244,20244,5317100294,20141113T000000,1333000.0,4.0,4.5,3130,5126,3.0,0,0,3,10,2450,680,2014,0,98112,47.6239,-122.29,2540,7784
20245,20245,8150600250,20141217T000000,649000.0,4.0,2.5,2730,4847,2.0,0,0,3,9,2730,0,2008,0,98126,47.549,-122.374,1250,4840
20246,20246,9376301112,20141031T000000,457000.0,2.0,2.5,1380,1329,2.0,0,0,3,8,1050,330,2008,0,98117,47.6903,-122.37,1360,3750
20247,20247,856000635,20150323T000000,2225000.0,4.0,4.25,4700,10800,2.0,0,1,3,11,3910,790,2002,0,98033,47.6882,-122.214,2370,7680
20248,20248,9320350130,20140823T000000,453000.0,3.0,3.0,2330,4284,2.0,0,0,3,9,1920,410,2004,0,98108,47.5547,-122.308,2330,3709
20249,20249,7694200380,20140922T000000,329780.0,3.0,2.5,1730,3600,2.0,0,0,3,8,1730,0,2014,0,98146,47.5014,-122.34,2030,3600
20250,20250,635000009,20141112T000000,1050000.0,2.0,2.5,2350,2390,3.0,0,2,3,10,2000,350,2007,0,98144,47.5999,-122.286,1950,2390
20251,20251,7853440050,20150505T000000,771005.0,5.0,4.5,4000,6713,2.0,0,0,3,9,4000,0,2015,0,98024,47.5254,-121.886,3690,6600
20252,20252,8563010130,20140725T000000,1300000.0,3.0,2.5,3350,7752,1.0,0,0,3,9,2180,1170,2009,0,98008,47.6263,-122.099,2570,7988
20253,20253,2767604592,20140619T000000,607500.0,3.0,3.25,1530,1612,3.0,0,0,3,8,1530,0,2006,0,98107,47.6706,-122.378,1530,1611
20254,20254,1332700020,20150116T000000,278000.0,2.0,2.25,1610,1968,2.0,0,0,4,7,1610,0,1979,0,98056,47.5184,-122.196,1950,1968
20255,20255,1442870440,20140702T000000,475000.0,4.0,2.75,2620,6178,2.0,0,0,3,8,2620,0,2013,0,98045,47.4823,-121.771,2790,6538
20256,20256,5347200179,20140814T000000,270000.0,3.0,2.0,1300,1920,2.0,0,0,3,8,850,450,2006,0,98126,47.5183,-122.376,1300,1344
20257,20257,8924100372,20150423T000000,1302000.0,4.0,3.5,3590,5334,2.0,0,2,3,9,3140,450,2006,0,98115,47.6763,-122.267,2100,6250
20258,20258,6666830170,20140811T000000,778983.0,4.0,2.5,2490,5647,2.0,0,0,3,8,2490,0,2014,0,98052,47.7043,-122.114,2970,5450
20259,20259,3336000052,20141022T000000,221000.0,3.0,2.5,1320,1780,2.0,0,0,3,7,880,440,2005,0,98118,47.528,-122.269,3040,6000
20260,20260,2895800380,20140821T000000,338800.0,4.0,2.25,1800,2752,2.0,0,0,3,8,1800,0,2014,0,98106,47.5165,-122.346,1800,2752
20261,20261,1042700250,20140804T000000,834995.0,5.0,1.5,3360,5225,2.0,0,0,3,9,3360,0,2014,0,98074,47.6072,-122.053,3230,5368
20262,20262,7787920250,20150501T000000,550000.0,4.0,2.5,3220,9328,2.0,0,0,3,8,3220,0,2006,0,98019,47.7273,-121.958,3020,9300
20263,20263,3026059363,20141031T000000,575000.0,3.0,3.5,2514,1559,2.0,0,0,3,8,2024,490,2007,0,98034,47.7044,-122.209,2090,10454
20264,20264,3590000050,20140923T000000,649000.0,4.0,2.75,3130,9711,2.0,0,0,3,9,3130,0,2014,0,98059,47.4823,-122.124,1570,10500
20265,20265,7853361410,20140530T000000,545000.0,4.0,2.5,2720,4738,2.0,0,0,3,8,2720,0,2012,0,98065,47.515,-121.869,2590,5740
20266,20266,1355300009,20141120T000000,625000.0,2.0,2.25,1390,916,2.0,0,0,3,8,1165,225,2007,0,98122,47.6168,-122.314,1415,1488
20267,20267,8835800010,20141223T000000,1042000.0,4.0,4.5,4920,270236,2.0,0,3,3,10,3820,1100,2006,0,98045,47.4695,-121.775,4920,260924
20268,20268,9268851680,20140516T000000,611000.0,3.0,2.5,2134,1984,2.5,0,0,3,8,2134,0,2008,0,98027,47.5402,-122.027,2170,1984
20269,20269,8096800500,20150317T000000,300000.0,3.0,2.5,1741,5701,2.0,0,0,3,8,1741,0,2012,0,98030,47.379,-122.184,2002,5700
20270,20270,7202261060,20141229T000000,577000.0,3.0,2.5,2560,5238,2.0,0,0,3,8,2560,0,2001,0,98053,47.6887,-122.04,2560,5185
20271,20271,7237450130,20141020T000000,349990.0,4.0,2.5,2220,3561,2.0,0,0,3,8,2220,0,2014,0,98038,47.3561,-122.063,2530,4449
20272,20272,3630130010,20140714T000000,650000.0,3.0,2.5,1910,4363,2.0,0,0,3,9,1910,0,2006,0,98029,47.5482,-121.996,1890,3732
20273,20273,567000381,20150328T000000,378000.0,2.0,1.5,980,853,2.0,0,0,3,7,820,160,2009,0,98144,47.5925,-122.295,1130,1270
20274,20274,1760650290,20150205T000000,313200.0,3.0,2.5,1950,4197,2.0,0,0,3,7,1950,0,2013,0,98042,47.3613,-122.081,2300,4178
20275,20275,1024069215,20140912T000000,1206690.0,5.0,4.25,4150,12015,2.0,0,0,3,10,4150,0,2014,0,98075,47.5816,-122.021,3230,27520
20276,20276,1105000373,20150506T000000,252500.0,2.0,1.5,1110,986,2.0,0,0,3,7,950,160,2009,0,98118,47.5427,-122.272,1110,3515
20277,20277,1773100561,20150305T000000,308000.0,3.0,2.5,1250,1150,2.0,0,0,3,8,1080,170,2009,0,98106,47.5582,-122.363,1250,1150
20278,20278,9510860840,20140515T000000,803100.0,4.0,2.5,3310,5404,2.0,0,0,3,9,3310,0,2004,0,98052,47.6635,-122.083,2600,4730
20279,20279,4187000660,20140618T000000,415000.0,4.0,2.5,2020,5501,2.0,0,0,3,7,2020,0,2010,0,98059,47.4937,-122.15,2020,5494
20280,20280,7203120020,20140814T000000,785000.0,4.0,3.5,3310,4850,2.0,0,0,3,9,3310,0,2010,0,98053,47.6954,-122.022,3320,5955
20281,20281,8559300020,20140528T000000,499950.0,4.0,2.5,2798,4473,2.0,0,0,3,9,2798,0,2012,0,98055,47.4295,-122.205,2358,4593
20282,20282,3356402705,20150317T000000,216000.0,4.0,2.5,1847,8000,2.0,0,0,3,7,1847,0,2008,0,98001,47.2874,-122.257,1767,8000
20283,20283,662440020,20150226T000000,380000.0,4.0,2.5,2420,4981,2.0,0,0,3,9,2420,0,2009,0,98038,47.3785,-122.023,2420,5000
20284,20284,255370020,20141106T000000,345000.0,4.0,2.5,2020,3600,2.0,0,0,3,7,2020,0,2012,0,98038,47.3535,-122.017,2210,3800
20285,20285,293810190,20141104T000000,456500.0,4.0,2.5,2400,6811,2.0,0,0,3,8,2400,0,2007,0,98059,47.4959,-122.15,2710,5314
20286,20286,8091670190,20141104T000000,382495.0,3.0,2.5,1760,5390,1.0,0,0,3,8,1760,0,2014,0,98038,47.3482,-122.042,2310,5117
20287,20287,1760650280,20150306T000000,324950.0,4.0,2.5,2110,4178,2.0,0,0,3,7,2110,0,2013,0,98042,47.3612,-122.081,2300,4142
20288,20288,6306800010,20140811T000000,436472.0,4.0,2.5,2692,8392,2.0,0,0,3,9,2692,0,2014,0,98030,47.3519,-122.197,2574,14446
20289,20289,982850010,20140530T000000,365250.0,3.0,2.25,1490,4522,2.0,0,0,3,7,1490,0,2009,0,98028,47.7611,-122.233,1580,4667
20290,20290,6705600020,20150324T000000,919990.0,5.0,3.25,3960,6352,2.0,0,0,3,10,3960,0,2014,0,98075,47.5806,-122.055,2930,9875
20291,20291,9478550430,20150429T000000,316475.0,4.0,2.5,1740,4642,2.0,0,0,3,7,1740,0,2012,0,98042,47.3686,-122.117,1950,4642
20292,20292,5498100010,20150324T000000,425000.0,4.0,2.5,1940,4517,1.0,0,0,3,8,1190,750,2010,0,98028,47.776,-122.26,1910,10410
20293,20293,7625702901,20150311T000000,302860.0,2.0,1.0,970,3279,2.0,0,0,3,7,790,180,2007,0,98136,47.5469,-122.383,1150,1351
20294,20294,301401410,20140722T000000,298000.0,3.0,2.5,1852,4000,2.0,0,0,3,7,1852,0,2014,0,98002,47.3455,-122.21,2166,4000
20295,20295,251500080,20140826T000000,3204000.0,4.0,4.0,4810,18851,2.0,0,3,3,11,4810,0,2007,0,98004,47.6364,-122.214,3970,19929
20296,20296,521049227,20141201T000000,950000.0,4.0,4.0,5635,9695,2.0,0,3,3,10,4360,1275,2011,0,98003,47.3389,-122.334,3726,9765
20297,20297,100300500,20141121T000000,333000.0,3.0,2.5,1520,3041,2.0,0,0,3,7,1520,0,2009,0,98059,47.4874,-122.152,1820,3229
20298,20298,8669160460,20150305T000000,289950.0,3.0,2.5,2099,4275,2.0,0,0,3,7,2099,0,2010,0,98002,47.3521,-122.211,2099,4275
20299,20299,2810100007,20150506T000000,419950.0,3.0,2.25,1250,811,3.0,0,0,3,8,1250,0,2014,0,98136,47.5419,-122.388,1250,1232
20300,20300,6749700006,20140715T000000,306000.0,2.0,1.5,1090,1183,3.0,0,0,3,8,1090,0,2008,0,98103,47.6974,-122.349,1110,1384
20301,20301,1085623730,20141129T000000,498445.0,4.0,2.5,3216,5902,2.0,0,0,3,9,3216,0,2014,0,98030,47.3425,-122.179,2815,4916
20302,20302,6666830430,20140620T000000,775950.0,4.0,2.5,2970,4400,2.0,0,0,3,8,2970,0,2014,0,98052,47.705,-122.114,3010,4892
20303,20303,7852110380,20140703T000000,605000.0,3.0,2.5,2610,6405,2.0,0,0,3,8,2610,0,2001,0,98065,47.5373,-121.874,2580,6285
20304,20304,8080400177,20140909T000000,520000.0,2.0,1.75,1340,1368,2.0,0,0,3,7,1060,280,2006,0,98122,47.618,-122.311,2480,1707
20305,20305,293070010,20141028T000000,849990.0,4.0,2.75,3300,4987,2.0,0,0,3,9,3300,0,2014,0,98074,47.6175,-122.056,3520,5453
20306,20306,9144100007,20140604T000000,767450.0,3.0,2.0,1630,7599,1.0,0,0,3,10,1630,0,2006,0,98117,47.6981,-122.376,2030,7599
20307,20307,7234601142,20140808T000000,665000.0,3.0,2.25,1590,929,2.0,0,0,3,9,1060,530,2014,0,98122,47.6172,-122.31,1510,1193
20308,20308,1972200426,20140918T000000,525000.0,2.0,2.75,1310,1268,3.5,0,0,3,8,1310,0,2007,0,98103,47.6534,-122.355,1350,1288
20309,20309,7768800280,20140722T000000,870515.0,4.0,3.5,3600,5697,2.0,0,0,3,9,2940,660,2014,0,98075,47.5755,-122.071,3490,5911
20310,20310,9512200420,20140721T000000,390000.0,4.0,2.5,2154,4153,2.0,0,0,3,9,2154,0,2012,0,98058,47.4557,-122.13,2154,4091
20311,20311,7132300525,20150411T000000,500000.0,3.0,1.75,1530,825,3.0,0,0,3,8,1530,0,2015,0,98144,47.5929,-122.308,1580,1915
20312,20312,7515000143,20140805T000000,399950.0,3.0,2.25,1360,1041,2.0,0,0,3,8,1094,266,2006,0,98117,47.6925,-122.375,1522,1382
20313,20313,3395070440,20150209T000000,305000.0,3.0,2.5,1320,2480,2.0,0,0,3,7,1320,0,2005,0,98118,47.536,-122.284,1320,3240
20314,20314,629650380,20150123T000000,255000.0,4.0,2.5,1660,6724,2.0,0,0,3,7,1660,0,2009,0,98001,47.25899999999999,-122.256,1544,6054
20315,20315,1115600130,20140930T000000,415000.0,4.0,2.5,2891,6499,2.0,0,0,3,9,2891,0,2014,0,98001,47.3359,-122.257,2550,8383
20316,20316,8562790950,20150327T000000,716500.0,3.0,2.5,2340,2155,2.0,0,0,3,10,2120,220,2012,0,98027,47.53,-122.073,2640,2680
20317,20317,3413700130,20140625T000000,425000.0,3.0,2.5,2320,2267,3.0,0,0,3,8,2320,0,2009,0,98177,47.7027,-122.359,1240,1883
20318,20318,9532000170,20150217T000000,540000.0,4.0,2.5,2190,3855,2.0,0,0,3,8,2190,0,2010,0,98011,47.7705,-122.169,2190,3600
20319,20319,255450380,20140804T000000,324747.0,3.0,2.5,2060,4742,2.0,0,0,3,8,2060,0,2014,0,98038,47.3706,-122.017,2370,4725
20320,20320,7203140420,20150128T000000,385000.0,3.0,2.5,1740,4145,2.0,0,0,3,7,1740,0,2010,0,98053,47.6875,-122.015,1740,4045
20321,20321,1760650670,20140812T000000,270000.0,3.0,2.25,1400,3825,2.0,0,0,3,7,1400,0,2012,0,98042,47.3596,-122.082,2110,3825
20322,20322,5556300098,20140612T000000,1240000.0,5.0,4.0,4410,14380,2.0,0,0,3,11,4410,0,2006,0,98052,47.6463,-122.121,2720,11454
20323,20323,8129700743,20150416T000000,672000.0,3.0,2.5,1780,1647,2.0,0,0,3,8,1080,700,2008,0,98103,47.6597,-122.355,2000,1741
20324,20324,3023000050,20150129T000000,310000.0,3.0,2.5,1760,10137,2.0,0,0,3,8,1760,0,2010,0,98038,47.355,-122.059,2000,6935
20325,20325,518500480,20140811T000000,3000000.0,3.0,3.5,4410,10756,2.0,1,4,3,11,3430,980,2014,0,98056,47.5283,-122.205,3550,5634
20326,20326,1725059127,20150225T000000,2350000.0,6.0,4.25,5550,11547,2.0,0,2,3,11,4270,1280,2014,0,98033,47.6547,-122.202,3480,11547
20327,20327,9511120050,20140627T000000,427000.0,3.0,2.5,2432,9391,2.0,0,2,3,9,2432,0,2005,0,98001,47.3453,-122.267,2912,8932
20328,20328,8943600430,20150423T000000,389950.0,3.0,2.5,2283,3996,2.0,0,0,3,8,2283,0,2008,0,98031,47.4221,-122.192,1760,3992
20329,20329,9429400170,20140625T000000,309620.0,3.0,2.5,1860,3730,2.0,0,0,3,8,1860,0,2012,0,98019,47.7442,-121.984,2110,4509
20330,20330,3845101150,20140701T000000,399895.0,4.0,2.5,2701,4500,2.0,0,0,3,9,2701,0,2014,0,98092,47.2586,-122.194,2570,4800
20331,20331,1085623560,20150202T000000,442515.0,4.0,2.5,2930,4875,2.0,0,0,3,9,2930,0,2014,0,98030,47.3421,-122.179,2815,4900
20332,20332,263000255,20141202T000000,375000.0,3.0,2.25,1540,1561,3.0,0,0,3,8,1540,0,2010,0,98103,47.6991,-122.346,1540,1547
20333,20333,7299600130,20140702T000000,309780.0,3.0,2.5,2242,4500,2.0,0,0,3,8,2242,0,2014,0,98092,47.2583,-122.198,2009,4500
20334,20334,7853320280,20150312T000000,425000.0,3.0,2.5,1950,4345,2.0,0,0,3,7,1950,0,2007,0,98065,47.5202,-121.873,2260,4345
20335,20335,4253400098,20150501T000000,405000.0,2.0,3.0,1160,1073,2.0,0,0,3,7,880,280,2007,0,98144,47.5788,-122.315,1250,4812
20336,20336,3814900380,20140719T000000,356250.0,3.0,2.5,2060,5115,2.0,0,0,3,9,2060,0,2014,0,98092,47.3261,-122.163,2648,4500
20337,20337,6821101732,20150219T000000,550000.0,3.0,2.25,1230,875,3.0,0,0,3,8,1230,0,2013,0,98199,47.6521,-122.4,1760,5664
20338,20338,3644100086,20140505T000000,340000.0,2.0,1.5,1160,1438,2.0,0,0,3,7,1160,0,2001,0,98144,47.5917,-122.295,1220,1740
20339,20339,7237450080,20140823T000000,362865.0,4.0,2.5,2245,4301,2.0,0,0,3,8,2245,0,2014,0,98038,47.3555,-122.063,2530,4478
20340,20340,6389970010,20150323T000000,1360000.0,4.0,3.5,4120,12626,2.0,0,1,3,11,3970,150,2014,0,98034,47.7089,-122.245,4120,11913
20341,20341,9578090050,20140505T000000,830000.0,4.0,2.5,3400,9692,2.0,0,0,3,9,3400,0,2007,0,98052,47.708,-122.109,3070,7375
20342,20342,1489300005,20140801T000000,1598000.0,5.0,3.75,4270,7500,2.0,0,0,3,10,3210,1060,2014,0,98033,47.6845,-122.207,2410,8350
20343,20343,7768800290,20150304T000000,855000.0,4.0,3.5,2890,5911,2.0,0,0,3,9,2370,520,2014,0,98075,47.5754,-122.071,3490,6093
20344,20344,1245003220,20140819T000000,1205000.0,5.0,3.5,3220,8000,2.0,0,0,3,9,2900,320,2008,0,98033,47.6834,-122.2,2100,9680
20345,20345,5608000010,20140811T000000,1385000.0,4.0,3.5,4010,15365,2.0,0,1,3,11,4010,0,2006,0,98027,47.5528,-122.093,3550,13429
20346,20346,5379805260,20150326T000000,400200.0,4.0,3.5,2260,30250,2.0,0,0,3,7,2260,0,2013,0,98188,47.4493,-122.281,1270,16350
20347,20347,3278600670,20140523T000000,235000.0,2.0,1.0,1140,1730,1.5,0,0,3,8,1010,130,2007,0,98126,47.5494,-122.372,1360,1730
20348,20348,2781240050,20150507T000000,349950.0,3.0,2.0,1640,4714,1.0,0,0,3,8,1640,0,2009,0,98038,47.3539,-122.021,1770,4802
20349,20349,7502800050,20140709T000000,659950.0,4.0,2.75,3510,9400,2.0,0,0,3,9,3510,0,2014,0,98059,47.4827,-122.131,3550,9429
20350,20350,9544700500,20140508T000000,785000.0,3.0,2.75,3010,1842,2.0,0,0,3,9,3010,0,2011,0,98075,47.5836,-121.994,2950,4200
20351,20351,2771603314,20150416T000000,475000.0,2.0,2.25,1060,925,2.0,0,0,3,8,980,80,2006,0,98199,47.6386,-122.388,1020,4000
20352,20352,4181200680,20140527T000000,263900.0,3.0,2.5,1658,2700,2.0,0,0,3,8,1658,0,2014,0,98198,47.3667,-122.307,1658,2700
20353,20353,9347300010,20150501T000000,342000.0,3.0,2.5,1960,3540,2.0,0,0,3,8,1960,0,2012,0,98038,47.3568,-122.055,1840,3825
20354,20354,255450020,20140918T000000,367899.0,3.0,2.5,2420,4725,2.0,0,0,3,8,2420,0,2014,0,98038,47.371,-122.018,2370,4200
20355,20355,7230200585,20150204T000000,657044.0,3.0,3.5,3420,23786,1.5,0,0,3,9,3420,0,2014,0,98059,47.4739,-122.11,1590,23774
20356,20356,9828702771,20141113T000000,359950.0,2.0,1.5,893,965,2.0,0,0,3,8,893,0,2007,0,98122,47.6187,-122.301,1340,1436
20357,20357,9492500170,20140723T000000,879950.0,4.0,2.75,3020,7203,2.0,0,0,3,9,3020,0,2014,0,98033,47.6948,-122.178,3010,7215
20358,20358,9265880170,20140826T000000,550000.0,4.0,2.5,2470,5954,2.0,0,0,3,8,2470,0,2013,0,98028,47.7685,-122.236,2470,4800
20359,20359,7299600920,20141209T000000,279000.0,4.0,2.5,2009,4800,2.0,0,0,3,8,2009,0,2012,0,98092,47.2586,-122.2,1798,4800
20360,20360,8690600050,20140718T000000,255000.0,3.0,2.5,1530,1116,2.5,0,0,3,7,1530,0,2005,0,98028,47.7385,-122.25,1530,7780
20361,20361,1176001119,20150224T000000,609500.0,3.0,1.75,1590,1113,3.0,0,0,3,8,1590,0,2014,0,98107,47.6691,-122.402,1520,1357
20362,20362,3449850050,20140620T000000,420000.0,5.0,3.0,2630,3149,2.0,0,0,3,8,1670,960,2013,0,98056,47.5065,-122.171,2240,4825
20363,20363,9211000170,20141008T000000,570000.0,4.0,2.5,3230,7187,2.0,0,0,3,9,3230,0,2008,0,98059,47.4995,-122.15,2950,6537
20364,20364,6056111350,20150512T000000,439000.0,3.0,2.25,1430,2343,2.0,0,0,3,8,1430,0,2012,0,98108,47.5648,-122.294,1270,1916
20365,20365,7299601630,20141108T000000,310000.0,3.0,2.5,2242,5744,2.0,0,0,3,8,2242,0,2012,0,98092,47.2597,-122.199,2009,5712
20366,20366,7133300380,20150209T000000,635000.0,4.0,2.5,2500,4000,2.0,0,0,3,8,2500,0,2014,0,98144,47.5902,-122.311,1480,4300
20367,20367,2770601775,20141128T000000,399950.0,3.0,2.5,1230,922,2.0,0,0,3,8,1080,150,2009,0,98199,47.6518,-122.384,1230,1237
20368,20368,3630200630,20140805T000000,805000.0,4.0,2.5,3020,3600,2.5,0,0,3,9,3020,0,2009,0,98029,47.5407,-121.993,2570,3600
20369,20369,4385700250,20150407T000000,1800000.0,4.0,3.5,3480,4000,2.0,0,0,3,9,2460,1020,2015,0,98112,47.6356,-122.281,2620,4000
20370,20370,6430500182,20150403T000000,1205000.0,4.0,3.0,3330,7650,1.0,0,0,3,9,1830,1500,2008,0,98103,47.6889,-122.352,1200,3876
20371,20371,8029770190,20141015T000000,745000.0,4.0,2.5,3400,4840,2.0,0,0,3,10,3190,210,2006,0,98059,47.5066,-122.146,3400,5710
20372,20372,5393600507,20140624T000000,329445.0,2.0,1.5,830,1119,2.0,0,0,3,7,830,0,2005,0,98144,47.5828,-122.314,1480,3622
20373,20373,207700050,20141015T000000,588000.0,5.0,3.0,3110,4464,2.0,0,0,3,8,3110,0,2007,0,98011,47.7719,-122.168,2450,4221
20374,20374,8138870470,20140707T000000,494815.0,3.0,2.5,1910,2091,2.0,0,0,3,8,1910,0,2014,0,98029,47.5445,-122.013,1630,1546
20375,20375,7853370020,20141014T000000,591975.0,3.0,2.75,3230,5250,2.0,0,0,3,9,2680,550,2014,0,98065,47.5196,-121.878,2710,5250
20376,20376,3304300380,20150108T000000,600000.0,5.0,2.75,3380,8179,2.0,0,0,3,9,3380,0,2011,0,98059,47.4827,-122.135,2840,8179
20377,20377,3528960020,20140708T000000,673000.0,3.0,2.75,2830,3496,2.0,0,0,3,8,2830,0,2012,0,98029,47.5606,-122.011,2160,3501
20378,20378,1853080840,20150211T000000,889950.0,5.0,3.5,3700,7055,2.0,0,0,3,9,3700,0,2014,0,98074,47.5929,-122.057,3170,6527
20379,20379,7852130460,20150325T000000,500000.0,4.0,3.0,2520,4104,2.0,0,0,3,7,2520,0,2002,0,98065,47.5352,-121.88,2510,5015
20380,20380,2768301357,20141001T000000,500000.0,3.0,2.25,1530,1396,2.0,0,0,3,8,1240,290,2007,0,98107,47.666,-122.367,1690,2500
20381,20381,8562710250,20140505T000000,890000.0,4.0,4.25,4420,5750,2.0,0,0,3,10,3410,1010,2006,0,98027,47.5404,-122.073,4420,5750
20382,20382,6824100014,20150429T000000,437000.0,3.0,3.0,1460,1180,3.0,0,0,3,8,1460,0,2006,0,98117,47.6998,-122.367,1460,1224
20383,20383,7905200061,20140905T000000,419700.0,3.0,2.25,1450,1486,2.0,0,0,3,8,1160,290,2006,0,98116,47.5694,-122.387,1370,1437
20384,20384,3524039228,20140723T000000,394000.0,3.0,2.0,1160,3441,1.0,0,0,4,6,580,580,1930,0,98136,47.5314,-122.392,1160,4000
20385,20385,2781240040,20140806T000000,342000.0,3.0,2.0,1640,4802,1.0,0,0,3,8,1640,0,2010,0,98038,47.3538,-122.021,1940,4802
20386,20386,1222029064,20140626T000000,420000.0,3.0,1.75,1444,249126,1.5,0,0,3,7,1444,0,2008,0,98070,47.4104,-122.486,1760,224770
20387,20387,9523100730,20140523T000000,580000.0,3.0,2.5,1620,1173,3.0,0,4,3,8,1470,150,2008,0,98103,47.6681,-122.355,1620,1505
20388,20388,5649600464,20150327T000000,343000.0,2.0,1.5,1100,1228,2.0,0,0,3,7,900,200,2007,0,98118,47.5538,-122.282,1340,1380
20389,20389,7548301050,20150402T000000,390000.0,2.0,1.5,1340,1402,2.0,0,0,3,8,1120,220,2008,0,98144,47.588,-122.304,1340,1213
20390,20390,9542840450,20140811T000000,274000.0,3.0,1.5,1450,4694,2.0,0,0,3,7,1450,0,2011,0,98038,47.3654,-122.021,1870,4198
20391,20391,126039467,20150114T000000,700000.0,4.0,2.5,3040,7200,2.0,0,0,3,9,3040,0,2008,0,98177,47.7747,-122.366,2360,8245
20392,20392,7936000463,20150416T000000,838000.0,4.0,2.5,2560,7210,2.0,0,0,3,9,2560,0,2006,0,98136,47.5535,-122.395,2160,10439
20393,20393,3021059304,20140917T000000,300000.0,6.0,3.0,2744,9926,2.0,0,0,3,7,2744,0,2006,0,98002,47.2773,-122.216,2470,9926
20394,20394,3362401758,20140903T000000,467000.0,3.0,2.25,1420,990,3.0,0,0,3,8,1420,0,2008,0,98103,47.6801,-122.348,1350,1415
20395,20395,886000090,20150302T000000,395000.0,2.0,1.0,700,7457,1.0,0,0,3,6,700,0,1943,0,98108,47.5348,-122.295,1500,7130
20396,20396,1196003740,20140924T000000,734000.0,5.0,4.25,4110,42755,2.0,0,2,3,10,2970,1140,2000,0,98023,47.3375,-122.337,2730,12750
20397,20397,5045700090,20150106T000000,480000.0,5.0,2.75,2670,4780,2.0,0,0,3,8,2670,0,2013,0,98059,47.4866,-122.155,2560,5380
20398,20398,1604601801,20150217T000000,539000.0,3.0,2.75,2130,1400,2.0,0,0,3,9,1080,1050,2010,0,98118,47.5661,-122.29,1520,3132
20399,20399,5057100090,20150505T000000,459950.0,5.0,2.75,3078,6371,2.0,0,0,3,9,3078,0,2014,0,98042,47.3587,-122.163,1979,19030
20400,20400,3869900146,20141030T000000,306500.0,2.0,1.0,840,892,2.0,0,0,3,7,840,0,2006,0,98136,47.5396,-122.387,1030,1007
20401,20401,3862710180,20150326T000000,408474.0,3.0,2.5,1800,2731,2.0,0,0,3,8,1800,0,2014,0,98065,47.5342,-121.841,1800,3265
20402,20402,1023059246,20140514T000000,437000.0,3.0,2.75,2580,5200,2.0,0,0,3,8,2580,0,2008,0,98059,47.496,-122.151,2700,5602
20403,20403,6056100150,20140623T000000,160797.0,3.0,1.5,1270,2356,2.0,0,0,3,7,1270,0,2012,0,98108,47.5671,-122.298,1490,2175
20404,20404,3342700464,20150107T000000,729000.0,4.0,3.5,3065,5440,3.0,0,0,3,9,3065,0,2014,0,98056,47.524,-122.2,2210,8400
20405,20405,3026059362,20141031T000000,499000.0,3.0,2.5,1861,1587,2.0,0,0,3,8,1578,283,2007,0,98034,47.7043,-122.209,2090,10454
20406,20406,1327600150,20141016T000000,359950.0,4.0,2.75,2260,5705,2.0,0,0,3,8,2260,0,2014,0,98042,47.3726,-122.159,2260,5727
20407,20407,2895730540,20141210T000000,929000.0,5.0,3.25,4150,7100,2.0,0,0,3,10,4150,0,2013,0,98074,47.6026,-122.06,3560,7214
20408,20408,2768200209,20141006T000000,529950.0,2.0,2.5,1500,1174,2.0,0,0,3,8,1140,360,2014,0,98107,47.6689,-122.363,1550,1519
20409,20409,9268851380,20150403T000000,461000.0,3.0,2.25,1620,998,2.5,0,0,3,8,1540,80,2012,0,98027,47.5394,-122.027,1620,1068
20410,20410,7625703007,20141014T000000,271115.0,2.0,1.5,830,1325,2.0,0,0,3,7,830,0,2005,0,98136,47.5472,-122.384,1310,1485
20411,20411,7202280580,20150106T000000,653000.0,4.0,2.5,3120,5137,2.0,0,0,3,7,3120,0,2003,0,98053,47.6842,-122.04,2755,5137
20412,20412,1972202187,20141024T000000,565000.0,3.0,2.5,1870,1058,3.0,0,0,3,8,1380,490,2007,0,98103,47.6512,-122.345,1440,1136
20413,20413,2767600985,20141204T000000,529950.0,3.0,2.25,1240,1250,3.0,0,0,3,8,1240,0,2014,0,98107,47.6748,-122.377,1470,1250
20414,20414,5631501202,20150326T000000,585000.0,4.0,2.5,2820,5612,2.0,0,0,3,9,2820,0,2007,0,98028,47.7477,-122.236,1620,14881
20415,20415,1972200556,20140703T000000,609000.0,3.0,1.75,1630,1526,3.0,0,0,3,8,1630,0,2014,0,98103,47.6536,-122.354,1570,1274
20416,20416,301400930,20140618T000000,267000.0,3.0,2.25,1584,2800,2.0,0,0,3,7,1584,0,2012,0,98002,47.3454,-122.214,1584,2800
20417,20417,9265880040,20140509T000000,557000.0,4.0,2.5,2840,4500,2.0,0,0,3,8,2840,0,2012,0,98028,47.7678,-122.237,2840,4939
20418,20418,7853280610,20141117T000000,709950.0,4.0,3.25,3910,6293,2.0,0,0,3,9,3130,780,2006,0,98065,47.5389,-121.86,4410,6015
20419,20419,1972200847,20140718T000000,625000.0,3.0,2.5,1730,1301,3.0,0,0,3,9,1730,0,2011,0,98103,47.653,-122.352,1330,1240
20420,20420,8562790940,20141223T000000,599000.0,3.0,2.75,1840,2060,2.0,0,0,3,10,1700,140,2013,0,98027,47.53,-122.073,2590,2680
20421,20421,1623089165,20150506T000000,920000.0,4.0,3.75,4030,503989,2.0,0,0,3,10,4030,0,2008,0,98045,47.4807,-121.795,2110,71874
20422,20422,6788200596,20141016T000000,1285000.0,4.0,3.5,3440,3800,3.0,0,0,3,9,3440,0,2014,0,98112,47.6408,-122.307,1760,3800
20423,20423,1760650610,20150330T000000,324500.0,4.0,2.5,2110,3825,2.0,0,0,3,7,2110,0,2012,0,98042,47.3602,-122.082,2110,3825
20424,20424,7853360850,20150116T000000,471500.0,3.0,2.5,2430,5866,2.0,0,0,3,7,2430,0,2009,0,98065,47.5158,-121.871,2380,5866
20425,20425,2526069092,20140808T000000,1015000.0,4.0,3.75,4690,207141,2.0,0,0,3,10,4030,660,2007,0,98019,47.7072,-121.983,2890,200527
20426,20426,2424059061,20141111T000000,998000.0,4.0,3.5,3500,43560,2.0,0,0,3,9,2850,650,2014,0,98006,47.5481,-122.103,3640,40545
20427,20427,7661600206,20150129T000000,262000.0,4.0,2.5,2070,8685,2.0,0,0,3,7,2070,0,2006,0,98188,47.4697,-122.267,2170,9715
20428,20428,8149600065,20150401T000000,844000.0,4.0,3.5,3350,6350,2.0,0,2,3,8,2610,740,2009,0,98116,47.5602,-122.39,1820,6350
20429,20429,6666830120,20140624T000000,745641.0,4.0,2.5,2440,4850,2.0,0,0,3,8,2440,0,2013,0,98052,47.7043,-122.114,2970,5450
20430,20430,3034200087,20141212T000000,659950.0,5.0,3.0,3010,7357,2.0,0,0,3,9,3010,0,2008,0,98133,47.7226,-122.33,2370,8050
20431,20431,255450410,20140804T000000,339989.0,3.0,2.5,2060,4200,2.0,0,0,3,8,2060,0,2014,0,98038,47.3706,-122.018,2370,4200
20432,20432,3438501327,20150504T000000,352500.0,2.0,2.5,1570,2399,2.0,0,0,3,7,1180,390,2009,0,98106,47.5488,-122.364,1590,2306
20433,20433,9828702389,20140513T000000,525000.0,3.0,2.5,1580,1161,2.0,0,0,3,8,1010,570,2008,0,98112,47.6206,-122.299,1680,1177
20434,20434,8691440330,20140929T000000,1138990.0,5.0,3.5,4280,6530,2.0,0,3,3,10,4280,0,2014,0,98075,47.5941,-121.973,3960,6863
20435,20435,1085623740,20140812T000000,491000.0,5.0,3.5,2815,4900,2.0,0,0,3,9,2815,0,2011,0,98030,47.3424,-122.179,2798,4900
20436,20436,1424069110,20140718T000000,675000.0,4.0,2.5,2620,6114,2.0,0,0,3,9,2620,0,2011,0,98029,47.5603,-122.013,2620,5808
20437,20437,993001914,20150106T000000,344000.0,3.0,2.25,1250,1033,3.0,0,0,3,8,1250,0,2007,0,98103,47.6907,-122.343,1250,1150
20438,20438,9211010220,20141104T000000,530000.0,4.0,2.5,3250,4500,2.0,0,0,3,8,3250,0,2008,0,98059,47.4944,-122.15,3030,4598
20439,20439,2143701015,20141210T000000,290500.0,4.0,3.25,2510,7686,2.0,0,0,3,9,2510,0,2003,0,98055,47.4785,-122.228,2510,6732
20440,20440,6056111430,20150113T000000,335000.0,2.0,1.75,1270,1685,2.0,0,0,3,8,1270,0,2012,0,98108,47.5646,-122.295,1270,1843
20441,20441,1925059254,20150507T000000,2998000.0,5.0,4.0,6670,16481,2.0,0,0,3,12,4960,1710,2007,0,98004,47.6409,-122.221,4800,16607
20442,20442,3278606200,20140919T000000,379000.0,3.0,2.5,1580,3075,2.0,0,0,3,8,1580,0,2013,0,98126,47.545,-122.368,1710,2934
20443,20443,3126049501,20140717T000000,385000.0,3.0,1.5,1360,2030,3.0,0,0,3,8,1360,0,2008,0,98103,47.6961,-122.349,1360,1167
20444,20444,4305600360,20150225T000000,500012.0,4.0,2.5,2400,9612,1.0,0,0,3,8,1230,1170,1962,2009,98059,47.4799,-122.127,2430,5539
20445,20445,6632300212,20140505T000000,366750.0,3.0,3.0,1571,2017,3.0,0,0,3,8,1571,0,2008,0,98125,47.7338,-122.309,1520,1497
20446,20446,1189000492,20140606T000000,405000.0,2.0,2.0,1405,1073,2.0,0,0,3,8,1140,265,2007,0,98122,47.612,-122.295,1405,3000
20447,20447,3319500628,20150212T000000,356999.0,3.0,1.5,1010,1546,2.0,0,0,3,8,1010,0,1971,2014,98144,47.5998,-122.311,1010,1517
20448,20448,2436700625,20150417T000000,590000.0,2.0,2.5,1450,1281,2.0,0,0,3,8,1220,230,2006,0,98105,47.665,-122.285,1440,1281
20449,20449,3679400474,20141104T000000,294000.0,3.0,1.75,1420,1361,2.0,0,0,3,7,960,460,2014,0,98108,47.5684,-122.314,1340,1343
20450,20450,7203190110,20150426T000000,731500.0,4.0,2.5,2650,4644,2.0,0,0,3,8,2650,0,2013,0,98053,47.6945,-122.018,2640,5099
20451,20451,1853080850,20140606T000000,837219.0,5.0,2.75,3030,7679,2.0,0,0,3,9,3030,0,2014,0,98074,47.593,-122.057,3080,6341
20452,20452,1125079111,20150415T000000,1600000.0,4.0,5.5,6530,871200,2.0,0,2,3,11,6530,0,2008,0,98014,47.664,-121.878,1280,858132
20453,20453,518500610,20140616T000000,798800.0,3.0,2.75,2670,3738,1.0,0,0,3,10,1720,950,2013,0,98056,47.5299,-122.203,2610,3734
20454,20454,293670040,20141008T000000,482500.0,2.0,2.5,1170,809,2.0,0,0,3,9,1170,0,2007,0,98103,47.6875,-122.339,1170,1121
20455,20455,3303970100,20150306T000000,820000.0,4.0,2.5,3260,26772,2.0,0,0,3,9,3260,0,2007,0,98027,47.5115,-122.031,3260,14491
20456,20456,3834000594,20140711T000000,319000.0,3.0,1.5,1480,1722,3.0,0,0,3,7,1480,0,2007,0,98125,47.728,-122.292,1480,5764
20457,20457,3342100569,20140813T000000,950000.0,3.0,2.5,2700,6947,2.0,0,3,3,9,2700,0,2013,0,98056,47.5172,-122.208,2500,6947
20458,20458,7237501380,20150507T000000,1267500.0,4.0,3.5,4640,13404,2.0,0,0,3,10,4640,0,2007,0,98059,47.531000000000006,-122.134,4690,13590
20459,20459,2325300093,20140707T000000,378000.0,3.0,2.5,1601,2491,3.0,0,0,3,7,1536,65,2007,0,98125,47.719,-122.317,1420,1156
20460,20460,9808100150,20150402T000000,3345000.0,5.0,3.75,5350,15360,1.0,0,1,3,11,3040,2310,2008,0,98004,47.648,-122.218,3740,15940
20461,20461,3332500085,20141027T000000,489950.0,3.0,2.5,2540,5237,2.0,0,0,3,8,2540,0,2011,0,98118,47.5492,-122.276,1800,4097
20462,20462,3869900150,20150427T000000,345000.0,2.0,1.75,1030,1106,2.0,0,0,3,7,765,265,2006,0,98136,47.5397,-122.387,1030,1066
20463,20463,2011400401,20150226T000000,510000.0,3.0,2.5,2730,7136,2.0,0,0,3,8,2730,0,2012,0,98198,47.3938,-122.321,2130,8932
20464,20464,9578501030,20140729T000000,432500.0,4.0,2.5,3172,5033,2.0,0,0,3,8,3172,0,2014,0,98023,47.2961,-122.348,2704,5232
20465,20465,8029770410,20150420T000000,650000.0,4.0,2.5,3160,8530,2.0,0,0,3,9,3160,0,2006,0,98059,47.5075,-122.148,3160,6460
20466,20466,6639900242,20141003T000000,750000.0,4.0,2.5,2850,12429,2.0,0,0,3,9,2850,0,2008,0,98033,47.6915,-122.177,2540,12000
20467,20467,2919700735,20150427T000000,870000.0,4.0,3.5,2780,3100,2.0,0,0,3,8,2120,660,2014,0,98117,47.6886,-122.364,1740,3600
20468,20468,8691440410,20141215T000000,900000.0,4.0,3.5,3860,6543,2.0,0,0,3,10,3860,0,2014,0,98075,47.5934,-121.974,3760,6888
20469,20469,2902201301,20141216T000000,664950.0,2.0,1.75,1180,900,2.0,0,0,3,10,780,400,2014,0,98102,47.6395,-122.329,1380,3610
20470,20470,291310150,20140602T000000,391000.0,3.0,2.25,1410,1290,2.0,0,0,3,7,1290,120,2004,0,98027,47.5345,-122.069,1490,1380
20471,20471,323079101,20150123T000000,1800000.0,4.0,3.5,6370,205603,2.0,0,0,3,12,6370,0,2008,0,98027,47.5016,-121.905,1490,33580
20472,20472,5057100110,20150514T000000,479349.0,5.0,3.0,3223,6371,2.0,0,0,3,9,3223,0,2014,0,98042,47.3584,-122.163,1979,9008
20473,20473,9268850940,20141223T000000,661000.0,4.0,3.25,2600,2074,2.0,0,0,3,8,2150,450,2011,0,98027,47.5402,-122.028,2510,2074
20474,20474,993000315,20141002T000000,379000.0,3.0,3.25,1380,1234,3.0,0,0,3,8,1380,0,2006,0,98103,47.6935,-122.342,1370,1282
20475,20475,9268851800,20140505T000000,415000.0,3.0,2.25,1620,998,2.5,0,0,3,8,1540,80,2010,0,98027,47.5401,-122.027,1620,1299
20476,20476,4310702837,20141201T000000,375000.0,3.0,3.25,1370,1227,3.0,0,0,3,8,1370,0,2007,0,98103,47.6964,-122.341,1370,1236
20477,20477,4310703083,20140523T000000,355000.0,3.0,2.0,1220,1186,3.0,0,0,3,8,1220,0,2007,0,98103,47.6972,-122.341,1280,1251
20478,20478,1890000166,20140905T000000,540000.0,3.0,2.5,1280,1889,3.0,0,0,3,8,1280,0,2009,0,98105,47.6619,-122.324,1450,1889
20479,20479,7904700146,20140724T000000,290000.0,2.0,1.5,770,850,2.0,0,0,3,7,770,0,2006,0,98116,47.5644,-122.388,1350,915
20480,20480,1931300308,20140520T000000,500000.0,3.0,2.5,1210,1200,3.0,0,0,3,8,1210,0,2008,0,98103,47.6543,-122.345,1210,1200
20481,20481,8091670730,20140902T000000,416000.0,4.0,2.5,2890,6322,2.0,0,0,3,8,2890,0,2011,0,98038,47.3494,-122.044,2380,5738
20482,20482,3278612370,20140811T000000,349900.0,3.0,2.5,1580,2765,2.0,0,0,3,8,1580,0,2011,0,98126,47.5444,-122.369,1580,1820
20483,20483,7600065,20140605T000000,465000.0,3.0,2.25,1530,1245,2.0,0,0,3,9,1050,480,2014,0,98122,47.6018,-122.297,1530,2307
20484,20484,3630200900,20140630T000000,950000.0,4.0,2.5,3670,7680,2.5,0,0,3,10,3670,0,2007,0,98029,47.5401,-121.993,3130,6112
20485,20485,3278611450,20150326T000000,496800.0,4.0,2.25,1850,2340,2.5,0,0,3,8,1850,0,2014,0,98126,47.543,-122.372,1850,2340
20486,20486,2026049184,20150320T000000,680000.0,4.0,2.5,2440,6581,2.0,0,0,3,8,2440,0,2014,0,98133,47.7321,-122.334,1480,7432
20487,20487,9103000455,20150424T000000,920000.0,4.0,3.25,2190,4265,2.0,0,0,3,9,1540,650,2015,0,98122,47.6178,-122.29,1730,4265
20488,20488,8691440220,20150202T000000,1289990.0,5.0,4.0,4360,8030,2.0,0,0,3,10,4360,0,2015,0,98075,47.5923,-121.973,3570,6185
20489,20489,7202300540,20140701T000000,825000.0,4.0,2.75,3990,6637,2.0,0,0,3,9,3990,0,2003,0,98053,47.6835,-122.045,3500,7074
20490,20490,1453601038,20141002T000000,292000.0,3.0,2.5,1270,1283,3.0,0,0,3,7,1270,0,2007,0,98125,47.7209,-122.291,1270,1512
20491,20491,9211010330,20150409T000000,576000.0,4.0,2.5,3340,6924,2.0,0,0,3,8,3340,0,2009,0,98059,47.495,-122.149,3030,6119
20492,20492,1972201773,20150313T000000,670000.0,2.0,2.0,1500,761,3.0,0,3,3,8,1500,0,2008,0,98103,47.6522,-122.346,1360,1527
20493,20493,7974200948,20140520T000000,953007.0,4.0,3.5,3120,5086,2.0,0,0,3,9,2480,640,2008,0,98115,47.6762,-122.288,1880,5092
20494,20494,2700200040,20150223T000000,399000.0,4.0,2.5,2480,4334,2.0,0,0,3,8,2480,0,2012,0,98038,47.3826,-122.036,2480,5632
20495,20495,7625702264,20150427T000000,399000.0,2.0,2.0,1110,1155,3.0,0,0,3,7,980,130,2008,0,98136,47.5496,-122.388,1110,1089
20496,20496,2428100100,20141117T000000,847093.0,4.0,2.75,2760,5670,2.0,0,0,3,10,2760,0,2014,0,98075,47.5819,-122.047,2760,6600
20497,20497,1176001123,20150206T000000,599950.0,3.0,2.5,1510,1493,3.0,0,0,3,8,1510,0,2014,0,98107,47.669,-122.402,1530,1357
20498,20498,3052700472,20140813T000000,499000.0,3.0,2.5,1460,1614,2.0,0,0,3,8,1180,280,2007,0,98117,47.6781,-122.374,1380,1402
20499,20499,1623089086,20141015T000000,760000.0,4.0,2.75,3980,285318,2.0,0,2,3,9,3980,0,2006,0,98045,47.4803,-121.795,2100,105415
20500,20500,2311400145,20141029T000000,1699990.0,4.0,3.75,3320,8234,2.0,0,0,3,10,3320,0,2014,0,98004,47.5963,-122.2,1560,8240
20501,20501,8895800090,20140512T000000,1033890.0,4.0,3.25,3270,5187,2.0,0,0,3,9,3110,160,2014,0,98052,47.6966,-122.133,3600,5825
20502,20502,847100021,20140520T000000,515000.0,4.0,2.5,2670,8765,2.0,0,0,3,9,2670,0,2006,0,98059,47.4876,-122.146,2880,8765
20503,20503,291310120,20141209T000000,355000.0,3.0,2.25,1410,1332,2.0,0,0,3,7,1290,120,2004,0,98027,47.5345,-122.069,1445,1290
20504,20504,301401390,20140805T000000,319900.0,4.0,2.75,2475,4000,2.0,0,0,3,7,2475,0,2014,0,98002,47.3452,-122.21,2166,4000
20505,20505,7519001068,20140527T000000,460000.0,3.0,3.5,1600,1431,2.0,0,0,3,8,1240,360,2006,0,98117,47.6865,-122.363,1500,4120
20506,20506,7203101590,20150108T000000,305000.0,2.0,1.0,1290,3383,2.0,0,0,3,7,1290,0,2008,0,98053,47.6968,-122.025,1290,2828
20507,20507,7299600530,20150317T000000,280000.0,3.0,2.5,1608,4818,2.0,0,0,3,8,1608,0,2012,0,98092,47.2583,-122.203,2009,5200
20508,20508,7625703357,20150227T000000,394950.0,2.0,2.25,1300,2104,2.0,0,0,3,8,1010,290,2011,0,98136,47.5477,-122.388,1430,1850
20509,20509,7889601270,20140821T000000,382000.0,4.0,3.5,2530,3000,2.0,0,0,3,8,1850,680,2014,0,98146,47.4919,-122.336,1470,6000
20510,20510,4083306553,20150422T000000,560000.0,3.0,2.5,1390,1411,3.0,0,0,3,8,1390,0,2008,0,98103,47.6485,-122.334,1350,1266
20511,20511,9828701508,20140520T000000,772000.0,3.0,2.25,1640,1204,3.0,0,0,3,8,1640,0,2014,0,98112,47.6196,-122.297,1630,3136
20512,20512,8946390150,20140722T000000,324950.0,4.0,2.5,2229,5723,2.0,0,0,3,7,2229,0,2012,0,98032,47.3693,-122.286,2738,5742
20513,20513,8648900040,20140709T000000,530000.0,3.0,2.5,1790,3078,2.0,0,0,3,8,1790,0,2010,0,98027,47.5638,-122.094,1890,3078
20514,20514,4092300211,20141024T000000,384000.0,3.0,2.25,990,736,2.5,0,0,3,8,880,110,2009,0,98105,47.6605,-122.319,1030,1201
20515,20515,3343902510,20140611T000000,719950.0,5.0,2.75,3240,6863,2.0,0,0,3,10,3240,0,2013,0,98056,47.5033,-122.193,2360,6002
20516,20516,2919700107,20140811T000000,319950.0,2.0,2.5,1280,819,2.0,0,0,3,8,1060,220,2006,0,98103,47.6905,-122.364,1290,2900
20517,20517,2781280230,20150128T000000,292000.0,3.0,2.5,1610,3848,2.0,0,0,3,8,1610,0,2006,0,98055,47.4497,-122.188,1610,3049
20518,20518,3232200085,20150428T000000,1500000.0,6.0,3.5,3670,3959,2.0,0,0,3,10,2410,1260,2008,0,98119,47.6356,-122.373,2060,3625
20519,20519,1972200259,20140507T000000,425000.0,2.0,2.5,1150,1027,3.0,0,0,3,8,1150,0,2008,0,98103,47.6534,-122.356,1360,1210
20520,20520,1926059236,20141010T000000,799950.0,5.0,3.75,3760,4702,2.0,0,0,3,9,2780,980,2014,0,98034,47.7202,-122.223,2950,5981
20521,20521,2768200210,20140825T000000,499000.0,2.0,2.5,1320,1157,2.0,0,0,3,8,990,330,2014,0,98107,47.6689,-122.363,1550,1519
20522,20522,3304300210,20150327T000000,572000.0,4.0,2.75,2700,7992,2.0,0,0,3,9,2700,0,2012,0,98059,47.4831,-122.135,2840,7992
20523,20523,9826700930,20140722T000000,459000.0,2.0,2.0,1480,804,3.0,0,0,3,8,1480,0,2008,0,98122,47.602,-122.308,1380,1751
20524,20524,9385200042,20150318T000000,529500.0,3.0,2.25,1410,905,3.0,0,0,3,9,1410,0,2014,0,98116,47.5818,-122.402,1510,1352
20525,20525,3876590090,20140909T000000,374500.0,4.0,2.5,3135,5811,2.0,0,0,3,9,3135,0,2005,0,98092,47.3263,-122.18,3008,5799
20526,20526,2902200142,20140605T000000,584000.0,3.0,2.5,1480,1485,2.0,0,0,3,8,1280,200,2007,0,98102,47.6376,-122.326,1470,1277
20527,20527,8085400401,20150115T000000,1898000.0,4.0,4.5,4020,9656,2.0,0,0,3,10,4020,0,2007,0,98004,47.6358,-122.207,1960,9520
20528,20528,2902200237,20140707T000000,505000.0,2.0,2.25,1060,1209,2.0,0,0,3,8,940,120,2006,0,98102,47.6369,-122.327,1300,1169
20529,20529,7658600082,20141114T000000,565000.0,2.0,2.5,1950,2457,3.0,0,0,3,8,1950,0,2009,0,98144,47.5925,-122.302,1650,1639
20530,20530,6891100330,20150325T000000,799000.0,4.0,2.75,3340,5677,2.0,0,0,3,9,3340,0,2011,0,98052,47.709,-122.118,3240,5643
20531,20531,6821102367,20150429T000000,547000.0,3.0,2.5,1570,1452,2.5,0,0,3,9,1240,330,2007,0,98199,47.648,-122.396,1670,1596
20532,20532,1900600015,20150227T000000,550000.0,3.0,2.5,1930,6604,2.0,0,0,3,7,1930,0,2014,0,98166,47.4692,-122.351,910,6604
20533,20533,1545808120,20140918T000000,250000.0,3.0,2.0,1590,8100,1.0,0,0,3,7,1060,530,1996,0,98038,47.3611,-122.047,1590,8100
20534,20534,2126059294,20150105T000000,960000.0,4.0,4.5,3720,7746,2.0,0,0,3,10,3720,0,2014,0,98034,47.7323,-122.165,3080,11067
20535,20535,1370800515,20141030T000000,2950000.0,4.0,4.25,4470,5884,2.0,0,1,3,11,3230,1240,2010,0,98199,47.6387,-122.405,2570,6000
20536,20536,3319500334,20150327T000000,441000.0,2.0,1.0,1290,1289,2.0,0,0,3,7,1030,260,2005,0,98144,47.6006,-122.305,1290,1332
20537,20537,301400940,20150407T000000,265000.0,3.0,2.25,1489,2800,2.0,0,0,3,7,1489,0,2012,0,98002,47.3454,-122.214,1584,2800
20538,20538,2722069077,20150409T000000,430000.0,3.0,2.5,2075,39553,1.0,0,0,3,7,2075,0,2012,0,98038,47.3601,-122.032,1960,9047
20539,20539,8943600720,20140617T000000,286800.0,3.0,2.5,1413,3600,2.0,0,0,3,8,1413,0,2011,0,98031,47.4222,-122.193,2150,3869
20540,20540,7660100236,20150416T000000,375000.0,3.0,2.5,1300,1362,2.0,0,0,3,8,880,420,2008,0,98144,47.5893,-122.317,1300,1251
20541,20541,1773100921,20141215T000000,312500.0,3.0,3.25,1480,983,2.0,0,0,3,8,1180,300,2013,0,98106,47.5555,-122.363,1330,1062
20542,20542,8679200100,20150107T000000,850000.0,4.0,2.75,3320,5559,2.0,0,0,3,9,3320,0,2012,0,98075,47.5607,-122.031,3400,6854
20543,20543,3654200039,20150325T000000,390500.0,3.0,2.25,1530,1279,2.0,0,0,3,7,1116,414,2007,0,98177,47.7035,-122.357,1320,1427
20544,20544,2771602428,20141029T000000,455000.0,3.0,2.5,1180,932,3.0,0,0,3,8,1180,0,2010,0,98119,47.638000000000005,-122.375,1180,2632
20545,20545,1225039067,20150406T000000,455000.0,2.0,2.0,1190,1303,2.0,0,0,3,8,800,390,2009,0,98107,47.6675,-122.368,1670,2425
20546,20546,625049359,20141203T000000,515000.0,3.0,2.25,1300,1180,3.0,0,0,3,8,1300,0,2008,0,98103,47.6871,-122.339,1300,1174
20547,20547,3278606050,20150401T000000,362500.0,3.0,3.5,1710,2212,2.0,0,0,3,7,1400,310,2013,0,98126,47.5459,-122.368,1580,2212
20548,20548,5112800291,20140924T000000,460000.0,3.0,2.5,2390,47480,2.0,0,0,3,9,2390,0,2007,0,98058,47.4517,-122.084,1720,44866
20549,20549,7853360300,20140904T000000,540000.0,4.0,3.5,3510,6005,2.0,0,0,3,8,2750,760,2010,0,98065,47.5168,-121.87,3090,5866
20550,20550,6056111063,20140731T000000,230000.0,3.0,1.75,1140,1165,2.0,0,0,3,8,1140,0,2014,0,98108,47.5638,-122.295,1150,1552
20551,20551,2767704649,20140929T000000,425000.0,2.0,2.5,1320,1329,2.0,0,0,3,8,1180,140,2007,0,98107,47.6728,-122.374,1490,5000
20552,20552,7683800205,20140519T000000,298450.0,5.0,3.0,2100,9752,1.0,0,0,3,8,1200,900,2007,0,98003,47.3341,-122.304,1270,10200
20553,20553,9406530150,20141222T000000,344000.0,4.0,2.5,2400,4848,2.0,0,0,3,8,2400,0,2004,0,98038,47.3626,-122.04,1980,5199
20554,20554,2979800409,20140505T000000,416286.0,3.0,2.5,1408,989,3.0,0,0,3,8,1408,0,2005,0,98115,47.6856,-122.315,1408,1342
20555,20555,1085622540,20150223T000000,379500.0,4.0,2.5,2560,5102,2.0,0,0,3,8,2560,0,2013,0,98092,47.3404,-122.181,2586,5059
20556,20556,4310701421,20140617T000000,350000.0,2.0,2.5,1260,1347,3.0,0,0,3,8,1260,0,2005,0,98103,47.6994,-122.341,1260,1356
20557,20557,2895800770,20150408T000000,258800.0,2.0,1.75,1290,1624,2.0,0,0,3,8,1290,0,2014,0,98106,47.5171,-122.347,1410,1963
20558,20558,3034200067,20141218T000000,620000.0,4.0,2.5,2730,9260,2.0,0,0,3,8,2730,0,2008,0,98133,47.7222,-122.331,2730,7357
20559,20559,3438501320,20140502T000000,295000.0,2.0,2.5,1630,1368,2.0,0,0,3,7,1280,350,2009,0,98106,47.5489,-122.363,1590,2306
20560,20560,8691450120,20150227T000000,908990.0,4.0,2.75,3530,6844,2.0,0,0,3,10,3530,0,2014,0,98075,47.5975,-121.985,3530,10038
20561,20561,6306810110,20141117T000000,485230.0,4.0,2.5,2714,12558,2.0,0,0,3,9,2714,0,2014,0,98031,47.3522,-122.201,2873,8269
20562,20562,3629990110,20140611T000000,475000.0,3.0,2.25,1630,2520,2.0,0,0,3,7,1630,0,2005,0,98029,47.5493,-121.998,1630,3131
20563,20563,715010110,20140804T000000,1240420.0,5.0,3.25,5790,13726,2.0,0,3,3,10,4430,1360,2014,0,98006,47.5388,-122.114,5790,13726
20564,20564,3629700090,20140819T000000,635000.0,3.0,3.0,2230,1407,2.5,0,0,3,8,1850,380,2013,0,98027,47.5446,-122.017,2290,1407
20565,20565,3277801411,20141105T000000,350000.0,3.0,2.5,1380,1590,2.0,0,0,3,9,1160,220,2012,0,98126,47.5444,-122.375,1380,1590
20566,20566,8822901175,20141229T000000,345000.0,3.0,3.5,1320,1161,3.0,0,0,3,8,1320,0,2010,0,98125,47.7162,-122.294,1320,1161
20567,20567,6926700654,20140921T000000,700000.0,2.0,2.0,1490,713,3.0,0,0,3,9,1490,0,2014,0,98109,47.6356,-122.346,1490,1110
20568,20568,2768301482,20140821T000000,490000.0,3.0,2.25,1280,1520,2.0,0,0,3,8,1080,200,2008,0,98107,47.6651,-122.368,1280,1681
20569,20569,8895800110,20140805T000000,1299890.0,5.0,4.0,3870,5929,2.0,0,0,3,10,3870,0,2014,0,98052,47.6965,-122.134,3600,5625
20570,20570,3879900750,20140910T000000,579000.0,2.0,2.5,1280,1051,2.0,0,0,3,8,1080,200,2009,0,98119,47.6273,-122.359,1580,1279
20571,20571,7234600820,20150327T000000,552500.0,3.0,1.5,1300,1435,2.0,0,0,3,8,1120,180,2007,0,98122,47.6114,-122.31,1320,1652
20572,20572,1946000100,20150204T000000,467000.0,4.0,2.75,2170,5024,2.0,0,0,3,8,2170,0,2012,0,98059,47.495,-122.145,2460,5024
20573,20573,8943600870,20141113T000000,305000.0,4.0,2.25,1763,3717,2.0,0,0,3,8,1763,0,2012,0,98031,47.4213,-122.194,1763,3666
20574,20574,6145600557,20140509T000000,212000.0,2.0,1.5,1020,1525,2.0,0,0,3,7,1020,0,2004,0,98133,47.70399999999999,-122.347,1020,3844
20575,20575,7203140180,20140821T000000,429000.0,4.0,2.5,1840,4593,2.0,0,0,3,7,1840,0,2010,0,98053,47.6866,-122.013,1740,3600
20576,20576,3277801592,20140925T000000,479950.0,3.0,2.0,1820,1358,3.0,0,0,3,9,1820,0,2014,0,98126,47.5433,-122.376,1710,1367
20577,20577,461003835,20141218T000000,825000.0,3.0,3.5,2670,3000,2.0,0,0,3,9,1870,800,2014,0,98117,47.6813,-122.372,1750,5000
20578,20578,424069279,20150328T000000,1180000.0,6.0,6.5,6260,10955,2.0,0,0,3,11,4840,1420,2007,0,98075,47.5947,-122.039,2710,12550
20579,20579,1760651000,20140613T000000,250000.0,3.0,2.25,1400,3814,2.0,0,0,3,7,1400,0,2012,0,98042,47.3584,-122.083,1610,3814
20580,20580,3057000070,20141027T000000,289000.0,2.0,1.5,1160,2158,2.0,0,0,3,7,1160,0,1982,0,98034,47.7178,-122.19,1150,2158
20581,20581,2895810200,20141002T000000,265000.0,3.0,2.5,1400,3368,2.0,0,0,3,7,1400,0,2013,0,98146,47.5134,-122.342,1400,4316
20582,20582,2325300060,20140515T000000,344000.0,3.0,2.5,1232,1130,3.0,0,0,3,7,1232,0,2007,0,98125,47.7185,-122.317,1232,1202
20583,20583,9151600055,20140709T000000,749000.0,4.0,2.75,2700,6000,2.0,0,0,4,8,2100,600,1910,0,98116,47.586000000000006,-122.383,2050,5400
20584,20584,7853321260,20140908T000000,492000.0,4.0,2.5,2550,6382,2.0,0,0,3,7,2550,0,2007,0,98065,47.5202,-121.87,2430,5900
20585,20585,4219610320,20150119T000000,552500.0,4.0,2.5,3260,6902,2.0,0,0,3,8,3260,0,2008,0,98059,47.4829,-122.156,3130,6588
20586,20586,2902200016,20141112T000000,653500.0,2.0,2.5,1680,1240,2.0,0,0,3,8,1120,560,2014,0,98102,47.6372,-122.324,2060,3630
20587,20587,7518507055,20150402T000000,855000.0,4.0,3.25,2630,2550,2.0,0,0,3,10,2030,600,2006,0,98117,47.6775,-122.385,1810,2600
20588,20588,7502700060,20141119T000000,333000.0,3.0,1.5,1260,5758,2.0,0,0,3,7,1260,0,1999,0,98006,47.5524,-122.139,3090,10142
20589,20589,3448740160,20140611T000000,415000.0,4.0,2.5,2550,4500,2.0,0,0,3,7,2550,0,2009,0,98059,47.4916,-122.153,2340,4526
20590,20590,179001455,20141107T000000,445000.0,4.0,3.25,3450,5000,2.0,0,0,3,8,3450,0,2008,0,98178,47.4925,-122.273,1420,5000
20591,20591,8669160270,20140710T000000,273500.0,3.0,2.5,1550,3402,2.0,0,0,3,7,1550,0,2009,0,98002,47.3523,-122.212,2095,3402
20592,20592,4215270070,20140606T000000,969990.0,4.0,2.5,4150,8436,2.0,0,0,3,10,4150,0,2014,0,98075,47.5802,-122.039,4070,8438
20593,20593,170000060,20141008T000000,1200000.0,5.0,3.5,3900,4400,2.0,0,0,3,9,2650,1250,2014,0,98107,47.6607,-122.362,1190,4400
20594,20594,7410200431,20140806T000000,430000.0,3.0,3.25,1550,1444,3.0,0,0,3,8,1550,0,2006,0,98115,47.6767,-122.291,1550,1444
20595,20595,6600060140,20150323T000000,392000.0,4.0,2.5,2130,4000,2.0,0,0,3,8,2130,0,2014,0,98146,47.5108,-122.362,1830,7217
20596,20596,2324059314,20140702T000000,795000.0,4.0,2.5,2890,7798,2.0,0,0,3,9,2890,0,2005,0,98006,47.5456,-122.129,3300,30950
20597,20597,9376301111,20140630T000000,457000.0,3.0,2.5,1220,1330,2.0,0,0,3,8,1010,210,2008,0,98117,47.6904,-122.37,1360,3750
20598,20598,8956200560,20150320T000000,453000.0,4.0,2.5,2502,8306,2.0,0,0,3,9,2502,0,2013,0,98001,47.2953,-122.265,2597,6983
20599,20599,6749700002,20140509T000000,376000.0,3.0,2.0,1340,1384,3.0,0,0,3,8,1340,0,2008,0,98103,47.6973,-122.35,1110,1384
20600,20600,1438000390,20140804T000000,469995.0,4.0,2.5,2350,3800,2.0,0,0,3,8,2350,0,2014,0,98059,47.4783,-122.123,2670,4180
20601,20601,8682301600,20150504T000000,540000.0,3.0,2.5,1810,3930,2.0,0,0,3,8,1810,0,2008,0,98053,47.7169,-122.02,1560,5100
20602,20602,7853361370,20140502T000000,555000.0,4.0,2.5,3310,6500,2.0,0,0,3,8,3310,0,2012,0,98065,47.515,-121.87,2380,5000
20603,20603,3333001997,20140725T000000,445000.0,3.0,2.0,1620,5101,1.0,0,0,3,7,590,1030,2006,0,98118,47.5448,-122.288,1700,7750
20604,20604,7899800857,20141215T000000,256950.0,2.0,2.0,1070,635,2.0,0,0,3,9,720,350,2008,0,98106,47.5212,-122.357,1070,928
20605,20605,7338220370,20141006T000000,297000.0,4.0,2.5,2230,4952,2.0,0,0,3,8,2230,0,2011,0,98002,47.3363,-122.211,2030,3721
20606,20606,9406530160,20141017T000000,320000.0,4.0,2.5,1970,4558,2.0,0,0,3,8,1970,0,2005,0,98038,47.3627,-122.04,1980,5123
20607,20607,7853280370,20141114T000000,805000.0,5.0,4.5,4600,7810,2.0,0,0,3,9,3200,1400,2006,0,98065,47.5381,-121.86,4480,6324
20608,20608,2937300520,20140801T000000,799990.0,4.0,2.75,3110,6050,2.0,0,0,3,9,3110,0,2014,0,98052,47.705,-122.126,3590,6054
20609,20609,2738640310,20150409T000000,680000.0,4.0,2.5,3490,3677,2.0,0,0,3,9,2850,640,2007,0,98072,47.774,-122.162,3440,3600
20610,20610,6056100312,20140624T000000,395000.0,3.0,2.5,1600,1936,2.0,0,0,3,7,1600,0,2007,0,98108,47.5629,-122.297,1600,1936
20611,20611,2856100260,20141202T000000,732000.0,3.0,2.5,1960,3060,2.0,0,0,3,8,1960,0,2010,0,98117,47.6764,-122.389,1220,3060
20612,20612,2724049222,20140802T000000,163800.0,2.0,2.5,1000,1092,2.0,0,0,3,7,990,10,2004,0,98118,47.5419,-122.271,1330,1466
20613,20613,2724049222,20141201T000000,220000.0,2.0,2.5,1000,1092,2.0,0,0,3,7,990,10,2004,0,98118,47.5419,-122.271,1330,1466
20614,20614,6149700197,20141106T000000,308625.0,2.0,2.0,1500,1408,3.0,0,0,3,7,1500,0,1999,0,98133,47.7293,-122.343,1500,1245
20615,20615,3166900200,20150331T000000,375000.0,3.0,2.5,2424,5931,2.0,0,0,3,9,2424,0,2014,0,98042,47.3515,-122.134,2424,6036
20616,20616,5137800030,20140701T000000,300000.0,4.0,2.5,2303,3826,2.0,0,0,3,8,2303,0,2006,0,98092,47.3258,-122.165,2516,4500
20617,20617,3832080070,20140616T000000,284000.0,3.0,2.5,1880,6008,2.0,0,0,3,7,1880,0,2009,0,98042,47.3366,-122.052,2180,5185
20618,20618,9828702336,20150220T000000,610000.0,2.0,2.0,1210,740,2.0,0,0,3,8,780,430,2014,0,98112,47.6206,-122.3,1480,1171
20619,20619,7203180370,20150324T000000,955000.0,4.0,3.25,3720,6765,2.0,0,0,3,9,3720,0,2012,0,98053,47.688,-122.018,3100,6790
20620,20620,3901100030,20140627T000000,982000.0,4.0,2.75,3610,8580,2.0,0,0,3,9,3610,0,2014,0,98033,47.6706,-122.173,2360,8580
20621,20621,3126049500,20140522T000000,359000.0,3.0,1.5,1360,885,3.0,0,0,3,8,1360,0,2008,0,98103,47.6961,-122.349,1360,1167
20622,20622,6666830390,20140718T000000,779380.0,5.0,2.5,2590,7084,2.0,0,0,3,8,2590,0,2014,0,98052,47.7053,-122.113,3010,4823
20623,20623,1832100055,20140630T000000,1510000.0,5.0,3.25,4390,11250,2.0,0,0,3,10,4390,0,2007,0,98040,47.5785,-122.225,2160,9249
20624,20624,3629700030,20150223T000000,635000.0,3.0,3.0,2290,1407,2.5,0,0,3,8,1890,400,2014,0,98027,47.5446,-122.017,2230,1407
20625,20625,3630200960,20140826T000000,1060000.0,4.0,3.75,3880,9979,2.5,0,0,3,10,3880,0,2007,0,98029,47.5408,-121.992,3130,6112
20626,20626,7625702431,20140716T000000,389500.0,3.0,2.5,1350,874,3.0,0,0,3,8,1270,80,2006,0,98136,47.549,-122.387,1350,886
20627,20627,2895800390,20140807T000000,359800.0,5.0,2.5,2170,2752,2.0,0,0,3,8,2170,0,2014,0,98106,47.5165,-122.346,1800,2752
20628,20628,3753000030,20140527T000000,399950.0,3.0,3.0,1296,1051,3.0,0,0,3,8,1296,0,2009,0,98125,47.7175,-122.284,1520,1939
20629,20629,1773100926,20140603T000000,320000.0,3.0,3.25,1530,1602,2.0,0,0,3,8,1140,390,2013,0,98106,47.5555,-122.362,1450,1198
20630,20630,301400320,20140725T000000,255900.0,3.0,2.5,1489,3266,2.0,0,0,3,7,1489,0,2014,0,98002,47.3452,-122.217,1537,3273
20631,20631,6600060160,20150209T000000,380000.0,4.0,2.5,2130,4467,2.0,0,0,3,8,2130,0,2014,0,98146,47.5108,-122.363,1830,8160
20632,20632,1861100267,20140918T000000,580000.0,3.0,2.75,1430,1521,2.0,0,0,3,9,1130,300,2009,0,98119,47.6353,-122.371,1930,2700
20633,20633,3438500036,20150429T000000,545000.0,5.0,3.75,2380,7268,1.0,0,0,3,8,1430,950,2008,0,98106,47.5571,-122.357,2040,10810
20634,20634,3869900036,20140725T000000,451300.0,3.0,2.5,1420,814,2.0,0,0,3,8,1140,280,2008,0,98136,47.5429,-122.387,1340,1382
20635,20635,1042700270,20140616T000000,852880.0,4.0,3.25,3450,6184,2.0,0,0,3,9,3450,0,2014,0,98074,47.6072,-122.054,3020,5369
20636,20636,6817750340,20140919T000000,305000.0,4.0,2.5,1914,3150,2.0,0,0,3,8,1914,0,2009,0,98055,47.43,-122.188,1714,3164
20637,20637,3448001412,20150430T000000,295000.0,2.0,1.5,988,1080,3.0,0,0,3,7,988,0,2007,0,98125,47.7123,-122.301,1128,1080
20638,20638,301400800,20141016T000000,261000.0,3.0,2.25,1584,2800,2.0,0,0,3,7,1584,0,2012,0,98002,47.3451,-122.214,1584,2800
20639,20639,7852090570,20150317T000000,560000.0,4.0,2.5,2630,5710,2.0,0,0,3,8,2630,0,2001,0,98065,47.5342,-121.876,2550,5500
20640,20640,7203180070,20140919T000000,795000.0,4.0,3.25,3520,5250,2.0,0,0,3,9,3520,0,2012,0,98053,47.6869,-122.019,3220,5781
20641,20641,5416510200,20140929T000000,384950.0,4.0,2.5,2380,4913,2.0,0,0,3,8,2380,0,2006,0,98038,47.3607,-122.038,2580,5311
20642,20642,1931300977,20140508T000000,500000.0,3.0,1.75,1410,1197,3.0,0,0,3,8,1410,0,2012,0,98103,47.6558,-122.348,1350,2512
20643,20643,7853390260,20150205T000000,640000.0,4.0,3.5,3220,5741,2.0,0,0,3,9,3220,0,2013,0,98065,47.5169,-121.886,2960,6534
20644,20644,9578500810,20141121T000000,418000.0,4.0,3.25,3266,5969,2.0,0,0,3,8,3266,0,2014,0,98023,47.2975,-122.35,3087,5169
20645,20645,6844700575,20141010T000000,799000.0,3.0,2.0,2550,4794,2.0,0,0,3,9,2550,0,2007,0,98115,47.6955,-122.29,1630,5100
20646,20646,3751601877,20150320T000000,552900.0,4.0,3.5,3828,18900,2.5,0,0,3,9,3828,0,2014,0,98001,47.2851,-122.277,2120,18900
20647,20647,3869900136,20141219T000000,539950.0,3.0,2.25,1670,1596,3.0,0,0,3,8,1670,0,2014,0,98136,47.5402,-122.387,1640,1310
20648,20648,8956200960,20150120T000000,524225.0,4.0,2.5,3056,11385,2.0,0,0,3,9,3056,0,2014,0,98001,47.2905,-122.264,2849,8607
20649,20649,2883200083,20150202T000000,424950.0,2.0,1.5,1000,1188,3.0,0,0,3,8,1000,0,2005,0,98115,47.6823,-122.327,2300,3500
20650,20650,2028700570,20141125T000000,560000.0,3.0,3.25,1530,1786,2.0,0,0,3,8,1200,330,2007,0,98117,47.6783,-122.366,1390,2900
20651,20651,4188300030,20150429T000000,715000.0,5.0,3.0,3490,6091,2.0,0,0,3,9,3490,0,2009,0,98011,47.7744,-122.225,2870,5932
20652,20652,7883603648,20140522T000000,300000.0,5.0,2.5,2760,6000,2.0,0,0,3,8,2760,0,2006,0,98108,47.5289,-122.321,1360,6000
20653,20653,3630080030,20150224T000000,405000.0,3.0,2.5,1440,2163,2.0,0,0,3,7,1440,0,2005,0,98029,47.554,-121.998,1440,2207
20654,20654,173000036,20141007T000000,327000.0,3.0,3.0,1370,1001,3.0,0,0,3,8,1370,0,2009,0,98133,47.7302,-122.355,1399,1151
20655,20655,2862500070,20141209T000000,859950.0,6.0,4.0,3180,6551,2.0,0,0,3,9,3180,0,2014,0,98074,47.6236,-122.023,3230,7602
20656,20656,7017200055,20150113T000000,560000.0,4.0,3.0,2720,7570,2.0,0,0,3,9,2720,0,2008,0,98133,47.7113,-122.349,1770,5705
20657,20657,3278611610,20140907T000000,379900.0,3.0,2.5,1800,2792,2.0,0,0,3,8,1800,0,2011,0,98126,47.5442,-122.371,1580,2617
20658,20658,4305500030,20150501T000000,625000.0,3.0,2.5,3220,6409,2.0,0,0,3,9,3220,0,2008,0,98059,47.4815,-122.127,3330,6231
20659,20659,255460240,20150423T000000,398096.0,3.0,2.5,2370,5321,2.0,0,0,3,8,2370,0,2014,0,98038,47.37,-122.019,2370,4357
20660,20660,1773100416,20141120T000000,315000.0,3.0,2.5,1410,1325,2.0,0,0,3,7,1180,230,2007,0,98106,47.5582,-122.363,1270,1282
20661,20661,2937300560,20141212T000000,939000.0,4.0,3.5,3640,6049,2.0,0,0,3,9,3640,0,2014,0,98052,47.7049,-122.125,3590,6104
20662,20662,9510860560,20140725T000000,674000.0,3.0,2.5,1920,3624,2.0,0,0,3,9,1920,0,2003,0,98052,47.6647,-122.087,1930,3533
20663,20663,1085621740,20140814T000000,306000.0,4.0,2.5,2267,3577,2.0,0,0,3,7,2267,0,2014,0,98092,47.3384,-122.18,2056,3577
20664,20664,4139300135,20140709T000000,2321000.0,5.0,4.75,5780,17004,2.0,0,0,3,11,4260,1520,2006,0,98040,47.5802,-122.212,3460,10855
20665,20665,5100400241,20150202T000000,394950.0,2.0,1.0,1131,1304,3.0,0,0,3,7,1131,0,2011,0,98115,47.6912,-122.313,1131,1992
20666,20666,2428100070,20140918T000000,914154.0,3.0,3.5,2940,6431,2.0,0,0,3,10,2940,0,2014,0,98075,47.5818,-122.047,2760,6695
20667,20667,726059485,20141117T000000,496000.0,3.0,2.5,2180,4533,2.0,0,0,3,7,2180,0,2010,0,98011,47.754,-122.215,2180,7347
20668,20668,9834201370,20150417T000000,430100.0,3.0,2.25,1400,1078,2.0,0,0,3,8,940,460,2009,0,98144,47.5701,-122.288,1420,1230
20669,20669,8564860270,20140708T000000,449990.0,4.0,2.5,2680,5539,2.0,0,0,3,8,2680,0,2013,0,98045,47.4759,-121.734,2680,5992
20670,20670,8564860270,20150330T000000,502000.0,4.0,2.5,2680,5539,2.0,0,0,3,8,2680,0,2013,0,98045,47.4759,-121.734,2680,5992
20671,20671,3395071580,20150311T000000,310000.0,3.0,2.5,1300,3612,2.0,0,0,3,7,1300,0,2005,0,98118,47.5328,-122.282,1390,2943
20672,20672,3682000060,20150323T000000,349950.0,4.0,3.5,2796,3520,2.5,0,0,3,8,2796,0,2013,0,98001,47.3427,-122.278,2040,5195
20673,20673,1646500810,20140919T000000,625000.0,2.0,1.75,1460,1500,2.0,0,0,3,8,1000,460,2008,0,98103,47.6853,-122.356,1440,4120
20674,20674,7768800160,20140827T000000,1054710.0,4.0,3.5,4210,6481,2.0,0,3,3,9,3260,950,2014,0,98075,47.5765,-122.072,3920,5331
20675,20675,3629980860,20140707T000000,680000.0,4.0,2.75,2330,3920,2.0,0,0,3,9,2330,0,2005,0,98029,47.5525,-121.99,2410,4063
20676,20676,629890070,20140515T000000,828950.0,4.0,3.5,3930,5680,2.0,0,1,3,9,2820,1110,2013,0,98027,47.5528,-122.076,3700,5816
20677,20677,7299600140,20150403T000000,274950.0,3.0,2.5,1608,4000,2.0,0,0,3,8,1608,0,2014,0,98092,47.2582,-122.198,2009,4983
20678,20678,1332700030,20150312T000000,293000.0,2.0,2.25,1610,1968,2.0,0,0,4,7,1610,0,1979,0,98056,47.5184,-122.196,1950,1968
20679,20679,3630220140,20140613T000000,795000.0,4.0,3.5,3200,3250,2.0,0,0,3,9,2670,530,2007,0,98029,47.5515,-122.0,3400,3663
20680,20680,301400240,20140922T000000,282900.0,4.0,2.5,1710,3500,2.0,0,0,3,7,1710,0,2014,0,98002,47.3448,-122.217,1710,3500
20681,20681,1233100710,20150416T000000,909950.0,5.0,3.75,3050,8972,2.0,0,0,3,9,3050,0,2014,0,98033,47.6819,-122.172,2750,8979
20682,20682,293070270,20141104T000000,922755.0,4.0,3.5,3560,4951,2.0,0,0,3,9,3560,0,2014,0,98074,47.6178,-122.055,3540,5500
20683,20683,3304030140,20150416T000000,424000.0,4.0,2.5,2650,8685,2.0,0,0,3,9,2650,0,2006,0,98001,47.344,-122.269,2650,7932
20684,20684,5095401070,20150423T000000,630000.0,3.0,2.5,3490,12410,2.0,0,0,3,8,2590,900,2009,0,98059,47.4714,-122.071,1740,14448
20685,20685,6358900070,20141222T000000,810000.0,4.0,3.25,4140,46173,2.0,0,0,3,9,4140,0,2007,0,98011,47.7647,-122.213,2060,43103
20686,20686,8141310030,20140730T000000,256703.0,3.0,2.0,1670,4441,1.0,0,0,3,7,1670,0,2014,0,98022,47.1948,-121.975,1670,4622
20687,20687,7203140270,20140515T000000,386380.0,3.0,2.5,1720,3600,2.0,0,0,3,7,1720,0,2010,0,98053,47.6856,-122.013,1720,3600
20688,20688,8682320320,20140916T000000,485000.0,2.0,2.0,1510,3961,1.0,0,0,3,8,1510,0,2010,0,98053,47.709,-122.018,1510,3962
20689,20689,9542840340,20150211T000000,275000.0,3.0,2.25,1450,4040,2.0,0,0,3,7,1450,0,2010,0,98038,47.3665,-122.022,1610,4040
20690,20690,3943600140,20150302T000000,370000.0,4.0,2.5,1812,5026,2.0,0,0,3,8,1812,0,2011,0,98055,47.4513,-122.202,2440,6007
20691,20691,2902200240,20140610T000000,499950.0,2.0,2.25,1060,1208,2.0,0,0,3,8,940,120,2005,0,98102,47.6371,-122.327,1300,1169
20692,20692,3274800505,20150424T000000,502000.0,3.0,2.5,1600,3073,3.0,0,0,3,8,1600,0,2009,0,98144,47.5934,-122.298,1130,2921
20693,20693,8080400136,20140620T000000,654000.0,3.0,3.25,1530,1565,2.0,0,0,3,8,1280,250,2005,0,98122,47.6179,-122.312,1530,1381
20694,20694,6371000079,20140714T000000,575000.0,4.0,2.25,2070,1230,3.0,0,0,3,9,1500,570,2013,0,98116,47.5775,-122.41,1569,4802
20695,20695,5379801920,20150415T000000,500000.0,4.0,2.5,3630,7482,2.0,0,0,3,10,3630,0,2008,0,98188,47.4565,-122.287,1600,15716
20696,20696,8562770320,20150114T000000,554000.0,3.0,2.5,2140,4126,2.0,0,0,3,8,1960,180,2005,0,98027,47.5368,-122.073,2280,2615
20697,20697,3449000200,20150508T000000,360000.0,4.0,1.75,2010,12188,1.0,0,0,4,7,1150,860,1960,0,98059,47.5013,-122.147,1720,8475
20698,20698,255470030,20150429T000000,619990.0,4.0,2.75,2630,4501,2.0,0,0,3,8,2630,0,2015,0,98028,47.7748,-122.244,2380,4599
20699,20699,629650030,20150312T000000,317500.0,4.0,2.5,2233,6025,2.0,0,0,3,7,2233,0,2012,0,98001,47.2599,-122.256,1544,6036
20700,20700,3574770030,20140828T000000,564950.0,4.0,2.75,2990,4521,2.0,0,0,3,7,2990,0,2014,0,98028,47.7401,-122.226,2580,7539
20701,20701,7589700055,20140611T000000,545000.0,2.0,1.25,1240,2150,2.0,0,0,3,8,1240,0,2014,0,98117,47.6884,-122.374,1340,5289
20702,20702,3832050570,20150501T000000,333700.0,3.0,2.5,2230,5050,2.0,0,0,3,7,2230,0,2006,0,98042,47.3359,-122.055,2260,5050
20703,20703,5167000140,20140711T000000,1480000.0,3.0,3.25,3700,2264,2.0,0,0,3,11,2280,1420,1998,0,98033,47.6653,-122.205,3930,2567
20704,20704,9578060370,20150408T000000,530000.0,4.0,3.0,2290,5105,2.0,0,0,3,8,2290,0,2012,0,98028,47.7727,-122.237,2450,5105
20705,20705,2767604253,20150413T000000,396000.0,2.0,1.5,950,865,3.0,0,0,3,8,950,0,2006,0,98107,47.6714,-122.382,1290,1189
20706,20706,8562780800,20141016T000000,305000.0,2.0,1.75,1120,758,2.0,0,0,3,7,1120,0,2012,0,98027,47.5325,-122.072,1150,758
20707,20707,603000926,20140522T000000,380000.0,5.0,3.5,2420,4670,2.0,0,0,3,7,2420,0,2013,0,98118,47.5241,-122.285,1430,4468
20708,20708,6817750510,20150303T000000,305000.0,4.0,2.5,1714,3250,2.0,0,0,3,8,1714,0,2010,0,98055,47.429,-122.189,1714,3250
20709,20709,423059409,20140928T000000,440000.0,4.0,2.5,2230,5650,2.0,0,0,3,7,2230,0,2011,0,98056,47.5073,-122.168,1590,7241
20710,20710,522049074,20140627T000000,459000.0,4.0,3.0,2530,10000,2.0,0,0,3,7,2530,0,2013,0,98148,47.431,-122.335,1420,9898
20711,20711,1934800193,20150306T000000,530000.0,3.0,3.5,1550,1233,2.0,0,0,3,8,1160,390,2005,0,98122,47.6034,-122.309,1490,1539
20712,20712,847100046,20150416T000000,600000.0,4.0,2.75,3110,11225,2.0,0,0,3,8,3110,0,2012,0,98059,47.4865,-122.143,2610,8535
20713,20713,1250200693,20140718T000000,515000.0,3.0,3.0,2100,2409,2.0,0,0,3,8,1660,440,2008,0,98144,47.5973,-122.298,1900,2400
20714,20714,7338220200,20150408T000000,275000.0,4.0,2.5,2150,3721,2.0,0,0,3,8,2150,0,2007,0,98002,47.3363,-122.215,2150,3721
20715,20715,1982201596,20150112T000000,540000.0,3.0,1.75,1630,1404,2.0,0,0,3,8,1020,610,2014,0,98107,47.6646,-122.367,1420,1670
20716,20716,7853270830,20140805T000000,445000.0,3.0,2.5,2230,7934,2.0,0,0,3,7,2230,0,2005,0,98065,47.5439,-121.88,2310,4818
20717,20717,9352900200,20150407T000000,285000.0,3.0,2.5,1320,955,3.0,0,0,3,7,1320,0,2009,0,98106,47.5202,-122.357,1300,1003
20718,20718,8850000517,20140731T000000,480000.0,3.0,2.5,1590,1431,2.0,0,0,3,8,1060,530,2010,0,98144,47.5893,-122.309,1620,1548
20719,20719,3395070560,20150120T000000,440000.0,5.0,3.25,2610,3642,2.0,0,0,3,8,2080,530,2005,0,98118,47.535,-122.284,1750,3118
20720,20720,7211400576,20150211T000000,287450.0,3.0,2.5,1440,2500,2.0,0,0,3,7,1440,0,2008,0,98146,47.5123,-122.358,1440,5000
20721,20721,5169700132,20150401T000000,507950.0,4.0,2.5,2630,6283,2.0,0,0,3,9,2630,0,2006,0,98059,47.5079,-122.158,2630,7210
20722,20722,3204960200,20140619T000000,750000.0,3.0,3.5,3390,10078,2.0,0,0,3,10,3040,350,2012,0,98056,47.537,-122.185,3290,12332
20723,20723,8024200681,20140703T000000,425000.0,3.0,1.5,1400,1022,3.0,0,0,3,8,1400,0,2007,0,98115,47.6989,-122.317,1270,1205
20724,20724,9358000550,20141202T000000,420000.0,3.0,3.5,1900,2133,2.0,0,0,3,8,1520,380,2009,0,98126,47.5675,-122.369,1530,3264
20725,20725,7625702444,20140510T000000,394950.0,3.0,2.5,1350,1250,3.0,0,0,3,8,1270,80,2006,0,98136,47.5491,-122.387,1350,886
20726,20726,7853370260,20140711T000000,635000.0,4.0,3.25,3420,6752,2.0,0,2,3,9,3030,390,2012,0,98065,47.517,-121.876,3010,5172
20727,20727,522079068,20150506T000000,513000.0,3.0,2.5,2150,161607,2.0,0,0,3,7,1330,820,1995,0,98038,47.4178,-121.937,2400,207781
20728,20728,3023000200,20150505T000000,380000.0,4.0,2.5,2110,5306,2.0,0,0,3,8,2110,0,2012,0,98038,47.356,-122.057,2250,5306
20729,20729,3758900023,20140521T000000,1130000.0,4.0,3.25,3810,8519,1.0,0,1,3,10,2680,1130,2007,0,98033,47.699,-122.207,3240,10748
20730,20730,6204050160,20140608T000000,540000.0,5.0,3.0,2870,4369,2.0,0,0,3,8,2090,780,2007,0,98011,47.7449,-122.192,2640,4610
20731,20731,8562780200,20150427T000000,352499.0,2.0,2.25,1240,705,2.0,0,0,3,7,1150,90,2009,0,98027,47.5321,-122.073,1240,750
20732,20732,7702600949,20150505T000000,603000.0,4.0,3.5,3610,6345,2.0,0,0,3,9,2370,1240,2008,0,98058,47.4283,-122.102,3010,29279
20733,20733,3442000127,20140530T000000,685000.0,4.0,2.5,2310,5100,2.0,0,0,3,9,2310,0,2013,0,98177,47.7039,-122.36,1260,5100
20734,20734,255550070,20140626T000000,330675.0,4.0,3.0,1930,3031,1.0,0,0,3,7,1200,730,2006,0,98019,47.7457,-121.985,1930,2611
20735,20735,7165700200,20140605T000000,275000.0,3.0,3.0,1390,1080,2.0,0,0,3,7,1140,250,2006,0,98118,47.5323,-122.281,1450,1081
20736,20736,8096800270,20140716T000000,259950.0,3.0,2.5,1578,7340,2.0,0,0,3,7,1578,0,2010,0,98030,47.3771,-122.186,1850,7200
20737,20737,4046500160,20140729T000000,441000.0,3.0,2.0,1720,15000,1.0,0,0,3,9,1720,0,2011,0,98014,47.6927,-121.92,1900,15337
20738,20738,7882600326,20141203T000000,1135000.0,5.0,3.75,4700,11237,2.0,0,0,3,10,2930,1770,2006,0,98033,47.6624,-122.197,3180,13140
20739,20739,9122001230,20141205T000000,590000.0,3.0,3.5,1970,5079,2.0,0,0,3,8,1680,290,2007,0,98144,47.5816,-122.296,1940,6000
20740,20740,6373000187,20140918T000000,497000.0,3.0,2.25,1460,1353,2.0,0,0,3,8,1050,410,2012,0,98116,47.5774,-122.412,1690,3776
20741,20741,7967000200,20141121T000000,345500.0,3.0,2.5,1930,4000,2.0,0,0,3,8,1930,0,2014,0,98001,47.3518,-122.275,2050,4000
20742,20742,2902200241,20140623T000000,562500.0,3.0,2.25,1300,907,2.0,0,0,3,8,1000,300,2006,0,98102,47.6371,-122.327,1300,1169
20743,20743,291310390,20140904T000000,355000.0,3.0,2.25,1445,1087,2.0,0,0,3,7,1300,145,2005,0,98027,47.5339,-122.067,1410,1336
20744,20744,1604601572,20140905T000000,345000.0,2.0,2.25,860,696,2.0,0,0,3,9,860,0,2009,0,98118,47.5663,-122.29,1100,3000
20745,20745,259500270,20140505T000000,478000.0,3.0,2.5,3040,4535,2.0,0,0,3,9,3040,0,2007,0,98056,47.51,-122.185,2670,4666
20746,20746,3166900270,20150402T000000,391500.0,3.0,2.5,2424,6143,2.0,0,0,3,9,2424,0,2014,0,98030,47.3512,-122.135,2381,6036
20747,20747,2926049582,20150412T000000,265000.0,2.0,1.5,1084,3427,2.0,0,0,3,7,1084,0,1976,0,98125,47.7117,-122.326,1084,6250
20748,20748,3438503230,20141030T000000,395000.0,3.0,2.5,2510,5320,2.0,0,0,3,8,2510,0,2005,0,98106,47.5374,-122.357,1820,5736
20749,20749,2827100075,20140727T000000,286308.0,2.0,1.5,1220,1036,3.0,0,0,3,7,1220,0,2006,0,98133,47.7348,-122.347,1210,659
20750,20750,1702900624,20140527T000000,370000.0,2.0,2.25,1280,835,2.0,0,0,3,7,1080,200,2009,0,98118,47.5592,-122.284,1280,1246
20751,20751,2856100935,20140923T000000,1079000.0,5.0,3.5,3740,5610,2.0,0,0,3,9,2860,880,2014,0,98117,47.6764,-122.392,1520,4590
20752,20752,301401620,20141015T000000,298900.0,3.0,2.5,1852,4000,2.0,0,0,3,7,1852,0,2014,0,98002,47.3451,-122.209,2475,4000
20753,20753,3630200520,20150421T000000,775000.0,4.0,2.5,2580,5787,2.0,0,0,3,9,2580,0,2007,0,98029,47.5416,-121.994,2580,4410
20754,20754,323079065,20140624T000000,790000.0,4.0,3.5,3190,31450,2.0,0,0,3,9,3190,0,2010,0,98027,47.501000000000005,-121.902,3000,72745
20755,20755,7172200125,20140827T000000,1050000.0,3.0,2.5,3400,5119,2.0,0,0,3,8,2300,1100,2014,0,98115,47.6843,-122.305,1740,5969
20756,20756,3057000400,20140708T000000,249000.0,2.0,1.5,1090,2686,2.0,0,0,3,7,1090,0,1982,0,98034,47.717,-122.19,1160,2158
20757,20757,3022900070,20140929T000000,348000.0,3.0,2.0,2360,6145,1.0,0,0,3,8,2360,0,2011,0,98030,47.3564,-122.198,2304,5880
20758,20758,9406710060,20141114T000000,358000.0,5.0,2.5,2460,5604,2.0,0,0,3,8,2460,0,2011,0,98038,47.3658,-122.037,2210,6395
20759,20759,3353401070,20140625T000000,260000.0,5.0,2.5,2025,7760,2.0,0,0,3,7,2025,0,2007,0,98001,47.2671,-122.256,1664,9000
20760,20760,7853280570,20140604T000000,765000.0,4.0,3.0,4410,5104,2.0,0,0,3,9,3400,1010,2006,0,98065,47.5392,-121.861,4390,5537
20761,20761,6192410550,20140528T000000,739000.0,3.0,2.5,2810,5400,2.0,0,0,3,9,2810,0,2005,0,98052,47.7065,-122.118,2870,5400
20762,20762,8562710520,20140505T000000,890000.0,5.0,3.5,4490,6000,2.0,0,0,3,10,3200,1290,2006,0,98027,47.5396,-122.073,4530,6000
20763,20763,1543000060,20140607T000000,462000.0,4.0,2.5,3070,6432,2.0,0,0,3,9,3070,0,2006,0,98055,47.4487,-122.205,2910,5106
20764,20764,9536600810,20140708T000000,380000.0,4.0,2.5,1984,32400,1.0,0,0,3,8,1564,420,1962,0,98198,47.36,-122.318,1390,9152
20765,20765,5428000070,20150511T000000,770000.0,5.0,3.5,4750,8234,2.0,0,2,3,10,3350,1400,2013,0,98198,47.3574,-122.318,2160,14496
20766,20766,2309000060,20140818T000000,641000.0,4.0,3.25,2760,4104,2.0,0,0,3,8,1900,860,2014,0,98056,47.5286,-122.187,2760,5186
20767,20767,8043700105,20150417T000000,2300000.0,4.0,4.0,4360,8175,2.5,1,4,3,10,3940,420,2007,0,98008,47.5724,-122.104,2670,8525
20768,20768,7792000140,20150504T000000,369000.0,4.0,2.5,3060,27251,1.5,0,0,3,8,3060,0,2008,0,98022,47.1967,-121.966,1760,27251
20769,20769,5244801550,20140916T000000,1112000.0,4.0,3.0,2770,2650,2.0,0,0,3,9,2180,590,2014,0,98109,47.6435,-122.354,1820,2960
20770,20770,9310300160,20140828T000000,357000.0,5.0,2.5,2990,9240,2.0,0,0,3,8,2990,0,2015,0,98133,47.7384,-122.348,1970,18110
20771,20771,6762700376,20141126T000000,650000.0,3.0,2.75,1540,1251,2.0,0,0,3,8,1230,310,2002,0,98102,47.6298,-122.321,1540,1287
20772,20772,1972200428,20140625T000000,563500.0,3.0,2.5,1400,1312,3.5,0,0,3,8,1400,0,2007,0,98103,47.6534,-122.355,1350,1312
20773,20773,7304301231,20140617T000000,345000.0,3.0,2.5,1680,2229,2.0,0,0,3,7,1680,0,2007,0,98155,47.7484,-122.322,1230,9300
20774,20774,9512200140,20140725T000000,479950.0,3.0,2.0,2260,7163,1.0,0,0,3,9,2260,0,2012,0,98058,47.4593,-122.136,2340,6730
20775,20775,7853400260,20140513T000000,660000.0,4.0,3.5,3400,5196,2.0,0,0,3,9,3400,0,2012,0,98065,47.5169,-121.884,3170,5260
20776,20776,97600140,20140729T000000,800000.0,4.0,2.5,2930,5000,2.0,0,0,3,9,2760,170,2007,0,98006,47.5424,-122.12,3230,5778
20777,20777,2822059360,20140724T000000,253101.0,3.0,2.0,1239,6036,1.0,0,0,3,7,1239,0,2009,0,98030,47.3689,-122.175,2060,5746
20778,20778,6056110200,20140929T000000,555000.0,3.0,3.5,2100,2479,2.0,0,0,3,9,1450,650,2011,0,98118,47.562,-122.292,1800,2457
20779,20779,6300000226,20140626T000000,240000.0,4.0,1.0,1200,2171,1.5,0,0,3,7,1200,0,1933,0,98133,47.7076,-122.342,1130,1598
20780,20780,6300000226,20150504T000000,380000.0,4.0,1.0,1200,2171,1.5,0,0,3,7,1200,0,1933,0,98133,47.7076,-122.342,1130,1598
20781,20781,9524100196,20141117T000000,239000.0,2.0,1.5,680,772,2.0,0,0,3,7,680,0,2005,0,98103,47.695,-122.343,690,1059
20782,20782,3013300685,20150318T000000,760000.0,4.0,3.25,2690,3995,2.0,0,0,3,9,2060,630,2014,0,98136,47.532,-122.384,1810,4590
20783,20783,2619950070,20140826T000000,430000.0,4.0,2.5,2750,7200,2.0,0,0,3,8,2750,0,2011,0,98019,47.7327,-121.966,2750,7200
20784,20784,7203110240,20140522T000000,660000.0,3.0,2.5,2450,4332,2.0,0,0,3,8,2450,0,2010,0,98053,47.6942,-122.016,2450,4154
20785,20785,7694200350,20140820T000000,399963.0,4.0,2.5,2620,4050,2.0,0,0,3,8,2620,0,2014,0,98146,47.5017,-122.34,2030,3944
20786,20786,7600136,20140718T000000,411000.0,2.0,2.0,1130,1148,2.0,0,0,3,9,800,330,2007,0,98122,47.6023,-122.314,1350,1201
20787,20787,1442880160,20140627T000000,483453.0,4.0,2.75,2790,5527,2.0,0,0,3,8,2790,0,2014,0,98045,47.4827,-121.773,2620,5509
20788,20788,3277801580,20141110T000000,469950.0,3.0,2.0,1820,1357,3.0,0,0,3,9,1820,0,2014,0,98126,47.5432,-122.376,1710,1372
20789,20789,1442880640,20140715T000000,504058.0,4.0,2.75,2910,7467,2.0,0,0,3,8,2910,0,2013,0,98045,47.4841,-121.772,2790,7868
20790,20790,3845101070,20150428T000000,425996.0,4.0,2.5,2568,5000,2.0,0,0,3,9,2568,0,2014,0,98092,47.2596,-122.194,2547,4500
20791,20791,6791900260,20140708T000000,760005.0,4.0,2.75,3090,5859,2.0,0,0,3,9,3090,0,2010,0,98074,47.6057,-122.047,2960,5250
20792,20792,9828702339,20150420T000000,699999.0,2.0,2.0,1460,1085,2.0,0,0,3,8,950,510,2014,0,98112,47.6205,-122.299,1580,1202
20793,20793,2255500125,20140716T000000,749950.0,3.0,2.5,2010,2263,2.0,0,0,3,8,1340,670,2014,0,98122,47.6088,-122.311,1500,2670
20794,20794,5541300135,20140708T000000,674600.0,4.0,2.5,2610,5140,2.0,0,0,3,8,2610,0,2006,0,98103,47.6951,-122.346,1190,5101
20795,20795,4083306616,20150224T000000,450000.0,2.0,1.5,960,1000,2.0,0,0,3,8,920,40,2008,0,98103,47.6489,-122.335,1200,1297
20796,20796,8096800260,20150407T000000,272000.0,3.0,2.5,1528,7616,2.0,0,0,3,7,1528,0,2011,0,98030,47.3774,-122.186,1850,7340
20797,20797,2997800024,20140714T000000,450000.0,2.0,1.5,1310,1264,2.0,0,0,3,8,1120,190,2006,0,98106,47.5772,-122.409,1330,1265
20798,20798,952005863,20150505T000000,643950.0,3.0,2.25,1760,2122,3.0,0,0,3,9,1760,0,2015,0,98116,47.5633,-122.385,1420,1618
20799,20799,7772850060,20141110T000000,290000.0,3.0,2.5,1420,3542,2.0,0,0,3,8,1310,110,2007,0,98133,47.7731,-122.343,1180,1622
20800,20800,6130500070,20141008T000000,378000.0,3.0,2.5,1650,2082,3.0,0,0,3,8,1650,0,2007,0,98133,47.7108,-122.332,1650,1965
20801,20801,8682300400,20140619T000000,728050.0,3.0,2.5,2320,6775,1.0,0,0,3,8,2320,0,2008,0,98053,47.7158,-122.016,1680,4750
20802,20802,8956200990,20150426T000000,499160.0,4.0,2.5,2628,11466,2.0,0,0,3,9,2628,0,2014,0,98001,47.2904,-122.264,2849,10909
20803,20803,9532000070,20141201T000000,536000.0,4.0,2.5,2520,4831,2.0,0,0,3,8,2520,0,2009,0,98072,47.7711,-122.168,2430,3937
20804,20804,7570050070,20150205T000000,419900.0,5.0,3.5,2880,5000,2.0,0,0,3,8,2260,620,2012,0,98038,47.3455,-122.023,2590,4800
20805,20805,946000295,20141210T000000,469000.0,3.0,2.25,1440,1362,3.0,0,0,3,7,1440,0,2014,0,98117,47.6908,-122.365,1180,2603
20806,20806,3831250350,20150408T000000,374000.0,3.0,2.5,2185,6042,2.0,0,0,3,9,2185,0,2009,0,98030,47.3573,-122.202,2297,5876
20807,20807,6056100160,20140728T000000,182568.0,4.0,1.5,1500,2106,2.0,0,0,3,7,1500,0,2014,0,98108,47.5669,-122.297,1490,2175
20808,20808,1402970070,20140626T000000,334888.0,3.0,2.5,1769,7324,2.0,0,0,3,9,1769,0,2012,0,98092,47.3307,-122.188,2502,6017
20809,20809,2524059267,20140917T000000,799900.0,4.0,4.0,3650,18223,2.0,0,3,3,9,3330,320,2013,0,98006,47.5442,-122.116,3220,11022
20810,20810,8091670030,20140512T000000,383000.0,4.0,2.5,2160,6223,2.0,0,0,3,8,2160,0,2010,0,98038,47.3494,-122.042,2160,5555
20811,20811,1825079046,20141218T000000,580000.0,3.0,2.5,1820,374616,2.0,0,0,3,7,1820,0,1999,0,98014,47.6539,-121.959,1870,220654
20812,20812,255450390,20140707T000000,351999.0,3.0,2.5,2370,4200,2.0,0,0,3,8,2370,0,2014,0,98038,47.3706,-122.017,2370,4200
20813,20813,9301300270,20150223T000000,1325000.0,3.0,3.0,3180,2758,2.0,0,2,3,11,2240,940,2008,0,98109,47.6377,-122.342,2420,2758
20814,20814,9347300160,20150125T000000,312000.0,3.0,2.5,1780,4077,2.0,0,0,3,8,1780,0,2011,0,98038,47.3568,-122.056,1970,4077
20815,20815,710600070,20140912T000000,674950.0,4.0,3.5,2650,3127,2.0,0,0,3,8,2230,420,2011,0,98027,47.5381,-122.046,2330,3137
20816,20816,5556300116,20141229T000000,1105000.0,5.0,2.75,3300,7560,2.0,0,0,3,10,3300,0,2007,0,98052,47.6467,-122.118,3150,8580
20817,20817,1324300126,20150313T000000,415000.0,2.0,2.5,1160,1219,3.0,0,0,3,8,1160,0,2007,0,98107,47.6543,-122.358,1320,2800
20818,20818,9279700013,20140710T000000,1250000.0,3.0,3.0,3460,5353,2.0,0,0,3,10,2850,610,2007,0,98116,47.5858,-122.393,2460,6325
20819,20819,3336500140,20140919T000000,208800.0,3.0,2.5,1390,2450,2.0,0,0,3,7,1390,0,2009,0,98118,47.5298,-122.269,1390,2450
20820,20820,2767604212,20141029T000000,452000.0,2.0,2.5,1260,1131,3.0,0,0,3,8,1260,0,2006,0,98107,47.6715,-122.384,1490,2500
20821,20821,6719600030,20150422T000000,837000.0,5.0,2.75,2940,5225,2.0,0,0,3,8,2760,180,2010,0,98052,47.6879,-122.107,3090,6261
20822,20822,3204930510,20150224T000000,780000.0,5.0,3.5,3190,4247,2.0,0,0,3,8,2430,760,2013,0,98052,47.7016,-122.103,2580,3989
20823,20823,7582700075,20141002T000000,1485000.0,4.0,3.5,3930,6120,2.0,0,0,3,10,3310,620,2007,0,98105,47.6646,-122.28,3390,6120
20824,20824,191100435,20140926T000000,1600000.0,5.0,3.75,3570,10125,2.0,0,0,3,10,3570,0,2014,0,98040,47.5639,-122.223,1760,10125
20825,20825,255450030,20140918T000000,369946.0,3.0,2.5,2420,4725,2.0,0,0,3,8,2420,0,2014,0,98038,47.371,-122.018,2370,4200
20826,20826,9476200710,20140608T000000,530000.0,3.0,2.75,3400,7200,2.0,0,2,3,9,2470,930,2009,0,98056,47.4878,-122.191,1580,8676
20827,20827,1329300070,20150320T000000,386000.0,4.0,2.5,2478,6079,2.0,0,0,3,8,2478,0,2012,0,98030,47.3524,-122.175,2279,6079
20828,20828,357000135,20150218T000000,1900000.0,4.0,2.5,3070,7830,2.0,0,2,3,11,1970,1100,2009,0,98144,47.593,-122.291,2440,4682
20829,20829,7203600560,20140911T000000,735000.0,4.0,3.5,3200,7605,2.0,0,2,3,9,2500,700,2013,0,98198,47.3443,-122.327,2240,4416
20830,20830,715010140,20141002T000000,1750000.0,5.0,3.25,5790,12739,2.0,0,3,3,10,4430,1360,2014,0,98006,47.538,-122.114,5790,13928
20831,20831,3869900138,20150223T000000,489950.0,3.0,2.25,1590,926,3.0,0,0,3,8,1590,0,2014,0,98136,47.5402,-122.387,1640,1321
20832,20832,2114700374,20150413T000000,357500.0,3.0,3.0,1730,1442,2.0,0,0,3,8,1440,290,2008,0,98106,47.5344,-122.348,1370,1524
20833,20833,9264450550,20140520T000000,329995.0,4.0,2.5,2303,3680,2.0,0,0,3,8,2303,0,2013,0,98001,47.2599,-122.283,2303,3760
20834,20834,3862710200,20140925T000000,414000.0,3.0,2.5,1790,3754,2.0,0,0,3,8,1790,0,2013,0,98065,47.534,-121.841,1800,3393
20835,20835,291310310,20141210T000000,533500.0,3.0,3.5,2490,3517,2.0,0,0,3,8,1720,770,2005,0,98027,47.5341,-122.067,1600,2378
20836,20836,3814900260,20150305T000000,402395.0,4.0,2.5,2669,5385,2.0,0,0,3,9,2669,0,2014,0,98092,47.3262,-122.165,2669,4645
20837,20837,8562790710,20150410T000000,725000.0,4.0,3.25,2610,2552,2.0,0,0,3,10,2160,450,2008,0,98027,47.5322,-122.076,2610,2664
20838,20838,3425069117,20140828T000000,1275000.0,6.0,5.25,6160,27490,2.0,0,0,3,11,4040,2120,2007,0,98074,47.6094,-122.023,4225,9100
20839,20839,2895800640,20140917T000000,239800.0,2.0,1.75,1290,1493,2.0,0,0,3,8,1290,0,2014,0,98106,47.5171,-122.346,1410,1875
20840,20840,3438500253,20140904T000000,616950.0,5.0,3.5,3560,5008,2.0,0,0,3,8,2810,750,2013,0,98106,47.5542,-122.359,2910,5026
20841,20841,3630200340,20141001T000000,1258000.0,4.0,3.25,4360,6000,2.0,0,3,3,11,3400,960,2007,0,98027,47.5408,-121.994,4310,6000
20842,20842,2770601769,20140617T000000,435000.0,3.0,2.25,1230,1238,2.0,0,0,3,8,1080,150,2009,0,98199,47.6519,-122.384,1230,953
20843,20843,2225069036,20140815T000000,925000.0,4.0,3.25,3640,60086,2.0,0,0,3,10,3640,0,2005,0,98074,47.6328,-122.016,2900,51721
20844,20844,9525600030,20150428T000000,631500.0,2.0,2.5,1780,2493,3.0,0,0,3,8,1780,0,1981,0,98107,47.6704,-122.358,2050,4400
20845,20845,993002108,20150330T000000,399995.0,3.0,1.5,1140,1069,3.0,0,0,3,8,1140,0,2005,0,98103,47.6907,-122.342,1230,1276
20846,20846,993000327,20140506T000000,369950.0,3.0,2.0,1270,1320,3.0,0,0,3,8,1270,0,2006,0,98103,47.6937,-122.342,1370,1320
20847,20847,1523059239,20150423T000000,475000.0,5.0,3.5,2780,3583,2.0,0,0,3,8,2180,600,2005,0,98059,47.4879,-122.152,2640,3850
20848,20848,7967000270,20141125T000000,353000.0,4.0,2.5,1912,5000,2.0,0,0,3,8,1912,0,2012,0,98001,47.3511,-122.275,2020,5000
20849,20849,7137800310,20150225T000000,329950.0,4.0,2.5,2300,9690,2.0,0,0,3,8,2300,0,2006,0,98023,47.2793,-122.352,1200,9085
20850,20850,2211300260,20150313T000000,367000.0,3.0,2.5,2828,4050,2.0,0,0,3,8,2828,0,2013,0,98030,47.382,-122.197,2513,4507
20851,20851,8956200070,20140905T000000,447500.0,4.0,2.5,2425,9017,2.0,0,0,3,9,2425,0,2013,0,98001,47.3003,-122.263,2725,7019
20852,20852,1257201420,20140709T000000,595000.0,4.0,3.25,3730,4560,2.0,0,0,3,9,2760,970,2015,0,98103,47.6725,-122.33,1800,4560
20853,20853,1523300140,20140904T000000,325000.0,1.0,1.0,730,1942,1.0,0,0,3,7,730,0,2009,0,98144,47.5943,-122.299,1020,2044
20854,20854,9831200186,20150203T000000,690000.0,2.0,2.5,1990,1756,3.0,0,0,3,9,1780,210,2005,0,98102,47.6264,-122.323,1955,1438
20855,20855,7660100238,20141111T000000,329950.0,3.0,2.5,1300,812,2.0,0,0,3,8,880,420,2008,0,98144,47.5893,-122.317,1300,824
20856,20856,5381000477,20150128T000000,399500.0,4.0,2.5,2560,7492,2.0,0,0,3,8,2560,0,2014,0,98188,47.4467,-122.287,1260,11541
20857,20857,207700180,20150121T000000,555000.0,5.0,2.5,2450,5047,2.0,0,0,3,8,2450,0,2007,0,98011,47.7724,-122.168,2450,4478
20858,20858,5288200072,20141001T000000,427000.0,2.0,1.5,1440,725,2.0,0,0,3,8,1100,340,2011,0,98126,47.5607,-122.378,1440,4255
20859,20859,9524100322,20141020T000000,375000.0,3.0,2.25,1140,1557,3.0,0,0,3,8,1140,0,2007,0,98103,47.6947,-122.342,1140,1245
20860,20860,1732800184,20140508T000000,499000.0,2.0,1.5,1110,957,2.0,0,0,3,8,930,180,2005,0,98119,47.6319,-122.362,1680,1104
20861,20861,1425069103,20140718T000000,750000.0,3.0,2.5,2620,43832,2.0,0,0,3,8,2620,0,2013,0,98053,47.655,-122.009,2620,120686
20862,20862,8165500790,20141229T000000,336900.0,3.0,2.5,1690,1200,2.0,0,0,3,8,1410,280,2014,0,98106,47.5388,-122.367,1740,1664
20863,20863,7658600081,20140919T000000,555000.0,2.0,2.75,1950,1610,3.0,0,0,3,8,1950,0,2009,0,98144,47.5925,-122.302,910,1745
20864,20864,1245003268,20141106T000000,1275000.0,4.0,3.5,3530,8126,2.0,0,0,3,10,3530,0,2007,0,98033,47.6847,-122.2,2660,8126
20865,20865,8010100220,20141014T000000,999950.0,4.0,3.5,3310,4684,2.0,0,0,3,9,2290,1020,2014,0,98116,47.57899999999999,-122.389,1850,4750
20866,20866,7974200452,20140625T000000,975000.0,5.0,3.0,2620,5477,2.0,0,0,3,10,2620,0,2009,0,98115,47.6804,-122.288,1680,5217
20867,20867,8943600360,20150219T000000,299000.0,3.0,2.25,1350,3582,2.0,0,0,3,8,1350,0,2010,0,98031,47.4214,-122.191,1940,3860
20868,20868,3026059361,20150417T000000,479000.0,2.0,2.5,1741,1439,2.0,0,0,3,8,1446,295,2007,0,98034,47.7043,-122.209,2090,10454
20869,20869,6130500120,20150417T000000,428000.0,3.0,2.5,1650,2201,3.0,0,0,3,8,1650,0,2007,0,98133,47.7108,-122.333,1650,1965
20870,20870,3575305485,20140829T000000,409000.0,3.0,2.5,1890,6500,2.0,0,0,3,7,1890,0,2012,0,98074,47.6225,-122.058,2340,7500
20871,20871,666000142,20150326T000000,798500.0,3.0,3.0,1950,1833,3.0,0,0,3,9,1610,340,2009,0,98004,47.6078,-122.202,2040,2131
20872,20872,7853280620,20141212T000000,689000.0,4.0,3.5,4490,5805,2.0,0,0,3,9,3390,1100,2006,0,98065,47.5389,-121.86,4410,6299
20873,20873,8946390040,20140508T000000,375000.0,6.0,2.25,3206,5793,2.0,0,0,3,7,3206,0,2012,0,98032,47.369,-122.287,2527,5804
20874,20874,5416300230,20140717T000000,775000.0,4.0,3.5,4130,77832,2.0,0,2,3,10,4130,0,2011,0,98042,47.3229,-122.045,4130,87476
20875,20875,1604730150,20141014T000000,639983.0,5.0,3.0,2800,5700,2.0,0,0,3,8,2800,0,2014,0,98059,47.4969,-122.145,2910,5349
20876,20876,8669180150,20150326T000000,300000.0,4.0,3.0,1984,4419,2.0,0,0,3,7,1984,0,2010,0,98002,47.3514,-122.213,2440,4418
20877,20877,1081330180,20141222T000000,627000.0,4.0,2.5,2750,11830,2.0,0,0,3,9,2750,0,2014,0,98059,47.4698,-122.121,2310,11830
20878,20878,2309710230,20150415T000000,275000.0,3.0,2.75,1740,5757,1.0,0,0,3,7,1740,0,2010,0,98022,47.1941,-121.979,2380,5647
20879,20879,2895800610,20140926T000000,352800.0,4.0,2.25,1800,2752,2.0,0,0,3,8,1800,0,2014,0,98106,47.5167,-122.346,1650,2752
20880,20880,3362400092,20150312T000000,565000.0,3.0,2.25,1540,1005,3.0,0,0,3,8,1540,0,2008,0,98103,47.6828,-122.346,1510,1501
20881,20881,3052700385,20150414T000000,765000.0,4.0,2.25,2030,2222,2.0,0,0,3,9,1610,420,2015,0,98117,47.679,-122.375,1420,2222
20882,20882,2738640040,20150409T000000,644000.0,4.0,2.5,3310,4839,2.0,0,0,3,9,3310,0,2007,0,98072,47.773,-122.161,3240,5280
20883,20883,8024200674,20150223T000000,461000.0,3.0,1.5,1270,1416,3.0,0,0,3,8,1270,0,2007,0,98115,47.6988,-122.317,1270,1413
20884,20884,3353400092,20141223T000000,270500.0,5.0,2.5,2406,7093,2.0,0,0,3,8,2406,0,2006,0,98001,47.2615,-122.252,1767,7093
20885,20885,6003500749,20140701T000000,640000.0,2.0,2.25,1540,965,3.0,0,0,3,9,1540,0,2007,0,98122,47.6181,-122.318,1410,964
20886,20886,8956200530,20140805T000000,457000.0,4.0,2.5,2820,6983,2.0,0,0,3,9,2820,0,2013,0,98001,47.2958,-122.265,2597,7222
20887,20887,133000271,20141201T000000,355000.0,5.0,2.5,2540,5100,2.0,0,0,3,7,2540,0,2014,0,98168,47.5123,-122.316,1400,9440
20888,20888,6749700063,20141215T000000,356000.0,2.0,2.25,1230,989,3.0,0,0,3,8,1230,0,2007,0,98103,47.6975,-122.348,1230,1223
20889,20889,3278613060,20140805T000000,425000.0,4.0,2.5,1900,2766,2.0,0,0,3,8,1900,0,2014,0,98106,47.543,-122.368,1900,2604
20890,20890,7708200880,20140923T000000,562500.0,5.0,2.75,2920,6327,2.0,0,0,3,8,2920,0,2007,0,98059,47.4935,-122.145,2520,5026
20891,20891,2767600673,20140701T000000,460000.0,3.0,2.5,1450,1053,2.0,0,0,3,8,940,510,2008,0,98107,47.6754,-122.374,1410,1080
20892,20892,7299810040,20150406T000000,790000.0,4.0,3.0,5370,69848,2.0,0,0,3,10,3500,1870,2005,0,98042,47.3166,-122.046,4443,94403
20893,20893,993000308,20150318T000000,401000.0,3.0,2.0,1270,1333,3.0,0,0,3,8,1270,0,2006,0,98103,47.6933,-122.342,1330,1333
20894,20894,3364900040,20140828T000000,1095000.0,3.0,2.5,2550,5100,2.0,0,0,3,9,2550,0,2014,0,98115,47.6757,-122.326,1250,4080
20895,20895,9578090180,20150403T000000,850000.0,4.0,3.0,3070,7150,2.0,0,0,3,9,3070,0,2007,0,98052,47.7079,-122.107,3200,6984
20896,20896,9542840120,20140702T000000,274500.0,3.0,2.25,1450,4050,2.0,0,0,3,7,1450,0,2010,0,98038,47.367,-122.019,1660,3800
20897,20897,3860900035,20150415T000000,1940000.0,5.0,3.5,4230,16526,2.0,0,0,3,10,4230,0,2008,0,98004,47.5933,-122.199,3000,12362
20898,20898,7202300040,20140804T000000,808000.0,4.0,2.5,3480,6262,2.0,0,0,3,9,3480,0,2003,0,98053,47.6857,-122.045,3490,6629
20899,20899,1773100972,20140515T000000,312000.0,3.0,2.25,1490,974,2.0,0,0,3,7,1220,270,2009,0,98106,47.5567,-122.363,1490,1283
20900,20900,3626039424,20140616T000000,320000.0,3.0,2.25,1200,1400,3.0,0,0,3,8,1200,0,2005,0,98133,47.7046,-122.357,1370,6552
20901,20901,3175200220,20150113T000000,410000.0,3.0,2.5,2150,4332,2.0,0,0,3,8,2150,0,2013,0,98019,47.7373,-121.969,2140,4332
20902,20902,7852120120,20140620T000000,725000.0,3.0,3.5,3690,8837,2.0,0,0,3,10,3690,0,2001,0,98065,47.5402,-121.876,3690,9585
20903,20903,7813500040,20141015T000000,335000.0,4.0,2.5,1900,3301,2.0,0,0,3,7,1900,0,2007,0,98178,47.489,-122.249,1960,3379
20904,20904,7242800040,20150120T000000,519990.0,4.0,3.25,1690,1321,2.0,0,0,3,8,1320,370,2014,0,98052,47.678,-122.117,3080,4558
20905,20905,1442880650,20140610T000000,533112.0,4.0,2.75,2790,8853,2.0,0,0,3,8,2790,0,2013,0,98045,47.4842,-121.772,2790,8092
20906,20906,3355400242,20141028T000000,274900.0,3.0,2.0,1936,6612,2.0,0,0,3,7,1936,0,2014,0,98001,47.2602,-122.246,1620,21600
20907,20907,8562780540,20141222T000000,325000.0,2.0,2.25,1150,711,2.0,0,0,3,7,1150,0,2013,0,98027,47.5323,-122.07,1150,748
20908,20908,923049203,20140529T000000,350000.0,4.0,2.5,2040,22653,2.0,0,0,3,7,2040,0,2011,0,98168,47.4991,-122.299,2020,20502
20909,20909,3578600141,20140923T000000,550000.0,4.0,2.5,2470,7539,2.0,0,0,3,9,2470,0,2006,0,98028,47.7407,-122.226,2580,7539
20910,20910,53500450,20150309T000000,311850.0,4.0,2.5,1890,4158,2.0,0,0,3,8,1890,0,2014,0,98042,47.343,-122.056,2720,4549
20911,20911,1934800180,20150210T000000,526000.0,3.0,2.5,1626,1583,2.5,0,0,3,8,1419,207,2007,0,98122,47.6031,-122.309,1400,1583
20912,20912,3023000210,20141001T000000,375000.0,4.0,2.5,2250,5306,2.0,0,0,3,8,2250,0,2012,0,98038,47.356,-122.057,2250,5306
20913,20913,1773100967,20150223T000000,299999.0,3.0,2.25,1350,1234,2.0,0,0,3,7,1160,190,2007,0,98106,47.5565,-122.363,1420,1234
20914,20914,2767704777,20140919T000000,436000.0,3.0,2.5,1460,1238,2.0,0,0,3,8,1200,260,2008,0,98107,47.6719,-122.374,1280,1257
20915,20915,1085621960,20141212T000000,303000.0,3.0,2.5,2056,3564,2.0,0,0,3,7,2056,0,2014,0,98092,47.338,-122.181,2056,3577
20916,20916,2771602174,20140701T000000,525000.0,2.0,2.5,1160,1458,2.0,0,0,3,8,1040,120,2012,0,98119,47.6384,-122.373,1650,2311
20917,20917,6762700452,20140613T000000,575000.0,3.0,3.0,1384,1287,2.0,0,0,3,8,1144,240,2006,0,98102,47.6295,-122.32,1570,1288
20918,20918,5695000142,20141024T000000,420000.0,2.0,1.5,1100,1107,3.0,0,0,3,8,1100,0,2008,0,98103,47.6584,-122.35,1110,2750
20919,20919,9578140180,20140611T000000,329950.0,3.0,2.5,2456,7566,2.0,0,0,3,8,2456,0,2012,0,98023,47.297,-122.351,2478,7212
20920,20920,2124069115,20141021T000000,1830000.0,4.0,4.25,4500,215186,2.0,0,3,3,11,2630,1870,2009,0,98029,47.559,-122.045,3030,25447
20921,20921,3864000120,20150408T000000,1175000.0,4.0,3.25,3780,10099,1.0,0,1,3,11,2240,1540,2006,0,98006,47.5508,-122.192,3120,10669
20922,20922,2768200212,20140911T000000,499950.0,2.0,2.5,1320,1157,2.0,0,0,3,8,990,330,2014,0,98107,47.6689,-122.363,1550,1519
20923,20923,7852070210,20140527T000000,1149000.0,4.0,3.0,5940,11533,2.0,0,4,3,11,4950,990,2004,0,98065,47.5443,-121.87,4240,12813
20924,20924,7853361210,20150218T000000,400000.0,3.0,2.0,1650,5027,1.5,0,0,3,7,1650,0,2009,0,98065,47.515,-121.874,2430,6000
20925,20925,8141310040,20140627T000000,246950.0,3.0,3.0,1670,4440,1.0,0,0,3,7,1670,0,2014,0,98022,47.1948,-121.975,1670,4622
20926,20926,6852700097,20140806T000000,630000.0,3.0,3.25,1610,1275,2.0,0,0,3,8,1220,390,2005,0,98102,47.6236,-122.318,1750,3000
20927,20927,7708210040,20140912T000000,561000.0,5.0,2.75,3370,10315,2.0,0,0,3,9,3370,0,2006,0,98059,47.4893,-122.146,3010,8296
20928,20928,53500760,20141208T000000,287000.0,4.0,2.5,2660,4082,2.0,0,0,3,7,2660,0,2010,0,98042,47.3414,-122.055,2390,4876
20929,20929,3528900771,20150331T000000,600000.0,3.0,3.25,1690,1473,2.0,0,0,3,8,1380,310,2008,0,98109,47.6397,-122.345,1670,2594
20930,20930,9126100813,20140828T000000,490000.0,3.0,2.25,1620,1062,3.0,0,0,3,8,1620,0,2014,0,98122,47.6051,-122.304,1560,1728
20931,20931,3679400503,20150330T000000,330000.0,3.0,1.75,1300,958,2.0,0,0,3,7,840,460,2011,0,98108,47.5677,-122.314,1340,1254
20932,20932,1760650210,20141201T000000,286950.0,4.0,2.5,1610,4052,2.0,0,0,3,7,1610,0,2013,0,98042,47.3603,-122.081,2110,4034
20933,20933,2652501565,20150423T000000,1550000.0,3.0,3.25,3530,4920,2.0,0,0,3,9,2660,870,2015,0,98109,47.641000000000005,-122.357,1900,4200
20934,20934,1237500577,20150212T000000,880000.0,4.0,2.5,3550,8618,2.0,0,0,3,10,3550,0,2007,0,98052,47.6776,-122.161,1310,9746
20935,20935,6382500084,20141013T000000,577450.0,3.0,3.0,1730,1755,3.0,0,0,3,8,1730,0,2014,0,98117,47.6944,-122.377,1830,1804
20936,20936,3023000410,20150430T000000,405000.0,5.0,2.75,2400,4900,2.0,0,0,3,8,2400,0,2011,0,98038,47.355,-122.057,2110,5696
20937,20937,2767601752,20140707T000000,510000.0,3.0,2.5,1420,1237,3.0,0,0,3,8,1420,0,2014,0,98107,47.674,-122.387,1510,2501
20938,20938,2771604196,20140812T000000,465000.0,2.0,1.5,1220,1120,2.5,0,0,3,8,1110,110,2008,0,98199,47.6374,-122.388,2010,3175
20939,20939,1778500620,20140707T000000,1300000.0,4.0,2.25,2360,4000,2.0,0,0,3,9,2360,0,2013,0,98112,47.6198,-122.289,3040,4400
20940,20940,1823059241,20150408T000000,609000.0,4.0,3.5,3990,11270,2.0,0,3,3,9,2930,1060,2007,0,98055,47.488,-122.225,1980,11328
20941,20941,9267200062,20140911T000000,336000.0,3.0,2.5,1260,1211,3.0,0,0,3,8,1260,0,2004,0,98103,47.6969,-122.343,1270,1211
20942,20942,3278606110,20150108T000000,375000.0,3.0,2.5,1580,2407,2.0,0,0,3,8,1580,0,2013,0,98126,47.5455,-122.368,1580,2212
20943,20943,1657530180,20141204T000000,294500.0,3.0,2.5,1760,2688,2.0,0,0,3,7,1760,0,2005,0,98059,47.4903,-122.166,1760,2329
20944,20944,2754700035,20141125T000000,925000.0,5.0,3.5,3420,4216,2.0,0,0,3,9,2520,900,2008,0,98115,47.6799,-122.304,1420,4500
20945,20945,2568200120,20141215T000000,730000.0,5.0,2.75,2870,6593,2.0,0,0,3,9,2870,0,2006,0,98052,47.7075,-122.102,3150,6593
20946,20946,6601200040,20140919T000000,280000.0,4.0,2.5,1934,5677,2.0,0,0,3,8,1934,0,2013,0,98001,47.2602,-122.252,1919,5049
20947,20947,2767601750,20140815T000000,500000.0,3.0,1.5,1220,962,3.0,0,0,3,8,1220,0,2014,0,98107,47.674,-122.387,1510,2501
20948,20948,7853350220,20150324T000000,605000.0,3.0,2.75,2450,5750,2.0,0,0,3,9,2450,0,2013,0,98065,47.5439,-121.862,3200,8036
20949,20949,6163900628,20140516T000000,379950.0,3.0,3.25,1860,1787,3.0,0,0,3,8,1860,0,2007,0,98155,47.7563,-122.316,1830,1787
20950,20950,1689401526,20150323T000000,605000.0,3.0,2.5,1500,1119,3.0,0,2,3,7,1110,390,2008,0,98109,47.6327,-122.346,1500,1057
20951,20951,8725950360,20150501T000000,720000.0,2.0,1.75,1570,1108,3.0,0,0,3,9,1570,0,2007,0,98004,47.6215,-122.2,1940,1160
20952,20952,9826700697,20141103T000000,549900.0,3.0,2.0,1280,960,2.0,0,0,3,9,1040,240,2014,0,98122,47.602,-122.311,1280,1173
20953,20953,9578500180,20150121T000000,427000.0,3.0,2.5,3192,5653,2.0,0,0,3,8,3192,0,2014,0,98023,47.2956,-122.35,3000,5134
20954,20954,9826700707,20141028T000000,492000.0,3.0,2.5,1690,1479,3.0,0,0,3,8,1420,270,2005,0,98122,47.6022,-122.311,1280,1253
20955,20955,8138870530,20140505T000000,419190.0,2.0,2.5,1590,1426,2.0,0,0,3,8,1590,0,2014,0,98029,47.5441,-122.013,1590,1426
20956,20956,4188300180,20141112T000000,650000.0,3.0,2.5,2870,7288,2.0,0,0,3,9,2870,0,2012,0,98011,47.7745,-122.225,2870,5998
20957,20957,5416510530,20141124T000000,379950.0,4.0,2.5,2580,4818,2.0,0,0,3,8,2580,0,2005,0,98038,47.3607,-122.038,2570,5386
20958,20958,4181200540,20140728T000000,269800.0,4.0,2.75,1830,3420,2.0,0,0,3,8,1830,0,2012,0,98198,47.36600000000001,-122.308,1813,3420
20959,20959,2222059154,20140813T000000,407000.0,4.0,2.5,2927,6000,2.0,0,0,3,7,2927,0,2011,0,98042,47.3737,-122.16,2533,6000
20960,20960,8032700072,20150415T000000,580000.0,3.0,1.5,1320,1250,3.0,0,0,3,8,1320,0,2008,0,98103,47.6536,-122.341,1560,1694
20961,20961,7203140220,20150116T000000,389700.0,3.0,2.5,1720,3581,2.0,0,0,3,7,1720,0,2011,0,98053,47.6861,-122.013,1720,3600
20962,20962,1278000210,20150311T000000,110000.0,2.0,1.0,828,4524,1.0,0,0,3,6,828,0,1968,2007,98001,47.2655,-122.244,828,5402
20963,20963,6058600220,20140731T000000,230000.0,3.0,1.5,1040,1264,2.0,0,0,3,9,900,140,2015,0,98144,47.5951,-122.301,1350,3000
20964,20964,1442880610,20140829T000000,533380.0,4.0,2.75,2790,6685,2.0,0,0,3,8,2790,0,2014,0,98045,47.4838,-121.773,2790,6444
20965,20965,3679400484,20140918T000000,295500.0,3.0,2.5,1410,1332,2.0,0,0,3,7,960,450,2014,0,98108,47.5683,-122.314,1410,1343
20966,20966,3825310180,20141007T000000,860000.0,4.0,4.5,4040,8400,2.0,0,0,3,9,3220,820,2006,0,98052,47.7067,-122.131,3940,8400
20967,20967,3630220180,20140708T000000,812000.0,4.0,3.5,3370,3634,2.0,0,0,3,9,2750,620,2007,0,98029,47.5519,-122.001,3200,3650
20968,20968,3336500180,20140605T000000,324500.0,3.0,2.5,1660,3990,2.0,0,0,3,7,1660,0,2009,0,98118,47.5298,-122.268,1670,4050
20969,20969,2781270530,20150326T000000,193000.0,2.0,1.75,910,2550,1.0,0,0,3,6,910,0,2004,0,98038,47.3494,-122.022,1310,2550
20970,20970,993001563,20140522T000000,355000.0,3.0,2.25,1280,959,3.0,0,0,3,8,1280,0,2005,0,98103,47.6914,-122.343,1130,1126
20971,20971,9578060540,20140614T000000,525000.0,4.0,2.75,2360,4924,2.0,0,0,3,8,2360,0,2008,0,98028,47.7737,-122.235,2360,4670
20972,20972,2222059052,20150227T000000,370950.0,3.0,2.5,2529,9653,2.0,0,0,3,7,2529,0,2012,0,98042,47.3738,-122.161,2533,6125
20973,20973,1239400650,20141107T000000,1242000.0,4.0,3.5,4700,10183,1.0,0,2,3,11,2660,2040,2002,0,98033,47.6728,-122.189,3770,9000
20974,20974,8835800450,20150504T000000,950000.0,3.0,2.5,2780,275033,1.0,0,0,3,10,2780,0,2006,0,98045,47.4496,-121.766,1680,16340
20975,20975,293070120,20140918T000000,888990.0,4.0,2.75,3540,5500,2.0,0,0,3,9,3540,0,2014,0,98074,47.6181,-122.056,3540,5500
20976,20976,1176001117,20150319T000000,705000.0,3.0,2.5,1580,1321,2.0,0,2,3,8,1080,500,2014,0,98107,47.6688,-122.402,1530,1357
20977,20977,7889601165,20140826T000000,268000.0,3.0,2.5,1700,2250,2.0,0,0,3,7,1700,0,2014,0,98168,47.4914,-122.334,1520,4500
20978,20978,7227801581,20140507T000000,305450.0,3.0,2.5,1600,3573,2.0,0,0,3,7,1600,0,2013,0,98056,47.507,-122.181,1500,11089
20979,20979,9895000040,20140703T000000,399900.0,2.0,1.75,1410,1005,1.5,0,0,3,9,900,510,2011,0,98027,47.5446,-122.018,1440,1188
20980,20980,9528102993,20141229T000000,495000.0,3.0,1.5,1580,1228,3.0,0,0,3,8,1580,0,2014,0,98115,47.6765,-122.32,1580,3605
20981,20981,3746700120,20141104T000000,857326.0,3.0,3.5,3940,11632,2.0,0,0,3,10,3940,0,2014,0,98166,47.438,-122.344,2015,11632
20982,20982,745530040,20140911T000000,845950.0,5.0,2.75,4450,9600,2.0,0,0,3,9,3650,800,2014,0,98011,47.7336,-122.21,4000,9750
20983,20983,7299600180,20140610T000000,303210.0,4.0,2.5,2009,5000,2.0,0,0,3,8,2009,0,2014,0,98092,47.2577,-122.198,2009,5182
20984,20984,2149800278,20141015T000000,343000.0,6.0,5.0,2732,7655,2.0,0,0,3,7,2732,0,2009,0,98002,47.3045,-122.211,3078,69993
20985,20985,2517000650,20140716T000000,300000.0,3.0,2.5,2090,4590,2.0,0,0,3,7,2090,0,2005,0,98042,47.3992,-122.163,2190,4060
20986,20986,6021503708,20141122T000000,334900.0,2.0,2.5,980,1013,3.0,0,0,3,8,980,0,2008,0,98117,47.6844,-122.387,980,1023
20987,20987,8559300120,20150416T000000,477500.0,5.0,3.5,2815,5619,2.0,0,0,3,9,2815,0,2012,0,98055,47.4299,-122.207,2583,5295
20988,20988,3305100230,20140618T000000,820000.0,4.0,2.5,3170,8523,2.0,0,0,3,9,3170,0,2008,0,98033,47.6854,-122.184,3230,8523
20989,20989,2135200155,20140805T000000,580000.0,5.0,3.25,3030,7410,2.0,0,0,3,8,2150,880,2014,0,98106,47.553,-122.354,2020,7410
20990,20990,2919700109,20140722T000000,350000.0,2.0,2.5,1280,940,2.0,0,0,3,8,1060,220,2006,0,98103,47.6904,-122.364,1290,2900
20991,20991,8725950220,20150226T000000,910000.0,3.0,2.5,2030,1160,3.0,0,0,3,9,1970,60,2007,0,98004,47.6213,-122.2,1950,1160
20992,20992,1776230220,20140626T000000,414000.0,3.0,2.5,2490,4540,2.5,0,0,3,8,2490,0,2012,0,98059,47.5051,-122.155,2640,3844
20993,20993,9211010230,20150330T000000,525000.0,3.0,2.5,3030,4500,2.0,0,0,3,8,3030,0,2009,0,98059,47.4944,-122.15,3030,4501
20994,20994,1972201772,20150409T000000,650000.0,2.0,2.5,1470,690,3.0,0,3,3,8,1470,0,2008,0,98103,47.6523,-122.346,1480,1284
20995,20995,9268851320,20141210T000000,450000.0,3.0,2.25,1620,997,2.5,0,0,3,8,1540,80,2012,0,98027,47.5394,-122.027,1620,1068
20996,20996,1424059154,20140516T000000,1270000.0,4.0,3.0,5520,8313,2.0,0,3,3,9,3570,1950,2008,0,98006,47.5655,-122.129,3770,8278
20997,20997,626059365,20150412T000000,699000.0,3.0,3.5,3200,10344,2.0,0,0,3,10,3200,0,2007,0,98011,47.7636,-122.216,2550,20152
20998,20998,3885802136,20140723T000000,899000.0,4.0,2.5,2580,3943,2.0,0,0,3,8,2580,0,2013,0,98033,47.6853,-122.21,1700,5772
20999,20999,7967000150,20140808T000000,353500.0,4.0,3.0,2050,4000,2.0,0,0,3,8,2050,0,2014,0,98001,47.3523,-122.275,2050,4000
21000,21000,7853360720,20140908T000000,485000.0,3.0,2.5,2430,5867,2.0,0,0,3,7,2430,0,2011,0,98065,47.5162,-121.872,2620,5866
21001,21001,8562790150,20140626T000000,782900.0,4.0,3.25,3060,3898,2.0,0,0,3,10,2300,760,2014,0,98027,47.5311,-122.073,2920,3448
21002,21002,1226039124,20150428T000000,529000.0,2.0,2.0,1540,9714,2.0,0,0,3,8,1540,0,2008,0,98177,47.7628,-122.359,1840,8179
21003,21003,2767704251,20150416T000000,514700.0,3.0,3.25,1310,1072,2.0,0,0,3,8,1060,250,2008,0,98107,47.6744,-122.374,1160,1266
21004,21004,3862710210,20140520T000000,409316.0,3.0,2.5,1800,3168,2.0,0,0,3,8,1800,0,2014,0,98065,47.5342,-121.841,1800,3393
21005,21005,255460330,20150506T000000,388598.0,3.0,2.5,2370,4200,2.0,0,0,3,8,2370,0,2014,0,98038,47.3699,-122.019,2370,4370
21006,21006,291310610,20150227T000000,415000.0,3.0,2.25,1445,1512,2.0,0,0,3,7,1300,145,2004,0,98027,47.5341,-122.069,1445,1082
21007,21007,9126101121,20150407T000000,521500.0,3.0,2.25,1450,1619,2.0,0,0,3,8,1140,310,2006,0,98122,47.6076,-122.304,1580,3472
21008,21008,9274200322,20140820T000000,580000.0,3.0,2.5,1740,1236,3.0,0,2,3,8,1740,0,2008,0,98116,47.5891,-122.387,1740,1280
21009,21009,6666830230,20140630T000000,882566.0,4.0,2.5,3560,5265,3.0,0,0,3,8,3560,0,2014,0,98052,47.7047,-122.113,3220,4892
21010,21010,1604601803,20150408T000000,525000.0,3.0,2.75,2130,1400,2.0,0,0,3,9,1080,1050,2010,0,98118,47.5661,-122.29,1880,3132
21011,21011,7702080150,20141201T000000,515000.0,5.0,2.75,2980,4502,2.0,0,0,3,9,2980,0,2007,0,98028,47.7698,-122.235,2850,4501
21012,21012,7853400220,20140926T000000,589410.0,3.0,3.0,2840,7201,2.0,0,0,3,9,2840,0,2014,0,98065,47.5165,-121.883,2540,5260
21013,21013,3895100039,20150324T000000,757500.0,4.0,2.5,3420,6845,2.0,0,0,3,9,3420,0,2009,0,98052,47.6777,-122.156,2800,5715
21014,21014,7697000150,20141002T000000,284000.0,3.0,2.5,1660,4083,2.0,0,0,3,7,1660,0,2013,0,98038,47.3595,-122.045,1800,4087
21015,21015,8562780530,20150328T000000,338500.0,2.0,2.25,1150,711,2.0,0,0,3,7,1150,0,2013,0,98027,47.5323,-122.071,1150,748
21016,21016,291310180,20140613T000000,379500.0,3.0,2.25,1410,1287,2.0,0,0,3,7,1290,120,2005,0,98027,47.5344,-122.068,1490,1435
21017,21017,1972205633,20140723T000000,550000.0,3.0,2.0,1420,1369,2.5,0,0,3,9,1340,80,2007,0,98109,47.6472,-122.357,1540,2168
21018,21018,3023000120,20140902T000000,294900.0,3.0,2.5,1860,5025,2.0,0,0,3,8,1860,0,2010,0,98038,47.3557,-122.059,2000,5550
21019,21019,7548301056,20140609T000000,345000.0,2.0,1.5,1340,1210,2.0,0,0,3,8,1120,220,2008,0,98144,47.588,-122.305,1340,1213
21020,21020,9826701201,20150209T000000,450000.0,2.0,1.5,1530,1012,2.0,0,0,3,8,1200,330,2005,0,98122,47.602,-122.306,1530,1425
21021,21021,6300500476,20150415T000000,420000.0,3.0,2.5,1509,1114,3.0,0,0,3,8,1509,0,2014,0,98133,47.7049,-122.34,1509,2431
21022,21022,2597490410,20150402T000000,740000.0,3.0,2.5,2350,3798,2.0,0,0,3,8,2350,0,2013,0,98029,47.543,-122.01,2020,3532
21023,21023,3448001411,20150220T000000,286000.0,2.0,1.5,1010,825,3.0,0,0,3,7,1010,0,2007,0,98125,47.7124,-122.301,1128,1080
21024,21024,745530180,20150317T000000,870000.0,5.0,3.5,4495,10079,2.0,0,0,3,9,3580,915,2013,0,98011,47.7339,-122.209,4495,10079
21025,21025,3879900753,20141114T000000,727000.0,3.0,2.5,1580,991,3.0,0,0,3,9,1580,0,2009,0,98119,47.6276,-122.359,1610,1297
21026,21026,2781230230,20150204T000000,395000.0,4.0,3.0,2750,7965,2.0,0,0,3,9,2750,0,2012,0,98038,47.3479,-122.028,2750,6000
21027,21027,3629990180,20140805T000000,535000.0,4.0,2.25,1890,3615,2.0,0,0,3,7,1890,0,2005,0,98029,47.5493,-121.999,1630,3280
21028,21028,9352900222,20141229T000000,255000.0,3.0,2.25,1320,963,2.0,0,0,3,7,1040,280,2007,0,98106,47.5199,-122.357,1300,1285
21029,21029,7338220120,20141015T000000,260000.0,4.0,2.5,2150,3721,2.0,0,0,3,8,2150,0,2006,0,98002,47.3363,-122.217,2150,3721
21030,21030,325059287,20140910T000000,810000.0,4.0,2.5,3340,8384,2.0,0,0,3,9,3340,0,2014,0,98052,47.6761,-122.152,1560,9429
21031,21031,7203140360,20141201T000000,359782.0,3.0,2.5,1850,3400,2.0,0,0,3,7,1850,0,2010,0,98053,47.6871,-122.014,1850,3400
21032,21032,6056110150,20150320T000000,500000.0,2.0,2.5,1950,2162,2.0,0,0,3,9,1500,450,2012,0,98118,47.5622,-122.292,1800,2457
21033,21033,7203230040,20141027T000000,1049990.0,5.0,3.25,4240,9588,2.0,0,0,3,9,4240,0,2014,0,98053,47.6901,-122.018,4080,8425
21034,21034,8121100155,20150225T000000,810000.0,4.0,3.5,2700,2868,2.0,0,0,3,11,1920,780,2006,0,98118,47.5685,-122.286,1430,3858
21035,21035,7853370620,20150206T000000,605000.0,5.0,4.0,3040,6000,2.0,0,0,3,8,2280,760,2011,0,98065,47.5189,-121.876,3070,5558
21036,21036,6400700264,20150317T000000,730000.0,4.0,2.5,2460,7930,2.0,0,0,3,8,2460,0,2005,0,98033,47.6684,-122.175,1850,9000
21037,21037,1760650880,20150317T000000,327000.0,4.0,2.5,2110,3825,2.0,0,0,3,7,2110,0,2013,0,98042,47.359,-122.082,1950,3825
21038,21038,567000382,20141110T000000,370000.0,2.0,1.0,780,1133,2.0,0,0,3,7,780,0,2009,0,98144,47.5924,-122.295,1130,1270
21039,21039,7852100150,20140625T000000,459000.0,5.0,3.5,2640,6895,2.0,0,0,3,7,2640,0,2001,0,98065,47.5298,-121.879,2640,5267
21040,21040,6447300365,20141113T000000,2900000.0,5.0,4.0,5190,14600,2.0,0,1,3,11,5190,0,2013,0,98039,47.6102,-122.225,3840,19250
21041,21041,2622059197,20141210T000000,365000.0,4.0,2.5,2420,8404,2.0,0,0,3,8,2420,0,2013,0,98042,47.372,-122.13,2440,4822
21042,21042,1389600040,20141226T000000,255000.0,4.0,2.5,1987,6000,2.0,0,0,3,7,1987,0,2011,0,98001,47.2679,-122.255,1880,9589
21043,21043,9276200220,20140717T000000,375000.0,1.0,1.0,720,3166,1.0,0,0,3,6,720,0,1920,0,98116,47.5811,-122.389,1140,6250
21044,21044,7904700032,20141002T000000,375000.0,2.0,1.5,1130,912,2.0,0,0,3,8,1000,130,2006,0,98116,47.5638,-122.388,1500,1474
21045,21045,3744000040,20140722T000000,518380.0,4.0,2.5,2810,4500,2.0,0,0,3,9,2810,0,2014,0,98038,47.3552,-122.023,2980,5046
21046,21046,1773100604,20140721T000000,346000.0,3.0,3.25,1500,1442,2.0,0,0,3,8,1150,350,2007,0,98106,47.5592,-122.362,1500,1533
21047,21047,9268850360,20150223T000000,302059.0,4.0,2.0,1390,745,3.0,0,0,3,7,1390,0,2008,0,98027,47.5393,-122.026,1390,942
21048,21048,7853420450,20140519T000000,575000.0,4.0,2.5,2500,4945,2.0,0,0,3,9,2500,0,2013,0,98065,47.5185,-121.885,2760,6000
21049,21049,8956200770,20140723T000000,549950.0,4.0,3.5,3906,9674,2.0,0,2,3,9,3906,0,2014,0,98001,47.2931,-122.264,2673,6500
21050,21050,2424059170,20150219T000000,900000.0,5.0,6.0,7120,40806,2.0,0,4,3,12,5480,1640,2007,0,98006,47.5451,-122.114,3440,36859
21051,21051,1934800133,20140711T000000,397500.0,3.0,2.5,1470,1256,2.0,0,0,3,8,930,540,2006,0,98122,47.6033,-122.309,1510,1797
21052,21052,5556300109,20141121T000000,1075000.0,5.0,3.5,3230,7560,2.0,0,0,3,10,3230,0,2007,0,98052,47.6467,-122.118,3230,8580
21053,21053,2326600150,20150422T000000,775900.0,3.0,2.5,2700,5764,2.0,0,0,3,9,2700,0,2014,0,98075,47.5618,-122.027,3270,14700
21054,21054,3751600409,20150508T000000,510000.0,4.0,2.5,4073,17334,2.0,0,0,3,8,4073,0,2008,0,98001,47.2949,-122.27,1780,9625
21055,21055,3814900210,20140829T000000,471275.0,4.0,2.5,3361,5038,2.0,0,0,3,9,3361,0,2014,0,98092,47.3269,-122.165,2316,4105
21056,21056,9542840730,20140911T000000,288000.0,4.0,2.25,1610,3560,2.0,0,0,3,7,1610,0,2010,0,98038,47.3669,-122.02,1760,3692
21057,21057,2937300540,20141016T000000,989990.0,4.0,3.5,3830,7150,2.0,0,0,3,9,3830,0,2014,0,98052,47.7049,-122.126,3640,6055
21058,21058,7549800543,20140612T000000,300000.0,3.0,3.25,1470,1235,2.0,0,0,3,7,1180,290,2008,0,98108,47.5537,-122.313,1470,1243
21059,21059,4058800439,20140623T000000,664950.0,5.0,3.0,3190,7081,1.0,0,2,3,9,1890,1300,2013,0,98178,47.50899999999999,-122.24,2270,7623
21060,21060,7853430180,20140716T000000,699188.0,4.0,3.25,3250,5478,2.0,0,0,3,9,3250,0,2014,0,98065,47.5178,-121.887,3250,5482
21061,21061,982850120,20150303T000000,390000.0,3.0,2.25,1490,4539,2.0,0,0,3,7,1490,0,2009,0,98028,47.7607,-122.233,1750,4667
21062,21062,9476010120,20150321T000000,670000.0,5.0,2.75,2900,5155,2.0,0,0,3,8,2900,0,2008,0,98075,47.5977,-122.008,2900,6176
21063,21063,5200087,20140709T000000,487000.0,4.0,2.5,2540,5001,2.0,0,0,3,9,2540,0,2005,0,98108,47.5423,-122.302,2360,6834
21064,21064,7308600040,20140723T000000,769995.0,5.0,2.75,3360,12080,2.0,0,0,3,9,3360,0,2014,0,98011,47.7757,-122.173,3360,9724
21065,21065,1498301048,20140508T000000,321950.0,2.0,1.25,860,1277,2.0,0,0,3,7,860,0,2007,0,98144,47.5842,-122.314,1280,1265
21066,21066,2738630040,20150427T000000,613500.0,4.0,2.5,3020,6068,2.0,0,0,3,9,3020,0,2006,0,98072,47.773,-122.16,3240,5757
21067,21067,6300500081,20140806T000000,300000.0,3.0,2.5,1330,1200,3.0,0,0,3,7,1330,0,2002,0,98133,47.7034,-122.344,1330,1206
21068,21068,3845100620,20141125T000000,400950.0,4.0,2.5,2578,4554,2.0,0,0,3,9,2578,0,2014,0,98092,47.2603,-122.194,2647,4554
21069,21069,255450040,20140918T000000,389517.0,4.0,2.5,2640,4725,2.0,0,0,3,8,2640,0,2014,0,98038,47.371,-122.017,2370,4725
21070,21070,880000211,20140821T000000,255000.0,3.0,1.75,1260,1133,2.0,0,0,3,7,810,450,2011,0,98106,47.5261,-122.361,1260,1172
21071,21071,2163900081,20150220T000000,1080000.0,3.0,2.5,1990,1891,3.0,0,0,3,9,1990,0,2012,0,98102,47.6271,-122.324,1990,3600
21072,21072,7853370440,20141121T000000,637850.0,5.0,3.25,3340,4900,2.0,0,2,3,9,2500,840,2014,0,98065,47.5193,-121.877,3220,5200
21073,21073,3448900290,20140828T000000,636230.0,4.0,2.5,2840,6284,2.0,0,0,3,9,2840,0,2013,0,98056,47.5135,-122.169,2790,7168
21074,21074,263000006,20141216T000000,375000.0,3.0,2.5,1530,1131,3.0,0,0,3,8,1530,0,2009,0,98103,47.6993,-122.346,1530,1445
21075,21075,1972200882,20140604T000000,586500.0,3.0,2.5,1780,1487,3.0,0,0,3,8,1600,180,2006,0,98107,47.6539,-122.351,1780,1300
21076,21076,7853270630,20150120T000000,544000.0,4.0,2.5,2340,6973,2.0,0,0,3,8,1930,410,2005,0,98065,47.5451,-121.882,2950,6908
21077,21077,7852130430,20140806T000000,425000.0,4.0,2.5,2390,5021,2.0,0,0,3,7,2390,0,2002,0,98065,47.5353,-121.879,2520,5333
21078,21078,7383450250,20150311T000000,374950.0,4.0,2.5,2090,3777,2.0,0,0,3,8,2090,0,2012,0,98038,47.3595,-122.042,2160,3993
21079,21079,3449000010,20150312T000000,294570.0,3.0,1.0,1140,8400,1.0,0,0,4,7,1140,0,1960,0,98059,47.5022,-122.144,1400,9000
21080,21080,2690100170,20141013T000000,300000.0,3.0,2.5,1960,1477,2.0,0,0,3,7,1670,290,2012,0,98059,47.4873,-122.166,1980,1467
21081,21081,9578500920,20140910T000000,395950.0,5.0,3.5,2738,6031,2.0,0,0,3,8,2738,0,2014,0,98023,47.2962,-122.35,2738,5201
21082,21082,8562900430,20140718T000000,800000.0,4.0,2.5,3691,11088,2.0,0,1,3,8,3691,0,2013,0,98074,47.6122,-122.059,3190,11270
21083,21083,1442880380,20140730T000000,439990.0,3.0,2.5,2340,5171,2.0,0,0,3,8,2340,0,2013,0,98045,47.4832,-121.772,2790,5684
21084,21084,3204930170,20141106T000000,680000.0,4.0,3.5,2510,3763,2.0,0,0,3,8,1990,520,2013,0,98052,47.7002,-122.103,2560,3820
21085,21085,4449800480,20150318T000000,677790.0,6.0,3.0,2800,4213,2.0,0,0,3,8,2800,0,1998,0,98117,47.6892,-122.389,1440,3960
21086,21086,3862710010,20150501T000000,424950.0,3.0,2.5,1650,4777,2.0,0,0,3,8,1650,0,2013,0,98065,47.5336,-121.841,1800,3331
21087,21087,301402280,20150331T000000,223990.0,2.0,2.25,1061,2884,2.0,0,0,3,7,1061,0,2013,0,98002,47.346,-122.218,1481,2887
21088,21088,2867300170,20150513T000000,498000.0,4.0,2.5,3402,14355,2.0,0,0,3,10,2846,556,2014,0,98023,47.3009,-122.385,3402,8487
21089,21089,5635100080,20141031T000000,359950.0,4.0,2.5,2542,6120,2.0,0,0,3,8,2542,0,2014,0,98030,47.3751,-122.188,2419,8984
21090,21090,1624079024,20140515T000000,720000.0,3.0,2.5,3150,151588,2.0,0,0,3,9,3150,0,2007,0,98024,47.572,-121.926,2410,208652
21091,21091,9211010840,20141112T000000,530000.0,4.0,2.5,3010,9000,2.0,0,0,3,8,3010,0,2008,0,98059,47.4987,-122.147,3250,5531
21092,21092,7697000020,20141007T000000,295000.0,3.0,2.5,1660,4898,2.0,0,0,3,7,1660,0,2011,0,98038,47.3588,-122.044,1810,4462
21093,21093,3832050130,20141021T000000,255500.0,3.0,2.5,1770,5000,2.0,0,0,3,7,1770,0,2009,0,98042,47.3358,-122.051,2230,5200
21094,21094,3630240020,20140521T000000,556000.0,3.0,3.0,1960,1168,2.0,0,0,3,9,1600,360,2007,0,98027,47.5445,-122.014,2080,1423
21095,21095,1389600080,20140710T000000,277950.0,4.0,2.5,1889,6000,2.0,0,0,3,7,1889,0,2012,0,98001,47.2676,-122.256,1990,6350
21096,21096,2781230080,20150408T000000,431000.0,4.0,2.5,3040,6000,2.0,0,0,3,9,3040,0,2007,0,98038,47.3473,-122.03,2640,6000
21097,21097,7203100660,20141117T000000,780000.0,4.0,2.75,3420,6787,2.0,0,0,3,9,3420,0,2010,0,98053,47.6962,-122.023,3450,6137
21098,21098,1806900502,20141014T000000,649000.0,3.0,3.25,1720,936,2.0,0,0,3,8,1030,690,2004,0,98112,47.6201,-122.309,1720,1527
21099,21099,3022800010,20140714T000000,447000.0,3.0,2.5,1740,3043,2.0,0,0,3,7,1740,0,2012,0,98011,47.744,-122.181,1920,2869
21100,21100,6666830250,20140505T000000,712198.0,4.0,2.5,2450,4247,2.0,0,0,3,8,2450,0,2013,0,98052,47.7048,-122.113,2970,4685
21101,21101,7242800020,20140815T000000,277140.0,3.0,1.5,1190,785,2.0,0,0,3,8,920,270,2014,0,98052,47.6781,-122.117,2820,5626
21102,21102,2867300190,20140528T000000,363000.0,4.0,2.5,3753,7204,2.0,0,0,3,10,3336,417,2008,0,98023,47.3011,-122.385,3494,9375
21103,21103,8564860130,20150202T000000,598992.0,5.0,3.5,3440,6037,2.0,0,0,3,9,3440,0,2014,0,98045,47.4765,-121.734,3270,6037
21104,21104,2770603522,20141211T000000,585000.0,3.0,2.5,2160,1250,3.0,0,0,3,8,1830,330,2010,0,98119,47.6515,-122.375,1870,2825
21105,21105,9544200422,20140731T000000,1274950.0,4.0,2.75,3820,8850,2.0,0,0,3,10,3820,0,2014,0,98033,47.6506,-122.195,2330,12000
21106,21106,4253400104,20150212T000000,380950.0,2.0,2.0,1120,1039,2.0,0,0,3,7,840,280,2007,0,98144,47.5788,-122.315,1130,5400
21107,21107,1085622890,20140708T000000,333490.0,4.0,2.5,2250,3916,2.0,0,0,3,8,2250,0,2014,0,98003,47.3413,-122.18,2156,3920
21108,21108,9268851630,20140604T000000,520000.0,3.0,3.25,1540,1487,2.0,0,0,3,8,1540,0,2011,0,98027,47.5397,-122.027,1620,1104
21109,21109,8562780190,20141007T000000,315000.0,2.0,2.25,1240,705,2.0,0,0,3,7,1150,90,2009,0,98027,47.5321,-122.073,1240,750
21110,21110,2767600686,20150331T000000,487000.0,2.0,1.5,1160,1118,2.0,0,0,3,8,1020,140,2007,0,98117,47.6754,-122.375,1210,1118
21111,21111,7207900080,20140808T000000,424950.0,5.0,3.5,2760,3865,2.5,0,0,3,8,2760,0,2013,0,98056,47.5049,-122.17,2590,4587
21112,21112,2770601457,20150210T000000,542300.0,3.0,2.25,1580,1487,3.0,0,0,3,9,1580,0,2013,0,98199,47.6514,-122.386,1600,1525
21113,21113,1773100920,20141211T000000,320000.0,3.0,3.25,1480,1192,2.0,0,0,3,8,1180,300,2013,0,98106,47.5556,-122.363,1330,1094
21114,21114,1024069027,20140723T000000,1139990.0,4.0,3.25,3740,11467,2.0,0,0,3,10,3740,0,2014,0,98029,47.581,-122.022,2510,27520
21115,21115,7853361310,20141215T000000,425000.0,4.0,2.5,1950,5000,2.0,0,0,3,8,1950,0,2012,0,98065,47.515,-121.872,2710,5000
21116,21116,6824100029,20141031T000000,474950.0,3.0,3.0,1530,1568,3.0,0,0,3,8,1530,0,2012,0,98117,47.6998,-122.367,1460,1224
21117,21117,255450250,20140804T000000,307635.0,3.0,2.5,1820,4200,2.0,0,0,3,8,1820,0,2014,0,98038,47.3693,-122.017,2370,4200
21118,21118,2428100130,20141210T000000,834538.0,3.0,2.5,2760,6187,2.0,0,0,3,10,2760,0,2014,0,98075,47.5821,-122.047,2760,6600
21119,21119,1042700050,20140723T000000,769995.0,5.0,2.75,3010,5398,2.0,0,0,3,9,3010,0,2014,0,98074,47.6067,-122.053,3360,5407
21120,21120,7853280250,20150424T000000,820875.0,5.0,3.25,3860,9387,2.0,0,2,3,9,3860,0,2006,0,98065,47.538,-121.858,3860,8979
21121,21121,7853410170,20150316T000000,595500.0,4.0,2.5,2490,6537,2.0,0,0,3,8,2490,0,2013,0,98065,47.5185,-121.884,2520,5848
21122,21122,2708450020,20140912T000000,450000.0,4.0,2.5,3236,9608,2.0,0,0,3,10,3236,0,2005,0,98030,47.3838,-122.195,3236,9660
21123,21123,7852140170,20150421T000000,695000.0,4.0,2.5,2830,14538,2.0,0,0,3,8,2830,0,2003,0,98065,47.5405,-121.882,2270,6939
21124,21124,1459920010,20150323T000000,300000.0,3.0,2.0,1451,7159,1.0,0,0,3,7,1451,0,2010,0,98042,47.3754,-122.163,2303,6126
21125,21125,3438500250,20140623T000000,515000.0,5.0,3.25,2910,5027,2.0,0,0,3,8,2040,870,2013,0,98106,47.5543,-122.359,2910,5027
21126,21126,1890000169,20140903T000000,545000.0,3.0,2.5,1280,1845,3.0,0,0,3,8,1280,0,2009,0,98105,47.662,-122.324,1450,1889
21127,21127,1250200414,20150218T000000,365000.0,3.0,2.25,1110,979,2.0,0,0,3,7,960,150,2008,0,98144,47.5999,-122.3,1170,1400
21128,21128,2564900470,20140714T000000,718500.0,4.0,2.75,2840,8800,2.0,0,0,3,9,2840,0,2008,0,98033,47.7029,-122.171,1840,7700
21129,21129,2895800780,20150401T000000,279800.0,3.0,1.75,1410,2052,2.0,0,0,3,8,1410,0,2014,0,98106,47.5171,-122.347,1410,1988
21130,21130,6306800050,20140925T000000,486940.0,4.0,2.5,3250,13360,2.0,0,0,3,9,3250,0,2014,0,98030,47.3524,-122.198,2612,14448
21131,21131,6928000605,20140626T000000,525000.0,4.0,2.75,3030,6625,2.0,0,0,3,8,3030,0,2011,0,98059,47.4815,-122.152,3030,9620
21132,21132,3814900950,20140725T000000,345000.0,4.0,2.5,1983,6002,2.0,0,0,3,9,1983,0,2012,0,98092,47.3281,-122.164,2502,4750
21133,21133,8562770080,20141030T000000,613000.0,3.0,3.25,2440,2812,2.0,0,0,3,8,1710,730,2005,0,98027,47.5362,-122.072,2440,2836
21134,21134,3831250130,20140825T000000,370000.0,3.0,2.5,2313,5700,2.0,0,0,3,9,2313,0,2011,0,98030,47.3572,-122.202,2323,5701
21135,21135,3629990020,20141002T000000,449500.0,3.0,2.25,1260,2556,2.0,0,0,3,7,1260,0,2005,0,98029,47.5482,-121.998,1630,2844
21136,21136,9532000010,20150416T000000,515000.0,3.0,2.5,2000,3837,2.0,0,0,3,8,2000,0,2011,0,98072,47.7713,-122.167,2210,4075
21137,21137,8562780430,20150504T000000,346100.0,2.0,1.75,1150,698,2.0,0,0,3,7,1150,0,2013,0,98027,47.5323,-122.071,1150,757
21138,21138,2781230020,20141209T000000,398500.0,4.0,2.5,2820,6666,2.0,0,0,3,9,2820,0,2007,0,98038,47.3473,-122.031,1880,7200
21139,21139,8658301060,20140820T000000,310000.0,2.0,1.75,1160,2500,2.0,0,0,3,7,1160,0,2008,0,98014,47.6489,-121.911,970,7500
21140,21140,301402140,20150226T000000,250000.0,3.0,2.25,1481,2820,2.0,0,0,3,7,1481,0,2012,0,98002,47.3457,-122.217,1481,2889
21141,21141,8923600020,20140806T000000,1880000.0,5.0,3.5,4390,6220,2.0,0,3,3,9,3170,1220,2013,0,98115,47.6789,-122.273,2740,6448
21142,21142,8725950020,20140827T000000,695000.0,2.0,1.75,1570,1207,3.0,0,0,3,9,1570,0,2007,0,98004,47.6215,-122.201,1570,1206
21143,21143,1121000357,20140827T000000,1085000.0,4.0,3.0,3410,6541,2.0,0,2,3,9,2680,730,2007,0,98126,47.5416,-122.38,2300,6345
21144,21144,1042700290,20140804T000000,864327.0,5.0,3.25,3480,6507,2.0,0,0,3,9,3480,0,2014,0,98074,47.607,-122.053,3360,5398
21145,21145,7308600010,20140616T000000,749995.0,4.0,3.25,3430,9870,2.0,0,0,3,9,3430,0,2014,0,98011,47.776,-122.173,3360,9724
21146,21146,7708210050,20140610T000000,525000.0,5.0,2.75,2880,8364,2.0,0,0,3,9,2880,0,2006,0,98059,47.4893,-122.147,3010,8296
21147,21147,5631500285,20141121T000000,659950.0,3.0,2.5,2990,9413,2.0,0,0,3,10,2990,0,2006,0,98028,47.7341,-122.234,1940,9600
21148,21148,524059063,20140506T000000,1800000.0,5.0,5.0,4490,10279,2.0,0,0,3,10,3930,560,2013,0,98004,47.5974,-122.202,2490,10279
21149,21149,7203160190,20141029T000000,950000.0,5.0,4.0,4100,8120,2.0,0,0,3,9,4100,0,2011,0,98053,47.6917,-122.02,4100,7625
21150,21150,1692900095,20140618T000000,1399950.0,4.0,2.75,3870,10046,2.0,0,0,3,11,3870,0,2005,0,98033,47.6651,-122.191,3560,10046
21151,21151,3438500346,20140702T000000,265050.0,2.0,1.5,800,2119,2.0,0,0,3,7,800,0,2008,0,98106,47.554,-122.362,1020,4800
21152,21152,9268850290,20150306T000000,450000.0,3.0,2.25,1620,1057,3.0,0,0,3,8,1540,80,2009,0,98027,47.5396,-122.026,1390,942
21153,21153,2419700080,20150505T000000,915000.0,4.0,2.5,2910,4356,3.0,0,0,3,8,2910,0,2010,0,98034,47.6705,-122.146,2840,4181
21154,21154,1235700052,20140630T000000,963000.0,4.0,3.25,3530,8589,2.0,0,0,3,10,3530,0,2007,0,98033,47.6975,-122.195,2470,9019
21155,21155,4233800020,20141008T000000,270000.0,4.0,2.5,2701,5821,2.0,0,0,3,7,2701,0,2013,0,98092,47.2873,-122.177,2566,5843
21156,21156,3278612570,20140724T000000,294000.0,2.0,2.5,1380,889,2.0,0,0,3,7,1140,240,2012,0,98126,47.5441,-122.369,1580,1397
21157,21157,6638900461,20140605T000000,700000.0,3.0,2.5,2050,4185,2.0,0,0,3,9,2050,0,2011,0,98117,47.6922,-122.371,1150,5000
21158,21158,4233600190,20150316T000000,1065000.0,3.0,4.0,3370,8252,2.0,0,0,3,10,3370,0,2014,0,98075,47.5965,-122.013,3710,8252
21159,21159,7987400285,20150429T000000,494900.0,3.0,2.5,2040,2500,2.0,0,0,3,7,1470,570,2008,0,98126,47.573,-122.372,1410,2500
21160,21160,9532000500,20140801T000000,415000.0,3.0,2.5,1610,3600,2.0,0,0,3,8,1610,0,2010,0,98072,47.771,-122.169,2210,3600
21161,21161,8564860280,20140502T000000,459990.0,3.0,2.5,2680,5539,2.0,0,0,3,8,2680,0,2013,0,98045,47.4761,-121.734,2990,6037
21162,21162,8691440440,20141003T000000,882990.0,4.0,3.5,3560,6562,2.0,0,0,3,10,3560,0,2014,0,98075,47.5929,-121.974,3710,6562
21163,21163,1099950050,20141229T000000,620000.0,4.0,3.5,3880,8244,2.0,0,0,3,10,3060,820,2007,0,98019,47.7426,-121.976,3180,10947
21164,21164,3304040130,20150212T000000,375900.0,3.0,2.0,1824,7120,1.0,0,0,3,9,1824,0,2010,0,98001,47.3457,-122.27,2409,6264
21165,21165,8562790480,20141006T000000,654000.0,3.0,2.5,2220,2873,2.0,0,0,3,10,2010,210,2012,0,98027,47.5311,-122.074,2290,3213
21166,21166,4457300005,20150325T000000,1839900.0,4.0,3.25,4140,11007,2.0,0,0,3,10,4140,0,2013,0,98040,47.5707,-122.217,2150,9663
21167,21167,8856003839,20141210T000000,215000.0,3.0,2.5,1322,6006,2.0,0,0,3,7,1322,0,2009,0,98001,47.2706,-122.254,1440,6796
21168,21168,1972200728,20141124T000000,630500.0,3.0,2.5,1909,1300,3.0,0,0,3,8,1766,143,2006,0,98103,47.6538,-122.352,1780,1248
21169,21169,8691420050,20141107T000000,855000.0,4.0,3.5,3460,7702,2.0,0,0,3,10,3460,0,2010,0,98075,47.5942,-121.977,3380,7464
21170,21170,6601200020,20150127T000000,235245.0,4.0,2.5,1954,5075,2.0,0,0,3,8,1954,0,2007,0,98001,47.2606,-122.253,1934,5000
21171,21171,200480020,20140710T000000,770000.0,5.0,2.5,3000,7912,1.0,0,0,3,9,1610,1390,2007,0,98033,47.6765,-122.175,2700,7205
21172,21172,7203170190,20140619T000000,734990.0,4.0,2.5,2650,6884,2.0,0,0,3,8,2650,0,2012,0,98053,47.6901,-122.015,2520,5866
21173,21173,3885802134,20150109T000000,880000.0,4.0,2.5,2580,3436,2.0,0,0,3,8,2580,0,2013,0,98033,47.6853,-122.21,1780,5772
21174,21174,9578060420,20150114T000000,525000.0,4.0,3.0,2650,4924,2.0,0,0,3,8,2650,0,2011,0,98028,47.7734,-122.238,2380,4733
21175,21175,3630200080,20140807T000000,775000.0,4.0,3.5,3390,3960,2.0,0,0,3,10,3390,0,2008,0,98027,47.5406,-121.995,2990,3400
21176,21176,3876900089,20150430T000000,687015.0,3.0,1.75,1470,873,3.0,0,0,3,10,1470,0,2009,0,98119,47.6256,-122.362,1410,967
21177,21177,3630130130,20141112T000000,663000.0,3.0,2.5,1910,5125,2.0,0,0,3,9,1910,0,2006,0,98029,47.5481,-121.995,1910,3215
21178,21178,3326059253,20150330T000000,815000.0,4.0,2.5,3030,7187,2.0,0,0,3,9,3030,0,2005,0,98033,47.6934,-122.166,3030,7187
21179,21179,2224069109,20150427T000000,1050000.0,4.0,3.25,2930,25020,2.0,0,0,3,9,2930,0,2013,0,98029,47.5514,-122.023,2400,32374
21180,21180,3862700020,20150423T000000,433190.0,3.0,2.5,1650,2787,2.0,0,0,3,8,1650,0,2014,0,98065,47.5336,-121.838,1760,2787
21181,21181,3629980080,20141210T000000,725000.0,4.0,2.5,2870,5118,2.0,0,0,3,9,2870,0,2006,0,98029,47.5544,-121.99,2940,4800
21182,21182,7299600950,20150408T000000,279950.0,3.0,2.5,1608,4800,2.0,0,0,3,8,1608,0,2013,0,98092,47.2585,-122.201,2009,4800
21183,21183,5528600005,20150327T000000,272167.0,2.0,2.5,1620,3795,2.0,0,0,3,7,1620,0,2014,0,98027,47.5321,-122.034,1620,6000
21184,21184,3052700419,20140616T000000,468500.0,3.0,2.5,1350,1186,2.0,0,0,3,8,1120,230,2007,0,98117,47.6786,-122.375,1500,1605
21185,21185,9542840630,20140602T000000,298000.0,3.0,2.5,1950,3600,2.0,0,0,3,7,1950,0,2010,0,98038,47.3658,-122.021,1870,4184
21186,21186,7896300592,20150114T000000,303500.0,6.0,4.5,3390,7200,2.0,0,0,3,8,2440,950,2007,0,98118,47.5205,-122.288,2040,7214
21187,21187,9268850480,20150410T000000,308000.0,3.0,1.75,1300,1237,2.0,0,0,3,7,1060,240,2008,0,98027,47.539,-122.026,1350,942
21188,21188,3629700020,20150415T000000,646800.0,3.0,3.0,2230,1407,2.5,0,0,3,8,1850,380,2014,0,98027,47.5446,-122.017,2230,1407
21189,21189,8648900010,20150102T000000,530200.0,4.0,2.5,1880,3853,2.0,0,0,3,8,1880,0,2010,0,98027,47.5636,-122.094,1890,3078
21190,21190,5422950170,20141112T000000,405000.0,5.0,2.5,3370,5092,2.0,0,0,3,7,3370,0,2006,0,98038,47.3594,-122.036,2910,5092
21191,21191,2768200213,20140724T000000,529000.0,2.0,2.5,1320,1395,2.0,0,0,3,8,990,330,2014,0,98107,47.6689,-122.362,1550,1519
21192,21192,642150080,20140908T000000,675900.0,3.0,2.5,2920,9096,2.0,0,0,3,9,2920,0,2013,0,98059,47.4855,-122.149,2930,7995
21193,21193,2770601912,20150402T000000,570000.0,3.0,3.25,1550,1280,2.0,0,0,3,9,1220,330,2013,0,98199,47.6493,-122.384,1550,1579
21194,21194,3304040020,20141226T000000,375500.0,4.0,2.5,2301,6452,2.0,0,0,3,9,2301,0,2010,0,98001,47.346,-122.269,2650,6054
21195,21195,3629960170,20141021T000000,445000.0,3.0,3.25,1710,1960,2.0,0,0,3,8,1360,350,2004,0,98029,47.5479,-122.003,1420,955
21196,21196,1238900130,20150105T000000,1100000.0,4.0,3.75,2890,4164,2.0,0,0,3,9,2240,650,2013,0,98033,47.676,-122.197,2354,3207
21197,21197,6056100114,20140825T000000,477000.0,3.0,2.5,2100,5060,2.0,0,0,3,7,2100,0,2006,0,98108,47.563,-122.298,1520,2468
21198,21198,4140940130,20141121T000000,450000.0,3.0,2.75,2240,3360,2.0,0,0,3,8,2100,140,2014,0,98178,47.4999,-122.232,1790,5873
21199,21199,6824100007,20150326T000000,427005.0,3.0,3.0,1460,1200,3.0,0,0,3,8,1460,0,2006,0,98117,47.7,-122.367,1460,1245
21200,21200,1959700225,20150224T000000,720000.0,3.0,1.75,1370,1990,3.0,0,0,3,9,1370,0,2014,0,98102,47.6434,-122.324,1730,1990
21201,21201,518500460,20141008T000000,2230000.0,3.0,3.5,3760,5634,2.0,1,4,3,11,2830,930,2014,0,98056,47.5285,-122.205,3560,5762
21202,21202,923059252,20140527T000000,450800.0,4.0,3.25,2510,5311,2.0,0,0,3,9,2510,0,2009,0,98056,47.5028,-122.17,1590,9583
21203,21203,3052700213,20140829T000000,461100.0,2.0,2.25,1210,1267,2.0,0,0,3,8,1120,90,2010,0,98117,47.6783,-122.376,1360,1349
21204,21204,2428100080,20141001T000000,1061600.0,4.0,3.0,2990,6695,2.0,0,0,3,10,2990,0,2014,0,98075,47.5817,-122.047,2760,6600
21205,21205,9276202130,20150408T000000,590000.0,3.0,2.5,1710,2875,2.0,0,0,3,8,1710,0,2006,0,98116,47.5787,-122.392,1640,5750
21206,21206,3845100670,20140716T000000,478830.0,4.0,2.5,3274,4950,2.0,0,0,3,9,3274,0,2014,0,98092,47.2603,-122.195,2578,4200
21207,21207,4319200675,20140709T000000,760000.0,4.0,2.25,3300,8365,3.0,0,0,3,9,3300,0,2014,0,98126,47.5363,-122.377,1290,8369
21208,21208,323059327,20140703T000000,1025000.0,4.0,3.5,4370,10860,2.0,0,0,3,11,4370,0,2008,0,98059,47.5066,-122.148,3560,8070
21209,21209,3448720020,20140613T000000,385000.0,4.0,2.5,2050,5276,2.0,0,0,3,7,2050,0,2006,0,98059,47.49100000000001,-122.15,2480,5447
21210,21210,7234600832,20140516T000000,500000.0,2.0,2.5,1310,1500,2.0,0,0,3,8,1160,150,2006,0,98122,47.6112,-122.309,1320,1581
21211,21211,4045500950,20150415T000000,425000.0,3.0,1.5,1680,8000,1.5,0,0,3,7,1680,0,2012,0,98014,47.6923,-121.869,1990,26336
21212,21212,7234600098,20140905T000000,552100.0,3.0,3.0,1330,1379,2.0,0,0,4,8,1120,210,2005,0,98122,47.6126,-122.313,1810,1770
21213,21213,666000143,20141229T000000,785000.0,3.0,3.0,1950,1983,3.0,0,0,3,9,1610,340,2009,0,98004,47.6078,-122.202,2040,2131
21214,21214,3343903611,20150323T000000,615000.0,5.0,3.25,3090,7069,2.0,0,0,3,9,3090,0,2012,0,98056,47.5114,-122.196,2480,8000
21215,21215,1760650950,20150423T000000,309000.0,3.0,2.5,1950,3825,2.0,0,0,3,7,1950,0,2013,0,98042,47.3588,-122.082,1950,3825
21216,21216,5100403818,20150220T000000,369500.0,3.0,2.0,1108,1128,3.0,0,0,3,7,1108,0,2009,0,98115,47.6961,-122.318,1285,1253
21217,21217,2325400170,20150211T000000,391000.0,4.0,2.25,2190,3850,2.0,0,0,3,7,2190,0,2006,0,98059,47.4861,-122.161,2190,3980
21218,21218,5700000446,20141029T000000,465000.0,3.0,1.75,1590,1322,2.0,0,0,3,8,1060,530,2014,0,98144,47.5753,-122.294,1530,5400
21219,21219,9492500010,20140606T000000,879950.0,4.0,2.75,3010,7215,2.0,0,0,3,9,3010,0,2014,0,98033,47.6952,-122.178,3010,7215
21220,21220,2461900446,20141023T000000,372000.0,3.0,2.0,1330,1042,2.0,0,0,3,8,1060,270,2014,0,98136,47.5522,-122.382,1440,2428
21221,21221,8669160170,20140522T000000,259000.0,3.0,2.5,1550,3569,2.0,0,0,3,7,1550,0,2011,0,98002,47.3528,-122.211,2095,3402
21222,21222,3644100101,20140707T000000,374000.0,2.0,1.5,1260,1575,2.0,0,0,3,7,1260,0,2001,0,98144,47.5914,-122.295,1220,1740
21223,21223,7852090680,20150305T000000,561000.0,4.0,2.5,2550,5395,2.0,0,0,3,8,2550,0,2001,0,98065,47.5355,-121.874,2850,6109
21224,21224,5693501028,20150403T000000,610000.0,3.0,2.5,1300,1331,3.0,0,0,3,8,1300,0,2007,0,98103,47.6607,-122.352,1450,5270
21225,21225,3629700080,20150108T000000,635000.0,3.0,3.0,2230,1407,2.5,0,0,3,8,1850,380,2014,0,98027,47.5446,-122.017,2290,1407
21226,21226,3278600680,20140627T000000,235000.0,1.0,1.5,1170,1456,2.0,0,0,3,8,1070,100,2007,0,98126,47.5493,-122.372,1360,1730
21227,21227,2738640470,20140716T000000,623300.0,4.0,3.5,4170,4524,2.0,0,0,3,9,3500,670,2007,0,98072,47.7726,-122.162,3510,5001
21228,21228,7853320950,20141023T000000,412500.0,3.0,2.0,1680,5246,1.0,0,0,3,7,1680,0,2007,0,98065,47.5206,-121.868,2430,6883
21229,21229,5635100050,20141121T000000,380000.0,4.0,3.25,2864,8035,3.0,0,0,3,8,2864,0,2014,0,98030,47.3746,-122.189,2419,8984
21230,21230,3629990280,20140623T000000,497000.0,3.0,2.25,1630,3817,2.0,0,0,3,7,1630,0,2005,0,98029,47.5485,-121.999,1630,3348
21231,21231,6306800020,20141111T000000,452000.0,4.0,2.5,2716,7850,2.0,0,0,3,9,2716,0,2014,0,98030,47.352,-122.197,2580,14448
21232,21232,7697000170,20141025T000000,312000.0,3.0,2.5,1750,4076,2.0,0,0,3,7,1750,0,2013,0,98038,47.3597,-122.045,1810,4090
21233,21233,5057100080,20140919T000000,469950.0,5.0,3.0,3223,6371,2.0,0,0,3,9,3223,0,2014,0,98042,47.3588,-122.163,1979,19030
21234,21234,5276200020,20140805T000000,775000.0,5.0,2.5,2600,4284,2.0,0,0,3,9,2600,0,2014,0,98136,47.5409,-122.39,1620,5000
21235,21235,5727500006,20150427T000000,679990.0,4.0,2.75,3320,8653,2.0,0,0,3,8,3320,0,2014,0,98133,47.7521,-122.334,2140,8727
21236,21236,9268850130,20140627T000000,288790.0,4.0,2.0,1350,942,3.0,0,0,3,7,1350,0,2008,0,98027,47.5401,-122.026,1390,942
21237,21237,9293000170,20150408T000000,800000.0,5.0,2.5,3410,4726,2.0,0,0,3,9,3410,0,2007,0,98006,47.5459,-122.184,2810,5129
21238,21238,7299601870,20150427T000000,299000.0,3.0,2.5,1572,4000,2.0,0,0,3,8,1572,0,2013,0,98092,47.2615,-122.198,1608,5175
21239,21239,1760650500,20150129T000000,332000.0,4.0,2.5,2300,4482,2.0,0,0,3,7,2300,0,2013,0,98042,47.3599,-122.082,2300,3825
21240,21240,7174800094,20150420T000000,525000.0,1.0,1.5,1030,5923,1.0,0,0,3,8,1030,0,1940,0,98105,47.6653,-122.305,2650,5000
21241,21241,6909200007,20140903T000000,620000.0,3.0,1.75,1458,858,2.0,0,0,3,8,950,508,2014,0,98144,47.592,-122.293,1458,3000
21242,21242,7853321150,20141103T000000,452000.0,4.0,2.5,2190,6896,2.0,0,0,3,7,2190,0,2007,0,98065,47.5191,-121.869,2190,5900
21243,21243,1105000402,20141028T000000,630000.0,4.0,3.0,3640,5096,2.0,0,0,3,8,2740,900,2010,0,98118,47.5428,-122.27,1910,9189
21244,21244,1442870420,20140724T000000,485000.0,4.0,2.75,2790,7803,2.0,0,0,3,8,2790,0,2013,0,98045,47.4823,-121.772,2620,6178
21245,21245,3682000050,20141013T000000,349950.0,4.0,2.5,2632,4117,2.0,0,0,3,8,2632,0,2013,0,98001,47.3428,-122.278,2040,5195
21246,21246,1442880080,20140701T000000,499990.0,4.0,2.75,2910,6334,2.0,0,0,3,8,2910,0,2013,0,98045,47.4826,-121.771,2790,6352
21247,21247,7169500020,20141205T000000,510000.0,2.0,2.25,1470,1101,2.0,0,0,3,8,1340,130,2005,0,98115,47.6768,-122.301,1470,1582
21248,21248,2911700010,20150303T000000,1080000.0,3.0,2.5,2240,21477,2.0,0,2,3,8,2240,0,1995,0,98006,47.5745,-122.18,2930,21569
21249,21249,9578060470,20140508T000000,494000.0,3.0,2.5,2310,4729,2.0,0,0,3,8,2310,0,2011,0,98028,47.7734,-122.237,2440,4711
21250,21250,1776460190,20140626T000000,429900.0,3.0,2.5,2370,5353,2.0,0,0,3,8,2370,0,2009,0,98019,47.7333,-121.975,2130,6850
21251,21251,3449500050,20141015T000000,505000.0,4.0,2.75,2980,9825,1.0,0,0,3,8,1910,1070,2007,0,98056,47.5073,-122.172,2580,12231
21252,21252,2309710130,20140715T000000,272000.0,4.0,2.0,1870,6551,1.0,0,3,3,7,1870,0,2009,0,98022,47.1934,-121.977,2280,5331
21253,21253,1972201511,20150210T000000,671500.0,3.0,2.5,1770,1714,3.0,0,0,3,8,1770,0,2012,0,98103,47.6532,-122.348,1720,3360
21254,21254,7852120050,20150311T000000,729950.0,4.0,3.5,3510,10010,2.0,0,0,3,10,3510,0,2001,0,98065,47.5412,-121.876,4200,9935
21255,21255,3814900660,20140721T000000,471835.0,4.0,2.5,3281,5354,2.0,0,0,3,9,3281,0,2014,0,98092,47.3273,-122.163,2598,4815
21256,21256,8141310080,20141103T000000,249950.0,3.0,2.0,1670,4438,1.0,0,0,3,7,1670,0,2014,0,98022,47.1948,-121.974,1670,4558
21257,21257,7207900050,20140808T000000,424950.0,5.0,3.5,2760,3846,2.5,0,0,3,8,2760,0,2013,0,98056,47.5047,-122.17,2760,4587
21258,21258,2424059163,20140709T000000,1240000.0,5.0,3.5,5430,10327,2.0,0,2,3,10,4010,1420,2007,0,98006,47.5476,-122.116,4340,10324
21259,21259,2140950130,20140911T000000,440000.0,4.0,2.5,2990,7928,2.0,0,0,3,9,2990,0,2011,0,98010,47.3139,-122.024,2810,7401
21260,21260,1776230190,20150408T000000,495000.0,4.0,3.5,3170,3858,2.0,0,0,3,8,2530,640,2008,0,98059,47.5049,-122.155,2640,3844
21261,21261,3524039224,20140513T000000,870000.0,4.0,2.5,3520,6773,2.5,0,0,3,9,2650,870,2006,0,98136,47.5317,-122.391,2930,6458
21262,21262,5694500840,20141125T000000,559000.0,2.0,3.0,1650,960,3.0,0,0,3,8,1350,300,2015,0,98103,47.6611,-122.346,1650,3000
21263,21263,4014400381,20140507T000000,495000.0,4.0,2.75,2656,21195,2.0,0,0,3,9,2656,0,2014,0,98001,47.3162,-122.272,1860,16510
21264,21264,2838000130,20150213T000000,722000.0,3.0,2.5,2230,4850,2.0,0,0,3,8,2230,0,2014,0,98133,47.7295,-122.334,2230,4513
21265,21265,8562770430,20140702T000000,567500.0,3.0,2.5,2280,2502,2.0,0,0,3,8,1880,400,2006,0,98027,47.5364,-122.073,2280,2812
21266,21266,1402970020,20141217T000000,440000.0,4.0,2.5,2798,5085,2.0,0,0,3,9,2798,0,2011,0,98092,47.3308,-122.187,2502,5707
21267,21267,3943600020,20140829T000000,400000.0,4.0,2.5,2398,5988,2.0,0,0,3,8,2398,0,2008,0,98055,47.452,-122.204,2370,5988
21268,21268,1438000430,20141006T000000,459995.0,4.0,2.5,2350,3760,2.0,0,0,3,8,2350,0,2014,0,98059,47.4786,-122.123,2590,4136
21269,21269,1601600167,20140507T000000,365000.0,5.0,2.75,2410,5003,1.0,0,0,3,7,1410,1000,2008,0,98118,47.5298,-122.274,1590,5003
21270,21270,1773100541,20150417T000000,389950.0,3.0,2.25,1580,920,3.0,0,0,3,8,1580,0,2015,0,98106,47.5578,-122.363,1250,1150
21271,21271,1773100924,20140708T000000,320000.0,3.0,3.25,1450,1387,2.0,0,0,3,8,1180,270,2013,0,98106,47.5556,-122.362,1450,1198
21272,21272,982850080,20140613T000000,415500.0,4.0,2.5,1750,4779,2.0,0,0,3,7,1750,0,2009,0,98028,47.7608,-122.232,1580,4687
21273,21273,7628700050,20150309T000000,775000.0,3.0,2.5,3020,4120,2.0,0,0,3,9,2360,660,2008,0,98126,47.5714,-122.373,2280,4120
21274,21274,8673400020,20150311T000000,590000.0,3.0,3.0,1740,1100,3.0,0,0,3,8,1740,0,2007,0,98107,47.67,-122.391,1370,1180
21275,21275,8725950170,20150123T000000,950000.0,2.0,2.25,2200,2043,2.0,0,0,3,9,1760,440,2007,0,98004,47.6213,-122.2,2020,1957
21276,21276,6306800080,20140806T000000,378950.0,4.0,2.5,1867,15314,2.0,0,0,3,9,1867,0,2013,0,98030,47.3524,-122.198,2616,8048
21277,21277,3362401763,20140508T000000,441750.0,2.0,1.5,1020,1060,3.0,0,0,3,8,1020,0,2008,0,98103,47.6801,-122.348,1340,1415
21278,21278,301401630,20141031T000000,335900.0,4.0,2.75,2475,4000,2.0,0,0,3,7,2475,0,2014,0,98002,47.345,-122.209,2475,4000
21279,21279,6056110780,20140627T000000,229800.0,2.0,1.75,1110,1773,2.0,0,0,3,8,1110,0,2014,0,98108,47.5647,-122.293,1420,2855
21280,21280,6819100352,20150310T000000,645000.0,3.0,2.5,1900,1258,2.5,0,0,3,7,1700,200,2007,0,98119,47.6465,-122.358,1780,1877
21281,21281,9297302031,20150423T000000,448000.0,3.0,3.25,1560,1345,2.0,0,0,3,8,1260,300,2009,0,98126,47.5637,-122.375,1560,4800
21282,21282,7203150080,20141216T000000,706000.0,4.0,2.5,2510,5436,2.0,0,0,3,8,2510,0,2011,0,98053,47.6894,-122.016,2520,5436
21283,21283,2937300050,20150227T000000,988990.0,4.0,4.75,4150,6303,3.0,0,0,3,9,4150,0,2014,0,98052,47.7047,-122.123,3570,6285
21284,21284,9521100029,20140716T000000,716000.0,3.0,3.0,1660,1849,3.0,0,0,3,9,1660,0,2013,0,98103,47.6649,-122.353,1660,3300
21285,21285,832700170,20150421T000000,319000.0,2.0,1.5,1090,847,3.0,0,0,3,8,1090,0,2009,0,98133,47.7235,-122.352,1090,1118
21286,21286,6817750440,20141014T000000,300000.0,4.0,2.5,1914,3272,2.0,0,0,3,8,1914,0,2009,0,98055,47.4297,-122.189,1714,3250
21287,21287,123059127,20140502T000000,625000.0,4.0,3.25,2730,54014,1.0,0,0,3,9,1560,1170,2007,0,98059,47.5133,-122.11,2730,111274
21288,21288,3630200430,20140514T000000,773000.0,3.0,2.75,2470,3600,2.0,0,0,3,9,2470,0,2007,0,98029,47.5406,-121.994,2570,3600
21289,21289,3448740430,20140925T000000,392000.0,5.0,2.5,2340,5670,2.0,0,0,3,7,2340,0,2009,0,98059,47.4913,-122.152,2190,4869
21290,21290,1438000190,20140911T000000,549995.0,4.0,3.5,2660,5690,2.0,0,0,3,8,1920,740,2014,0,98059,47.4775,-122.122,2970,5690
21291,21291,7853320250,20140920T000000,480000.0,3.0,2.5,2410,4656,2.0,0,0,3,7,2410,0,2009,0,98065,47.5203,-121.874,2410,4840
21292,21292,100300280,20141020T000000,355000.0,3.0,2.25,1430,4777,2.0,0,0,3,7,1430,0,2010,0,98059,47.4867,-122.152,1639,3854
21293,21293,8862500280,20141230T000000,208400.0,2.0,2.5,1570,1268,3.0,0,0,3,7,1570,0,2007,0,98106,47.534,-122.365,1570,1300
21294,21294,1042700080,20140822T000000,831548.0,5.0,2.75,3010,4919,2.0,0,0,3,9,3010,0,2014,0,98074,47.6067,-122.052,3230,5415
21295,21295,4051150080,20141117T000000,279500.0,4.0,2.5,1613,4338,2.0,0,0,3,7,1613,0,2009,0,98042,47.3859,-122.162,1427,4341
21296,21296,5592200010,20150227T000000,445000.0,3.0,2.5,2380,5269,2.0,0,0,3,8,2380,0,2008,0,98056,47.5066,-122.192,2150,7600
21297,21297,7787920080,20140616T000000,492500.0,5.0,2.5,2570,9962,2.0,0,0,3,8,2570,0,2006,0,98019,47.7275,-121.957,2890,9075
21298,21298,3448740190,20140709T000000,435000.0,4.0,2.5,2550,5200,2.0,0,0,3,7,2550,0,2009,0,98059,47.4919,-122.153,2550,4660
21299,21299,8822900122,20150512T000000,325000.0,3.0,2.25,1330,969,3.0,0,0,3,7,1330,0,2007,0,98125,47.7177,-122.292,1310,1941
21300,21300,4083300098,20141117T000000,453000.0,2.0,1.5,1160,1269,2.0,0,0,3,7,970,190,2005,0,98103,47.6608,-122.335,1700,3150
21301,21301,1438000170,20140822T000000,612995.0,5.0,3.5,3240,6919,2.0,0,0,3,8,2760,480,2014,0,98059,47.4779,-122.122,2970,5690
21302,21302,7853360480,20140904T000000,540000.0,4.0,2.5,2710,9248,2.0,0,0,3,7,2710,0,2011,0,98065,47.5164,-121.875,2710,5000
21303,21303,522059130,20150429T000000,465000.0,3.0,1.0,1150,18200,1.0,0,0,5,7,1150,0,1959,0,98058,47.4262,-122.187,1714,18200
21304,21304,4385700185,20140812T000000,799950.0,3.0,2.25,1860,1386,3.0,0,0,3,9,1860,0,2014,0,98112,47.6368,-122.279,1680,3080
21305,21305,2768301476,20141124T000000,495000.0,3.0,2.25,1280,1517,2.0,0,0,3,8,1080,200,2008,0,98107,47.6651,-122.368,1280,1681
21306,21306,1862400541,20150228T000000,579950.0,3.0,2.5,1810,1585,3.0,0,0,3,7,1810,0,2014,0,98117,47.6957,-122.376,1560,1586
21307,21307,8562780280,20150220T000000,331000.0,2.0,2.25,1240,720,2.0,0,0,3,7,1150,90,2008,0,98027,47.5322,-122.072,1260,810
21308,21308,9528101061,20140825T000000,580000.0,4.0,3.5,1460,951,3.0,0,0,3,8,1460,0,2008,0,98115,47.6821,-122.326,1430,1282
21309,21309,6056110460,20150414T000000,669000.0,2.0,2.5,1640,1953,2.0,0,0,3,10,1640,0,2014,0,98118,47.5639,-122.292,1820,2653
21310,21310,2154970020,20140703T000000,2351960.0,4.0,4.25,5010,19412,2.0,0,1,3,11,4000,1010,2014,0,98040,47.5455,-122.211,3820,17064
21311,21311,5694500497,20150116T000000,539900.0,3.0,3.25,1300,1325,2.0,0,0,3,8,1080,220,2005,0,98103,47.6584,-122.346,1290,1323
21312,21312,7708200670,20140723T000000,490000.0,4.0,2.5,2510,4349,2.0,0,0,3,8,2510,0,2010,0,98059,47.4927,-122.147,2510,4314
21313,21313,8562770050,20140527T000000,627000.0,3.0,3.5,2710,3475,2.0,0,0,3,8,1650,1060,2005,0,98027,47.5359,-122.072,2440,2867
21314,21314,1441000470,20140728T000000,458000.0,4.0,3.5,3217,4000,2.0,0,0,3,8,2587,630,2008,0,98055,47.4483,-122.203,2996,5418
21315,21315,6056100293,20141110T000000,440000.0,3.0,2.5,1650,4929,2.0,0,0,3,7,1520,130,2007,0,98108,47.5634,-122.298,1520,2287
21316,21316,6600000050,20150310T000000,1698000.0,4.0,3.5,3950,6240,2.0,0,0,3,11,3950,0,2015,0,98112,47.6221,-122.29,2040,6240
21317,21317,1732800199,20150511T000000,935000.0,2.0,2.5,1680,977,3.0,0,0,3,9,1680,0,2009,0,98119,47.632,-122.361,1680,977
21318,21318,7853360470,20150417T000000,641000.0,5.0,3.5,3420,6403,2.0,0,2,3,8,2700,720,2013,0,98065,47.5162,-121.874,2710,6038
21319,21319,3438501583,20140911T000000,452000.0,3.0,2.75,2300,5090,2.0,0,0,3,8,1700,600,2007,0,98106,47.545,-122.36,1530,9100
21320,21320,7853370250,20141223T000000,625000.0,4.0,2.75,3010,6854,2.0,0,2,3,9,2570,440,2012,0,98065,47.5171,-121.876,1830,2952
21321,21321,2387600010,20150303T000000,1350000.0,4.0,3.5,4680,12495,2.0,0,0,3,10,3040,1640,2008,0,98033,47.6984,-122.206,3240,10749
21322,21322,8946780080,20140908T000000,834950.0,5.0,3.5,3630,4911,2.0,0,0,3,9,2790,840,2014,0,98034,47.718,-122.156,3600,4992
21323,21323,9402800005,20141028T000000,1500000.0,3.0,3.5,3530,3610,2.0,0,0,3,10,2370,1160,2008,0,98103,47.6857,-122.339,1780,3610
21324,21324,5422950080,20140825T000000,305000.0,4.0,2.5,2280,3800,2.0,0,0,3,7,2280,0,2006,0,98038,47.3586,-122.036,2630,4045
21325,21325,2826079027,20141112T000000,659000.0,3.0,2.5,3090,384634,2.0,0,0,3,8,3090,0,2007,0,98019,47.7072,-121.927,2200,292645
21326,21326,6003000851,20140522T000000,353000.0,1.0,1.0,550,1279,2.0,0,0,3,7,550,0,2008,0,98122,47.61600000000001,-122.314,1460,1385
21327,21327,7394400080,20150304T000000,535000.0,4.0,3.25,2840,4000,2.0,0,3,3,9,2330,510,2014,0,98108,47.5529,-122.293,2160,4867
21328,21328,1238501184,20140708T000000,999000.0,4.0,2.5,3130,10849,2.0,0,0,3,10,3130,0,2013,0,98033,47.6828,-122.186,2470,9131
21329,21329,263000009,20150129T000000,375000.0,3.0,2.5,1440,1102,3.0,0,0,3,8,1440,0,2009,0,98103,47.6995,-122.346,1440,1434
21330,21330,5101408889,20140616T000000,685000.0,4.0,3.5,2840,4637,3.0,0,0,3,8,2840,0,2008,0,98125,47.7033,-122.321,1730,5279
21331,21331,7299601410,20140808T000000,333000.0,4.0,2.5,2623,7184,2.0,0,0,3,8,2623,0,2012,0,98092,47.25899999999999,-122.202,2010,4939
21332,21332,9266700190,20150511T000000,245000.0,1.0,1.0,390,2000,1.0,0,0,4,6,390,0,1920,0,98103,47.6938,-122.347,1340,5100
21333,21333,2424059174,20150508T000000,1999950.0,4.0,3.25,5640,35006,2.0,0,2,3,11,4900,740,2015,0,98006,47.5491,-122.104,4920,35033
21334,21334,8562780290,20141015T000000,329950.0,2.0,2.25,1260,1032,2.0,0,0,3,7,1170,90,2008,0,98027,47.5323,-122.072,1240,809
21335,21335,5100400244,20150420T000000,403000.0,2.0,1.0,894,1552,2.0,0,0,3,7,894,0,2011,0,98115,47.6911,-122.313,1131,1992
21336,21336,3744000130,20141111T000000,559630.0,4.0,2.5,3370,4934,2.0,0,0,3,9,3370,0,2014,0,98038,47.3562,-122.022,2980,5046
21337,21337,993001976,20140818T000000,344000.0,3.0,2.25,1250,871,3.0,0,0,3,8,1250,0,2007,0,98103,47.6907,-122.343,1250,1158
21338,21338,525049174,20150402T000000,435000.0,3.0,1.5,1180,1231,3.0,0,0,3,7,1180,0,2008,0,98115,47.6845,-122.315,1280,3360
21339,21339,5393600562,20140522T000000,430000.0,2.0,2.5,1520,1588,2.0,0,0,3,8,1240,280,2007,0,98144,47.5825,-122.313,1660,6000
21340,21340,4187000190,20141117T000000,417000.0,3.0,2.5,2000,4500,2.0,0,0,3,7,2000,0,2010,0,98059,47.4937,-122.149,2230,4501
21341,21341,2862500190,20150409T000000,895950.0,5.0,2.75,3180,9255,2.0,0,0,3,9,3180,0,2014,0,98074,47.6232,-122.023,3180,7782
21342,21342,5045700470,20150319T000000,563950.0,4.0,2.75,3050,4750,2.0,0,0,3,8,3050,0,2014,0,98059,47.4857,-122.153,2730,5480
21343,21343,2924079034,20140925T000000,332220.0,3.0,1.5,2580,47480,1.0,0,0,3,7,1360,1220,1953,0,98024,47.5333,-121.933,1760,48181
21344,21344,8835770170,20140822T000000,1488000.0,5.0,6.0,6880,279968,2.0,0,3,3,12,4070,2810,2007,0,98045,47.4624,-121.779,4690,256803
21345,21345,3630200480,20140612T000000,680000.0,3.0,2.5,2570,3600,2.5,0,0,3,9,2570,0,2007,0,98027,47.5412,-121.994,2570,3600
21346,21346,8562790080,20150209T000000,825750.0,4.0,3.5,2950,3737,2.0,0,0,3,10,2270,680,2012,0,98027,47.5313,-122.074,2580,3581
21347,21347,8165500780,20141209T000000,338000.0,3.0,2.5,1690,1760,2.0,0,0,3,8,1410,280,2014,0,98106,47.5387,-122.367,1740,1760
21348,21348,1442870050,20140718T000000,535365.0,4.0,2.75,2790,6969,2.0,0,0,3,8,2790,0,2012,0,98045,47.4836,-121.769,2620,6307
21349,21349,1704900303,20141211T000000,608000.0,3.0,2.25,1720,5234,2.0,0,0,3,9,1240,480,2011,0,98118,47.5547,-122.278,1720,5825
21350,21350,6132600655,20141016T000000,930000.0,3.0,2.25,2890,5000,3.0,0,0,3,9,2890,0,2014,0,98117,47.6983,-122.389,2020,5000
21351,21351,3421069049,20141021T000000,565000.0,2.0,1.75,1130,276170,1.0,0,0,3,8,1130,0,2006,0,98022,47.2673,-122.027,2092,217800
21352,21352,7169500130,20141219T000000,495000.0,2.0,2.25,1460,1623,2.0,0,0,3,8,1260,200,2005,0,98115,47.6764,-122.301,1460,1137
21353,21353,8732900840,20140722T000000,667000.0,3.0,2.5,2510,3819,2.0,0,0,3,8,2510,0,2007,0,98052,47.6987,-122.096,2520,3990
21354,21354,5379803372,20141112T000000,495000.0,4.0,2.5,3390,7870,2.0,0,0,3,8,3390,0,2014,0,98188,47.4536,-122.274,1960,10069
21355,21355,2937300430,20140929T000000,928990.0,4.0,2.5,3570,6054,2.0,0,0,3,9,3570,0,2014,0,98052,47.7053,-122.126,3600,6050
21356,21356,5422950020,20140630T000000,345000.0,4.0,2.5,2280,5000,2.0,0,0,3,7,2280,0,2006,0,98038,47.3593,-122.037,2910,5000
21357,21357,3797001702,20141216T000000,1065000.0,5.0,3.5,2920,3000,2.0,0,0,3,9,2260,660,2014,0,98103,47.6846,-122.349,1580,4000
21358,21358,1438000130,20140703T000000,519995.0,4.0,3.0,2590,6160,2.0,0,0,3,8,2590,0,2014,0,98059,47.4784,-122.122,2670,5600
21359,21359,1853080130,20141105T000000,924000.0,5.0,2.75,3210,8001,2.0,0,0,3,9,3210,0,2014,0,98074,47.5935,-122.061,3190,6624
21360,21360,741500010,20150424T000000,295000.0,3.0,2.0,1230,3405,1.0,0,0,3,7,1230,0,2010,0,98058,47.438,-122.179,1440,4066
21361,21361,3123089027,20140721T000000,472000.0,3.0,2.5,3800,104979,2.0,0,0,3,8,3210,590,2005,0,98045,47.4304,-121.841,2040,109771
21362,21362,3630080190,20140801T000000,405000.0,3.0,2.5,1500,2314,2.0,0,0,3,7,1500,0,2005,0,98029,47.5537,-121.998,1440,2170
21363,21363,3782760080,20140718T000000,410000.0,4.0,2.25,2510,4090,2.0,0,0,3,8,1840,670,2012,0,98019,47.7345,-121.967,2070,4090
21364,21364,8024200684,20141125T000000,419500.0,3.0,1.5,1400,1091,3.0,0,0,3,8,1400,0,2007,0,98115,47.6989,-122.317,1270,1413
21365,21365,982850020,20140903T000000,382000.0,3.0,2.25,1450,4667,2.0,0,0,3,7,1450,0,2009,0,98028,47.7611,-122.233,1490,4667
21366,21366,5649600462,20150224T000000,370000.0,2.0,2.5,1390,1821,2.0,0,0,3,7,1180,210,2007,0,98118,47.5537,-122.282,1350,1821
21367,21367,3449820430,20141006T000000,553000.0,3.0,2.75,3160,9072,2.0,0,0,3,9,3160,0,2005,0,98056,47.5147,-122.177,3160,9072
21368,21368,9533100285,20140630T000000,2065000.0,4.0,3.75,4350,7965,2.0,0,0,3,10,4350,0,2013,0,98004,47.6289,-122.205,2190,8557
21369,21369,923059259,20150401T000000,455950.0,4.0,2.5,2720,5771,2.0,0,0,3,8,2720,0,2015,0,98056,47.4917,-122.17,1940,4184
21370,21370,6431000748,20141027T000000,331000.0,3.0,3.25,1290,1153,3.0,0,0,3,7,1290,0,2008,0,98103,47.6904,-122.346,1290,1200
21371,21371,3753000010,20140507T000000,417250.0,3.0,2.25,1606,1452,3.0,0,0,3,8,1606,0,2009,0,98125,47.7175,-122.284,1516,1939
21372,21372,6169901185,20140520T000000,490000.0,5.0,3.5,4460,2975,3.0,0,2,3,10,3280,1180,2015,0,98119,47.6313,-122.37,2490,4231
21373,21373,2309710150,20140804T000000,325000.0,4.0,3.25,2800,5291,2.0,0,0,3,7,2800,0,2011,0,98022,47.1937,-121.977,2380,5291
21374,21374,1773600264,20150223T000000,705000.0,5.0,3.5,3250,4800,2.0,0,0,3,9,2410,840,2010,0,98106,47.5618,-122.362,1330,4920
21375,21375,6061500100,20140717T000000,1174660.0,6.0,3.5,4310,7760,2.0,0,0,3,10,3260,1050,2013,0,98059,47.5297,-122.155,4620,10217
21376,21376,1282300995,20150222T000000,365000.0,3.0,2.25,1310,915,2.0,0,0,3,7,1060,250,2007,0,98144,47.5738,-122.293,1500,1215
21377,21377,597000593,20141117T000000,403000.0,2.0,1.5,1240,1101,2.0,0,0,3,8,1080,160,2009,0,98144,47.5758,-122.309,1530,1209
21378,21378,7853321110,20140813T000000,409000.0,3.0,2.5,1950,7263,2.0,0,0,3,7,1950,0,2007,0,98065,47.5194,-121.869,2190,5900
21379,21379,3278612450,20150407T000000,391000.0,3.0,2.5,1800,1120,2.0,0,0,3,8,1800,0,2011,0,98126,47.5436,-122.369,1800,2380
21380,21380,1438000120,20140616T000000,542525.0,4.0,2.5,2650,5600,2.0,0,0,3,8,2650,0,2014,0,98059,47.4786,-122.122,2650,5600
21381,21381,9521100301,20140507T000000,339950.0,2.0,1.0,820,681,3.0,0,0,3,8,820,0,2006,0,98103,47.6619,-122.352,820,1156
21382,21382,1442870040,20140819T000000,499990.0,4.0,2.75,2620,7001,2.0,0,0,3,8,2620,0,2012,0,98045,47.4838,-121.769,2620,6543
21383,21383,644000115,20140923T000000,1765000.0,4.0,3.25,3980,10249,2.0,0,0,3,10,3980,0,2011,0,98004,47.5873,-122.196,2450,10912
21384,21384,6372000297,20150323T000000,608000.0,3.0,3.5,1660,2298,2.0,0,0,3,8,1260,400,2009,0,98116,47.5809,-122.403,1500,2198
21385,21385,6600060150,20150312T000000,392000.0,4.0,2.5,2130,4028,2.0,0,0,3,8,2130,0,2014,0,98146,47.5108,-122.363,1830,7817
21386,21386,774101755,20150417T000000,320000.0,3.0,1.75,1790,66250,1.5,0,0,3,7,1790,0,2003,0,98014,47.7179,-121.403,1440,59346
21387,21387,2895800750,20150417T000000,274800.0,3.0,1.75,1410,1988,2.0,0,0,3,8,1410,0,2014,0,98106,47.5171,-122.347,1410,1899
21388,21388,2424039029,20150427T000000,325000.0,3.0,2.25,1330,1198,2.0,0,0,3,8,1080,250,2007,0,98106,47.555,-122.362,1260,1062
21389,21389,3448740360,20150429T000000,418500.0,4.0,2.5,2190,4866,2.0,0,0,3,7,2190,0,2009,0,98059,47.4907,-122.152,2190,5670
21390,21390,3832050580,20140502T000000,300000.0,3.0,2.5,2540,5050,2.0,0,0,3,7,2540,0,2006,0,98042,47.3358,-122.055,2280,5050
21391,21391,3094000210,20150105T000000,269950.0,3.0,2.5,2244,4079,2.0,0,0,3,7,2244,0,2012,0,98001,47.2606,-122.254,2077,4078
21392,21392,321030150,20150506T000000,358000.0,3.0,2.5,2026,7611,2.0,0,0,3,8,2026,0,2010,0,98042,47.3733,-122.162,2270,7611
21393,21393,7694200090,20150504T000000,350000.0,3.0,2.5,1730,4086,2.0,0,0,3,8,1730,0,2013,0,98146,47.5016,-122.341,2030,4086
21394,21394,3299710110,20140528T000000,782000.0,4.0,3.5,3910,8095,2.0,0,0,3,9,3130,780,2007,0,98029,47.5588,-122.036,3770,7021
21395,21395,3879900754,20140915T000000,779000.0,3.0,2.5,1580,1487,3.0,0,1,3,9,1580,0,2009,0,98119,47.6276,-122.359,1610,1297
21396,21396,8732900300,20141217T000000,685000.0,4.0,2.5,2510,3479,2.0,0,0,3,8,2510,0,2007,0,98052,47.6981,-122.099,2540,4171
21397,21397,6021503698,20140529T000000,305000.0,2.0,2.25,1000,905,3.0,0,0,3,8,1000,0,2006,0,98117,47.6842,-122.387,980,1023
21398,21398,3333000745,20150417T000000,350000.0,4.0,2.5,1660,2500,2.0,0,0,3,7,1660,0,2007,0,98118,47.5437,-122.283,1030,5000
21399,21399,3630220220,20140923T000000,775000.0,4.0,3.5,3060,4573,2.0,0,0,3,9,2410,650,2012,0,98029,47.5522,-122.001,3170,3634
21400,21400,9478500180,20140828T000000,317750.0,3.0,2.5,1980,4500,2.0,0,0,3,7,1980,0,2012,0,98042,47.3682,-122.117,1980,4500
21401,21401,2771602427,20140508T000000,438000.0,2.0,1.0,980,1179,2.0,0,0,3,8,980,0,2010,0,98119,47.6381,-122.375,1190,1600
21402,21402,1498301168,20140528T000000,325000.0,2.0,2.5,1050,1609,2.0,0,0,3,7,1050,0,2005,0,98144,47.5854,-122.313,1120,1693
21403,21403,8562790580,20150428T000000,830000.0,4.0,3.25,3080,4287,2.0,0,0,3,10,2230,850,2012,0,98027,47.5313,-122.076,2250,2520
21404,21404,2325400040,20140922T000000,353000.0,3.0,2.25,1900,3800,2.0,0,0,3,7,1900,0,2006,0,98059,47.4866,-122.16,1950,3800
21405,21405,5045700330,20140725T000000,460000.0,4.0,2.5,2200,6400,2.0,0,0,3,8,2200,0,2010,0,98059,47.4856,-122.156,2600,5870
21406,21406,3126049498,20150316T000000,370000.0,3.0,1.5,1360,1167,3.0,0,0,3,8,1360,0,2008,0,98103,47.6962,-122.349,1360,1167
21407,21407,9578140360,20140619T000000,330000.0,3.0,2.5,2238,7209,2.0,0,0,3,8,2238,0,2011,0,98023,47.2966,-122.353,2456,7212
21408,21408,3343901408,20150128T000000,569888.0,4.0,2.5,2590,6474,2.0,0,0,3,8,2590,0,2014,0,98056,47.5164,-122.19,1960,8679
21409,21409,7859910110,20140918T000000,353900.0,3.0,2.5,2517,3900,2.0,0,0,3,8,2517,0,2014,0,98092,47.3211,-122.182,2390,7108
21410,21410,7852120180,20150304T000000,695000.0,4.0,3.5,3510,9084,2.0,0,0,3,10,3510,0,2001,0,98065,47.5402,-121.875,3690,9568
21411,21411,9268850180,20140718T000000,288790.0,3.0,1.75,1290,1237,2.0,0,0,3,7,1060,230,2008,0,98027,47.54,-122.026,1370,942
21412,21412,6031400092,20150213T000000,334950.0,5.0,3.0,2230,8642,1.0,0,0,3,7,1330,900,2014,0,98168,47.487,-122.32,2100,11056
21413,21413,1853080790,20141215T000000,869950.0,4.0,2.75,3140,7928,2.0,0,0,3,9,3140,0,2013,0,98074,47.5923,-122.058,3500,7055
21414,21414,1624049291,20141008T000000,557500.0,3.0,3.5,3350,5025,2.0,0,2,3,8,2670,680,2014,0,98144,47.5699,-122.296,2030,5117
21415,21415,7237450100,20140919T000000,389990.0,4.0,2.5,2245,4330,2.0,0,0,3,8,2245,0,2014,0,98038,47.3557,-122.063,2530,4478
21416,21416,9521100214,20140604T000000,455000.0,3.0,1.75,1420,1189,3.0,0,0,3,8,1420,0,2006,0,98103,47.6625,-122.352,1380,1196
21417,21417,5693501102,20141030T000000,598500.0,3.0,3.0,1560,2091,3.0,0,0,3,8,1560,0,2006,0,98103,47.6604,-122.352,1530,2091
21418,21418,6891100590,20150302T000000,750000.0,4.0,2.75,2810,5497,2.0,0,0,3,9,2810,0,2011,0,98052,47.7081,-122.116,2990,5842
21419,21419,2254501095,20141113T000000,729999.0,2.0,2.25,1630,1686,2.0,0,0,3,10,1330,300,2014,0,98122,47.6113,-122.314,1570,2580
21420,21420,9478550110,20150303T000000,299950.0,3.0,2.5,1740,4497,2.0,0,0,3,7,1740,0,2012,0,98042,47.3697,-122.117,1950,4486
21421,21421,993001961,20140709T000000,374950.0,3.0,2.25,1390,1484,3.0,0,0,3,8,1390,0,2007,0,98103,47.6912,-122.343,1250,1087
21422,21422,9274200028,20150219T000000,386950.0,3.0,2.5,1070,1089,2.0,0,0,3,7,900,170,2009,0,98116,47.5902,-122.387,1450,1437
21423,21423,7708200180,20140710T000000,535000.0,5.0,3.25,2850,4551,2.0,0,0,3,8,2370,480,2006,0,98059,47.4916,-122.144,2850,4849
21424,21424,8691430330,20140831T000000,890000.0,5.0,3.25,4100,7578,2.0,0,2,3,10,4100,0,2011,0,98075,47.5955,-121.974,3710,8156
21425,21425,8924100308,20150203T000000,1050000.0,4.0,2.5,3260,5974,2.0,0,1,3,9,2820,440,2007,0,98115,47.6772,-122.267,2260,6780
21426,21426,1070000180,20141015T000000,1107460.0,4.0,3.5,3660,4760,2.0,0,0,3,9,2840,820,2014,0,98199,47.6482,-122.409,3210,4640
21427,21427,1085623630,20141003T000000,436952.0,4.0,2.5,2708,4772,2.0,0,0,3,9,2708,0,2014,0,98092,47.3413,-122.178,2502,4900
21428,21428,3278605550,20140609T000000,365000.0,3.0,2.5,1800,2700,2.0,0,0,3,8,1800,0,2011,0,98126,47.5458,-122.369,1580,2036
21429,21429,1139000062,20140625T000000,288000.0,3.0,2.5,1150,887,3.0,0,0,3,7,1150,0,2007,0,98133,47.7072,-122.356,1180,915
21430,21430,2838000180,20150220T000000,700000.0,3.0,2.5,2230,4006,2.0,0,0,3,8,2230,0,2014,0,98133,47.73,-122.335,2230,4180
21431,21431,2725079018,20140509T000000,800000.0,4.0,3.25,3540,159430,2.0,0,0,3,9,3540,0,2007,0,98014,47.6285,-121.899,1940,392040
21432,21432,7104100110,20150511T000000,899000.0,4.0,3.5,2490,5500,2.0,0,0,3,9,1780,710,2015,0,98136,47.5499,-122.393,1710,5500
21433,21433,259500230,20141218T000000,465750.0,3.0,2.5,2670,4534,2.0,0,0,3,9,2670,0,2007,0,98056,47.51,-122.184,3040,5079
21434,21434,9523100712,20140618T000000,485000.0,2.0,2.5,1430,923,3.0,0,0,3,8,1410,20,2008,0,98103,47.6683,-122.355,1620,1505
21435,21435,1438000360,20140603T000000,494995.0,5.0,2.75,2670,3800,2.0,0,0,3,8,2670,0,2014,0,98059,47.4783,-122.123,2670,3800
21436,21436,1608000120,20150202T000000,255000.0,3.0,2.5,2555,5720,2.0,0,0,3,8,2555,0,2006,0,98031,47.386,-122.184,2844,5769
21437,21437,7853361120,20140729T000000,530000.0,3.0,2.5,1970,6295,2.0,0,0,3,7,1970,0,2011,0,98065,47.5158,-121.874,2710,6009
21438,21438,2461900448,20140616T000000,435000.0,3.0,2.0,1980,2674,3.0,0,0,3,8,1980,0,2007,0,98136,47.5524,-122.382,1440,2674
21439,21439,1703400910,20140811T000000,639000.0,3.0,2.5,2010,3300,2.0,0,0,3,9,1610,400,2014,0,98118,47.5573,-122.287,1660,4950
21440,21440,8024200683,20140709T000000,440000.0,3.0,1.5,1270,1413,3.0,0,0,3,8,1270,0,2007,0,98115,47.6989,-122.317,1270,1413
21441,21441,9544700730,20140515T000000,914500.0,4.0,2.5,3950,10856,3.0,0,0,3,10,3950,0,2013,0,98075,47.5818,-121.996,3200,10856
21442,21442,8682320900,20141105T000000,580000.0,3.0,2.0,1870,5300,1.0,0,0,3,8,1870,0,2009,0,98053,47.7106,-122.02,1870,5050
21443,21443,3278600750,20150407T000000,250000.0,1.0,1.5,1180,1688,2.0,0,0,3,8,1070,110,2007,0,98126,47.549,-122.372,1380,2059
21444,21444,5676000008,20150316T000000,410000.0,3.0,2.5,1420,1269,3.0,0,0,3,7,1420,0,2007,0,98103,47.6904,-122.342,1420,1300
21445,21445,3744000150,20140928T000000,531155.0,4.0,2.75,2810,5046,2.0,0,0,3,9,2810,0,2014,0,98038,47.3559,-122.022,3060,4934
21446,21446,3630080120,20140919T000000,358000.0,3.0,2.5,1400,1529,2.0,0,0,3,7,1400,0,2005,0,98029,47.5535,-121.997,1440,1536
21447,21447,7853360620,20140701T000000,425000.0,3.0,2.5,1950,5689,2.0,0,0,3,7,1950,0,2009,0,98065,47.5158,-121.873,2190,5653
21448,21448,255550100,20140711T000000,326000.0,3.0,2.25,1930,3462,2.0,0,0,3,7,1930,0,2004,0,98019,47.7453,-121.985,1930,2952
21449,21449,9268200484,20140513T000000,650000.0,4.0,2.5,2210,4861,2.0,0,0,3,9,2210,0,2013,0,98117,47.6959,-122.364,1590,5080
21450,21450,8562790720,20150514T000000,749950.0,4.0,3.5,2630,3757,2.0,0,0,3,10,2200,430,2008,0,98027,47.5322,-122.075,2620,2699
21451,21451,7140700690,20150312T000000,239950.0,3.0,1.75,1600,4888,1.0,0,0,3,6,1600,0,2014,0,98042,47.383,-122.097,2520,5700
21452,21452,3624039183,20140609T000000,315000.0,3.0,2.5,1480,1590,2.0,0,0,3,8,1150,330,2010,0,98106,47.5302,-122.362,1480,5761
21453,21453,2254502071,20140523T000000,375000.0,2.0,2.5,750,1430,2.0,0,0,3,8,750,0,2006,0,98122,47.6093,-122.31,1320,2790
21454,21454,4310702838,20150427T000000,375000.0,3.0,1.5,1290,1213,3.0,0,0,3,8,1290,0,2007,0,98103,47.6965,-122.34,1360,1227
21455,21455,6431000749,20140922T000000,349000.0,3.0,3.25,1340,1151,3.0,0,0,3,7,1340,0,2008,0,98103,47.6904,-122.346,1290,1200
21456,21456,3362401761,20150225T000000,450000.0,2.0,1.5,1020,1049,3.0,0,0,3,8,1020,0,2008,0,98103,47.68,-122.348,1350,1395
21457,21457,3629700120,20141014T000000,669950.0,3.0,3.0,2330,1944,2.5,0,0,3,8,1950,380,2014,0,98027,47.5446,-122.016,2290,1407
21458,21458,3226049565,20140711T000000,504600.0,5.0,3.0,2360,5000,1.0,0,0,3,7,1390,970,2008,0,98103,47.6931,-122.33,2180,5009
21459,21459,567000408,20140602T000000,400000.0,3.0,2.5,1495,936,3.0,0,0,3,8,1405,90,2006,0,98144,47.593,-122.295,1495,1186
21460,21460,825059349,20140701T000000,1020000.0,4.0,3.5,3770,8501,2.0,0,0,3,10,3770,0,2008,0,98033,47.6744,-122.196,1520,9660
21461,21461,7787920230,20150408T000000,518000.0,5.0,2.5,2890,13104,2.0,0,0,3,8,2890,0,2006,0,98019,47.7277,-121.958,3020,9300
21462,21462,5694000706,20140813T000000,535000.0,3.0,2.75,1320,1125,3.0,0,0,3,8,1320,0,2008,0,98103,47.6598,-122.348,1320,1266
21463,21463,1760650900,20140721T000000,337500.0,4.0,2.5,2330,4907,2.0,0,0,3,7,2330,0,2013,0,98042,47.359,-122.081,2300,3836
21464,21464,2021000180,20150310T000000,380000.0,4.0,2.5,3120,5001,2.0,0,0,3,9,3120,0,2005,0,98023,47.2779,-122.349,3120,5244
21465,21465,6400700389,20140710T000000,875000.0,5.0,3.0,2960,15152,2.0,0,0,3,9,2960,0,2004,0,98033,47.6689,-122.179,1850,9453
21466,21466,6431000987,20140902T000000,385000.0,3.0,2.25,1630,1598,3.0,0,0,3,8,1630,0,2008,0,98103,47.6904,-122.347,1320,1605
21467,21467,2311400056,20141201T000000,1987500.0,5.0,3.5,5230,8960,2.0,0,0,3,11,4450,780,2014,0,98004,47.5964,-122.201,2310,9603
21468,21468,3224059107,20150508T000000,649500.0,4.0,3.0,3150,6599,2.0,0,0,3,9,3150,0,2008,0,98056,47.5279,-122.199,2680,9430
21469,21469,1245002281,20140512T000000,1050000.0,4.0,3.75,3280,11000,2.0,0,0,3,10,2320,960,2008,0,98033,47.6855,-122.201,2400,8351
21470,21470,121039156,20150109T000000,249000.0,3.0,1.0,1030,24750,1.0,0,2,3,5,1030,0,1943,0,98023,47.3343,-122.362,2810,28800
21471,21471,9211000110,20141003T000000,525000.0,4.0,2.5,3130,5795,2.0,0,0,3,9,3130,0,2008,0,98059,47.4997,-122.151,2950,5259
21472,21472,7625702263,20140612T000000,402000.0,3.0,3.5,1240,1666,2.0,0,0,3,7,1000,240,2008,0,98136,47.5496,-122.388,1110,1027
21473,21473,8085400586,20141101T000000,1750000.0,4.0,2.75,3560,8975,2.0,0,0,3,10,3560,0,2014,0,98004,47.6322,-122.209,3440,12825
21474,21474,2895800590,20141020T000000,359800.0,5.0,2.5,2170,2752,2.0,0,0,3,8,2170,0,2014,0,98106,47.5167,-122.347,1800,2752
21475,21475,100300530,20140925T000000,330000.0,3.0,2.5,1520,3003,2.0,0,0,3,7,1520,0,2009,0,98059,47.4876,-122.153,1820,3030
21476,21476,4092302096,20150325T000000,433000.0,3.0,2.5,1270,1062,2.0,0,0,3,8,1060,210,2008,0,98105,47.6568,-122.321,1260,1112
21477,21477,7010700308,20141112T000000,1010800.0,4.0,3.25,3610,4000,2.0,0,0,3,9,2640,970,2007,0,98199,47.658,-122.396,1980,4000
21478,21478,7853370100,20150406T000000,599832.0,3.0,2.75,3230,5200,2.0,0,0,3,9,2680,550,2014,0,98065,47.519,-121.878,3100,4900
21479,21479,6181500120,20140623T000000,312891.0,5.0,3.0,2300,8214,2.0,0,0,3,8,2300,0,2013,0,98001,47.3052,-122.276,2594,4950
21480,21480,567000775,20140912T000000,449000.0,2.0,2.5,1460,1296,2.0,0,0,3,8,1160,300,2008,0,98144,47.5923,-122.296,1460,1296
21481,21481,3331000035,20140527T000000,495000.0,3.0,2.5,1750,1548,3.0,0,0,3,9,1750,0,2013,0,98118,47.5532,-122.282,1750,3960
21482,21482,4216500110,20140515T000000,819995.0,5.0,2.75,3030,10335,2.0,0,0,3,9,3030,0,2013,0,98056,47.5305,-122.184,2720,11213
21483,21483,2776600082,20141113T000000,407500.0,3.0,3.5,1522,1465,2.0,0,0,3,8,1248,274,2006,0,98117,47.6922,-122.375,1522,1341
21484,21484,323079058,20150105T000000,850000.0,4.0,3.75,3890,22000,2.0,0,0,3,10,3890,0,2007,0,98027,47.5052,-121.906,1610,23142
21485,21485,1088100450,20140725T000000,1720000.0,5.0,4.0,4590,35046,2.0,0,0,3,10,4590,0,2008,0,98033,47.6647,-122.16,3350,35857
21486,21486,98300230,20150428T000000,1459000.0,4.0,4.0,4620,130208,2.0,0,0,3,10,4620,0,2014,0,98024,47.5885,-121.939,4620,131007
21487,21487,847100047,20140917T000000,579000.0,4.0,2.75,3220,9825,2.0,0,0,3,8,3220,0,2012,0,98059,47.4863,-122.143,2820,8566
21488,21488,1853080150,20140811T000000,890776.0,5.0,2.75,3170,8093,2.0,0,0,3,9,3170,0,2014,0,98075,47.5933,-122.06,3210,7062
21489,21489,6021503707,20150120T000000,352500.0,2.0,2.5,980,1010,3.0,0,0,3,8,980,0,2008,0,98117,47.6844,-122.387,980,1023
21490,21490,9512200090,20150501T000000,529000.0,3.0,1.75,2340,7724,1.0,0,0,3,10,2340,0,2010,0,98058,47.4593,-122.134,3040,5787
21491,21491,9268850040,20150327T000000,484000.0,3.0,2.25,1620,1425,3.0,0,0,3,8,1540,80,2009,0,98027,47.5405,-122.026,1620,1237
21492,21492,7283900306,20150417T000000,400000.0,3.0,2.5,1910,4408,3.0,0,0,3,8,1910,0,2007,0,98133,47.7634,-122.35,1910,8154
21493,21493,1980200236,20150417T000000,649950.0,3.0,2.5,2420,6847,2.0,0,0,3,9,2420,0,2009,0,98133,47.7329,-122.356,1180,8100
21494,21494,2413910120,20140702T000000,915000.0,3.0,4.5,3850,62726,2.0,0,0,3,10,3120,730,2013,0,98053,47.6735,-122.058,2630,46609
21495,21495,7787920180,20150504T000000,534950.0,5.0,2.5,3220,10572,2.0,0,0,3,8,3220,0,2006,0,98019,47.7268,-121.957,2890,9090
21496,21496,1283800110,20140506T000000,776000.0,4.0,2.5,3040,6425,2.0,0,0,3,8,3040,0,2008,0,98052,47.6788,-122.117,3040,7800
21497,21497,6140100028,20150501T000000,370000.0,3.0,1.75,1496,1423,2.0,0,0,3,8,1248,248,2006,0,98133,47.715,-122.355,1460,1423
21498,21498,1972200555,20140714T000000,610000.0,3.0,1.75,1630,1500,3.0,0,0,3,8,1630,0,2014,0,98103,47.6536,-122.354,1570,1335
21499,21499,6891100090,20141014T000000,850000.0,5.0,3.5,4200,5400,2.0,0,0,3,9,3140,1060,2012,0,98052,47.7077,-122.12,3300,5564
21500,21500,3438503021,20141105T000000,443000.0,3.0,2.5,2430,7049,2.0,0,0,3,8,2430,0,2007,0,98106,47.5399,-122.352,1770,7049
21501,21501,4233600150,20150203T000000,1150000.0,5.0,4.25,4010,8252,2.0,0,0,3,10,4010,0,2015,0,98075,47.5974,-122.013,3370,8252
21502,21502,2770601782,20140801T000000,453000.0,3.0,2.5,1510,1618,2.5,0,0,3,8,1330,180,2011,0,98199,47.6515,-122.384,1350,1397
21503,21503,9268851020,20150410T000000,735000.0,4.0,3.5,2340,2810,2.0,0,2,3,8,1730,610,2011,0,98027,47.5403,-122.028,2600,2843
21504,21504,8682291050,20140708T000000,810000.0,2.0,2.75,2700,8572,1.0,0,0,3,9,2700,0,2007,0,98053,47.7236,-122.033,2680,8569
21505,21505,9468200109,20140617T000000,1555000.0,3.0,3.5,4360,6240,2.0,0,3,3,10,2960,1400,2008,0,98103,47.6791,-122.354,1920,3910
21506,21506,2524069097,20140509T000000,2238890.0,5.0,6.5,7270,130017,2.0,0,0,3,12,6420,850,2010,0,98027,47.5371,-121.982,1800,44890
21507,21507,7625702441,20140808T000000,377500.0,3.0,2.5,1350,886,3.0,0,0,3,8,1270,80,2006,0,98136,47.5491,-122.387,1350,886
21508,21508,9521100866,20140618T000000,482000.0,3.0,3.25,1380,1120,3.0,0,0,3,8,1380,0,2008,0,98103,47.6617,-122.349,1310,1405
21509,21509,148000072,20140818T000000,600000.0,2.0,2.5,1830,1988,2.0,0,0,3,9,1530,300,2011,0,98116,47.5779,-122.409,1800,2467
21510,21510,1493300057,20140807T000000,420000.0,3.0,2.5,1470,1571,2.0,0,0,3,8,1180,290,2007,0,98116,47.5722,-122.387,1580,4329
21511,21511,3304030220,20150421T000000,480000.0,4.0,2.5,2940,9172,2.0,0,0,3,9,2940,0,2006,0,98001,47.3444,-122.269,2660,7955
21512,21512,7625702277,20150331T000000,406000.0,2.0,2.0,1110,1095,3.0,0,0,3,7,980,130,2008,0,98136,47.5494,-122.388,1110,1083
21513,21513,1023059465,20140513T000000,505000.0,4.0,2.5,2790,5602,2.0,0,0,3,8,2790,0,2009,0,98059,47.4959,-122.15,2790,5309
21514,21514,3262300818,20150227T000000,1865000.0,4.0,3.75,3790,8797,2.0,0,0,3,11,3290,500,2006,0,98039,47.6351,-122.236,2660,12150
21515,21515,2937300040,20141215T000000,942990.0,4.0,2.5,3570,6218,2.0,0,0,3,9,3570,0,2014,0,98052,47.7046,-122.123,3230,5972
21516,21516,2768100206,20141001T000000,440000.0,3.0,2.25,1230,1097,3.0,0,0,3,8,1230,0,2009,0,98107,47.6697,-122.372,1420,1437
21517,21517,7904700134,20140626T000000,390000.0,3.0,3.25,1370,913,2.0,0,0,3,8,1100,270,2006,0,98116,47.5636,-122.388,1370,915
21518,21518,9521100867,20140711T000000,475000.0,3.0,3.25,1380,1121,3.0,0,0,3,8,1380,0,2008,0,98103,47.6617,-122.349,1310,1405
21519,21519,1702901618,20150407T000000,420000.0,1.0,2.0,1070,675,2.0,0,0,3,8,880,190,2007,0,98118,47.5574,-122.284,1220,788
21520,21520,7237550100,20140825T000000,1408760.0,4.0,4.0,4920,50621,2.0,0,0,3,10,4280,640,2012,0,98053,47.6575,-122.006,4920,74052
21521,21521,7430500110,20141209T000000,1378000.0,5.0,3.5,5150,12230,2.0,0,2,3,10,3700,1450,2007,0,98008,47.6249,-122.09,2940,13462
21522,21522,603000555,20150302T000000,462500.0,6.0,3.0,2390,4000,2.0,0,0,3,7,2390,0,2014,0,98118,47.5173,-122.286,1680,5000
21523,21523,3304300300,20150507T000000,579950.0,4.0,2.75,2460,8643,2.0,0,0,3,9,2460,0,2011,0,98059,47.4828,-122.133,3110,8626
21524,21524,6453550090,20150505T000000,861111.0,4.0,2.5,3650,7090,2.0,0,0,3,10,3650,0,2008,0,98074,47.606,-122.052,3860,7272
21525,21525,2625069038,20141124T000000,1450000.0,4.0,3.5,4300,108865,2.0,0,0,3,11,4300,0,2014,0,98074,47.6258,-122.005,4650,107498
21526,21526,1760650820,20150428T000000,290000.0,3.0,2.25,1610,3764,2.0,0,0,3,7,1610,0,2012,0,98042,47.3589,-122.083,1610,3825
21527,21527,9578060230,20140618T000000,535000.0,4.0,2.5,2610,4595,2.0,0,0,3,8,2610,0,2008,0,98028,47.7728,-122.235,2440,4588
21528,21528,3416600750,20150217T000000,585000.0,3.0,2.5,1750,1381,3.0,0,0,3,8,1750,0,2008,0,98122,47.6021,-122.294,1940,4800
21529,21529,2487200490,20140623T000000,670000.0,3.0,2.5,3310,5300,2.0,0,2,3,8,2440,870,2008,0,98136,47.5178,-122.389,2140,7500
21530,21530,8964800330,20150407T000000,3000000.0,4.0,3.75,5090,14823,1.0,0,0,3,11,4180,910,2013,0,98004,47.62,-122.207,3030,12752
21531,21531,5637500082,20141203T000000,346000.0,3.0,2.0,1060,1184,2.0,0,0,3,7,730,330,2006,0,98136,47.5443,-122.385,1270,1601
21532,21532,324069112,20140617T000000,1325000.0,4.0,4.0,4420,16526,2.0,0,0,3,11,4420,0,2013,0,98075,47.5914,-122.027,3510,50447
21533,21533,524059322,20150226T000000,999999.0,3.0,2.5,2100,4097,2.0,0,0,3,9,2100,0,2008,0,98004,47.5983,-122.2,1780,4764
21534,21534,889000025,20140811T000000,599000.0,3.0,1.75,1650,1180,3.0,0,0,3,8,1650,0,2014,0,98105,47.6636,-122.319,1720,1960
21535,21535,2909310100,20141015T000000,332000.0,4.0,2.5,2380,5737,2.0,0,0,3,7,2380,0,2010,0,98023,47.2815,-122.356,2380,5396
21536,21536,8562780180,20140612T000000,336750.0,2.0,2.25,1170,1011,2.0,0,0,3,7,1170,0,2009,0,98027,47.5321,-122.073,1240,750
21537,21537,1043000100,20141211T000000,370000.0,4.0,2.5,2531,6843,2.0,0,0,3,8,2531,0,2013,0,98030,47.385,-122.189,2604,6238
21538,21538,1865400076,20140509T000000,324000.0,3.0,2.25,998,904,2.0,0,0,3,7,798,200,2007,0,98117,47.6983,-122.367,998,1110
21539,21539,8902000201,20150219T000000,338500.0,3.0,2.25,1333,1470,3.0,0,3,3,7,1333,0,2009,0,98125,47.7058,-122.302,1360,1680
21540,21540,715010530,20150113T000000,1881580.0,5.0,3.5,4410,13000,2.0,0,3,3,10,2920,1490,2014,0,98006,47.5382,-122.111,5790,12969
21541,21541,4253400100,20150410T000000,402723.0,3.0,2.75,1160,1073,2.0,0,0,3,7,880,280,2007,0,98144,47.5788,-122.315,1250,5400
21542,21542,3874900085,20150227T000000,715000.0,4.0,3.25,2630,7770,2.0,0,0,3,9,2630,0,2014,0,98126,47.5459,-122.377,1370,7770
21543,21543,1972200227,20141007T000000,459000.0,3.0,1.5,1160,1031,3.0,0,0,3,8,1160,0,2008,0,98103,47.6538,-122.357,1268,1688
21544,21544,8562770720,20150423T000000,589999.0,3.0,2.5,2140,3628,2.0,0,0,3,8,1960,180,2006,0,98027,47.537,-122.074,2280,2812
21545,21545,6669080120,20141215T000000,405000.0,4.0,2.5,1980,5020,2.0,0,0,3,7,1980,0,2007,0,98056,47.5147,-122.19,1980,5064
21546,21546,9211010300,20140707T000000,509900.0,3.0,2.5,3030,9053,2.0,0,0,3,8,3030,0,2009,0,98059,47.4945,-122.149,3010,6026
21547,21547,3277800823,20140820T000000,327000.0,2.0,2.0,1490,1627,2.0,0,0,3,8,1190,300,2009,0,98126,47.5455,-122.375,1400,1498
21548,21548,8835770330,20140819T000000,1057000.0,2.0,1.5,2370,184231,2.0,0,0,3,11,2370,0,2005,0,98045,47.4543,-121.778,3860,151081
21549,21549,1220000371,20141231T000000,327500.0,3.0,2.5,1820,1866,2.0,0,0,3,8,1570,250,2008,0,98166,47.4643,-122.346,1660,6900
21550,21550,880000205,20140729T000000,249000.0,3.0,2.0,1260,1125,2.0,0,0,3,7,810,450,2011,0,98106,47.5262,-122.361,1260,1172
21551,21551,1561750040,20141224T000000,1375000.0,5.0,4.5,4350,13405,2.0,0,0,3,11,4350,0,2014,0,98074,47.6018,-122.06,3990,7208
21552,21552,688000017,20140627T000000,516500.0,1.0,1.25,1100,638,3.0,0,0,3,9,1100,0,2014,0,98112,47.6228,-122.307,1110,1933
21553,21553,2522059251,20150409T000000,465000.0,3.0,2.5,2050,15035,2.0,0,0,3,9,2050,0,2006,0,98042,47.3619,-122.122,1300,15836
21554,21554,2855000110,20140808T000000,388000.0,3.0,2.5,2198,6222,2.0,0,2,3,8,2198,0,2010,0,98198,47.3906,-122.304,2198,7621
21555,21555,6821101731,20140930T000000,549000.0,3.0,2.25,1230,1380,3.0,0,0,3,8,1230,0,2013,0,98199,47.6521,-122.4,1760,5664
21556,21556,476000017,20141003T000000,553000.0,2.0,2.0,1400,1512,2.0,0,0,3,8,940,460,2006,0,98107,47.6719,-122.392,1400,3500
21557,21557,2770603523,20150422T000000,530000.0,3.0,2.5,1410,1250,2.0,0,0,3,8,1140,270,2010,0,98119,47.6515,-122.375,1720,2825
21558,21558,2255500123,20140820T000000,747450.0,3.0,2.5,2110,1339,2.0,0,0,3,8,1410,700,2014,0,98122,47.6088,-122.311,1630,2670
21559,21559,3438501329,20140520T000000,305000.0,2.0,2.5,1590,2656,2.0,0,0,3,7,1220,370,2009,0,98106,47.5489,-122.364,1590,2306
21560,21560,423059387,20141118T000000,540000.0,5.0,2.5,3370,4850,2.0,0,0,3,9,3370,0,2007,0,98056,47.5078,-122.169,2900,5570
21561,21561,6664500090,20150115T000000,750000.0,5.0,4.0,4500,8130,2.0,0,0,3,10,4500,0,2007,0,98059,47.4832,-122.145,2840,8402
21562,21562,2122059216,20150414T000000,422000.0,4.0,2.5,2930,5973,2.0,0,0,3,10,2930,0,2008,0,98030,47.3846,-122.186,3038,7095
21563,21563,9406530090,20141020T000000,337000.0,4.0,2.5,2470,5100,2.0,0,0,3,8,2470,0,2005,0,98038,47.3622,-122.041,2240,5123
21564,21564,7168100015,20141009T000000,579950.0,5.0,2.75,3080,5752,2.0,0,0,3,9,3080,0,2014,0,98059,47.4922,-122.153,3000,4650
21565,21565,5007500120,20150226T000000,341780.0,4.0,2.75,2260,4440,2.0,0,0,3,7,2260,0,2014,0,98001,47.3507,-122.291,2260,4563
21566,21566,3528900770,20150423T000000,710200.0,4.0,3.0,1670,2642,2.0,0,0,3,8,1350,320,2008,0,98109,47.6397,-122.345,1670,2594
21567,21567,9521100031,20140618T000000,690000.0,3.0,3.25,1540,1428,3.0,0,0,3,9,1540,0,2013,0,98103,47.6648,-122.353,1660,3300
21568,21568,524059330,20150130T000000,1700000.0,4.0,3.5,3830,8963,2.0,0,0,3,10,3120,710,2014,0,98004,47.599,-122.197,2190,10777
21569,21569,6021503705,20141015T000000,329000.0,2.0,2.5,980,1020,3.0,0,0,3,8,980,0,2008,0,98117,47.6844,-122.387,980,1023
21570,21570,3438501862,20140513T000000,330000.0,3.0,2.5,1450,5008,1.0,0,0,3,7,840,610,2007,0,98106,47.5435,-122.357,2120,5019
21571,21571,3345700207,20150502T000000,608500.0,4.0,3.5,2850,5577,2.0,0,0,3,8,1950,900,2014,0,98056,47.5252,-122.192,2850,5708
21572,21572,6056111067,20140707T000000,230000.0,3.0,1.75,1140,1201,2.0,0,0,3,8,1140,0,2014,0,98108,47.5637,-122.295,1210,1552
21573,21573,8562790760,20140520T000000,785000.0,4.0,3.5,3070,4684,2.0,0,0,3,10,2190,880,2009,0,98027,47.5316,-122.076,2290,2664
21574,21574,1931300090,20140507T000000,610950.0,3.0,3.0,1680,1570,3.0,0,0,3,8,1680,0,2014,0,98103,47.6572,-122.346,1640,4800
21575,21575,9578500790,20141111T000000,399950.0,3.0,2.5,3087,5002,2.0,0,0,3,8,3087,0,2014,0,98023,47.2974,-122.349,2927,5183
21576,21576,9253900271,20150107T000000,3567000.0,5.0,4.5,4850,10584,2.0,1,4,3,10,3540,1310,2007,0,98008,47.5943,-122.11,3470,18270
21577,21577,3881900317,20150123T000000,579000.0,4.0,3.25,1900,2631,2.0,0,0,3,9,1250,650,2014,0,98144,47.5869,-122.311,1710,4502
21578,21578,567000385,20140623T000000,362500.0,2.0,1.5,940,1768,2.0,0,0,3,7,940,0,2009,0,98144,47.5925,-122.295,1130,1159
21579,21579,7011201004,20140529T000000,645000.0,3.0,3.25,1730,1229,2.0,0,2,3,9,1320,410,2008,0,98119,47.6374,-122.369,1710,1686
21580,21580,7853420110,20141003T000000,594866.0,3.0,3.0,2780,6000,2.0,0,0,3,9,2780,0,2013,0,98065,47.5184,-121.886,2850,6000
21581,21581,7853420110,20150504T000000,625000.0,3.0,3.0,2780,6000,2.0,0,0,3,9,2780,0,2013,0,98065,47.5184,-121.886,2850,6000
21582,21582,3052700432,20141112T000000,490000.0,3.0,2.25,1500,1290,2.0,0,0,3,8,1220,280,2006,0,98117,47.6785,-122.375,1460,1375
21583,21583,2025049203,20140610T000000,399950.0,2.0,1.0,710,1157,2.0,0,0,4,7,710,0,1943,0,98102,47.6413,-122.329,1370,1173
21584,21584,952006823,20141202T000000,380000.0,3.0,2.5,1260,900,2.0,0,0,3,7,940,320,2007,0,98116,47.5621,-122.384,1310,1415
21585,21585,3832050760,20140828T000000,270000.0,3.0,2.5,1870,5000,2.0,0,0,3,7,1870,0,2009,0,98042,47.3339,-122.055,2170,5399
21586,21586,2767604724,20141015T000000,505000.0,2.0,2.5,1430,1201,3.0,0,0,3,8,1430,0,2009,0,98107,47.6707,-122.381,1430,1249
21587,21587,6632300207,20150305T000000,385000.0,3.0,2.5,1520,1488,3.0,0,0,3,8,1520,0,2006,0,98125,47.7337,-122.309,1520,1497
21588,21588,2767600688,20141113T000000,414500.0,2.0,1.5,1210,1278,2.0,0,0,3,8,1020,190,2007,0,98117,47.6756,-122.375,1210,1118
21589,21589,7570050450,20140910T000000,347500.0,3.0,2.5,2540,4760,2.0,0,0,3,8,2540,0,2010,0,98038,47.3452,-122.022,2540,4571
21590,21590,7430200100,20140514T000000,1222500.0,4.0,3.5,4910,9444,1.5,0,0,3,11,3110,1800,2007,0,98074,47.6502,-122.066,4560,11063
21591,21591,4140940150,20141002T000000,572000.0,4.0,2.75,2770,3852,2.0,0,0,3,8,2770,0,2014,0,98178,47.5001,-122.232,1810,5641
21592,21592,1931300412,20150416T000000,475000.0,3.0,2.25,1190,1200,3.0,0,0,3,8,1190,0,2008,0,98103,47.6542,-122.346,1180,1224
21593,21593,8672200110,20150317T000000,1088000.0,5.0,3.75,4170,8142,2.0,0,2,3,10,4170,0,2006,0,98056,47.5354,-122.181,3030,7980
21594,21594,5087900040,20141017T000000,350000.0,4.0,2.75,2500,5995,2.0,0,0,3,8,2500,0,2008,0,98042,47.3749,-122.107,2530,5988
21595,21595,1972201967,20141031T000000,520000.0,2.0,2.25,1530,981,3.0,0,0,3,8,1480,50,2006,0,98103,47.6533,-122.346,1530,1282
21596,21596,7502800100,20140813T000000,679950.0,5.0,2.75,3600,9437,2.0,0,0,3,9,3600,0,2014,0,98059,47.4822,-122.131,3550,9421
21597,21597,191100405,20150421T000000,1575000.0,4.0,3.25,3410,10125,2.0,0,0,3,10,3410,0,2007,0,98040,47.5653,-122.223,2290,10125
21598,21598,8956200760,20141013T000000,541800.0,4.0,2.5,3118,7866,2.0,0,2,3,9,3118,0,2014,0,98001,47.2931,-122.264,2673,6500
21599,21599,7202300110,20140915T000000,810000.0,4.0,3.0,3990,7838,2.0,0,0,3,9,3990,0,2003,0,98053,47.6857,-122.046,3370,6814
21600,21600,249000205,20141015T000000,1537000.0,5.0,3.75,4470,8088,2.0,0,0,3,11,4470,0,2008,0,98004,47.6321,-122.2,2780,8964
21601,21601,5100403806,20150407T000000,467000.0,3.0,2.5,1425,1179,3.0,0,0,3,8,1425,0,2008,0,98125,47.6963,-122.318,1285,1253
21602,21602,844000965,20140626T000000,224000.0,3.0,1.75,1500,11968,1.0,0,0,3,6,1500,0,2014,0,98010,47.3095,-122.002,1320,11303
21603,21603,7852140040,20140825T000000,507250.0,3.0,2.5,2270,5536,2.0,0,0,3,8,2270,0,2003,0,98065,47.5389,-121.881,2270,5731
21604,21604,9834201367,20150126T000000,429000.0,3.0,2.0,1490,1126,3.0,0,0,3,8,1490,0,2014,0,98144,47.5699,-122.288,1400,1230
21605,21605,3448900210,20141014T000000,610685.0,4.0,2.5,2520,6023,2.0,0,0,3,9,2520,0,2014,0,98056,47.5137,-122.167,2520,6023
21606,21606,7936000429,20150326T000000,1007500.0,4.0,3.5,3510,7200,2.0,0,0,3,9,2600,910,2009,0,98136,47.5537,-122.398,2050,6200
21607,21607,2997800021,20150219T000000,475000.0,3.0,2.5,1310,1294,2.0,0,0,3,8,1180,130,2008,0,98116,47.5773,-122.409,1330,1265
21608,21608,263000018,20140521T000000,360000.0,3.0,2.5,1530,1131,3.0,0,0,3,8,1530,0,2009,0,98103,47.6993,-122.346,1530,1509
21609,21609,6600060120,20150223T000000,400000.0,4.0,2.5,2310,5813,2.0,0,0,3,8,2310,0,2014,0,98146,47.5107,-122.362,1830,7200
21610,21610,1523300141,20140623T000000,402101.0,2.0,0.75,1020,1350,2.0,0,0,3,7,1020,0,2009,0,98144,47.5944,-122.299,1020,2007
21611,21611,291310100,20150116T000000,400000.0,3.0,2.5,1600,2388,2.0,0,0,3,8,1600,0,2004,0,98027,47.5345,-122.069,1410,1287
21612,21612,1523300157,20141015T000000,325000.0,2.0,0.75,1020,1076,2.0,0,0,3,7,1020,0,2008,0,98144,47.5941,-122.299,1020,1357
